9.996156239901864415e-01 9.997224230573573678e-01 9.999934933091062517e-01 9.999986053755847148e-01 9.999619606609773115e-01
9.995359315217292595e-01 9.997241865941537409e-01 9.999931723259134486e-01 9.999985664676708241e-01 9.999633454096953367e-01
9.994432157310719766e-01 9.997259628149818278e-01 9.999925596745752321e-01 9.999985266847548626e-01 9.999646260020647048e-01
9.993374030133373997e-01 9.997277338714900541e-01 9.999919282374264418e-01 9.999984865163731307e-01 9.999658018709295382e-01
9.992181250982351548e-01 9.997294997550284501e-01 9.999912787219705779e-01 9.999984460725456215e-01 9.999668850053171631e-01
9.990857789149897306e-01 9.997312604572559103e-01 9.999906118010892797e-01 9.999984054737455219e-01 9.999678856793590143e-01
9.989419463819584344e-01 9.997330159701074415e-01 9.999899281151586328e-01 9.999983648504180422e-01 9.999688127427684980e-01
9.987899147572273373e-01 9.997347662858135919e-01 9.999892282740847627e-01 9.999983243422142509e-01 9.999696738551286934e-01
9.986352490614454069e-01 9.997365113971475870e-01 9.999885128593214434e-01 9.999982840969454667e-01 9.999704756759389968e-01
9.984862956457957184e-01 9.997382512967517565e-01 9.999877824257698000e-01 9.999982442693365892e-01 9.999712240199604141e-01
9.983543949288694597e-01 9.997399859779692033e-01 9.999870375035969650e-01 9.999982050194760053e-01 9.999719239847786323e-01
9.982534792751053265e-01 9.997417154341927681e-01 9.999862786000170978e-01 9.999981665110300177e-01 9.999725800562921929e-01
9.981987004956107690e-01 9.997434396591309280e-01 9.999855062010326590e-01 9.999981289092638725e-01 9.999731961962896598e-01
9.981034637983212665e-01 9.997451586467508422e-01 9.999847207730868659e-01 9.999980923788936993e-01 9.999737759156295258e-01
9.977284090700415664e-01 9.997468723914403332e-01 9.999839227647210338e-01 9.999980570817956771e-01 9.999743223355861410e-01
9.973790274416859392e-01 9.997485808875725688e-01 9.999831126082583399e-01 9.999980231746630199e-01 9.999748382396337343e-01
9.970917379537175274e-01 9.997502841299111820e-01 9.999822907215476508e-01 9.999979908066705114e-01 9.999753261171958618e-01
9.968983265017368200e-01 9.997519821134779328e-01 9.999814575097246694e-01 9.999979601171778976e-01 9.999757882009459031e-01
9.967734070510489985e-01 9.997536748334645562e-01 9.999806133668555086e-01 9.999979312336094717e-01 9.999762264985144755e-01
9.963557699518881261e-01 9.997553622853267985e-01 9.999797586773543356e-01 9.999979042694877585e-01 9.999766428197336410e-01
9.960376878580640136e-01 9.997570444646414201e-01 9.999788938166763730e-01 9.999978265396347599e-01 9.999770388000932542e-01
9.958336606718884987e-01 9.997587213673010398e-01 9.999780191507758875e-01 9.999977337775715069e-01 9.999774159209087188e-01
9.957420257381852657e-01 9.997603929894056662e-01 9.999771350347091969e-01 9.999976405028960791e-01 9.999777755267570400e-01
9.957491227189608773e-01 9.997620593271587808e-01 9.999762418107577266e-01 9.999975469002038153e-01 9.999781188407357302e-01
9.958348934312373224e-01 9.997637203770081138e-01 9.999753398078711220e-01 9.999974531494334462e-01 9.999784469776485940e-01
9.959778150005474950e-01 9.997653761355884683e-01 9.999744293430783415e-01 9.999973594240596508e-01 9.999787609555517154e-01
9.961581922365949637e-01 9.997670265996849714e-01 9.999735107244952514e-01 9.999972658894947797e-01 9.999790617059128861e-01
9.963597836992402756e-01 9.997686717663052391e-01 9.999725842544198162e-01 9.999971727016525591e-01 9.999793500824756265e-01
9.965702012062354065e-01 9.997703116324838657e-01 9.999716502316177147e-01 9.999970800058066711e-01 9.999796268691112378e-01
9.967805981864023002e-01 9.997719461956240394e-01 9.999707089525449177e-01 9.999969879356461755e-01 9.999798927866679898e-01
9.969850494651137929e-01 9.997735754531431596e-01 9.999697607115993758e-01 9.999968966126924208e-01 9.999801484991511780e-01
9.971798725183659284e-01 9.997751994025777522e-01 9.999688058012611291e-01 9.999968061458889279e-01 9.999803946191659909e-01
9.973630164381959151e-01 9.997768180416726214e-01 9.999678445118186376e-01 9.999967166314933653e-01 9.999806317126475053e-01
9.975335652662046249e-01 9.997784313683738544e-01 9.999668771313962035e-01 9.999966281533061441e-01 9.999808603031895560e-01
9.976913593713250261e-01 9.997800393805891250e-01 9.999659039458849152e-01 9.999965407831001851e-01 9.999810808758857750e-01
9.978367195284378877e-01 9.997816420765086587e-01 9.999649252389776199e-01 9.999964545814504779e-01 9.999812938807253193e-01
