3.450000000000000000e+05 4.641887883800000054e+03 -5.146804661309999574e+03 -6.471343799379999837e+03 -1.030997914950000052e+02 1.029517787800000050e+01 -7.336311246690000587e+01
6.500000000000000222e-01 4.555600723149999794e+03 -5.059992042509999919e+03 -6.214269107580000309e+03 -1.027859561960000008e+02 1.000232645220000016e+01 -7.333236053699999957e+01
6.500000000000000222e-01 4.471069978270000320e+03 -5.267000572359999751e+03 -6.665721952879999662e+03 -1.040932114680000069e+02 1.033417475279999920e+01 -7.244081957880000289e+01
6.500000000000000222e-01 4.826129254829999809e+03 -5.076960882309999761e+03 -6.265024554480000006e+03 -1.018706228249999981e+02 1.056058626749999974e+01 -7.466513575620000154e+01
6.500000000000000222e-01 4.620094421050000165e+03 -5.229616969099999551e+03 -6.743647330910000164e+03 -1.033378512529999966e+02 7.978171955809999716e+00 -7.279529556340000340e+01
6.500000000000000222e-01 4.756360469430000194e+03 -5.348818234970000049e+03 -6.634109974080000029e+03 -1.035655575060000047e+02 1.061895971090000046e+01 -7.280464165770000307e+01
6.500000000000000222e-01 4.747493911909999952e+03 -4.908606763259999752e+03 -6.587184680590000426e+03 -1.036607597059999932e+02 9.357462529270000218e+00 -7.535784812590000570e+01
6.500000000000000222e-01 4.407060203029999684e+03 -5.039494987299999593e+03 -6.593476051360000383e+03 -1.024951555530000036e+02 1.018038343469999951e+01 -7.474030770490000464e+01
6.500000000000000222e-01 4.807986805759999697e+03 -4.949671784189999926e+03 -6.592749072909999995e+03 -1.031117109770000013e+02 9.062430328639999644e+00 -7.473466055869999991e+01
6.500000000000000222e-01 4.416665433410000333e+03 -5.082425057020000168e+03 -6.307236566290000155e+03 -1.029795426350000014e+02 1.063630842739999949e+01 -7.257487321000000691e+01
6.500000000000000222e-01 4.363636919520000447e+03 -5.171624981199999638e+03 -6.414070310400000380e+03 -1.025393580920000005e+02 1.048616560830000033e+01 -7.105459614560000148e+01
6.500000000000000222e-01 4.471962950000000092e+03 -5.282194009220000225e+03 -6.656124046240000098e+03 -1.041897967419999986e+02 9.723725520569999503e+00 -7.179772332029999404e+01
6.500000000000000222e-01 4.738355808819999766e+03 -5.178499244360000375e+03 -6.205131539949999933e+03 -1.042632401740000034e+02 1.092136936460000030e+01 -7.312713193470000306e+01
6.500000000000000222e-01 4.583602630379999937e+03 -4.987016102839999803e+03 -6.701886275189999651e+03 -1.036782258030000037e+02 1.032515341520000085e+01 -7.379245757219999291e+01
6.500000000000000222e-01 4.471686500970000452e+03 -5.079652021900000364e+03 -6.689907606060000035e+03 -1.012743497740000009e+02 9.535595849619999953e+00 -7.473041524529999435e+01
6.500000000000000222e-01 4.801390437150000253e+03 -5.111092912750000323e+03 -6.238012039330000334e+03 -1.034854406110000014e+02 1.061913039490000088e+01 -7.349361187229999359e+01
6.500000000000000222e-01 4.505160386870000366e+03 -5.370752118780000274e+03 -6.583130536949999623e+03 -1.023310011829999979e+02 1.103062659389999922e+01 -7.553935947959999453e+01
6.500000000000000222e-01 4.427516058580000390e+03 -5.211837796669999989e+03 -6.647536601929999961e+03 -1.041268186439999965e+02 9.822838603039999228e+00 -7.155891210750000653e+01
6.500000000000000222e-01 4.661473171540000294e+03 -5.276532090540000354e+03 -6.218920020909999948e+03 -1.040422262489999952e+02 1.267014770449999972e+01 -7.258795589509999502e+01
6.500000000000000222e-01 4.520158287799999925e+03 -5.233609710239999913e+03 -6.228480133230000320e+03 -1.014906987840000028e+02 1.118991397619999972e+01 -7.228444679109999527e+01
6.500000000000000222e-01 4.682289446159999898e+03 -5.038551131260000147e+03 -6.731677841509999780e+03 -1.025979642820000066e+02 8.434515567929999236e+00 -7.377598150929999576e+01
6.500000000000000222e-01 4.446047652199999902e+03 -4.981846775539999726e+03 -6.599615147049999905e+03 -1.038711352269999963e+02 1.104155431589999914e+01 -7.218317475790000515e+01
6.500000000000000222e-01 4.483428435099999660e+03 -4.947212599059999775e+03 -6.600141590870000073e+03 -1.025920928249999946e+02 9.596306220640000717e+00 -7.512081594299999665e+01
6.500000000000000222e-01 4.783094452960000126e+03 -4.972044440679999752e+03 -6.295572385360000226e+03 -1.045308215489999952e+02 9.690335081529999783e+00 -7.169798148499999968e+01
6.500000000000000222e-01 4.879494913909999923e+03 -5.166583122899999580e+03 -6.314932374910000362e+03 -1.036366774069999934e+02 1.026118864590000079e+01 -7.290835000139999522e+01
6.500000000000000222e-01 4.863700223339999866e+03 -5.139152495100000124e+03 -6.292446711089999553e+03 -1.029214396029999961e+02 1.029472646149999981e+01 -7.395772168489999387e+01
6.500000000000000222e-01 4.611632322319999730e+03 -5.382828066920000310e+03 -6.313208899090000159e+03 -1.024711252329999951e+02 1.116843925280000072e+01 -7.178148052999999607e+01
6.500000000000000222e-01 4.524179356259999622e+03 -5.002001561050000419e+03 -6.688423924689999694e+03 -1.043324882330000065e+02 1.166656328150000022e+01 -7.226920990009999457e+01
6.500000000000000222e-01 4.448848438539999734e+03 -5.335100248069999907e+03 -6.563811914619999698e+03 -1.035562515870000055e+02 1.010374051660000028e+01 -7.140696151410000425e+01
6.500000000000000222e-01 4.540664141389999713e+03 -4.897867335590000039e+03 -6.571420088159999978e+03 -1.037255932239999936e+02 1.072587602009999941e+01 -7.341733296060000669e+01
6.500000000000000222e-01 4.522709366709999813e+03 -5.286811335630000031e+03 -6.253320057810000435e+03 -1.040888736579999971e+02 9.097715359040000394e+00 -7.478730720529999587e+01
6.500000000000000222e-01 4.831294133270000202e+03 -4.972058233650000147e+03 -6.349383438249999926e+03 -1.028088758939999963e+02 9.559387281010000237e+00 -7.321526417980000190e+01
6.500000000000000222e-01 4.417459728519999771e+03 -5.237575428969999848e+03 -6.320556747609999547e+03 -1.041502307730000041e+02 1.006231064450000012e+01 -7.518738858109999512e+01
6.500000000000000222e-01 4.362036601879999580e+03 -5.186955254470000000e+03 -6.507996292470000299e+03 -1.032183017779999972e+02 1.036310833439999968e+01 -7.099536935439999752e+01
6.500000000000000222e-01 4.716577160359999652e+03 -5.085684455120000166e+03 -6.739787230300000374e+03 -1.044480916029999946e+02 9.533055690179999431e+00 -7.391854483029999301e+01
6.500000000000000222e-01 4.529687503690000085e+03 -4.884767180320000080e+03 -6.462307197269999961e+03 -1.031110946510000019e+02 1.015283068479999962e+01 -7.120507972929999596e+01
6.500000000000000222e-01 4.642231560080000236e+03 -4.865491395089999969e+03 -6.522129900109999653e+03 -1.035836423309999930e+02 1.052312702769999930e+01 -7.310247537889999592e+01
6.500000000000000222e-01 4.664054788550000012e+03 -4.999297767830000339e+03 -6.713253111820000413e+03 -1.020971537310000059e+02 8.586609153559999541e+00 -7.360552823259999400e+01
6.500000000000000222e-01 4.719702401690000443e+03 -5.025811075079999682e+03 -6.225270335670000350e+03 -1.029317610610000031e+02 8.977204406340000276e+00 -7.288956812080000702e+01
6.500000000000000222e-01 4.513318776690000050e+03 -5.286018256540000039e+03 -6.258373490650000349e+03 -1.035165904480000023e+02 1.178143426719999987e+01 -7.285668435629999351e+01
6.500000000000000222e-01 4.712080546170000162e+03 -4.981175303840000197e+03 -6.250071754849999706e+03 -1.024298013220000030e+02 1.168018046279999922e+01 -7.464338784289999751e+01
9.810000000000000000e+05 8.293009475740000198e+04 -4.292920196079999755e+02 3.548734326950000104e+04 -7.582597391480000226e+00 2.647013889269999964e+01 -5.181952481750000317e+01
6.500000000000000222e-01 8.346026729960000375e+04 -1.832086193809999941e+03 3.743029625829999713e+04 -6.876768744009999601e+00 2.553668225259999858e+01 -5.215656782620000342e+01
6.500000000000000222e-01 8.451511288529999729e+04 8.821798061890000326e+02 3.415031184419999772e+04 -7.904649802069999787e+00 2.588427980590000033e+01 -5.279195726790000265e+01
6.500000000000000222e-01 8.363351015919999918e+04 -1.973739995319999935e+03 3.725930945649999921e+04 -7.934396074450000391e+00 2.731455394989999874e+01 -5.091589285399999909e+01
6.500000000000000222e-01 8.051566980190000322e+04 -5.925463873310000054e+02 3.508252385599999980e+04 -7.651214542559999998e+00 2.648316325829999940e+01 -5.160593884570000256e+01
6.500000000000000222e-01 8.462342740410000260e+04 1.158525793320000048e+03 3.469289732250000088e+04 -7.382695007649999752e+00 2.682897256440000078e+01 -5.064539979839999972e+01
6.500000000000000222e-01 8.184181159510000725e+04 1.767618320049999966e+03 3.557876510840000265e+04 -7.552384877559999765e+00 2.642540159649999865e+01 -5.220722067300000191e+01
6.500000000000000222e-01 8.239975924509999459e+04 1.828305481170000064e+02 3.780324446370000078e+04 -6.712323489880000160e+00 2.548416775869999995e+01 -5.141015088580000025e+01
6.500000000000000222e-01 8.290263410680000379e+04 2.024000349200000073e+03 3.547300071449999814e+04 -7.575668298310000104e+00 2.644417569229999998e+01 -5.223164172460000287e+01
6.500000000000000222e-01 8.272906128449999960e+04 4.722391276380000136e+02 3.321406046600000263e+04 -7.676492098849999834e+00 2.583212867769999832e+01 -5.219185246800000044e+01
6.500000000000000222e-01 8.184632250789999671e+04 -4.475181921810000176e+02 3.328622497460000159e+04 -7.399411855420000350e+00 2.648257156200000040e+01 -5.191901621699999936e+01
6.500000000000000222e-01 8.468633380639999814e+04 -1.570676106910000044e+03 3.421078019079999649e+04 -7.478597266979999603e+00 2.650028750359999918e+01 -5.111755738770000335e+01
6.500000000000000222e-01 8.234789510910000536e+04 -3.906143621950000124e+02 3.787046661509999831e+04 -7.529132550549999969e+00 2.648567345069999845e+01 -5.181747799549999911e+01
6.500000000000000222e-01 8.194859596960000636e+04 -2.275812974779999877e+03 3.677128648219999741e+04 -7.040969670149999970e+00 2.601530426100000071e+01 -5.174378327880000228e+01
6.500000000000000222e-01 8.260780330660000618e+04 -2.773356763220000175e+03 3.483681237780000083e+04 -7.310803451039999956e+00 2.647320984599999960e+01 -5.267049807389999927e+01
6.500000000000000222e-01 8.129499872859999596e+04 -2.249901037669999823e+03 3.566513185089999752e+04 -7.500524156180000013e+00 2.650463956899999829e+01 -5.072615418720000235e+01
6.500000000000000222e-01 8.409927730359999987e+04 -2.398190537550000045e+03 3.460888501169999654e+04 -7.834541914899999959e+00 2.667408393479999873e+01 -5.133357259310000131e+01
6.500000000000000222e-01 8.526431791990000056e+04 1.820220676060000073e+02 3.593221244550000119e+04 -7.412256121529999575e+00 2.643919555300000113e+01 -5.237597694619999800e+01
6.500000000000000222e-01 8.536958453819999704e+04 -1.741090292350000084e+02 3.554709091300000000e+04 -7.576293069730000163e+00 2.647109190609999985e+01 -5.161393395289999830e+01
6.500000000000000222e-01 8.179189761719999660e+04 -1.902143691300000000e+03 3.388871169509999891e+04 -6.930792342240000181e+00 2.624805820730000150e+01 -5.217926746220000211e+01
6.500000000000000222e-01 8.202603641669999342e+04 3.504680651599999806e+02 3.763122540070000105e+04 -7.289377857839999919e+00 2.625600056140000049e+01 -5.141923924639999655e+01
6.500000000000000222e-01 8.208584926550000091e+04 8.812181849520000014e+02 3.359215818230000150e+04 -8.333204561160000523e+00 2.746606288930000161e+01 -5.107482796619999732e+01
6.500000000000000222e-01 8.447045811300000059e+04 -1.925032080180000094e+03 3.429831278659999953e+04 -7.497028435749999886e+00 2.639037805430000105e+01 -5.242081204979999853e+01
6.500000000000000222e-01 8.392977762550000625e+04 -2.653716236579999986e+03 3.575560683099999733e+04 -7.540856613849999945e+00 2.637947065839999894e+01 -5.309602052150000162e+01
6.500000000000000222e-01 8.300237596659999690e+04 9.971967779110000265e+02 3.349193471460000001e+04 -7.922182057699999724e+00 2.768430658999999849e+01 -5.120117947690000193e+01
6.500000000000000222e-01 8.484771787409999524e+04 -1.814920161349999944e+03 3.613911612559999776e+04 -7.250765995120000085e+00 2.620348665739999916e+01 -5.248288276240000272e+01
6.500000000000000222e-01 8.165351292569999350e+04 1.346441451120000011e+03 3.659800949660000333e+04 -7.048839517820000289e+00 2.581508127820000098e+01 -5.089770452879999851e+01
6.500000000000000222e-01 8.447276669999999285e+04 -1.753694701350000059e+03 3.685931433999999717e+04 -7.525288864380000220e+00 2.648710327319999891e+01 -5.249905400819999812e+01
6.500000000000000222e-01 8.449068100480000430e+04 4.829171727759999726e+02 3.382854180169999745e+04 -7.162489520220000294e+00 2.701984768750000043e+01 -5.102767268510000065e+01
6.500000000000000222e-01 8.256070462920000136e+04 -7.208242834390000553e+02 3.307937433600000077e+04 -8.500369202750000852e+00 2.592164574079999895e+01 -5.160908578029999916e+01
6.500000000000000222e-01 8.274900457560000359e+04 -7.282728009060000431e+02 3.305887393509999674e+04 -8.087347926330000547e+00 2.601528489989999926e+01 -5.171022963469999922e+01
6.500000000000000222e-01 8.076904518970000208e+04 -1.112185647499999959e+03 3.642753587539999717e+04 -7.981398478620000070e+00 2.650182961320000175e+01 -5.253576423239999826e+01
6.500000000000000222e-01 8.328668942049999896e+04 1.764291402820000030e+03 3.652870618729999842e+04 -8.077581884609999818e+00 2.690713179380000142e+01 -5.172699154170000213e+01
6.500000000000000222e-01 8.195667834009999933e+04 1.470115806979999888e+03 3.669550232729999698e+04 -7.350907769330000008e+00 2.639196453830000166e+01 -5.250308627300000097e+01
6.500000000000000222e-01 8.428969396170000255e+04 -2.320027276069999971e+03 3.625845087960000092e+04 -7.483378591140000147e+00 2.630986411499999988e+01 -5.294715744429999660e+01
6.500000000000000222e-01 8.489837936049999553e+04 8.838847923800000217e+02 3.483798719900000287e+04 -7.417231367460000335e+00 2.625803899949999831e+01 -5.192675849540000144e+01
6.500000000000000222e-01 8.295969554129999597e+04 3.678236750639999855e+02 3.780773530980000214e+04 -7.782945730739999846e+00 2.768531242939999970e+01 -5.216206296770000250e+01
6.500000000000000222e-01 8.477309272879999480e+04 -1.914351945480000040e+03 3.613157031760000245e+04 -7.842919387140000254e+00 2.673977090019999991e+01 -5.146069653259999654e+01
6.500000000000000222e-01 8.050568020709999837e+04 -4.694663074860000052e+02 3.586205657619999693e+04 -7.796072926929999980e+00 2.646709846410000111e+01 -5.312960045410000021e+01
6.500000000000000222e-01 8.367035519020000356e+04 1.640442485889999944e+03 3.657846319519999815e+04 -8.017200886650000413e+00 2.704456033419999983e+01 -5.204585832970000325e+01
6.500000000000000222e-01 8.524970646620000480e+04 -7.200216671229999577e+01 3.620232272280000325e+04 -7.782273702380000380e+00 2.649180693370000128e+01 -5.125551021879999780e+01
4.560000000000000000e+04 4.971183534230000078e+03 2.975348092770000221e+03 1.611726641369999925e+04 2.099616473339999914e+02 -5.833023134270000298e+01 2.184648755199999925e+02
6.500000000000000222e-01 5.049671391210000365e+03 2.944648826380000173e+03 1.630430101880000075e+04 2.091855522550000046e+02 -5.795529694009999844e+01 2.188610278630000039e+02
6.500000000000000222e-01 4.935132811309999852e+03 3.013603165189999800e+03 1.591883502000000044e+04 2.092856984720000071e+02 -5.766408487870000243e+01 2.186418819019999944e+02
6.500000000000000222e-01 4.906626986299999771e+03 3.006624594930000058e+03 1.630948828010000034e+04 2.108372111120000056e+02 -5.874409514660000298e+01 2.188374097029999916e+02
6.500000000000000222e-01 5.083150668010000118e+03 2.827062515539999822e+03 1.603153913439999997e+04 2.095419463679999978e+02 -5.785864831119999963e+01 2.177824329309999882e+02
6.500000000000000222e-01 5.084194605089999641e+03 2.821925135999999839e+03 1.604302704749999975e+04 2.097865948460000141e+02 -5.819528197190000185e+01 2.188939388370000074e+02
6.500000000000000222e-01 4.876409605869999723e+03 2.940401195460000054e+03 1.629593810139999914e+04 2.096058889770000064e+02 -5.826905581989999661e+01 2.183244790260000059e+02
6.500000000000000222e-01 4.862590199690000190e+03 2.923797013840000091e+03 1.595102718819999973e+04 2.106324133539999934e+02 -5.821245844410000103e+01 2.179784347449999871e+02
6.500000000000000222e-01 5.111851961450000090e+03 2.966528061330000128e+03 1.596818863210000018e+04 2.092096977779999918e+02 -5.829702058270000009e+01 2.177810393489999967e+02
6.500000000000000222e-01 5.099865504139999757e+03 2.850488916729999801e+03 1.621552117440000075e+04 2.097777174310000134e+02 -5.811913450379999801e+01 2.182106440020000093e+02
6.500000000000000222e-01 4.912818431689999670e+03 2.787839411739999832e+03 1.605905408250000073e+04 2.097436469319999901e+02 -5.796938922340000033e+01 2.181758120300000030e+02
6.500000000000000222e-01 5.028855799850000039e+03 2.826968406559999949e+03 1.624559216430000015e+04 2.094837215519999916e+02 -5.756863852280000060e+01 2.189993112600000131e+02
6.500000000000000222e-01 5.146566002200000185e+03 2.868999038790000213e+03 1.611994250629999988e+04 2.099332012090000035e+02 -5.830701280179999912e+01 2.175032673279999926e+02
6.500000000000000222e-01 5.029191396559999703e+03 2.788972292699999798e+03 1.617824257670000043e+04 2.097216546219999884e+02 -5.809919063470000111e+01 2.181916351159999863e+02
6.500000000000000222e-01 5.008653177440000036e+03 2.850706433089999791e+03 1.627667583519999971e+04 2.104739525390000097e+02 -5.905464138060000323e+01 2.181686220679999906e+02
6.500000000000000222e-01 4.886904196720000073e+03 3.058973964830000114e+03 1.594959248320000006e+04 2.103055388839999864e+02 -5.871007765070000062e+01 2.179252822709999862e+02
6.500000000000000222e-01 5.170484484650000013e+03 3.021150620070000059e+03 1.610125972539999930e+04 2.098421543059999976e+02 -5.835000105999999676e+01 2.175529366060000029e+02
6.500000000000000222e-01 4.925303332389999923e+03 3.171480544879999798e+03 1.615648531510000066e+04 2.099908898909999948e+02 -5.852041445780000117e+01 2.194274673900000039e+02
6.500000000000000222e-01 5.124245998139999756e+03 3.012169108500000220e+03 1.624872337019999941e+04 2.102467568799999924e+02 -5.814545800279999810e+01 2.180368974659999992e+02
6.500000000000000222e-01 5.114254751270000270e+03 3.122041077079999923e+03 1.612667907580000065e+04 2.099568252809999933e+02 -5.840176310759999723e+01 2.186216521210000110e+02
6.500000000000000222e-01 5.013240189459999783e+03 3.169436928910000006e+03 1.616939093739999953e+04 2.098022515950000013e+02 -5.846453433829999824e+01 2.193124031250000030e+02
6.500000000000000222e-01 5.165330281620000278e+03 3.040696138199999950e+03 1.612824199950000002e+04 2.099761511549999966e+02 -5.832870170120000353e+01 2.175553792579999879e+02
6.500000000000000222e-01 4.852800713480000013e+03 2.837061109589999887e+03 1.621179231819999950e+04 2.102405522809999923e+02 -5.790834173790000250e+01 2.193173473109999918e+02
6.500000000000000222e-01 4.780215434020000430e+03 2.955639422040000227e+03 1.604509620109999923e+04 2.099367962770000133e+02 -5.837731939519999713e+01 2.186793471359999899e+02
6.500000000000000222e-01 4.944698705949999749e+03 3.177285611440000139e+03 1.609397797630000059e+04 2.100121876219999990e+02 -5.834118245599999852e+01 2.193297465580000107e+02
6.500000000000000222e-01 5.047174116320000394e+03 2.987459385740000016e+03 1.630755280649999986e+04 2.095552040510000040e+02 -5.843599684139999795e+01 2.187029441640000016e+02
6.500000000000000222e-01 4.903661711370000376e+03 2.785305373549999786e+03 1.608078064690000065e+04 2.097959254190000138e+02 -5.821243064440000126e+01 2.188779535989999943e+02
6.500000000000000222e-01 5.068977441140000337e+03 3.122632402700000057e+03 1.601313923230000000e+04 2.095604676490000031e+02 -5.865857869679999936e+01 2.176649981719999971e+02
6.500000000000000222e-01 4.928873578249999809e+03 2.785140721530000064e+03 1.618264079579999998e+04 2.102485739319999993e+02 -5.861348651670000010e+01 2.182825679260000129e+02
6.500000000000000222e-01 5.145185714010000083e+03 2.924709226909999870e+03 1.621327321230000052e+04 2.103116173690000039e+02 -5.838786383229999899e+01 2.176923660809999888e+02
6.500000000000000222e-01 4.816381031599999915e+03 2.844819579359999807e+03 1.608426248689999920e+04 2.098926802919999943e+02 -5.820087062300000014e+01 2.184399910029999887e+02
6.500000000000000222e-01 4.863211578190000182e+03 3.112811894399999801e+03 1.622479515139999967e+04 2.102868979449999927e+02 -5.872631544629999922e+01 2.193173087950000024e+02
6.500000000000000222e-01 5.036674548390000382e+03 3.033638294530000167e+03 1.593175395460000072e+04 2.106235848579999868e+02 -5.785193324840000173e+01 2.188394601200000125e+02
6.500000000000000222e-01 5.087025829100000010e+03 2.826944673770000009e+03 1.619905915420000019e+04 2.102277948900000126e+02 -5.863496749520000151e+01 2.176027178090000120e+02
6.500000000000000222e-01 5.138710482020000200e+03 3.093608320329999970e+03 1.611189255240000057e+04 2.099092088929999989e+02 -5.837051562260000281e+01 2.175334376110000107e+02
6.500000000000000222e-01 5.065569110360000195e+03 3.155121455399999832e+03 1.608855806680000023e+04 2.099573623889999965e+02 -5.854058713850000117e+01 2.177098557330000119e+02
6.500000000000000222e-01 4.824230311659999643e+03 2.844206665249999787e+03 1.617452510280000024e+04 2.102413724969999862e+02 -5.817055684540000016e+01 2.193483389559999921e+02
6.500000000000000222e-01 4.830817026069999883e+03 3.116408538059999955e+03 1.616698684150000008e+04 2.098381373050000036e+02 -5.819765459900000337e+01 2.175222068330000127e+02
6.500000000000000222e-01 5.092040291199999956e+03 2.822641925230000197e+03 1.618338710209999954e+04 2.100328987899999902e+02 -5.834929385129999702e+01 2.189634739800000034e+02
6.500000000000000222e-01 5.148259670080000433e+03 3.059508192700000109e+03 1.617763833739999973e+04 2.096592341390000058e+02 -5.844309728009999816e+01 2.194321357100000114e+02
6.500000000000000222e-01 4.886204214809999939e+03 2.924843885490000048e+03 1.629709380620000047e+04 2.092533306740000114e+02 -5.860014490639999707e+01 2.180713924359999965e+02
1.390000000000000000e+04 -7.822934087949999594e+03 6.404959265799999457e+02 1.508148284930000045e+04 -2.491404857040000138e+02 2.042751441999999997e+02 -3.138755524759999957e+02
6.500000000000000222e-01 -7.927819131960000050e+03 7.293104577929999550e+02 1.512127331670000058e+04 -2.492952049600000066e+02 2.043964806369999962e+02 -3.144459170189999782e+02
6.500000000000000222e-01 -7.888092558659999668e+03 6.211706514359999574e+02 1.520731476880000082e+04 -2.495163580649999915e+02 2.041107642480000095e+02 -3.140732499000000075e+02
6.500000000000000222e-01 -7.741927937120000024e+03 6.202315842819999716e+02 1.519768079530000068e+04 -2.492791674910000097e+02 2.042542097319999925e+02 -3.137477038260000199e+02
6.500000000000000222e-01 -7.743894310790000418e+03 6.772423092530000304e+02 1.496805356109999957e+04 -2.486532758859999888e+02 2.044643859020000036e+02 -3.135214854899999750e+02
6.500000000000000222e-01 -7.713102620280000338e+03 7.147594289469999467e+02 1.513492049050000060e+04 -2.494030729289999897e+02 2.041879172270000140e+02 -3.133457938739999804e+02
6.500000000000000222e-01 -7.866138251260000288e+03 7.337130404539999518e+02 1.518109369530000004e+04 -2.490096637439999938e+02 2.038923308360000135e+02 -3.133877639340000201e+02
6.500000000000000222e-01 -7.772375448900000265e+03 5.221942086020000033e+02 1.501994300870000006e+04 -2.492132712540000057e+02 2.042749056049999865e+02 -3.134675542310000083e+02
6.500000000000000222e-01 -7.868450324669999645e+03 5.104740778419999856e+02 1.511929195860000073e+04 -2.492051294309999889e+02 2.045318143389999932e+02 -3.134135827029999746e+02
6.500000000000000222e-01 -7.832988253749999785e+03 5.265946612129999949e+02 1.516808916429999954e+04 -2.488581947870000022e+02 2.039258928730000093e+02 -3.139643043780000085e+02
6.500000000000000222e-01 -7.768096308270000009e+03 7.508841756450000275e+02 1.515356412230000024e+04 -2.489799508760000037e+02 2.039065652030000138e+02 -3.136784796100000108e+02
6.500000000000000222e-01 -7.682568590259999837e+03 6.321214138719999482e+02 1.505555658100000073e+04 -2.492459741460000089e+02 2.042859687540000095e+02 -3.143492152229999874e+02
6.500000000000000222e-01 -7.800305364310000186e+03 5.062885514110000145e+02 1.503707115630000044e+04 -2.490233176780000122e+02 2.040476672959999860e+02 -3.133322903200000269e+02
6.500000000000000222e-01 -7.733661251470000025e+03 5.304140595659999917e+02 1.506115904939999928e+04 -2.490824295019999965e+02 2.042350129950000053e+02 -3.138940172619999771e+02
6.500000000000000222e-01 -7.820038592529999733e+03 5.523489374370000178e+02 1.496860637809999935e+04 -2.489265284429999951e+02 2.036998676180000132e+02 -3.135723399280000194e+02
6.500000000000000222e-01 -7.931539409859999978e+03 6.368926490540000032e+02 1.517446594030000051e+04 -2.493083185840000056e+02 2.042622951760000092e+02 -3.140489022319999890e+02
6.500000000000000222e-01 -7.712259787949999918e+03 5.552440996620000533e+02 1.505104824460000054e+04 -2.490480998470000031e+02 2.042172503280000058e+02 -3.132741092140000205e+02
6.500000000000000222e-01 -7.755372067649999735e+03 5.949384723880000365e+02 1.496422998159999952e+04 -2.494693605829999967e+02 2.045661916640000015e+02 -3.140646515280000131e+02
6.500000000000000222e-01 -7.763078694509999877e+03 6.211157581539999910e+02 1.520986128570000074e+04 -2.487156430210000053e+02 2.041553833469999972e+02 -3.141189644390000240e+02
6.500000000000000222e-01 -7.919154566459999842e+03 5.358384198950000155e+02 1.506640144150000015e+04 -2.491534526149999920e+02 2.043655472760000009e+02 -3.140321103530000073e+02
6.500000000000000222e-01 -7.886227798609999809e+03 7.582433608979999917e+02 1.513086645780000072e+04 -2.489528176860000031e+02 2.040553566570000044e+02 -3.138449944050000227e+02
6.500000000000000222e-01 -7.792685716400000274e+03 5.282029616610000176e+02 1.516522885189999943e+04 -2.490836691590000100e+02 2.044519187859999931e+02 -3.134271394049999913e+02
6.500000000000000222e-01 -7.888365502460000243e+03 6.427961479179999742e+02 1.495434483779999937e+04 -2.485606767570000102e+02 2.042571410989999947e+02 -3.141681278350000071e+02
6.500000000000000222e-01 -7.907971083729999918e+03 6.733271268900000450e+02 1.519191418909999993e+04 -2.495151001030000089e+02 2.044659557109999923e+02 -3.140838134950000153e+02
6.500000000000000222e-01 -7.749081092080000417e+03 7.081456328980000308e+02 1.497940817160000006e+04 -2.493265302540000050e+02 2.044927985909999961e+02 -3.138724505659999977e+02
6.500000000000000222e-01 -7.887301667519999683e+03 5.817913065870000082e+02 1.496807794970000032e+04 -2.495391557469999952e+02 2.040957831640000109e+02 -3.135437627059999954e+02
6.500000000000000222e-01 -7.845078731169999628e+03 5.687496039280000559e+02 1.495956889170000068e+04 -2.489382127000000082e+02 2.038183721620000028e+02 -3.137436329139999884e+02
6.500000000000000222e-01 -7.844686514519999946e+03 5.646443988429999763e+02 1.496234674219999943e+04 -2.493833461799999895e+02 2.039918342820000134e+02 -3.135857376000000158e+02
6.500000000000000222e-01 -7.685274435960000119e+03 6.289313455989999966e+02 1.504461076850000063e+04 -2.492811693820000016e+02 2.042963014110000017e+02 -3.143389260160000163e+02
6.500000000000000222e-01 -7.798880402980000326e+03 5.826190338379999503e+02 1.521000656709999930e+04 -2.494126695090000112e+02 2.048458472309999934e+02 -3.135736680229999820e+02
6.500000000000000222e-01 -7.820138744660000157e+03 5.018820128240000145e+02 1.504718994139999995e+04 -2.492081692689999954e+02 2.042536086359999956e+02 -3.133404790280000043e+02
6.500000000000000222e-01 -7.798740558970000166e+03 5.003629019800000037e+02 1.509701967510000031e+04 -2.491024912379999989e+02 2.042151156060000119e+02 -3.144500346710000258e+02
6.500000000000000222e-01 -7.748998999809999987e+03 5.911879363980000335e+02 1.496941627840000001e+04 -2.495583960989999923e+02 2.045747469400000114e+02 -3.143142415909999841e+02
6.500000000000000222e-01 -7.680516371409999920e+03 6.506689251069999500e+02 1.507372479510000085e+04 -2.491278836390000038e+02 2.042730792030000089e+02 -3.132996114540000008e+02
6.500000000000000222e-01 -7.756107347520000076e+03 7.029806332910000037e+02 1.497155512789999921e+04 -2.495212523520000047e+02 2.042310811890000082e+02 -3.141514399139999796e+02
6.500000000000000222e-01 -7.826487239639999643e+03 4.998375692530000265e+02 1.510659555220000038e+04 -2.491664616559999956e+02 2.044453247570000087e+02 -3.132528414899999802e+02
6.500000000000000222e-01 -7.914731687810000039e+03 7.324457635779999691e+02 1.502101063020000038e+04 -2.493741863079999916e+02 2.045119812160000095e+02 -3.134690279019999934e+02
6.500000000000000222e-01 -7.814308040830000209e+03 6.924086819069999592e+02 1.521448785909999970e+04 -2.492842549819999931e+02 2.036896417449999888e+02 -3.136139895000000024e+02
6.500000000000000222e-01 -7.764857381410000016e+03 6.293288079799999650e+02 1.495120128830000067e+04 -2.486471811719999891e+02 2.041618316009999887e+02 -3.137034665730000143e+02
6.500000000000000222e-01 -7.845339113349999934e+03 6.365433417159999863e+02 1.522270374439999978e+04 -2.485939908649999950e+02 2.043684845930000051e+02 -3.137532440879999740e+02
6.500000000000000222e-01 -7.870667226679999658e+03 6.237380540990000100e+02 1.521529173799999990e+04 -2.497343170970000017e+02 2.040922583969999948e+02 -3.140671276900000066e+02
1.190000000000000000e+04 -3.350519400770000175e+03 6.337265857649999816e+03 -1.368169926029999988e+04 -2.726451171769999746e+02 -2.262112319959999951e+01 6.617165000379999640e+01
6.500000000000000222e-01 -3.435144628649999959e+03 6.247611850319999576e+03 -1.363052839200000017e+04 -2.727219406799999888e+02 -2.282101147659999896e+01 6.564560199090000481e+01
6.500000000000000222e-01 -3.441988771060000090e+03 6.242970952280000347e+03 -1.365815837769999962e+04 -2.725924333759999740e+02 -2.249427983289999844e+01 6.668358006639999758e+01
6.500000000000000222e-01 -3.234953881100000217e+03 6.371261219549999623e+03 -1.373910789929999919e+04 -2.724634733799999822e+02 -2.252789906230000128e+01 6.669520768939999300e+01
6.500000000000000222e-01 -3.247966772119999860e+03 6.252698138689999723e+03 -1.369442732710000018e+04 -2.726828349009999783e+02 -2.260019923520000162e+01 6.575034037899999362e+01
6.500000000000000222e-01 -3.368121964030000072e+03 6.439172123199999987e+03 -1.376597439429999940e+04 -2.725216115090000244e+02 -2.306458447560000025e+01 6.565945857799999885e+01
6.500000000000000222e-01 -3.430048539580000124e+03 6.441995910910000021e+03 -1.365829146770000079e+04 -2.726040521780000176e+02 -2.268259804339999874e+01 6.668266879530000324e+01
6.500000000000000222e-01 -3.319436593309999807e+03 6.332228125739999996e+03 -1.355194540589999997e+04 -2.724717757540000207e+02 -2.266063427379999951e+01 6.615479206659999534e+01
6.500000000000000222e-01 -3.470847625519999838e+03 6.309400436660000196e+03 -1.373211619170000085e+04 -2.726552871669999831e+02 -2.266296533699999927e+01 6.637840163280000638e+01
6.500000000000000222e-01 -3.389776280630000201e+03 6.245984912410000106e+03 -1.377099129150000044e+04 -2.726291379809999853e+02 -2.305136852389999902e+01 6.655794490430000110e+01
6.500000000000000222e-01 -3.325215532640000220e+03 6.285185107170000265e+03 -1.356164801059999991e+04 -2.728163540539999872e+02 -2.249678997790000068e+01 6.616832696299999839e+01
6.500000000000000222e-01 -3.450227065260000018e+03 6.251010772999999972e+03 -1.370238695150000058e+04 -2.726543514219999906e+02 -2.267722213140000065e+01 6.673307942579999974e+01
6.500000000000000222e-01 -3.312880541989999983e+03 6.295147494619999634e+03 -1.380261800410000069e+04 -2.723269391659999883e+02 -2.297070607759999916e+01 6.641587846500000580e+01
6.500000000000000222e-01 -3.424556289969999852e+03 6.409948410089999925e+03 -1.359780370799999946e+04 -2.723248646650000069e+02 -2.294019219440000157e+01 6.664620581820000211e+01
6.500000000000000222e-01 -3.273785805649999929e+03 6.443773820829999750e+03 -1.365748746009999923e+04 -2.726853760949999810e+02 -2.252425593899999967e+01 6.571463447879999364e+01
6.500000000000000222e-01 -3.255466908739999781e+03 6.319136875139999574e+03 -1.358983555300000080e+04 -2.729339915450000262e+02 -2.255066953180000056e+01 6.644170938989999797e+01
6.500000000000000222e-01 -3.479420256320000135e+03 6.362933408959999724e+03 -1.370464940089999982e+04 -2.725721702060000098e+02 -2.263933039469999997e+01 6.605779770879999546e+01
6.500000000000000222e-01 -3.265019907540000077e+03 6.368580863680000220e+03 -1.358396482339999966e+04 -2.727280180050000240e+02 -2.281457679449999887e+01 6.635543751020000514e+01
6.500000000000000222e-01 -3.333872687690000021e+03 6.337204642570000033e+03 -1.354920714709999993e+04 -2.720575614410000185e+02 -2.265325562780000013e+01 6.613133054050000226e+01
6.500000000000000222e-01 -3.343738142470000184e+03 6.277761103259999800e+03 -1.356257043569999951e+04 -2.728722694339999748e+02 -2.211058414949999928e+01 6.637473661880000009e+01
6.500000000000000222e-01 -3.348222720209999807e+03 6.470058024040000419e+03 -1.369407157419999930e+04 -2.726086180629999944e+02 -2.265311211850000106e+01 6.656350520229999290e+01
6.500000000000000222e-01 -3.225460603879999780e+03 6.300057091779999610e+03 -1.365315788839999914e+04 -2.726616081779999945e+02 -2.265531743429999878e+01 6.628003866619999940e+01
6.500000000000000222e-01 -3.411655214309999792e+03 6.222590260539999690e+03 -1.365090477950000059e+04 -2.725623986319999972e+02 -2.277502107899999828e+01 6.581852880140000650e+01
6.500000000000000222e-01 -3.255383686220000072e+03 6.419546383980000428e+03 -1.363706655719999981e+04 -2.724988910039999723e+02 -2.253493708830000131e+01 6.559475771639999664e+01
6.500000000000000222e-01 -3.331919240539999919e+03 6.205286212599999999e+03 -1.367552601890000005e+04 -2.726662588159999814e+02 -2.255549183680000169e+01 6.657517655559999525e+01
6.500000000000000222e-01 -3.475924032960000204e+03 6.294895180210000035e+03 -1.366453381550000086e+04 -2.725664836590000277e+02 -2.257426544480000175e+01 6.660948194869999384e+01
6.500000000000000222e-01 -3.425929888570000003e+03 6.389573556800000006e+03 -1.377860912970000027e+04 -2.729688584119999746e+02 -2.238612007349999899e+01 6.654852103800000407e+01
6.500000000000000222e-01 -3.346609390319999875e+03 6.207977606899999955e+03 -1.364988887679999971e+04 -2.727740552970000181e+02 -2.249977401610000172e+01 6.603651199169999586e+01
6.500000000000000222e-01 -3.329143210149999959e+03 6.427259021840000059e+03 -1.377796141139999963e+04 -2.725356555970000159e+02 -2.221344953390000043e+01 6.655885723949999999e+01
6.500000000000000222e-01 -3.428296169820000159e+03 6.443449906740000188e+03 -1.365868886080000084e+04 -2.727299641160000192e+02 -2.252410125520000150e+01 6.566834290379999572e+01
6.500000000000000222e-01 -3.423828664080000181e+03 6.367739966369999820e+03 -1.357421373060000042e+04 -2.729706194519999940e+02 -2.244685843490000110e+01 6.596593951539999523e+01
6.500000000000000222e-01 -3.460524968770000214e+03 6.327523574529999678e+03 -1.360678746710000087e+04 -2.728639439930000208e+02 -2.267049912950000135e+01 6.576987943219999977e+01
6.500000000000000222e-01 -3.416217680549999841e+03 6.274160408669999924e+03 -1.358409458930000073e+04 -2.723697819770000024e+02 -2.226131311190000162e+01 6.660269935380000561e+01
6.500000000000000222e-01 -3.307936780189999808e+03 6.393679749490000177e+03 -1.356844506050000018e+04 -2.723419841269999893e+02 -2.223109638800000099e+01 6.586238276849999806e+01
6.500000000000000222e-01 -3.357431750329999886e+03 6.470225226640000074e+03 -1.369139433950000057e+04 -2.726591021070000238e+02 -2.259477445399999951e+01 6.675105180670000493e+01
6.500000000000000222e-01 -3.475499269809999987e+03 6.343096831449999627e+03 -1.372824041779999970e+04 -2.724754916580000099e+02 -2.260595534679999830e+01 6.575865832290000412e+01
6.500000000000000222e-01 -3.345705804419999822e+03 6.408161972769999920e+03 -1.379451975540000058e+04 -2.724386172499999930e+02 -2.245281089179999867e+01 6.636119287530000577e+01
6.500000000000000222e-01 -3.283358524799999941e+03 6.406374746149999737e+03 -1.377408467720000044e+04 -2.723167491479999853e+02 -2.259133574399999844e+01 6.643164521639999975e+01
6.500000000000000222e-01 -3.415825231880000047e+03 6.258338462419999814e+03 -1.376719395430000077e+04 -2.726827440270000125e+02 -2.221265403259999971e+01 6.589588907760000325e+01
6.500000000000000222e-01 -3.244289369510000142e+03 6.256745235610000236e+03 -1.368924770050000006e+04 -2.726725816269999996e+02 -2.261149896119999880e+01 6.589373547339999959e+01
6.500000000000000222e-01 -3.300715725479999946e+03 6.430723709390000295e+03 -1.376292684860000008e+04 -2.724339420939999741e+02 -2.236976168809999876e+01 6.661265032350000581e+01
