3.450000000000000000e+05 -1.404399117089999891e+03 -2.459055388149999999e+03 -5.841138553540000430e+03 -1.363818601049999870e+02 1.050092507779999949e+02 1.195556294739999998e+02
6.500000000000000222e-01 -1.342260429180000074e+03 -2.523726790480000091e+03 -5.801336891130000367e+03 -1.411175659010000061e+02 1.099350800149999969e+02 1.165515757160000021e+02
6.500000000000000222e-01 -1.473390475579999929e+03 -2.418966138270000101e+03 -5.540048113339999873e+03 -1.330139617119999969e+02 1.114466783689999971e+02 1.240306618420000007e+02
6.500000000000000222e-01 -1.512855686339999920e+03 -2.357015321310000218e+03 -5.492855826060000254e+03 -1.324923786290000010e+02 1.115845278989999940e+02 1.263633534840000010e+02
6.500000000000000222e-01 -1.429441411419999895e+03 -2.548261008190000211e+03 -5.719629037579999931e+03 -1.345651139439999895e+02 1.119521191460000011e+02 1.195000426419999968e+02
6.500000000000000222e-01 -1.375863664649999919e+03 -2.474949901729999965e+03 -5.606299227829999836e+03 -1.383982434049999881e+02 1.108950468639999940e+02 1.207520106289999973e+02
6.500000000000000222e-01 -1.416914482019999923e+03 -2.213208660260000215e+03 -5.502259967289999622e+03 -1.380492489359999979e+02 1.090199032210000070e+02 1.264100716720000008e+02
6.500000000000000222e-01 -1.576630959470000107e+03 -2.277689388969999982e+03 -5.480358909450000283e+03 -1.354992677529999980e+02 1.098237409439999936e+02 1.265270115640000057e+02
6.500000000000000222e-01 -1.420419478179999942e+03 -2.233991144499999791e+03 -5.507470148700000209e+03 -1.388483737999999903e+02 1.089543991280000057e+02 1.260564537409999986e+02
6.500000000000000222e-01 -1.332032655790000035e+03 -2.437362035310000010e+03 -5.637953865600000427e+03 -1.401144555710000077e+02 1.086184610370000030e+02 1.203490914789999948e+02
6.500000000000000222e-01 -1.356360738209999909e+03 -2.340170202939999854e+03 -5.519844511899999816e+03 -1.376463442330000078e+02 1.097651092039999980e+02 1.241280451760000005e+02
6.500000000000000222e-01 -1.462062942349999958e+03 -2.386084151739999925e+03 -5.501673457060000146e+03 -1.332627073660000008e+02 1.122515820960000070e+02 1.252699657330000065e+02
6.500000000000000222e-01 -1.575720559130000083e+03 -2.328283229749999919e+03 -5.640972014629999649e+03 -1.316150026619999949e+02 1.065768876540000036e+02 1.246147786319999966e+02
6.500000000000000222e-01 -1.482464114330000029e+03 -2.248919148290000066e+03 -5.545567467629999555e+03 -1.354555512850000127e+02 1.051932730959999986e+02 1.270884492670000014e+02
6.500000000000000222e-01 -1.619490338529999917e+03 -2.277012649010000132e+03 -5.589604728559999785e+03 -1.335147076039999945e+02 1.080208083499999958e+02 1.249017373060000011e+02
6.500000000000000222e-01 -1.546151086379999924e+03 -2.395614232039999933e+03 -5.587211852579999686e+03 -1.319066864790000011e+02 1.096708303540000031e+02 1.239763156989999970e+02
6.500000000000000222e-01 -1.523592622939999956e+03 -2.475504594500000167e+03 -5.585283144830000310e+03 -1.362182365609999977e+02 1.100011211099999997e+02 1.211581638579999947e+02
6.500000000000000222e-01 -1.483434302650000063e+03 -2.337989730379999855e+03 -5.451339868559999559e+03 -1.328685702880000008e+02 1.116953416669999939e+02 1.272975536200000022e+02
6.500000000000000222e-01 -1.469256088699999964e+03 -2.225575950030000058e+03 -5.626915264739999657e+03 -1.363052132079999978e+02 1.038750205580000028e+02 1.256101346359999980e+02
6.500000000000000222e-01 -1.327580999479999946e+03 -2.306808116440000049e+03 -5.725376883369999632e+03 -1.411901689970000007e+02 1.044888190079999930e+02 1.211236971210000064e+02
6.500000000000000222e-01 -1.438889363210000056e+03 -2.211883206020000216e+03 -5.643349631639999643e+03 -1.392364659209999900e+02 1.038323677159999932e+02 1.254235077000000018e+02
6.500000000000000222e-01 -1.479239188300000023e+03 -2.318437710430000152e+03 -5.427072411330000250e+03 -1.348310942329999875e+02 1.089085200229999941e+02 1.279878140539999976e+02
6.500000000000000222e-01 -1.560548960059999899e+03 -2.212042591649999849e+03 -5.474903379209999912e+03 -1.361775969280000140e+02 1.094545647180000003e+02 1.274300642099999976e+02
6.500000000000000222e-01 -1.515497723360000009e+03 -2.513806722150000041e+03 -5.661042688550000094e+03 -1.346546509650000019e+02 1.099171751519999987e+02 1.192569950160000047e+02
6.500000000000000222e-01 -1.571939795360000062e+03 -2.315861779310000202e+03 -5.497093442729999879e+03 -1.342141485139999872e+02 1.100682032020000065e+02 1.260126724379999956e+02
6.500000000000000222e-01 -1.536408459689999972e+03 -2.332432521430000179e+03 -5.484326975379999567e+03 -1.331969479679999893e+02 1.103844298570000007e+02 1.265443983349999968e+02
6.500000000000000222e-01 -1.479567273569999998e+03 -2.166193433269999787e+03 -5.504505915789999563e+03 -1.379836847729999931e+02 1.082750070059999956e+02 1.273622698279999952e+02
6.500000000000000222e-01 -1.496659647259999929e+03 -2.290157226480000190e+03 -5.435167663369999900e+03 -1.339805267689999937e+02 1.068514457039999996e+02 1.296464342950000059e+02
6.500000000000000222e-01 -1.434563258299999916e+03 -2.323869953009999790e+03 -5.461209469989999889e+03 -1.351275843589999965e+02 1.122569864839999951e+02 1.260863279330000069e+02
6.500000000000000222e-01 -1.475529605460000084e+03 -2.290392522919999919e+03 -5.449075680760000068e+03 -1.364322025669999903e+02 1.088559284090000006e+02 1.272816429709999966e+02
6.500000000000000222e-01 -1.435383094779999965e+03 -2.311718639130000156e+03 -5.481075579909999760e+03 -1.406476363269999865e+02 1.060349154390000024e+02 1.278146160820000006e+02
6.500000000000000222e-01 -1.528215986539999903e+03 -2.367680655799999840e+03 -5.518578422710000268e+03 -1.354305571190000137e+02 1.116131297120000028e+02 1.241767197709999948e+02
6.500000000000000222e-01 -1.461275621909999927e+03 -2.354618602250000095e+03 -5.478817153650000364e+03 -1.408641352299999880e+02 1.084372076690000029e+02 1.260191785140000036e+02
6.500000000000000222e-01 -1.405317118760000085e+03 -2.320093191750000187e+03 -5.451589697489999708e+03 -1.356549184639999908e+02 1.109176594770000008e+02 1.263473954739999954e+02
6.500000000000000222e-01 -1.303839854779999996e+03 -2.350833285230000001e+03 -5.780043448080000417e+03 -1.413840383650000092e+02 1.025559446540000010e+02 1.203516171809999946e+02
6.500000000000000222e-01 -1.436546308920000001e+03 -2.412194472220000080e+03 -5.493139070340000217e+03 -1.370361873759999867e+02 1.094171852949999959e+02 1.242317796850000065e+02
6.500000000000000222e-01 -1.459655561249999892e+03 -2.320492072359999838e+03 -5.456428644530000383e+03 -1.372362485250000077e+02 1.094572607289999979e+02 1.263714825630000007e+02
6.500000000000000222e-01 -1.492336501450000014e+03 -2.178858328799999981e+03 -5.554680965350000406e+03 -1.383551753970000107e+02 1.053073716680000018e+02 1.276885652060000069e+02
6.500000000000000222e-01 -1.514909491939999953e+03 -2.503879111459999876e+03 -5.749533515619999889e+03 -1.337159315019999895e+02 1.110584867179999975e+02 1.180637105689999942e+02
6.500000000000000222e-01 -1.345809395660000064e+03 -2.315826819720000003e+03 -5.603897630370000115e+03 -1.398914649509999890e+02 1.052061561719999929e+02 1.239570458050000070e+02
6.500000000000000222e-01 -1.458262926910000033e+03 -2.435726826940000137e+03 -5.582711592429999655e+03 -1.346172097580000013e+02 1.130211696519999975e+02 1.227621597259999930e+02
6.500000000000000222e-01 -1.549606281659999922e+03 -2.196469761150000068e+03 -5.442306539049999628e+03 -1.359933576130000006e+02 1.068707668210000037e+02 1.304490476109999975e+02
6.500000000000000222e-01 -1.366239749170000096e+03 -2.258051358069999878e+03 -5.575254771900000378e+03 -1.394928702299999941e+02 1.077790485969999992e+02 1.242169306570000060e+02
6.500000000000000222e-01 -1.548155485900000031e+03 -2.176305388650000168e+03 -5.546757610239999849e+03 -1.358946026280000012e+02 1.069231695609999946e+02 1.270402649400000001e+02
6.500000000000000222e-01 -1.478144296930000110e+03 -2.329591348859999925e+03 -5.460776340630000050e+03 -1.361464290840000047e+02 1.106662029090000061e+02 1.260109320549999978e+02
6.500000000000000222e-01 -1.489015794930000084e+03 -2.365189782840000134e+03 -5.451068797050000285e+03 -1.392103425939999966e+02 1.085838154329999981e+02 1.263079367459999958e+02
6.500000000000000222e-01 -1.481633913090000078e+03 -2.311908736540000064e+03 -5.468839715860000069e+03 -1.375066244669999946e+02 1.109435048929999965e+02 1.257657809720000017e+02
6.500000000000000222e-01 -1.279573560029999953e+03 -2.623551879390000067e+03 -5.977953405979999843e+03 -1.396968860750000090e+02 1.071406903249999942e+02 1.119704862359999993e+02
6.500000000000000222e-01 -1.472161379019999913e+03 -2.301362263840000196e+03 -5.463820551110000451e+03 -1.373094139430000098e+02 1.108442235790000012e+02 1.260483564889999997e+02
6.500000000000000222e-01 -1.476946607070000027e+03 -2.233743939380000029e+03 -5.658089248670000416e+03 -1.358811315039999954e+02 1.031682278720000028e+02 1.252300878230000052e+02
6.500000000000000222e-01 -1.576426948269999912e+03 -2.370958339989999786e+03 -5.629648503469999923e+03 -1.314701423900000066e+02 1.083879460790000024e+02 1.238685163680000016e+02
6.500000000000000222e-01 -1.404710319069999969e+03 -2.414610704180000084e+03 -5.560341494780000176e+03 -1.398089388260000021e+02 1.104620648709999955e+02 1.225587043959999960e+02
6.500000000000000222e-01 -1.264082710879999922e+03 -2.489152340929999809e+03 -5.848799332859999595e+03 -1.427121071359999860e+02 1.051266742330000028e+02 1.174121430029999971e+02
6.500000000000000222e-01 -1.473939964599999939e+03 -2.227465416689999984e+03 -5.477328949910000119e+03 -1.391772204039999963e+02 1.082558282410000032e+02 1.274432613080000039e+02
6.500000000000000222e-01 -1.484145716839999977e+03 -2.435667764150000039e+03 -5.548455492940000113e+03 -1.370717856990000030e+02 1.103705767369999933e+02 1.223405266479999938e+02
6.500000000000000222e-01 -1.418671794690000070e+03 -2.265244373789999827e+03 -5.467283934099999897e+03 -1.371989709480000101e+02 1.109007624980000060e+02 1.263142112040000029e+02
6.500000000000000222e-01 -1.418015331999999944e+03 -2.406315262220000022e+03 -5.537812418810000054e+03 -1.380802147139999931e+02 1.110448410550000062e+02 1.229411122310000053e+02
6.500000000000000222e-01 -1.461665275529999917e+03 -2.321775229150000087e+03 -5.457922976789999666e+03 -1.359103282339999907e+02 1.110242475929999983e+02 1.261477715059999980e+02
6.500000000000000222e-01 -1.486353053889999956e+03 -2.333990039750000051e+03 -5.468764029429999937e+03 -1.372566990130000022e+02 1.104734871790000028e+02 1.256260527010000061e+02
6.500000000000000222e-01 -1.540745968080000011e+03 -2.437401323649999995e+03 -5.624374329219999709e+03 -1.347483800230000099e+02 1.113652808230000062e+02 1.210787346860000042e+02
6.500000000000000222e-01 -1.263101769860000104e+03 -2.595781282089999877e+03 -5.871602231640000355e+03 -1.400606584399999974e+02 1.075029052520000050e+02 1.142778389730000015e+02
6.500000000000000222e-01 -1.494754196070000035e+03 -2.284021671189999779e+03 -5.411707717119999870e+03 -1.344464274130000092e+02 1.067378510599999970e+02 1.304552761049999958e+02
6.500000000000000222e-01 -1.384888264339999978e+03 -2.445871905340000012e+03 -5.633740067630000340e+03 -1.390462296130000084e+02 1.099593857880000058e+02 1.199059489320000012e+02
6.500000000000000222e-01 -1.440654860970000072e+03 -2.399627540640000007e+03 -5.462047549789999721e+03 -1.367120843289999925e+02 1.090232219669999978e+02 1.254279679119999997e+02
6.500000000000000222e-01 -1.445965233579999904e+03 -2.289564898799999810e+03 -5.455784335489999648e+03 -1.373966611289999946e+02 1.050081418630000059e+02 1.294066718230000106e+02
6.500000000000000222e-01 -1.482364732730000014e+03 -2.311139838919999875e+03 -5.430396387570000115e+03 -1.358399441820000106e+02 1.099764174339999983e+02 1.273740384970000008e+02
6.500000000000000222e-01 -1.384119958649999944e+03 -2.477054289040000185e+03 -5.643187436850000267e+03 -1.384163919430000078e+02 1.097906220020000063e+02 1.193005208050000050e+02
6.500000000000000222e-01 -1.483369982319999963e+03 -2.313484639840000000e+03 -5.418768416429999888e+03 -1.343121644910000043e+02 1.085026252870000008e+02 1.286897429109999962e+02
6.500000000000000222e-01 -1.408573090890000003e+03 -2.359979816030000165e+03 -5.512726238670000384e+03 -1.410059572760000037e+02 1.069983214300000043e+02 1.256424290079999935e+02
6.500000000000000222e-01 -1.498111842389999993e+03 -2.506193401519999952e+03 -5.696856698020000294e+03 -1.312725736220000101e+02 1.102544537429999991e+02 1.214864758840000007e+02
6.500000000000000222e-01 -1.449693794250000110e+03 -2.580110862659999839e+03 -5.797614078620000328e+03 -1.327048836269999867e+02 1.104551120440000034e+02 1.182070777499999963e+02
6.500000000000000222e-01 -1.450401032969999960e+03 -2.356353413870000168e+03 -5.489839385690000199e+03 -1.397879555380000056e+02 1.090476101510000007e+02 1.252013792500000022e+02
6.500000000000000222e-01 -1.422416386419999981e+03 -2.472447141529999953e+03 -5.575821768959999645e+03 -1.362407633420000082e+02 1.107560002109999999e+02 1.214024743500000056e+02
6.500000000000000222e-01 -1.461182216950000111e+03 -2.367625259110000115e+03 -5.547307466479999675e+03 -1.387099599089999913e+02 1.122658241240000052e+02 1.231361421999999948e+02
6.500000000000000222e-01 -1.450650617909999937e+03 -2.354259201920000123e+03 -5.421237878560000354e+03 -1.357991503959999875e+02 1.088200143490000045e+02 1.274574085600000046e+02
6.500000000000000222e-01 -1.445429911519999905e+03 -2.301034643370000140e+03 -5.482435699360000399e+03 -1.387042551330000038e+02 1.096261950490000032e+02 1.257609568609999968e+02
6.500000000000000222e-01 -1.380916968949999955e+03 -2.587341898919999949e+03 -5.753396954560000268e+03 -1.358358132980000050e+02 1.113154732750000022e+02 1.181020996339999982e+02
6.500000000000000222e-01 -1.511018300799999906e+03 -2.294375765960000081e+03 -5.451135461390000273e+03 -1.361884362629999998e+02 1.099444054500000050e+02 1.268940669100000065e+02
6.500000000000000222e-01 -1.534559849450000002e+03 -2.336477760130000206e+03 -5.461248933320000106e+03 -1.389824966079999911e+02 1.104273739890000030e+02 1.258214003460000043e+02
6.500000000000000222e-01 -1.430724976620000007e+03 -2.444394271069999832e+03 -5.553364388099999815e+03 -1.357080760510000061e+02 1.112673140130000036e+02 1.223716939199999985e+02
6.500000000000000222e-01 -1.543096904329999916e+03 -2.344894559509999908e+03 -5.483720081800000116e+03 -1.358238419529999987e+02 1.105166826039999961e+02 1.253627135320000008e+02
6.500000000000000222e-01 -1.594723748619999924e+03 -2.310824604519999866e+03 -5.670277036960000260e+03 -1.321349488799999961e+02 1.063488767329999973e+02 1.236607142240000030e+02
6.500000000000000222e-01 -1.535074661979999973e+03 -2.267138297450000209e+03 -5.499246601480000209e+03 -1.329043463239999880e+02 1.054666766649999943e+02 1.301921894200000054e+02
6.500000000000000222e-01 -1.247637273130000040e+03 -2.562284323330000007e+03 -5.946338519320000159e+03 -1.412096465099999989e+02 1.060205181449999969e+02 1.133452879809999985e+02
6.500000000000000222e-01 -1.352957494429999997e+03 -2.502551418040000044e+03 -5.630057326969999849e+03 -1.380263185320000048e+02 1.093052523249999979e+02 1.195291287860000011e+02
6.500000000000000222e-01 -1.423187337090000028e+03 -2.397163257719999820e+03 -5.532891912310000407e+03 -1.383777659760000063e+02 1.110879598639999983e+02 1.231793533670000045e+02
6.500000000000000222e-01 -1.323438857599999892e+03 -2.392216039400000227e+03 -5.661436386520000269e+03 -1.420407957749999923e+02 1.052847963429999965e+02 1.221992386259999961e+02
6.500000000000000222e-01 -1.585766204499999958e+03 -2.435702064059999884e+03 -5.685120640580000327e+03 -1.327255934490000016e+02 1.095878756009999933e+02 1.205810354089999947e+02
6.500000000000000222e-01 -1.271766435810000075e+03 -2.435786545469999965e+03 -5.750858244580000246e+03 -1.410461049550000041e+02 1.067735448749999989e+02 1.179439060069999954e+02
6.500000000000000222e-01 -1.485321953599999915e+03 -2.310623527780000131e+03 -5.433352408159999868e+03 -1.349242603719999920e+02 1.086498485430000045e+02 1.279756135150000063e+02
6.500000000000000222e-01 -1.451288971610000090e+03 -2.439096160950000012e+03 -5.538064643179999621e+03 -1.364404266960000029e+02 1.104613668220000022e+02 1.226589609029999934e+02
6.500000000000000222e-01 -1.499134494720000021e+03 -2.228647313269999813e+03 -5.503963368900000205e+03 -1.359670817329999863e+02 1.072437416860000070e+02 1.272765236609999988e+02
6.500000000000000222e-01 -1.395152405260000023e+03 -2.383608575010000095e+03 -5.481561973060000128e+03 -1.364866823049999880e+02 1.096658381950000063e+02 1.248622622219999982e+02
6.500000000000000222e-01 -1.460378363909999962e+03 -2.328688142189999780e+03 -5.441773128370000450e+03 -1.365903887670000074e+02 1.087301345740000045e+02 1.270332797410000012e+02
6.500000000000000222e-01 -1.540346641430000091e+03 -2.203406535919999897e+03 -5.432036834090000411e+03 -1.363359038920000046e+02 1.068274598189999978e+02 1.306033310509999978e+02
6.500000000000000222e-01 -1.569678981020000037e+03 -2.238600941740000053e+03 -5.586010698789999878e+03 -1.340013722859999916e+02 1.063647556439999988e+02 1.259580317470000068e+02
6.500000000000000222e-01 -1.375927414719999888e+03 -2.318683602279999832e+03 -5.487222419839999930e+03 -1.369562925529999973e+02 1.103463450320000021e+02 1.252335192519999936e+02
6.500000000000000222e-01 -1.427766625010000098e+03 -2.471918911759999901e+03 -5.549784974350000084e+03 -1.371744700060000071e+02 1.093417721980000010e+02 1.219754021109999940e+02
6.500000000000000222e-01 -1.497931326989999889e+03 -2.356877485580000211e+03 -5.479498470350000389e+03 -1.328263704780000012e+02 1.110030096079999993e+02 1.264126316279999998e+02
6.500000000000000222e-01 -1.483798705400000017e+03 -2.343657122350000009e+03 -5.473954481619999569e+03 -1.371759623769999905e+02 1.105191285880000009e+02 1.253659005009999987e+02
6.500000000000000222e-01 -1.466596492950000084e+03 -2.477399478280000039e+03 -5.556745359800000188e+03 -1.368064954669999906e+02 1.096636252680000041e+02 1.217710587979999985e+02
1.390000000000000000e+04 -1.768243862480000098e+04 9.562911537789999784e+03 -1.111206608859999960e+03 -1.695917290719999926e+02 1.730671118049999961e+02 -3.662063253590000045e+02
6.500000000000000222e-01 -1.768296386200000052e+04 9.575115442739999708e+03 -9.684766354670000510e+02 -1.697169957979999992e+02 1.734649107459999868e+02 -3.666034350339999719e+02
6.500000000000000222e-01 -1.764299528780000037e+04 9.625196365769999829e+03 -1.002912772030000042e+03 -1.699579285519999985e+02 1.731795767330000047e+02 -3.669650989969999841e+02
6.500000000000000222e-01 -1.774376890049999929e+04 9.568282463659999848e+03 -9.688327765069999487e+02 -1.701378421310000135e+02 1.734964871210000013e+02 -3.663099508450000030e+02
6.500000000000000222e-01 -1.770413930510000137e+04 9.558568165869999575e+03 -9.679604748689999951e+02 -1.702864381589999994e+02 1.727434467790000099e+02 -3.665458697600000164e+02
6.500000000000000222e-01 -1.782380689239999992e+04 9.554783048409999537e+03 -1.054302255990000049e+03 -1.700195426329999862e+02 1.736893544110000107e+02 -3.660611896500000171e+02
6.500000000000000222e-01 -1.770088426089999848e+04 9.556783987369999522e+03 -9.690416802009999628e+02 -1.700476430450000009e+02 1.736254868469999906e+02 -3.665603291859999899e+02
6.500000000000000222e-01 -1.764686420989999897e+04 9.632402646549999190e+03 -1.006646117069999946e+03 -1.699996613430000139e+02 1.730942452989999936e+02 -3.669430514779999726e+02
6.500000000000000222e-01 -1.770512633529999948e+04 9.609459529609999663e+03 -9.737803651619999528e+02 -1.706361765059999982e+02 1.731110467309999876e+02 -3.664860306990000254e+02
6.500000000000000222e-01 -1.773949195390000023e+04 9.579016495960000611e+03 -9.640065684249999549e+02 -1.697647057720000134e+02 1.731789887239999928e+02 -3.660292206710000187e+02
6.500000000000000222e-01 -1.771287127239999973e+04 9.553798161630000322e+03 -9.695280222269999513e+02 -1.701483724020000068e+02 1.734044096099999877e+02 -3.665759658339999874e+02
6.500000000000000222e-01 -1.763406568129999869e+04 9.495278710320000755e+03 -1.015109275799999978e+03 -1.695694879270000115e+02 1.730311767219999979e+02 -3.671851650319999862e+02
6.500000000000000222e-01 -1.761411346899999990e+04 9.627530432670000664e+03 -1.034705227830000013e+03 -1.704065466449999917e+02 1.722964792509999938e+02 -3.661852024359999973e+02
6.500000000000000222e-01 -1.772296814729999824e+04 9.588826982849999695e+03 -9.633048641899999893e+02 -1.700542298180000103e+02 1.727417641579999952e+02 -3.661508035360000122e+02
6.500000000000000222e-01 -1.767655798629999845e+04 9.586158848940000098e+03 -9.708383282380000310e+02 -1.698103666750000116e+02 1.735695408219999933e+02 -3.666561502929999961e+02
6.500000000000000222e-01 -1.768654527980000057e+04 9.605286426489999940e+03 -9.744087015630000224e+02 -1.701972248369999932e+02 1.736085082349999880e+02 -3.666790311529999826e+02
6.500000000000000222e-01 -1.765570564640000157e+04 9.607843280319999394e+03 -9.861223811219999789e+02 -1.699437932829999909e+02 1.733976825100000099e+02 -3.668579329300000040e+02
6.500000000000000222e-01 -1.769925605809999979e+04 9.567376119770000514e+03 -9.694248088370000005e+02 -1.707346098929999982e+02 1.738372760880000101e+02 -3.665683260370000198e+02
6.500000000000000222e-01 -1.774752425429999857e+04 9.617983168970000406e+03 -9.754452376430000413e+02 -1.707652736340000104e+02 1.735520402829999966e+02 -3.664531481739999776e+02
6.500000000000000222e-01 -1.776294623839999986e+04 9.543676039590000073e+03 -9.782633904309999480e+02 -1.707788673109999991e+02 1.733161041379999858e+02 -3.665613877129999878e+02
6.500000000000000222e-01 -1.759974733719999858e+04 9.605524365499999476e+03 -1.032436769449999929e+03 -1.702963382210000134e+02 1.723323337420000030e+02 -3.663530209240000204e+02
6.500000000000000222e-01 -1.769209571290000167e+04 9.562168824009999298e+03 -9.705285776570000280e+02 -1.706836032159999945e+02 1.737318625499999882e+02 -3.665373481139999967e+02
6.500000000000000222e-01 -1.759040583049999987e+04 9.589243599679999534e+03 -1.039316362269999900e+03 -1.703201001399999939e+02 1.726296634509999990e+02 -3.665045094370000243e+02
6.500000000000000222e-01 -1.781514409650000016e+04 9.600646892400000070e+03 -1.019226078440000038e+03 -1.703675292599999977e+02 1.734999123210000107e+02 -3.660265901469999790e+02
6.500000000000000222e-01 -1.761554573330000130e+04 9.595565989419999823e+03 -1.013552704940000012e+03 -1.705493439299999920e+02 1.725424137089999874e+02 -3.663862037580000219e+02
6.500000000000000222e-01 -1.776104595400000107e+04 9.529947866680000516e+03 -9.836454783039999938e+02 -1.705662094900000056e+02 1.733090862820000098e+02 -3.665823563899999726e+02
6.500000000000000222e-01 -1.763952090010000029e+04 9.467926775590000034e+03 -1.039457051610000008e+03 -1.695011219190000133e+02 1.731962076549999949e+02 -3.672400572079999961e+02
6.500000000000000222e-01 -1.767559774950000065e+04 9.529808910219999234e+03 -9.790358249759999580e+02 -1.701163132700000062e+02 1.737578105499999879e+02 -3.665718607389999875e+02
6.500000000000000222e-01 -1.768031231879999905e+04 9.611492552989999240e+03 -9.804144509400000516e+02 -1.701410707519999903e+02 1.733170371909999972e+02 -3.667163475980000271e+02
6.500000000000000222e-01 -1.771121011139999973e+04 9.649871117759999834e+03 -9.915846889120000469e+02 -1.707731417809999925e+02 1.729664776230000029e+02 -3.663289008680000052e+02
6.500000000000000222e-01 -1.774347454220000145e+04 9.518613359310000305e+03 -9.911265632490000144e+02 -1.703774537319999922e+02 1.738203424700000141e+02 -3.665742676400000164e+02
6.500000000000000222e-01 -1.765665136340000026e+04 9.564132021269999314e+03 -9.797232442959999617e+02 -1.698127824089999933e+02 1.731682719709999958e+02 -3.668302884380000251e+02
6.500000000000000222e-01 -1.770219820089999848e+04 9.559844089739999617e+03 -9.696590671229999998e+02 -1.704033279239999956e+02 1.741136495510000088e+02 -3.664741755709999893e+02
6.500000000000000222e-01 -1.769342363029999979e+04 9.558164604659999895e+03 -9.721725044859999798e+02 -1.703396547270000099e+02 1.734345183229999918e+02 -3.666522973680000064e+02
6.500000000000000222e-01 -1.769696158129999822e+04 9.494772598589999689e+03 -1.009193102999999951e+03 -1.699822492199999999e+02 1.743410366429999954e+02 -3.662452041349999945e+02
6.500000000000000222e-01 -1.761864982400000008e+04 9.565651413019999382e+03 -1.007807381699999951e+03 -1.703615837570000053e+02 1.729799734480000097e+02 -3.667677006879999908e+02
6.500000000000000222e-01 -1.770218111979999958e+04 9.569167257299999619e+03 -9.694263435240000035e+02 -1.707911357909999879e+02 1.737158635250000032e+02 -3.665780119660000196e+02
6.500000000000000222e-01 -1.758213403269999981e+04 9.494598536429999513e+03 -1.056830918509999947e+03 -1.694306751640000073e+02 1.730443691849999936e+02 -3.671971225440000239e+02
6.500000000000000222e-01 -1.780087528690000181e+04 9.600301811409999573e+03 -1.007129385879999973e+03 -1.698502311489999954e+02 1.732186977220000017e+02 -3.653463588189999882e+02
6.500000000000000222e-01 -1.771512945630000104e+04 9.551584814829999232e+03 -9.695161808279999605e+02 -1.703043646300000091e+02 1.732160167190000095e+02 -3.665605301950000126e+02
6.500000000000000222e-01 -1.768596271350000097e+04 9.539142179380000016e+03 -9.826838780320000524e+02 -1.703372056620000023e+02 1.736498567220000098e+02 -3.667425571379999951e+02
6.500000000000000222e-01 -1.773781389839999974e+04 9.663631600380000236e+03 -1.003262016669999980e+03 -1.707448165280000012e+02 1.734221883740000010e+02 -3.665459847330000116e+02
6.500000000000000222e-01 -1.782857365900000150e+04 9.576308684550000180e+03 -1.052607328280000047e+03 -1.702686141160000091e+02 1.735551612470000009e+02 -3.662738362040000197e+02
6.500000000000000222e-01 -1.760001348359999974e+04 9.527952857250000307e+03 -1.023356411109999954e+03 -1.700576168350000046e+02 1.731559526220000009e+02 -3.667247494050000114e+02
6.500000000000000222e-01 -1.761732403120000163e+04 9.609483842910000021e+03 -1.018939077799999950e+03 -1.700543361580000123e+02 1.723836825740000052e+02 -3.667407152470000256e+02
6.500000000000000222e-01 -1.775694977339999969e+04 9.511362386200000401e+03 -9.964281724769999755e+02 -1.695317795930000102e+02 1.739945803829999988e+02 -3.658196713149999937e+02
6.500000000000000222e-01 -1.773426579679999850e+04 9.488392692900000839e+03 -1.024746023030000060e+03 -1.699103491150000025e+02 1.743514138989999935e+02 -3.661868880079999826e+02
6.500000000000000222e-01 -1.770984987420000107e+04 9.477830585839999912e+03 -1.011769109520000029e+03 -1.694871469569999931e+02 1.740860570849999931e+02 -3.660572796760000074e+02
6.500000000000000222e-01 -1.764591806540000107e+04 9.561504303690000597e+03 -9.852677418819999957e+02 -1.697959337119999930e+02 1.731266811019999921e+02 -3.669058420499999897e+02
6.500000000000000222e-01 -1.774923033669999859e+04 9.678512270159999389e+03 -1.063363174829999934e+03 -1.703522999429999913e+02 1.728601774949999879e+02 -3.664884855270000230e+02
6.500000000000000222e-01 -1.769774719220000043e+04 9.560300531069999124e+03 -9.683601541350000161e+02 -1.701813723809999885e+02 1.739118242179999925e+02 -3.665180649999999787e+02
6.500000000000000222e-01 -1.770277008199999909e+04 9.558747443039999780e+03 -9.676281843860000436e+02 -1.702542610550000006e+02 1.727755228489999979e+02 -3.665872617439999885e+02
6.500000000000000222e-01 -1.758409262070000113e+04 9.498378790380000282e+03 -1.062077740989999938e+03 -1.693959328530000050e+02 1.730400218059999986e+02 -3.674462442689999762e+02
6.500000000000000222e-01 -1.772399009830000068e+04 9.568366481319999366e+03 -9.668749618099999452e+02 -1.709411537699999997e+02 1.733207117149999874e+02 -3.665333105369999771e+02
6.500000000000000222e-01 -1.760370161010000083e+04 9.623867994379999800e+03 -1.042843713909999906e+03 -1.698549741420000032e+02 1.724937463610000066e+02 -3.670167090620000181e+02
6.500000000000000222e-01 -1.770228203020000001e+04 9.615904956910000692e+03 -9.755019497419999652e+02 -1.703829486219999865e+02 1.736769552760000010e+02 -3.666700239279999778e+02
6.500000000000000222e-01 -1.772543704050000088e+04 9.587801290019999215e+03 -9.675117426619999605e+02 -1.699402157149999937e+02 1.727843741000000080e+02 -3.661915506529999789e+02
6.500000000000000222e-01 -1.770447983989999921e+04 9.444438030200000867e+03 -1.088112093830000049e+03 -1.694336345700000095e+02 1.737490302219999876e+02 -3.669740837499999770e+02
6.500000000000000222e-01 -1.757711720219999916e+04 9.541676940769999419e+03 -1.050331654919999892e+03 -1.700578411379999864e+02 1.730142957010000089e+02 -3.665719083669999918e+02
6.500000000000000222e-01 -1.754654416059999858e+04 9.577584700280000106e+03 -1.133141037610000012e+03 -1.695800720610000099e+02 1.725285510839999858e+02 -3.673630432389999783e+02
6.500000000000000222e-01 -1.757968023280000125e+04 9.592528626969999095e+03 -1.049516995089999909e+03 -1.701854778350000004e+02 1.724701597000000106e+02 -3.663215234670000200e+02
6.500000000000000222e-01 -1.768765808760000073e+04 9.584392134300000180e+03 -9.722359002260000125e+02 -1.708055066670000031e+02 1.726727187029999868e+02 -3.664534214829999996e+02
6.500000000000000222e-01 -1.766800661019999825e+04 9.596957932789999177e+03 -9.778140991620000477e+02 -1.699488143009999987e+02 1.734037076459999867e+02 -3.667565857249999794e+02
6.500000000000000222e-01 -1.766869444070000100e+04 9.572630108130000735e+03 -9.776493489519999684e+02 -1.708084924000000058e+02 1.729080807310000125e+02 -3.665444373739999833e+02
6.500000000000000222e-01 -1.767667834969999967e+04 9.548237328440000056e+03 -9.746001433919999499e+02 -1.699189914629999976e+02 1.730437238309999941e+02 -3.667481751990000021e+02
6.500000000000000222e-01 -1.772550197560000015e+04 9.667930698489999486e+03 -1.012605724470000041e+03 -1.706035335990000021e+02 1.733026359140000068e+02 -3.666330752329999996e+02
6.500000000000000222e-01 -1.766899056610000116e+04 9.528764011049999681e+03 -9.796907918110000537e+02 -1.697993747499999984e+02 1.729045269389999930e+02 -3.668294930000000136e+02
6.500000000000000222e-01 -1.781943799230000150e+04 9.588929870140000276e+03 -1.048891265199999907e+03 -1.698488465089999977e+02 1.733911970689999862e+02 -3.654910085989999970e+02
6.500000000000000222e-01 -1.774433152409999821e+04 9.565344757950000712e+03 -9.687081990440000254e+02 -1.700828847790000111e+02 1.736028890739999895e+02 -3.662754203279999956e+02
6.500000000000000222e-01 -1.773210781190000125e+04 9.519410026629999265e+03 -9.866148218829999905e+02 -1.699679147829999977e+02 1.743446002659999863e+02 -3.661193629640000040e+02
6.500000000000000222e-01 -1.774048364719999881e+04 9.653127742119999311e+03 -1.033687779330000012e+03 -1.699957164989999967e+02 1.724287601540000026e+02 -3.659315348119999953e+02
6.500000000000000222e-01 -1.770271368630000143e+04 9.576259522160000415e+03 -9.654029281130000300e+02 -1.699422346009999956e+02 1.737934868989999870e+02 -3.664787194659999727e+02
6.500000000000000222e-01 -1.761043999990000157e+04 9.487821469000000434e+03 -1.040235402640000075e+03 -1.697965586820000112e+02 1.736528523519999965e+02 -3.663870073080000225e+02
6.500000000000000222e-01 -1.761592135680000138e+04 9.495805578870000318e+03 -1.031284018959999912e+03 -1.695242492570000081e+02 1.730886936820000130e+02 -3.672984137779999969e+02
6.500000000000000222e-01 -1.770118327910000153e+04 9.565307296150000184e+03 -9.667357574410000325e+02 -1.699246323909999887e+02 1.737263349659999960e+02 -3.665083049500000243e+02
6.500000000000000222e-01 -1.780127665730000081e+04 9.587610197419999167e+03 -1.004299567949999982e+03 -1.704135409419999974e+02 1.734422475529999872e+02 -3.662248858610000184e+02
6.500000000000000222e-01 -1.773196300509999855e+04 9.575976082450000831e+03 -9.682775477569999794e+02 -1.704521079790000044e+02 1.734009089589999917e+02 -3.664835268169999836e+02
6.500000000000000222e-01 -1.780292029230000117e+04 9.543781396419999510e+03 -1.009867907690000038e+03 -1.703071155789999978e+02 1.737912977089999913e+02 -3.662227761560000090e+02
6.500000000000000222e-01 -1.782145524569999907e+04 9.571631361129999277e+03 -1.046605282680000073e+03 -1.697440211480000016e+02 1.735428951019999886e+02 -3.651005904909999913e+02
6.500000000000000222e-01 -1.770311412689999997e+04 9.670091822219999813e+03 -1.055987900659999923e+03 -1.700651218399999891e+02 1.724209285150000142e+02 -3.664676055549999774e+02
6.500000000000000222e-01 -1.770544757699999900e+04 9.562555467680000220e+03 -9.650512800090000383e+02 -1.703471588859999883e+02 1.728753545760000065e+02 -3.664777364519999878e+02
6.500000000000000222e-01 -1.773733333480000147e+04 9.580447701670000242e+03 -9.686098865479999631e+02 -1.704663109249999877e+02 1.734101592700000083e+02 -3.664498093469999844e+02
6.500000000000000222e-01 -1.770242266340000060e+04 9.581949696780000522e+03 -9.693780207569999448e+02 -1.706554985820000070e+02 1.729053842769999960e+02 -3.665249996860000010e+02
6.500000000000000222e-01 -1.771612861239999984e+04 9.561951200249999602e+03 -9.640739855650000436e+02 -1.697954204149999953e+02 1.739191648960000123e+02 -3.662884324039999910e+02
6.500000000000000222e-01 -1.770607880060000025e+04 9.590342207859999689e+03 -9.692760134500000504e+02 -1.703927705559999879e+02 1.735982288879999942e+02 -3.665869092899999941e+02
6.500000000000000222e-01 -1.766534362780000083e+04 9.577948381000000154e+03 -9.759744223239999883e+02 -1.698538326439999935e+02 1.732946857649999970e+02 -3.667589693379999858e+02
6.500000000000000222e-01 -1.776864546129999871e+04 9.611886047109999708e+03 -9.789893665399999918e+02 -1.699988795749999895e+02 1.729642419410000116e+02 -3.656290210870000124e+02
6.500000000000000222e-01 -1.769750048700000116e+04 9.582576420350000262e+03 -9.701672695629999907e+02 -1.702035559880000051e+02 1.728114894230000118e+02 -3.665178470220000122e+02
6.500000000000000222e-01 -1.768542339329999959e+04 9.632958291959999769e+03 -9.911230116860000408e+02 -1.705171431750000011e+02 1.722658120600000018e+02 -3.660426341749999892e+02
6.500000000000000222e-01 -1.769822762679999869e+04 9.567317594239999380e+03 -9.700507047370000464e+02 -1.705004627550000009e+02 1.737079547589999891e+02 -3.665870339059999878e+02
6.500000000000000222e-01 -1.759443074849999903e+04 9.523502823180000632e+03 -1.029778635950000080e+03 -1.699856443959999979e+02 1.731540905580000071e+02 -3.667228863629999864e+02
6.500000000000000222e-01 -1.764328067720000035e+04 9.569378626420000728e+03 -9.907199765689999822e+02 -1.706601021710000055e+02 1.730163847970000006e+02 -3.666120873790000019e+02
6.500000000000000222e-01 -1.760895778430000064e+04 9.632876057969999238e+03 -1.042903782959999944e+03 -1.698653563459999987e+02 1.727254327770000089e+02 -3.671411062949999859e+02
6.500000000000000222e-01 -1.775118013810000048e+04 9.499899817019999318e+03 -1.004811502789999963e+03 -1.695754758369999990e+02 1.741971851469999990e+02 -3.657561491519999777e+02
6.500000000000000222e-01 -1.770200661010000113e+04 9.548974626690000150e+03 -9.673361983559999544e+02 -1.702556488639999941e+02 1.726839493370000014e+02 -3.665685563590000129e+02
6.500000000000000222e-01 -1.776894241260000126e+04 9.573848479280000902e+03 -9.770258792250000397e+02 -1.707125580720000073e+02 1.734764908660000060e+02 -3.664435066230000189e+02
6.500000000000000222e-01 -1.770414153129999977e+04 9.667086760710000817e+03 -1.014027598870000020e+03 -1.705979159350000032e+02 1.725063262930000008e+02 -3.659304886610000267e+02
6.500000000000000222e-01 -1.765322450630000094e+04 9.622869102639999255e+03 -1.001803735989999950e+03 -1.707205670939999891e+02 1.726345748710000123e+02 -3.664284954130000074e+02
6.500000000000000222e-01 -1.774893028979999872e+04 9.491579576989999623e+03 -1.007745352919999959e+03 -1.698885741189999976e+02 1.734506821520000130e+02 -3.665771116989999996e+02
6.500000000000000222e-01 -1.768563712229999874e+04 9.555898073759999534e+03 -9.716288928139999825e+02 -1.700472287810000012e+02 1.731265800920000117e+02 -3.666798538310000026e+02
6.500000000000000222e-01 -1.767767068989999825e+04 9.614715900560000591e+03 -9.835385270399999627e+02 -1.706875001669999961e+02 1.724155391140000120e+02 -3.662514006289999884e+02
3.690000000000000000e+05 -1.996775595190000104e+03 -1.806917259060000106e+03 -8.055224702629999456e+02 9.946771322520000069e+01 3.063996056199999884e+01 -4.581566523080000053e+01
6.500000000000000222e-01 -1.925940344410000080e+03 -1.805045427530000097e+03 -7.920670670870000549e+02 1.039334289199999972e+02 3.558704308080000089e+01 -1.328207107439999923e+01
6.500000000000000222e-01 -2.014611202609999964e+03 -1.876910127220000049e+03 -7.443844444740000199e+02 9.932640523279999911e+01 2.972224973939999870e+01 -5.342899717440000273e+01
6.500000000000000222e-01 -1.846703778959999909e+03 -1.800542568090000032e+03 -7.917887960680000106e+02 1.062937439439999991e+02 3.581810449479999647e+01 -1.224336199230000055e+01
6.500000000000000222e-01 -1.838345743610000000e+03 -1.624868048119999912e+03 -8.200129756000000043e+02 1.149837532970000069e+02 3.715056057910000220e+01 -1.430546762220000012e+01
6.500000000000000222e-01 -1.767315446309999970e+03 -1.623707440209999959e+03 -7.991563951809999935e+02 1.172328828560000034e+02 4.118820787920000015e+01 2.192804229650000103e+00
6.500000000000000222e-01 -2.269452629700000216e+03 -1.864426508719999902e+03 -7.678341369370000393e+02 9.112257430830000260e+01 1.938228254239999870e+01 -5.179191621860000083e+01
6.500000000000000222e-01 -1.812468318929999896e+03 -1.813422762379999995e+03 -8.014538853960000324e+02 1.075429456250000015e+02 3.862825801969999873e+01 -1.301346717010000020e+01
6.500000000000000222e-01 -1.848960271059999968e+03 -1.802212279249999938e+03 -7.922259530620000305e+02 1.063416318179999962e+02 3.566101796459999917e+01 -1.207137488120000057e+01
6.500000000000000222e-01 -1.842344268860000057e+03 -1.665798365540000077e+03 -7.932861902849999751e+02 1.135590950039999996e+02 4.191307538569999736e+01 -7.115908452810000284e+00
6.500000000000000222e-01 -1.939367865949999896e+03 -1.614481235210000023e+03 -8.140717434099999537e+02 1.108071302500000002e+02 3.377375754149999665e+01 -2.357945123589999881e+01
6.500000000000000222e-01 -1.946105151199999909e+03 -1.823726926990000038e+03 -7.941550325609999845e+02 1.003786442640000018e+02 3.649227937220000229e+01 -1.241111240849999930e+01
6.500000000000000222e-01 -1.692171851889999971e+03 -1.644149297420000039e+03 -8.168655448700000079e+02 1.173137527399999982e+02 4.731592291359999791e+01 -1.469259623680000004e+01
6.500000000000000222e-01 -1.767597963080000000e+03 -1.666742881370000077e+03 -7.895446573320000425e+02 1.149378602050000069e+02 4.382365560880000288e+01 5.104100560830000521e-01
6.500000000000000222e-01 -1.720676911210000071e+03 -1.785096471569999949e+03 -8.242020725849999963e+02 1.077199071550000014e+02 4.408799966779999835e+01 -2.674180969969999921e+01
6.500000000000000222e-01 -1.913632384409999986e+03 -1.770778155799999922e+03 -7.883797903319999705e+02 1.059537619710000058e+02 3.759647207679999781e+01 -7.771360037640000051e+00
6.500000000000000222e-01 -1.871751868750000085e+03 -1.717509515279999960e+03 -7.803569145249999792e+02 1.090520566370000068e+02 3.953554910449999937e+01 -8.151178431390000423e-01
6.500000000000000222e-01 -1.865816837589999977e+03 -1.767130638399999953e+03 -7.906711568309999620e+02 1.088253319039999951e+02 3.573526709859999784e+01 -6.700950708159999714e+00
6.500000000000000222e-01 -1.928896547970000029e+03 -1.751335121639999898e+03 -7.882652279220000082e+02 1.064045172910000048e+02 3.506932411260000038e+01 -9.701539596550000866e+00
6.500000000000000222e-01 -1.712138059979999980e+03 -1.730985971060000111e+03 -8.085994893280000042e+02 1.130098497409999965e+02 4.516142171170000097e+01 -7.178525595830000050e+00
6.500000000000000222e-01 -1.919726229789999934e+03 -1.755478239940000094e+03 -7.925672836109999935e+02 1.084610516380000007e+02 3.310882125239999851e+01 -8.695959650189999834e+00
6.500000000000000222e-01 -1.997022671780000110e+03 -1.751423006049999913e+03 -7.950273008120000213e+02 1.047141717909999983e+02 2.652004022439999886e+01 -2.377884678959999931e+01
6.500000000000000222e-01 -1.872008967060000032e+03 -1.841249922839999954e+03 -8.016386704970000210e+02 1.027294629640000068e+02 3.726431557000000083e+01 -1.629921062409999877e+01
6.500000000000000222e-01 -1.869637196520000089e+03 -1.835938654699999915e+03 -8.004385744170000407e+02 1.038878095529999968e+02 3.731145077610000271e+01 -1.461297405890000078e+01
6.500000000000000222e-01 -1.893343823839999914e+03 -1.772160084899999902e+03 -7.873599249919999465e+02 1.044365838549999950e+02 3.997668718940000332e+01 -3.853231816520000130e+00
6.500000000000000222e-01 -1.881362435869999899e+03 -1.735736390479999955e+03 -7.816503878810000288e+02 1.081360396070000007e+02 3.622914992719999816e+01 -2.028135003980000128e+00
6.500000000000000222e-01 -2.200583258969999861e+03 -1.905664387269999906e+03 -7.611469279030000052e+02 9.185604202620000081e+01 2.071935777490000063e+01 -5.183131400330000105e+01
6.500000000000000222e-01 -1.709863325979999900e+03 -1.690419344529999989e+03 -8.073718035159999999e+02 1.146091205470000034e+02 4.627829220859999992e+01 -6.500964049170000258e+00
6.500000000000000222e-01 -1.808685269670000025e+03 -1.770157809040000075e+03 -7.922307495810000546e+02 1.058804574109999947e+02 4.055044943960000126e+01 -1.537958868970000026e+01
6.500000000000000222e-01 -1.893801737450000019e+03 -1.708141603739999937e+03 -7.764745946089999507e+02 1.083847699220000038e+02 3.844304138500000079e+01 3.735617350570000217e-01
6.500000000000000222e-01 -1.960488743200000044e+03 -1.645504813990000002e+03 -7.962740513160000546e+02 1.093306434429999996e+02 3.542240498999999687e+01 -1.280665396660000077e+01
6.500000000000000222e-01 -1.839569007479999982e+03 -1.783007908439999937e+03 -7.947233881939999947e+02 1.090038409790000031e+02 3.690370399740000096e+01 -9.119172571800000071e+00
6.500000000000000222e-01 -2.268704575149999982e+03 -1.985707888789999970e+03 -7.452448902349999571e+02 8.522435315190000438e+01 2.361887785889999947e+01 -6.798813201580000509e+01
6.500000000000000222e-01 -1.925539838109999891e+03 -1.687967582949999951e+03 -7.866715880450000213e+02 1.090049892880000044e+02 3.749419802679999947e+01 -6.654252806279999710e+00
6.500000000000000222e-01 -1.920865358289999904e+03 -1.724116107260000035e+03 -7.820353871510000090e+02 1.067114944119999933e+02 3.563994530419999762e+01 -5.033115454109999831e+00
6.500000000000000222e-01 -1.820558490030000030e+03 -1.772038111249999929e+03 -7.899877344909999692e+02 1.073460849660000065e+02 4.191379162479999820e+01 -1.521242202829999890e-01
6.500000000000000222e-01 -1.965473575449999998e+03 -1.765644428739999967e+03 -7.897650642459999517e+02 1.050459973370000029e+02 3.207284730140000306e+01 -1.385417933329999940e+01
6.500000000000000222e-01 -1.890454291560000001e+03 -1.700607326650000005e+03 -7.945824328160000505e+02 1.110569232699999986e+02 3.608601273770000262e+01 -8.360194444959999416e+00
6.500000000000000222e-01 -1.875584205780000048e+03 -1.706617053239999905e+03 -7.898813120290000143e+02 1.109980072710000059e+02 3.974870538209999893e+01 -6.875624863959999722e+00
6.500000000000000222e-01 -1.770201186109999981e+03 -1.667958871569999928e+03 -8.060167899309999484e+02 1.118062937680000033e+02 3.493626692859999849e+01 -2.988463970800000169e+01
6.500000000000000222e-01 -2.313769009329999790e+03 -1.948744511009999997e+03 -7.566299504739999975e+02 8.819752704210000616e+01 1.839642441859999877e+01 -5.484613320630000288e+01
6.500000000000000222e-01 -2.021967677139999978e+03 -1.764743583489999992e+03 -7.935056647339999927e+02 1.049362511279999950e+02 2.836247599760000071e+01 -1.705471245480000064e+01
6.500000000000000222e-01 -1.875679683889999978e+03 -1.768364299549999942e+03 -7.892944425279999905e+02 1.072969665800000030e+02 3.650588188679999746e+01 -7.704521918030000194e+00
6.500000000000000222e-01 -1.824261595330000091e+03 -1.617448252070000080e+03 -7.953893913279999879e+02 1.150696007829999985e+02 4.196691063370000307e+01 -3.743877535250000221e+00
6.500000000000000222e-01 -1.962044250010000042e+03 -1.775530254389999982e+03 -7.819724143600000161e+02 1.014881059049999976e+02 3.363603979999999893e+01 -1.582168901320000032e+01
6.500000000000000222e-01 -1.901192585900000040e+03 -1.721459761509999908e+03 -7.874305360089999795e+02 1.090381252490000037e+02 3.843327643340000321e+01 -6.609350739059999924e+00
6.500000000000000222e-01 -1.915866948549999961e+03 -1.746827950300000111e+03 -7.915483815439999944e+02 1.082792207319999989e+02 3.437745395110000146e+01 -9.309345300660000433e+00
6.500000000000000222e-01 -1.802090147560000105e+03 -1.743448434449999922e+03 -7.969601918770000566e+02 1.121041916420000035e+02 4.059198983089999757e+01 -8.363107529040000543e+00
6.500000000000000222e-01 -1.929495101380000051e+03 -1.722274658999999929e+03 -7.928621911019999970e+02 1.094391033330000056e+02 3.216948587819999972e+01 -5.716661012940000397e+00
6.500000000000000222e-01 -1.918188679979999961e+03 -1.630813905149999982e+03 -8.009575533290000067e+02 1.119915053250000057e+02 3.464560675260000266e+01 -4.802066903530000097e+00
6.500000000000000222e-01 -2.366851237679999940e+03 -1.988607222319999892e+03 -7.597617604749999600e+02 8.469251401219999309e+01 1.776325157389999987e+01 -5.336704237179999666e+01
6.500000000000000222e-01 -1.753979393970000046e+03 -1.616718999010000061e+03 -8.031478218600000218e+02 1.175892750739999997e+02 4.204781446850000037e+01 1.482771899290000084e+00
6.500000000000000222e-01 -1.828077575029999934e+03 -1.763336843479999970e+03 -7.963310970689999522e+02 1.064220013249999965e+02 4.214324256559999782e+01 -6.035843081880000405e+00
6.500000000000000222e-01 -1.887374383090000038e+03 -1.756444575420000092e+03 -7.854257912309999483e+02 1.070246767259999956e+02 3.537976682520000082e+01 -5.939451623760000132e+00
6.500000000000000222e-01 -1.980704326179999953e+03 -1.635583641949999901e+03 -8.012899356310000485e+02 1.087776541920000000e+02 3.379744340850000128e+01 -1.895326590109999998e+01
6.500000000000000222e-01 -1.923632531680000056e+03 -1.635408473729999969e+03 -7.983125980969999773e+02 1.111894918050000030e+02 3.804205007310000042e+01 -1.499836571690000042e+01
6.500000000000000222e-01 -2.241456019369999922e+03 -1.934371890209999947e+03 -7.686616775160000543e+02 9.036892101990000015e+01 2.239177959499999915e+01 -4.683727241199999725e+01
6.500000000000000222e-01 -1.996245206000000053e+03 -1.655153135539999994e+03 -7.942740695109999933e+02 1.072158352040000011e+02 3.223376465630000354e+01 -2.490932123540000021e+01
6.500000000000000222e-01 -1.966751194859999941e+03 -1.639439768349999895e+03 -7.930366291080000565e+02 1.084916488780000066e+02 3.143463882420000033e+01 -3.181625449059999866e+01
6.500000000000000222e-01 -1.986580596230000083e+03 -1.651437060879999990e+03 -8.004857539150000321e+02 1.083929126339999982e+02 3.264447410119999660e+01 -1.456479013410000078e+01
6.500000000000000222e-01 -1.935009326009999995e+03 -1.763995984559999897e+03 -7.854982527990000563e+02 1.042002210269999978e+02 3.762262683390000007e+01 -7.086954224110000311e+00
6.500000000000000222e-01 -1.891468648629999961e+03 -1.749677470300000095e+03 -7.882611311919999935e+02 1.079542099030000060e+02 3.693630309969999814e+01 -6.987693338439999735e+00
6.500000000000000222e-01 -1.840846799339999961e+03 -1.739447318239999959e+03 -7.803975347640000564e+02 1.076772036419999949e+02 4.234617732960000325e+01 2.445945687620000086e+00
6.500000000000000222e-01 -1.839698677990000078e+03 -1.685716580369999974e+03 -7.927738637979999794e+02 1.130834557520000061e+02 4.155689772200000220e+01 -6.948112793850000024e+00
6.500000000000000222e-01 -2.229898050199999943e+03 -1.885321442279999928e+03 -7.618450493670000014e+02 9.245510862449999934e+01 2.111066392389999891e+01 -5.214557517139999732e+01
6.500000000000000222e-01 -1.909159579160000021e+03 -1.720060230360000105e+03 -7.818750991519999616e+02 1.067523583619999954e+02 3.474712678800000276e+01 -9.646633568440000417e+00
6.500000000000000222e-01 -1.784062200159999975e+03 -1.749538439859999926e+03 -7.956662566899999547e+02 1.083701941230000045e+02 4.387526471040000331e+01 7.858085341939999857e-01
6.500000000000000222e-01 -2.192518302129999938e+03 -1.891032762790000106e+03 -7.798951153430000431e+02 9.240459865009999874e+01 2.642147412219999936e+01 -4.060985613329999921e+01
6.500000000000000222e-01 -1.861844101169999931e+03 -1.734304670720000104e+03 -7.837338641999999709e+02 1.097528253499999948e+02 3.629326248800000343e+01 -1.238497693990000093e+00
6.500000000000000222e-01 -1.911505135260000088e+03 -1.667010478749999947e+03 -7.852542133160000049e+02 1.090101547419999974e+02 3.352322024850000304e+01 -1.998882913770000158e+01
6.500000000000000222e-01 -1.895200022620000027e+03 -1.751076256439999952e+03 -7.912275910920000115e+02 1.089382895100000042e+02 3.599459836289999970e+01 -8.411817772090000034e+00
6.500000000000000222e-01 -1.706330070310000110e+03 -1.689141601260000016e+03 -8.092205617790000360e+02 1.154940513559999999e+02 4.609784579859999809e+01 -9.167431533769999419e+00
6.500000000000000222e-01 -1.764212359580000111e+03 -1.703226991730000009e+03 -7.750387217349999673e+02 1.118113044589999987e+02 4.486967173579999724e+01 9.006886854259999353e+00
6.500000000000000222e-01 -1.857451815549999992e+03 -1.715608190169999943e+03 -7.765162883880000209e+02 1.099714214939999977e+02 3.737457742790000026e+01 2.685601932710000028e+00
6.500000000000000222e-01 -1.978675332009999920e+03 -1.661863983129999951e+03 -7.939258251139999629e+02 1.078214368299999961e+02 3.291268032699999679e+01 -2.551610676290000157e+01
6.500000000000000222e-01 -1.831537551769999936e+03 -1.781915835309999920e+03 -7.955945856570000387e+02 1.091050226539999954e+02 3.761424666770000158e+01 -9.538956159510000532e+00
6.500000000000000222e-01 -1.966651499320000084e+03 -1.713580819410000004e+03 -7.878859359220000442e+02 1.061146419540000068e+02 3.355136902619999972e+01 -1.297205990770000028e+01
6.500000000000000222e-01 -1.890801671660000011e+03 -1.721530486800000062e+03 -7.864628455979999444e+02 1.092550494369999967e+02 3.694751460490000028e+01 -4.767169265069999717e+00
6.500000000000000222e-01 -1.729403133849999904e+03 -1.700212213779999956e+03 -7.900259575400000358e+02 1.137026605730000028e+02 4.522742265920000193e+01 3.546180225800000141e+00
6.500000000000000222e-01 -1.869854140969999889e+03 -1.711854853909999974e+03 -7.757145125319999579e+02 1.092470230830000020e+02 3.837146828430000056e+01 2.023054320950000040e+00
6.500000000000000222e-01 -1.897521169679999957e+03 -1.753319377410000016e+03 -7.914713333710000143e+02 1.088790627489999991e+02 3.485831413980000093e+01 -8.072904698960000403e+00
6.500000000000000222e-01 -1.799276504480000085e+03 -1.697561549329999934e+03 -7.911546912009999915e+02 1.133446085820000064e+02 4.214805061130000041e+01 -3.229541305860000211e+00
6.500000000000000222e-01 -2.210709462610000173e+03 -1.876568034350000062e+03 -7.643808977270000469e+02 9.290812973510000461e+01 2.182569889359999848e+01 -4.947097813989999793e+01
6.500000000000000222e-01 -1.733344860700000027e+03 -1.603919798769999943e+03 -8.209295925479999596e+02 1.172674059290000059e+02 4.382520622429999690e+01 -2.735657575049999846e+00
6.500000000000000222e-01 -1.724614738880000004e+03 -1.621207816240000056e+03 -8.144756521849999444e+02 1.179869188149999957e+02 4.409696606570000199e+01 -6.669238490929999763e+00
6.500000000000000222e-01 -1.894935535209999898e+03 -1.599110892140000033e+03 -8.085846195220000254e+02 1.130443402030000044e+02 3.788483109279999894e+01 -1.443808530519999955e+01
6.500000000000000222e-01 -2.123984339350000027e+03 -1.989528212740000072e+03 -7.612613765370000465e+02 8.728749944289999974e+01 2.455774661950000137e+01 -5.940617284500000039e+01
6.500000000000000222e-01 -1.705972454010000092e+03 -1.628370829409999942e+03 -8.103575952789999519e+02 1.178423693179999958e+02 4.532545411560000304e+01 -2.840370314779999905e+00
6.500000000000000222e-01 -1.880461336959999926e+03 -1.750145682690000058e+03 -7.922607227590000321e+02 1.097272069910000027e+02 3.698979542880000082e+01 -8.585207846410000343e+00
6.500000000000000222e-01 -1.933410747010000023e+03 -1.714192348900000070e+03 -7.854278016150000212e+02 1.073233458670000005e+02 3.596990496330000298e+01 -7.085190676429999890e+00
6.500000000000000222e-01 -1.830691446580000047e+03 -1.613530357500000036e+03 -8.098615606560000515e+02 1.154607371240000049e+02 4.070828481800000276e+01 -1.950436326659999864e+01
6.500000000000000222e-01 -1.796278181509999968e+03 -1.757995943859999898e+03 -7.981288950959999511e+02 1.097801373599999977e+02 4.141871242530000075e+01 -8.631321387790000799e+00
6.500000000000000222e-01 -1.719024092050000036e+03 -1.746231655959999898e+03 -8.182369368849999773e+02 1.104576040360000064e+02 4.513096753450000165e+01 -7.345786024519999735e+00
6.500000000000000222e-01 -1.839919882050000069e+03 -1.809300698819999980e+03 -7.934343007859999943e+02 1.061489385569999939e+02 3.600949130469999915e+01 -1.381078095220000002e+01
6.500000000000000222e-01 -1.835044678969999950e+03 -1.763218113829999993e+03 -7.867475457020000249e+02 1.060655166220000041e+02 3.887205317560000140e+01 -1.339806671939999916e+01
6.500000000000000222e-01 -2.276427118069999779e+03 -1.942382486559999961e+03 -7.674967343539999547e+02 8.907456893340000192e+01 2.005706950520000120e+01 -4.879687321090000296e+01
6.500000000000000222e-01 -1.876782638809999980e+03 -1.669778632669999979e+03 -7.861024481460000288e+02 1.116561335869999994e+02 3.892293294950000160e+01 -2.623797976320000114e+00
6.500000000000000222e-01 -1.822509782110000060e+03 -1.668192923320000091e+03 -7.759610058099999605e+02 1.107926296659999963e+02 3.704445594839999956e+01 -1.263434974189999949e+01
6.500000000000000222e-01 -1.805159159690000024e+03 -1.758602009680000037e+03 -7.872310742309999796e+02 1.087930794579999940e+02 4.234308812689999968e+01 1.050961927789999972e+00
6.500000000000000222e-01 -1.853024916670000039e+03 -1.616214149290000023e+03 -7.956234815179999487e+02 1.141797522619999938e+02 4.061820757830000161e+01 -4.921453710669999815e+00
6.500000000000000222e-01 -2.328112393729999894e+03 -1.879236738490000107e+03 -7.868010746019999715e+02 8.939819880899999305e+01 1.696045046569999926e+01 -4.611821802379999724e+01
