3.450000000000000000e+05 4.032850652359999913e+03 -5.055661410230000001e+03 -6.832872376590000385e+03 -1.131085064850000066e+02 2.206699213490000133e+01 -5.497066480649999676e+01
6.500000000000000222e-01 3.947274139879999893e+03 -4.969181299730000319e+03 -6.574438989010000114e+03 -1.131578747349999929e+02 2.224195999220000175e+01 -5.450809270039999888e+01
6.500000000000000222e-01 3.858506323030000203e+03 -5.175685609680000198e+03 -7.022157450900000185e+03 -1.133695892319999956e+02 2.208595539059999879e+01 -5.409505044280000163e+01
6.500000000000000222e-01 4.221921350200000234e+03 -4.984096295639999880e+03 -6.634176466560000335e+03 -1.126226328439999946e+02 2.241596089200000108e+01 -5.636499963020000337e+01
6.500000000000000222e-01 4.011281736710000132e+03 -5.152509367720000228e+03 -7.102652099629999611e+03 -1.127972098259999996e+02 1.939766899789999854e+01 -5.465872664620000165e+01
6.500000000000000222e-01 4.145454259649999585e+03 -5.256214906459999838e+03 -6.994212359049999577e+03 -1.133203760039999963e+02 2.226538684779999855e+01 -5.502715756290000115e+01
6.500000000000000222e-01 4.134664883180000288e+03 -4.824672897229999762e+03 -6.959345024430000194e+03 -1.138913930310000069e+02 2.044138475460000137e+01 -5.675657162049999727e+01
6.500000000000000222e-01 3.802874043710000024e+03 -4.949442248389999804e+03 -6.961278277700000217e+03 -1.119799041109999962e+02 2.178373392740000014e+01 -5.583573911389999722e+01
6.500000000000000222e-01 4.198093088419999731e+03 -4.867414457529999709e+03 -6.961909252510000442e+03 -1.134025426430000039e+02 2.014323994869999979e+01 -5.631360947959999663e+01
6.500000000000000222e-01 3.808479226049999852e+03 -4.988042509900000368e+03 -6.662704788490000283e+03 -1.129137799230000070e+02 2.287339184989999907e+01 -5.360116195700000219e+01
6.500000000000000222e-01 3.758962946170000123e+03 -5.078152946459999839e+03 -6.761390781950000019e+03 -1.121114364169999931e+02 2.270045746279999932e+01 -5.223385282489999781e+01
6.500000000000000222e-01 3.858850918950000050e+03 -5.194194757250000293e+03 -7.009016088600000330e+03 -1.134682151429999948e+02 2.152030930800000164e+01 -5.347917374000000024e+01
6.500000000000000222e-01 4.121141155479999725e+03 -5.082554076270000223e+03 -6.565667294670000047e+03 -1.148483222589999997e+02 2.315359233170000053e+01 -5.483629529579999939e+01
6.500000000000000222e-01 3.972208416349999879e+03 -4.897413323009999658e+03 -7.065027961169999799e+03 -1.133658522359999949e+02 2.148535057329999987e+01 -5.512480004060000027e+01
6.500000000000000222e-01 3.874573726380000153e+03 -4.993751793100000214e+03 -7.058313284640000347e+03 -1.106947267670000059e+02 2.095398940930000009e+01 -5.606543924049999816e+01
6.500000000000000222e-01 4.188190872309999577e+03 -5.017512251770000148e+03 -6.600591503669999838e+03 -1.142015721249999984e+02 2.261535343979999979e+01 -5.519745807129999804e+01
6.500000000000000222e-01 3.902279923470000085e+03 -5.274817174339999838e+03 -6.957618735439999909e+03 -1.116920412780000049e+02 2.302537379250000171e+01 -5.741115941359999653e+01
6.500000000000000222e-01 3.814753084009999839e+03 -5.123390247549999913e+03 -6.998505797249999887e+03 -1.134038643720000010e+02 2.157944607070000131e+01 -5.303447924249999801e+01
6.500000000000000222e-01 4.046242034779999813e+03 -5.170192019039999650e+03 -6.576593213840000317e+03 -1.143669964019999981e+02 2.509580781509999881e+01 -5.435885594330000004e+01
6.500000000000000222e-01 3.919890852359999826e+03 -5.135378975939999691e+03 -6.583579071019999901e+03 -1.115979430910000048e+02 2.368996261490000066e+01 -5.375673929879999946e+01
6.500000000000000222e-01 4.076766219069999806e+03 -4.959783883600000081e+03 -7.095494681039999705e+03 -1.123656649689999938e+02 1.952932703140000115e+01 -5.538470047269999696e+01
6.500000000000000222e-01 3.833766955879999841e+03 -4.887307103819999611e+03 -6.952877074600000014e+03 -1.134826222880000017e+02 2.252260785520000042e+01 -5.321931954120000086e+01
6.500000000000000222e-01 3.878082008549999955e+03 -4.861091052710000440e+03 -6.969956810419999783e+03 -1.122945988790000058e+02 2.097260043469999857e+01 -5.616927991130000208e+01
6.500000000000000222e-01 4.163944817990000047e+03 -4.884500856730000123e+03 -6.647260545310000452e+03 -1.152675512539999971e+02 2.140263970210000011e+01 -5.312294503700000092e+01
6.500000000000000222e-01 4.265620649810000032e+03 -5.075434986850000314e+03 -6.674961534490000304e+03 -1.142969007210000001e+02 2.211187007919999914e+01 -5.487925320219999747e+01
6.500000000000000222e-01 4.253733646740000040e+03 -5.047774847679999766e+03 -6.658149663670000336e+03 -1.136212940340000017e+02 2.215699763179999948e+01 -5.584667342310000038e+01
6.500000000000000222e-01 4.006245931259999907e+03 -5.284888636489999953e+03 -6.666806883340000240e+03 -1.124450998749999968e+02 2.361216591959999889e+01 -5.372842831900000249e+01
6.500000000000000222e-01 3.909366834469999958e+03 -4.904547027419999722e+03 -7.042757442619999892e+03 -1.139262995050000029e+02 2.293412673939999991e+01 -5.351455983649999837e+01
6.500000000000000222e-01 3.839159384030000183e+03 -5.244200351870000304e+03 -6.914578325780000341e+03 -1.128853220320000048e+02 2.217138640159999952e+01 -5.311152862689999665e+01
6.500000000000000222e-01 3.928361498019999999e+03 -4.805594351190000452e+03 -6.931585901450000165e+03 -1.136347660870000027e+02 2.203343477800000016e+01 -5.443569846879999830e+01
6.500000000000000222e-01 3.908148671880000165e+03 -5.200290579479999906e+03 -6.622850145600000360e+03 -1.140708482019999934e+02 2.162127707289999989e+01 -5.638577805140000265e+01
6.500000000000000222e-01 4.221869091069999740e+03 -4.885712187969999832e+03 -6.709930953729999601e+03 -1.135377060790000030e+02 2.110416334559999996e+01 -5.475952723270000178e+01
6.500000000000000222e-01 3.803257841149999877e+03 -5.145888086240000121e+03 -6.691638293590000103e+03 -1.138785523039999958e+02 2.248683160179999874e+01 -5.654082595069999684e+01
6.500000000000000222e-01 3.754026815629999874e+03 -5.094628424419999646e+03 -6.855184265060000143e+03 -1.126193121240000039e+02 2.241662868519999918e+01 -5.224970772710000233e+01
6.500000000000000222e-01 4.100654752110000118e+03 -5.000670965839999553e+03 -7.104783938130000024e+03 -1.142111002580000019e+02 2.065126406010000082e+01 -5.565730042669999733e+01
6.500000000000000222e-01 3.920320558009999786e+03 -4.795143476950000149e+03 -6.809735360050000054e+03 -1.132060279960000031e+02 2.166965064129999874e+01 -5.211657210660000317e+01
6.500000000000000222e-01 4.029889563310000085e+03 -4.774534017400000266e+03 -6.880764095010000347e+03 -1.137929006579999935e+02 2.177193602010000006e+01 -5.420114116909999780e+01
6.500000000000000222e-01 4.061241114049999851e+03 -4.919703196790000220e+03 -7.075804888589999791e+03 -1.119027820310000010e+02 1.967023287510000173e+01 -5.510489279309999944e+01
6.500000000000000222e-01 4.109680458709999584e+03 -4.941483701459999793e+03 -6.583588348330000372e+03 -1.136201337570000049e+02 2.096960837840000025e+01 -5.429049785939999850e+01
6.500000000000000222e-01 3.902011488250000184e+03 -5.184398698560000412e+03 -6.616968043920000127e+03 -1.134930838380000040e+02 2.430260805740000052e+01 -5.442541187799999847e+01
6.500000000000000222e-01 4.104898842110000260e+03 -4.881982071200000064e+03 -6.617985468550000405e+03 -1.131125641069999972e+02 2.354127072709999879e+01 -5.594428831169999938e+01
4.560000000000000000e+04 6.143233051510000223e+03 2.641937163720000171e+03 1.731555676870000025e+04 2.065273356730000103e+02 -6.007374740819999914e+01 2.075538155829999880e+02
6.500000000000000222e-01 6.191520823240000027e+03 2.520057542120000107e+03 1.747657200649999868e+04 2.070742925140000068e+02 -6.061118595939999665e+01 2.074010363920000088e+02
6.500000000000000222e-01 6.273325305049999770e+03 2.747894984999999906e+03 1.719836845049999829e+04 2.061190622580000138e+02 -6.063281732459999773e+01 2.068433812609999904e+02
6.500000000000000222e-01 6.200070447699999932e+03 2.518093679999999949e+03 1.746912742910000088e+04 2.062691072009999971e+02 -5.928083026939999911e+01 2.083212468659999956e+02
6.500000000000000222e-01 5.941696962580000218e+03 2.628298321300000225e+03 1.728246152989999973e+04 2.066525325469999927e+02 -6.007720898219999839e+01 2.075952686930000084e+02
6.500000000000000222e-01 6.285330904909999845e+03 2.776218650929999967e+03 1.725583263150000130e+04 2.065252655179999977e+02 -5.993724032920000155e+01 2.084899238550000007e+02
6.500000000000000222e-01 6.052825239869999677e+03 2.824749244040000121e+03 1.732114623600000050e+04 2.066542015020000065e+02 -6.028436837729999809e+01 2.072803621390000046e+02
6.500000000000000222e-01 6.104195359690000259e+03 2.687694512869999926e+03 1.751204107319999821e+04 2.073069156599999872e+02 -6.080395878169999690e+01 2.079846893680000051e+02
6.500000000000000222e-01 6.141049708939999618e+03 2.846238373979999778e+03 1.731230390610000177e+04 2.065509084310000105e+02 -6.028535149919999725e+01 2.073022846819999927e+02
6.500000000000000222e-01 6.125686382769999909e+03 2.713300543360000120e+03 1.712288884970000072e+04 2.063910118899999873e+02 -6.067426261730000192e+01 2.071575986059999934e+02
6.500000000000000222e-01 6.053685423879999689e+03 2.640241654209999979e+03 1.713024683400000140e+04 2.066645976910000115e+02 -6.012239092269999929e+01 2.073099700939999934e+02
6.500000000000000222e-01 6.289889412989999983e+03 2.546921338860000105e+03 1.721252362340000036e+04 2.064089760269999942e+02 -5.997729596740000346e+01 2.080488229670000067e+02
6.500000000000000222e-01 6.095341650420000406e+03 2.645455672489999870e+03 1.751535644799999864e+04 2.067021086100000105e+02 -6.001493440929999679e+01 2.076688579089999962e+02
6.500000000000000222e-01 6.064595051379999859e+03 2.485630517990000044e+03 1.742335985349999828e+04 2.070430075660000000e+02 -6.024484434469999883e+01 2.076057585400000107e+02
6.500000000000000222e-01 6.117737476109999989e+03 2.446545482670000183e+03 1.725601112129999819e+04 2.067123092820000068e+02 -5.990397952160000017e+01 2.068156495050000103e+02
6.500000000000000222e-01 6.007472082719999889e+03 2.490382972739999786e+03 1.733615270590000000e+04 2.067137082749999877e+02 -5.991126148619999725e+01 2.082781062360000135e+02
6.500000000000000222e-01 6.239049013349999768e+03 2.478947446879999916e+03 1.724455296480000106e+04 2.062003084629999989e+02 -5.977760923839999663e+01 2.078678863279999973e+02
6.500000000000000222e-01 6.338689955890000419e+03 2.692817786850000175e+03 1.735015032849999989e+04 2.064928980999999908e+02 -6.011809798230000013e+01 2.072676836509999987e+02
6.500000000000000222e-01 6.346488916319999589e+03 2.663283904859999893e+03 1.732206382099999973e+04 2.063460709660000134e+02 -6.007422233810000023e+01 2.078115253210000049e+02
6.500000000000000222e-01 6.051786476090000178e+03 2.517785338080000201e+03 1.717918920860000071e+04 2.070299121529999979e+02 -6.016706588089999741e+01 2.071154359630000101e+02
6.500000000000000222e-01 6.069850403589999587e+03 2.705914847550000104e+03 1.749753422979999959e+04 2.069019933890000118e+02 -6.024989042530000205e+01 2.079585073279999961e+02
6.500000000000000222e-01 6.068543916460000219e+03 2.756454569170000013e+03 1.716075628819999838e+04 2.059740783519999923e+02 -5.948750761969999701e+01 2.079993280609999999e+02
6.500000000000000222e-01 6.271804879139999684e+03 2.516782149799999843e+03 1.721256580369999938e+04 2.064120681169999898e+02 -6.003179290330000129e+01 2.070628256439999859e+02
6.500000000000000222e-01 6.226702086899999813e+03 2.456117809679999937e+03 1.733089681760000167e+04 2.064730292010000028e+02 -5.995392417589999923e+01 2.066041541079999888e+02
6.500000000000000222e-01 6.147147179999999935e+03 2.767344672499999888e+03 1.715178661740000098e+04 2.062031628969999986e+02 -5.933031125680000173e+01 2.079384086409999952e+02
6.500000000000000222e-01 6.304851776640000026e+03 2.525103304109999954e+03 1.736666515019999861e+04 2.066389927490000105e+02 -6.013590073329999797e+01 2.071383305139999891e+02
6.500000000000000222e-01 6.040053213500000311e+03 2.786366426720000163e+03 1.741382857000000149e+04 2.070799454350000133e+02 -6.068107896440000104e+01 2.082993330930000013e+02
6.500000000000000222e-01 6.272195201880000241e+03 2.531833002039999883e+03 1.742692577359999996e+04 2.064919198240000071e+02 -5.991634206620000214e+01 2.071525260870000125e+02
6.500000000000000222e-01 6.275352148279999710e+03 2.720885155060000216e+03 1.718113752970000132e+04 2.066594894490000058e+02 -5.976419483010000278e+01 2.081347634120000123e+02
6.500000000000000222e-01 6.107048636489999808e+03 2.614360211669999899e+03 1.711468258179999975e+04 2.057790813299999968e+02 -6.051709555850000299e+01 2.075489337930000033e+02
6.500000000000000222e-01 6.125015980899999704e+03 2.614261856510000143e+03 1.711242862600000080e+04 2.060698014239999907e+02 -6.044603066730000052e+01 2.074801103249999983e+02
6.500000000000000222e-01 5.961122162609999577e+03 2.585231415920000018e+03 1.739009058210000148e+04 2.064315990720000116e+02 -5.999054800369999896e+01 2.069756316920000074e+02
6.500000000000000222e-01 6.170392496800000117e+03 2.827277252580000095e+03 1.740366291389999969e+04 2.061867355640000028e+02 -5.989223957720000158e+01 2.077463275789999955e+02
6.500000000000000222e-01 6.063642499290000160e+03 2.799883201990000089e+03 1.741314393470000141e+04 2.068340162979999945e+02 -6.025904725059999834e+01 2.071193116240000052e+02
6.500000000000000222e-01 6.257079030199999579e+03 2.483595765059999849e+03 1.737397306020000178e+04 2.065096360590000018e+02 -6.001831232400000005e+01 2.067649416710000025e+02
6.500000000000000222e-01 6.308049903610000001e+03 2.750188722270000198e+03 1.726089778650000153e+04 2.064799996890000102e+02 -6.033530992269999871e+01 2.075445120200000133e+02
6.500000000000000222e-01 6.144910923030000049e+03 2.715319653919999837e+03 1.750833306920000177e+04 2.064685995199999979e+02 -5.917954264099999762e+01 2.074481901350000044e+02
6.500000000000000222e-01 6.295353991109999697e+03 2.519788925750000089e+03 1.737168496679999953e+04 2.062048338479999927e+02 -5.972914954289999656e+01 2.078957960079999907e+02
6.500000000000000222e-01 5.940158601610000005e+03 2.638538490819999879e+03 1.733939607299999989e+04 2.065732779020000009e+02 -6.008179655290000198e+01 2.065045087780000017e+02
6.500000000000000222e-01 6.202688420280000173e+03 2.817731657750000068e+03 1.740610379150000153e+04 2.062024287159999858e+02 -5.977704029240000239e+01 2.075224676100000067e+02
6.500000000000000222e-01 6.335456105999999636e+03 2.671966920779999782e+03 1.737899325939999835e+04 2.062292261089999954e+02 -6.005249754679999796e+01 2.081127656730000126e+02
1.390000000000000000e+04 -9.208446299810000710e+03 1.788065656929999932e+03 1.328412184870000056e+04 -2.429656862180000019e+02 2.033889384359999895e+02 -3.248314927760000046e+02
6.500000000000000222e-01 -9.157132487929999115e+03 1.768039122050000060e+03 1.341583838280000055e+04 -2.436275506780000057e+02 2.036532827990000101e+02 -3.245796769489999747e+02
6.500000000000000222e-01 -9.235469459250000000e+03 1.817137104599999930e+03 1.314643685139999980e+04 -2.432663134930000126e+02 2.038047050430000127e+02 -3.247324579919999792e+02
6.500000000000000222e-01 -9.250733694820000892e+03 1.808284752990000015e+03 1.341974555279999913e+04 -2.425018221370000049e+02 2.031044324759999995e+02 -3.244981771870000102e+02
6.500000000000000222e-01 -9.131748520220000501e+03 1.686673597779999909e+03 1.322154317520000041e+04 -2.432075584609999908e+02 2.037806928569999911e+02 -3.253818897759999800e+02
6.500000000000000222e-01 -9.130161261580000428e+03 1.681873366549999901e+03 1.323361094579999917e+04 -2.430551784360000056e+02 2.035622083810000049e+02 -3.246449130710000190e+02
6.500000000000000222e-01 -9.276214419879999696e+03 1.763977329739999959e+03 1.340851474439999947e+04 -2.432931780890000084e+02 2.034577881650000108e+02 -3.248199742400000218e+02
6.500000000000000222e-01 -9.281140997610000341e+03 1.752704155310000033e+03 1.316669149819999984e+04 -2.423728703289999942e+02 2.035007332069999961e+02 -3.251162960350000048e+02
6.500000000000000222e-01 -9.112828153059999750e+03 1.782049372599999970e+03 1.317723511350000081e+04 -2.433988534689999881e+02 2.034052988280000136e+02 -3.254159345990000247e+02
6.500000000000000222e-01 -9.119765033490000860e+03 1.701976252550000027e+03 1.335140674650000074e+04 -2.431856286089999912e+02 2.035966122499999926e+02 -3.250673180580000121e+02
6.500000000000000222e-01 -9.249681729879999693e+03 1.659026414460000069e+03 1.324265524320000077e+04 -2.430421704990000080e+02 2.037404274620000137e+02 -3.249974577030000091e+02
6.500000000000000222e-01 -9.170355733099999270e+03 1.687638632520000101e+03 1.337546283120000044e+04 -2.433786522339999863e+02 2.039781262920000131e+02 -3.244896692980000239e+02
6.500000000000000222e-01 -9.086422768640000868e+03 1.714167905750000045e+03 1.328201269329999923e+04 -2.430313092659999938e+02 2.034573853130000032e+02 -3.255900437970000212e+02
6.500000000000000222e-01 -9.169062314439999682e+03 1.659296535550000044e+03 1.332553610739999931e+04 -2.431727737129999980e+02 2.036495217970000056e+02 -3.250406830939999736e+02
6.500000000000000222e-01 -9.180898801069999536e+03 1.698722327089999908e+03 1.339416552140000022e+04 -2.427399166159999879e+02 2.029843112179999878e+02 -3.250191903830000228e+02
6.500000000000000222e-01 -9.265428610630000549e+03 1.844874474779999900e+03 1.316540293849999944e+04 -2.426025613410000119e+02 2.030907652360000100e+02 -3.251666900760000090e+02
6.500000000000000222e-01 -9.070082692600000883e+03 1.819798544470000024e+03 1.326906754030000047e+04 -2.430944612440000014e+02 2.033365241260000005e+02 -3.255755027459999837e+02
6.500000000000000222e-01 -9.240437883610000426e+03 1.923749880329999996e+03 1.331508761419999973e+04 -2.429727484430000004e+02 2.031516206610000097e+02 -3.241503380809999726e+02
6.500000000000000222e-01 -9.101202982900000279e+03 1.814285941229999935e+03 1.337384231689999979e+04 -2.429143219219999992e+02 2.034824702340000044e+02 -3.251887694829999873e+02
6.500000000000000222e-01 -9.108907305610000549e+03 1.889766792890000033e+03 1.329084160370000063e+04 -2.430264490010000031e+02 2.032463584040000057e+02 -3.248212653269999919e+02
6.500000000000000222e-01 -9.179931696649999139e+03 1.922509879810000029e+03 1.332343064849999973e+04 -2.431314372710000100e+02 2.031844707959999994e+02 -3.242835463700000105e+02
6.500000000000000222e-01 -9.073261457829999927e+03 1.833462522340000078e+03 1.328791199430000052e+04 -2.430241806090000125e+02 2.033397068190000141e+02 -3.255636196560000144e+02
6.500000000000000222e-01 -9.290091083190000063e+03 1.693457134530000076e+03 1.335352333650000037e+04 -2.428057571900000084e+02 2.037565229509999938e+02 -3.241671234379999760e+02
6.500000000000000222e-01 -9.341307970919999207e+03 1.774243962089999968e+03 1.323509205389999988e+04 -2.428773513909999906e+02 2.033793887930000039e+02 -3.245736544540000068e+02
6.500000000000000222e-01 -9.226685099640000772e+03 1.928444832760000054e+03 1.327107161599999927e+04 -2.429216875330000107e+02 2.032636618880000015e+02 -3.242421475510000164e+02
6.500000000000000222e-01 -9.157540513690000807e+03 1.796052915949999942e+03 1.341752915039999971e+04 -2.433870133160000080e+02 2.033110418709999863e+02 -3.246815786989999992e+02
6.500000000000000222e-01 -9.255926994400000694e+03 1.656376153519999889e+03 1.326039937649999956e+04 -2.430206074040000033e+02 2.035823588899999947e+02 -3.245218244810000101e+02
6.500000000000000222e-01 -9.141562155499999790e+03 1.889269968040000094e+03 1.320826422339999954e+04 -2.431952389919999860e+02 2.030767286520000141e+02 -3.254495584649999955e+02
6.500000000000000222e-01 -9.237001545009999973e+03 1.654773967849999963e+03 1.332921214639999926e+04 -2.427984411859999909e+02 2.033170373979999965e+02 -3.249111647920000223e+02
6.500000000000000222e-01 -9.086272159610000017e+03 1.752592472329999964e+03 1.334780971309999950e+04 -2.428483698789999892e+02 2.033724523600000111e+02 -3.254412081130000161e+02
6.500000000000000222e-01 -9.316370894280000357e+03 1.697815878260000090e+03 1.326145977769999990e+04 -2.429372978810000063e+02 2.035593413979999866e+02 -3.247500254600000176e+02
6.500000000000000222e-01 -9.282765554100000372e+03 1.882208804590000000e+03 1.336251635069999975e+04 -2.428023360759999889e+02 2.030554100589999962e+02 -3.241673747259999914e+02
6.500000000000000222e-01 -9.159928084920000401e+03 1.830357068009999921e+03 1.315587986629999978e+04 -2.424224254439999982e+02 2.036627548650000108e+02 -3.246711824019999995e+02
6.500000000000000222e-01 -9.127012168960000054e+03 1.683729360779999979e+03 1.333774207399999977e+04 -2.428710061559999929e+02 2.032701956459999906e+02 -3.254655947150000088e+02
6.500000000000000222e-01 -9.092006051779999325e+03 1.870107810989999962e+03 1.327649059879999913e+04 -2.430522569590000046e+02 2.032818262540000092e+02 -3.255625038129999780e+02
6.500000000000000222e-01 -9.142704895920000126e+03 1.912277908009999919e+03 1.326104741090000061e+04 -2.429864879650000091e+02 2.031370117159999893e+02 -3.253994820450000134e+02
6.500000000000000222e-01 -9.309881916309999724e+03 1.697482082989999981e+03 1.332771688859999995e+04 -2.427720999610000092e+02 2.035804251369999918e+02 -3.241351172340000062e+02
6.500000000000000222e-01 -9.306801716849999139e+03 1.886652918389999968e+03 1.331572632890000023e+04 -2.430487355299999876e+02 2.034024781569999902e+02 -3.253454744669999741e+02
6.500000000000000222e-01 -9.124188651739999841e+03 1.681781909099999893e+03 1.333176420940000025e+04 -2.429916585409999925e+02 2.034610594559999868e+02 -3.245713201809999759e+02
6.500000000000000222e-01 -9.086443479370000205e+03 1.846122390510000059e+03 1.332926879109999936e+04 -2.432652112979999970e+02 2.032555792429999997e+02 -3.242970794839999940e+02
6.500000000000000222e-01 -9.270680488359999799e+03 1.751950860500000090e+03 1.340837327580000056e+04 -2.435285861650000072e+02 2.032480303220000053e+02 -3.249938508039999761e+02
1.190000000000000000e+04 -4.875840660679999928e+03 6.195145507019999968e+03 -1.327505647370000042e+04 -2.691999253660000022e+02 -2.786891635610000151e+01 7.829220857030000502e+01
6.500000000000000222e-01 -4.974220535229999768e+03 6.278527338730000338e+03 -1.324154238090000035e+04 -2.692452743090000240e+02 -2.781613797760000040e+01 7.762276442499999973e+01
6.500000000000000222e-01 -4.938125694880000083e+03 6.175896396830000413e+03 -1.315860715510000045e+04 -2.694113990230000013e+02 -2.810085071179999971e+01 7.813549116359999402e+01
6.500000000000000222e-01 -4.800867795819999628e+03 6.175727913800000351e+03 -1.316541044569999940e+04 -2.693245954120000079e+02 -2.798596984150000111e+01 7.854219140520000053e+01
6.500000000000000222e-01 -4.800000459419999970e+03 6.230717489190000379e+03 -1.337906903129999955e+04 -2.688872317700000281e+02 -2.763673287849999838e+01 7.860044133569999758e+01
6.500000000000000222e-01 -4.774967068240000117e+03 6.263640384899999844e+03 -1.322212186289999954e+04 -2.695293781600000216e+02 -2.806259898200000080e+01 7.883909745930000668e+01
6.500000000000000222e-01 -4.915101373989999956e+03 6.279657052180000392e+03 -1.317968395670000064e+04 -2.689875071029999845e+02 -2.836308912340000177e+01 7.870486095420000083e+01
6.500000000000000222e-01 -4.829292954329999702e+03 6.085048180550000325e+03 -1.332986667719999969e+04 -2.693325601309999797e+02 -2.775844366649999984e+01 7.878024448719999384e+01
6.500000000000000222e-01 -4.918342037520000304e+03 6.075284751729999698e+03 -1.323692425130000083e+04 -2.691685461449999934e+02 -2.756462067869999899e+01 7.882549392999999327e+01
6.500000000000000222e-01 -4.883326954010000009e+03 6.086838853950000157e+03 -1.319423379349999959e+04 -2.688398784490000253e+02 -2.819938203619999939e+01 7.833462585819999902e+01
6.500000000000000222e-01 -4.823807537460000276e+03 6.295756993119999606e+03 -1.320677366249999977e+04 -2.690702007240000171e+02 -2.835721331899999953e+01 7.846421804589999738e+01
6.500000000000000222e-01 -4.745876112359999752e+03 6.187386735019999833e+03 -1.330144127040000058e+04 -2.694437534819999769e+02 -2.785973856380000058e+01 7.792455032789999336e+01
6.500000000000000222e-01 -4.854187448259999655e+03 6.068955910550000226e+03 -1.331314871540000058e+04 -2.691109144850000234e+02 -2.797432619030000112e+01 7.891255101470000000e+01
6.500000000000000222e-01 -4.792443588129999625e+03 6.092339813630000208e+03 -1.329355994029999965e+04 -2.692170497249999812e+02 -2.784134109220000042e+01 7.841106557560000567e+01
6.500000000000000222e-01 -4.872255517509999663e+03 6.110211802980000357e+03 -1.337866976839999916e+04 -2.690554379239999889e+02 -2.827770345729999946e+01 7.860000231120000080e+01
6.500000000000000222e-01 -4.977529459960000167e+03 6.191504993919999833e+03 -1.318936890259999927e+04 -2.691988300900000013e+02 -2.793053322989999998e+01 7.810048969480000380e+01
6.500000000000000222e-01 -4.772389758510000320e+03 6.115399002039999687e+03 -1.329965484749999996e+04 -2.692148056539999743e+02 -2.787066745159999925e+01 7.899515436560000126e+01
6.500000000000000222e-01 -4.815073480830000335e+03 6.154583965539999554e+03 -1.338538045830000010e+04 -2.696438583689999859e+02 -2.748376488839999965e+01 7.813426721439999767e+01
6.500000000000000222e-01 -4.817449171109999952e+03 6.175991262690000440e+03 -1.315610562749999917e+04 -2.687590856859999917e+02 -2.808624341439999839e+01 7.817794508389999919e+01
6.500000000000000222e-01 -4.965415689120000025e+03 6.098215715199999977e+03 -1.328997430560000066e+04 -2.691148884190000103e+02 -2.768679530540000044e+01 7.815210371489999375e+01
6.500000000000000222e-01 -4.933650105570000051e+03 6.303577161729999716e+03 -1.322927088290000029e+04 -2.689540341690000105e+02 -2.817714596980000152e+01 7.820891211250000197e+01
6.500000000000000222e-01 -4.847063294880000285e+03 6.091176604399999633e+03 -1.319387242789999982e+04 -2.690941517489999910e+02 -2.770419928149999933e+01 7.887322886360000496e+01
6.500000000000000222e-01 -4.933950520579999647e+03 6.197625370040000234e+03 -1.339572219070000028e+04 -2.686729759689999923e+02 -2.777460442390000139e+01 7.790554582529999550e+01
6.500000000000000222e-01 -4.956698292330000186e+03 6.226494947879999927e+03 -1.317328818390000015e+04 -2.694136967740000159e+02 -2.777697522669999941e+01 7.806189395559999866e+01
6.500000000000000222e-01 -4.808473716679999598e+03 6.259643576460000077e+03 -1.337047297409999919e+04 -2.695247726790000229e+02 -2.763519243589999874e+01 7.824084782260000281e+01
6.500000000000000222e-01 -4.938196827619999567e+03 6.139850090099999761e+03 -1.337929646019999927e+04 -2.695870088760000272e+02 -2.790335110999999912e+01 7.855832906489999345e+01
6.500000000000000222e-01 -4.895657243849999759e+03 6.126183155280000392e+03 -1.338817401629999949e+04 -2.690537497209999742e+02 -2.816286604880000155e+01 7.840225927400000216e+01
6.500000000000000222e-01 -4.897700419339999826e+03 6.123295268529999703e+03 -1.338470673189999980e+04 -2.694764318399999752e+02 -2.799560266630000172e+01 7.855704773079999370e+01
6.500000000000000222e-01 -4.748614386629999899e+03 6.184505752930000199e+03 -1.331161697599999934e+04 -2.694813883730000157e+02 -2.783863620709999864e+01 7.793004257040000482e+01
6.500000000000000222e-01 -4.854521572980000201e+03 6.143892783819999750e+03 -1.315298777870000049e+04 -2.693841063680000047e+02 -2.739577678370000058e+01 7.870641771479999704e+01
6.500000000000000222e-01 -4.873613901640000222e+03 6.065952201389999573e+03 -1.330377697780000017e+04 -2.692620073990000265e+02 -2.777837791379999999e+01 7.889946355589999882e+01
6.500000000000000222e-01 -4.852981271869999546e+03 6.064162188790000073e+03 -1.326315184109999973e+04 -2.691477214579999782e+02 -2.785616541790000156e+01 7.787609262819999856e+01
6.500000000000000222e-01 -4.809610495500000070e+03 6.151116055270000288e+03 -1.338186054569999942e+04 -2.697310289170000033e+02 -2.747802130570000045e+01 7.790404084280000063e+01
6.500000000000000222e-01 -4.743284489900000153e+03 6.204542719260000013e+03 -1.327879412009999942e+04 -2.693235757200000080e+02 -2.789978977710000052e+01 7.892667775130000507e+01
6.500000000000000222e-01 -4.816088920170000165e+03 6.253436972120000064e+03 -1.337933680989999993e+04 -2.697086459689999742e+02 -2.787410720529999963e+01 7.796943141120000575e+01
6.500000000000000222e-01 -4.879117337849999785e+03 6.064911901239999679e+03 -1.324776435979999951e+04 -2.691760496420000095e+02 -2.763941331570000060e+01 7.901025929070000586e+01
6.500000000000000222e-01 -4.962771271509999679e+03 6.282378482789999907e+03 -1.332994096790000003e+04 -2.693998208930000260e+02 -2.763181980139999894e+01 7.851830393619999882e+01
6.500000000000000222e-01 -4.868240995639999710e+03 6.239920162700000219e+03 -1.314940709040000002e+04 -2.692662570609999761e+02 -2.856897097450000089e+01 7.857245195049999609e+01
6.500000000000000222e-01 -4.819491503209999792e+03 6.184482684139999947e+03 -1.339572954229999959e+04 -2.688645114980000130e+02 -2.787980676360000132e+01 7.844212552220000134e+01
6.500000000000000222e-01 -4.893298716389999754e+03 6.191543016169999646e+03 -1.314239821880000090e+04 -2.685618085350000115e+02 -2.788626237080000081e+01 7.846701755809999668e+01
6.500000000000000222e-01 -4.923075533240000368e+03 6.178151031700000203e+03 -1.315107119620000049e+04 -2.696307535230000099e+02 -2.813008385219999852e+01 7.815490393470000186e+01
