3.450000000000000000e+05 2.851938842640000075e+03 -4.743058000760000141e+03 -7.212341863210000156e+03 -1.269784308699999968e+02 4.187348919829999971e+01 -2.127107985929999856e+01
6.500000000000000222e-01 2.763555633829999806e+03 -4.650960079710000173e+03 -6.945152636689999781e+03 -1.274763140740000011e+02 4.286215436959999892e+01 -1.989129552520000033e+01
6.500000000000000222e-01 2.681004050810000081e+03 -4.863223472880000372e+03 -7.394105813690000105e+03 -1.260105116149999986e+02 4.181428656589999804e+01 -2.066011978119999881e+01
6.500000000000000222e-01 3.039574496310000086e+03 -4.667230669610000405e+03 -7.027370604550000280e+03 -1.277769740490000032e+02 4.240388120410000283e+01 -2.262842306630000166e+01
6.500000000000000222e-01 2.837556479800000034e+03 -4.868948695080000107e+03 -7.482177399870000045e+03 -1.258361148420000006e+02 3.862053014490000180e+01 -2.166650460339999995e+01
6.500000000000000222e-01 2.963816834679999829e+03 -4.942523509960000411e+03 -7.379616397839999991e+03 -1.269423395050000067e+02 4.189570324070000140e+01 -2.246451266029999871e+01
6.500000000000000222e-01 2.944398937540000134e+03 -4.533840622280000389e+03 -7.354789679659999820e+03 -1.280984403310000062e+02 3.904142542539999994e+01 -2.274548760169999895e+01
6.500000000000000222e-01 2.637855024399999820e+03 -4.641606635549999737e+03 -7.345746956590000082e+03 -1.248395883989999930e+02 4.115212578980000302e+01 -2.145161688789999843e+01
6.500000000000000222e-01 3.011835023749999891e+03 -4.579376892440000120e+03 -7.354480980420000378e+03 -1.277872064940000030e+02 3.877877850250000336e+01 -2.260747548229999992e+01
6.500000000000000222e-01 2.630800391490000038e+03 -4.663858201080000072e+03 -7.023650976429999901e+03 -1.264805084660000034e+02 4.343292895420000121e+01 -1.882843183030000134e+01
6.500000000000000222e-01 2.591848186870000063e+03 -4.755816894710000270e+03 -7.110617506550000144e+03 -1.251383503339999947e+02 4.322930043019999857e+01 -1.784081433689999940e+01
6.500000000000000222e-01 2.680347603359999994e+03 -4.886788858199999595e+03 -7.375150332649999655e+03 -1.261162629149999930e+02 4.135849872549999873e+01 -2.009271332229999985e+01
6.500000000000000222e-01 2.918600139740000031e+03 -4.755124432640000123e+03 -6.943648403070000313e+03 -1.296399567549999858e+02 4.383675119469999970e+01 -2.104259298059999850e+01
6.500000000000000222e-01 2.791498732089999976e+03 -4.595843416499999876e+03 -7.444324115600000368e+03 -1.266702485619999976e+02 4.017781690630000213e+01 -2.111164721029999924e+01
6.500000000000000222e-01 2.722242689279999922e+03 -4.695513689340000383e+03 -7.447313319529999717e+03 -1.235653806020000047e+02 4.002657641190000248e+01 -2.216996807809999837e+01
6.500000000000000222e-01 2.990766699520000202e+03 -4.697333845619999920e+03 -6.982154758439999569e+03 -1.292569855550000000e+02 4.289212128089999965e+01 -2.141606377909999992e+01
6.500000000000000222e-01 2.740437312770000062e+03 -4.951444134420000410e+03 -7.363920763430000079e+03 -1.245105633409999939e+02 4.308475384500000160e+01 -2.434543943730000137e+01
6.500000000000000222e-01 2.637084308460000102e+03 -4.815795292239999981e+03 -7.358549823700000161e+03 -1.260009552199999945e+02 4.133518715129999777e+01 -1.928865275669999946e+01
6.500000000000000222e-01 2.850449339539999983e+03 -4.822253458379999756e+03 -6.950425347100000181e+03 -1.287472817720000080e+02 4.606555368040000076e+01 -2.067842084959999838e+01
6.500000000000000222e-01 2.753191759320000074e+03 -4.800837517629999638e+03 -6.949516145309999956e+03 -1.255890237309999975e+02 4.473906086339999888e+01 -1.968704883150000029e+01
6.500000000000000222e-01 2.904856995239999833e+03 -4.677718655530000433e+03 -7.479833043139999972e+03 -1.258996738259999972e+02 3.817391836979999908e+01 -2.189973045760000048e+01
6.500000000000000222e-01 2.652874850839999908e+03 -4.572933552610000334e+03 -7.310774039789999733e+03 -1.265708789349999961e+02 4.175620366300000086e+01 -1.863324646419999908e+01
6.500000000000000222e-01 2.708201585020000039e+03 -4.563012219019999975e+03 -7.357241902839999966e+03 -1.255186701650000032e+02 3.997534986990000050e+01 -2.168675322529999860e+01
6.500000000000000222e-01 2.956078612950000206e+03 -4.578367020839999896e+03 -7.006133223419999922e+03 -1.303060043860000121e+02 4.125102896620000337e+01 -1.886018990530000039e+01
6.500000000000000222e-01 3.067326919890000227e+03 -4.761229829900000368e+03 -7.055773179380000329e+03 -1.293573963279999930e+02 4.218301281979999828e+01 -2.160125428730000152e+01
6.500000000000000222e-01 3.061852170499999829e+03 -4.733194753069999933e+03 -7.047820308790000126e+03 -1.287247823890000120e+02 4.220653323980000238e+01 -2.243697148929999940e+01
6.500000000000000222e-01 2.831872613789999832e+03 -4.951327050589999999e+03 -7.036543910919999689e+03 -1.263210013660000044e+02 4.462575691979999704e+01 -2.051777385489999972e+01
6.500000000000000222e-01 2.723969327629999952e+03 -4.587868646439999793e+03 -7.405314961670000230e+03 -1.270576131140000058e+02 4.180762239599999930e+01 -1.929810544660000104e+01
6.500000000000000222e-01 2.665977393520000078e+03 -4.928124135439999918e+03 -7.277107498950000263e+03 -1.256154790110000050e+02 4.248320633350000008e+01 -1.971326927269999985e+01
6.500000000000000222e-01 2.743568118480000066e+03 -4.497437633520000418e+03 -7.301129508400000304e+03 -1.272179915859999966e+02 4.097624562970000284e+01 -1.977983221079999865e+01
6.500000000000000222e-01 2.718658208729999842e+03 -4.885864084779999757e+03 -7.015942587540000204e+03 -1.277298614089999944e+02 4.271008609519999766e+01 -2.261583432109999947e+01
6.500000000000000222e-01 3.030772001979999914e+03 -4.584115639210000154e+03 -7.086196828119999736e+03 -1.286398504649999950e+02 4.060832838860000038e+01 -2.079035058990000095e+01
6.500000000000000222e-01 2.617933465929999784e+03 -4.824117448490000243e+03 -7.084448664239999744e+03 -1.270603912109999953e+02 4.331986536410000355e+01 -2.240997350960000034e+01
6.500000000000000222e-01 2.583270707650000077e+03 -4.776409955320000336e+03 -7.205412887290000072e+03 -1.253697265790000017e+02 4.266886594559999679e+01 -1.804742664999999846e+01
6.500000000000000222e-01 2.910695532029999868e+03 -4.707369688959999621e+03 -7.492667529280000053e+03 -1.277240730070000012e+02 3.933904482500000199e+01 -2.234443124130000058e+01
6.500000000000000222e-01 2.738216984770000181e+03 -4.488534676360000049e+03 -7.155301438280000184e+03 -1.271025126130000018e+02 4.105022078390000217e+01 -1.718927726420000113e+01
6.500000000000000222e-01 2.840948111990000143e+03 -4.469251124219999838e+03 -7.248367502340000101e+03 -1.279161920979999962e+02 4.066085282630000108e+01 -1.960360624890000025e+01
6.500000000000000222e-01 2.893603458800000226e+03 -4.636402619649999906e+03 -7.456432999069999823e+03 -1.254927183049999968e+02 3.828246384309999684e+01 -2.141540416080000142e+01
6.500000000000000222e-01 2.918510817710000083e+03 -4.637445770520000224e+03 -6.953902162710000084e+03 -1.285506725410000115e+02 4.125779560400000179e+01 -2.002858665939999838e+01
6.500000000000000222e-01 2.717934679989999950e+03 -4.843691410379999979e+03 -6.990238491830000385e+03 -1.272184014900000051e+02 4.537813107569999715e+01 -2.051771884720000116e+01
6.500000000000000222e-01 2.918767289209999944e+03 -4.554248711649999677e+03 -7.003594557409999652e+03 -1.280325081240000031e+02 4.348210089039999815e+01 -2.148200361780000023e+01
4.560000000000000000e+04 8.109310600030000387e+03 2.051886044180000226e+03 1.924216602589999820e+04 2.004197129570000016e+02 -6.208183323490000305e+01 1.911626111120000076e+02
6.500000000000000222e-01 8.163080859249999776e+03 1.925598542579999958e+03 1.940214939099999901e+04 2.010098083340000130e+02 -6.245695364950000084e+01 1.911036233709999976e+02
6.500000000000000222e-01 8.234625001829999746e+03 2.151846585060000052e+03 1.911827661799999987e+04 1.998371941329999970e+02 -6.276442338969999923e+01 1.904856635099999949e+02
6.500000000000000222e-01 8.163816816339999605e+03 1.936470865589999903e+03 1.940359477699999843e+04 2.001982555019999950e+02 -6.113054685289999668e+01 1.920241441599999916e+02
6.500000000000000222e-01 7.909731870659999913e+03 2.038180281950000108e+03 1.920881153070000073e+04 2.006987963109999953e+02 -6.209165124449999951e+01 1.910652720090000116e+02
6.500000000000000222e-01 8.250690335330000380e+03 2.186801297699999850e+03 1.919187548210000023e+04 2.002732562969999890e+02 -6.208800828449999898e+01 1.921814298019999967e+02
6.500000000000000222e-01 8.020584189690000130e+03 2.231713953899999979e+03 1.924505893080000169e+04 2.006403568149999899e+02 -6.249032774199999807e+01 1.908754825039999901e+02
6.500000000000000222e-01 8.078512010360000204e+03 2.090555392920000031e+03 1.944326487609999822e+04 2.013480309969999951e+02 -6.281979230599999653e+01 1.916876426819999892e+02
6.500000000000000222e-01 8.107426822299999913e+03 2.253110755759999847e+03 1.923667242329999863e+04 2.004576371050000034e+02 -6.250865320719999829e+01 1.909488254359999928e+02
6.500000000000000222e-01 8.089997212279999985e+03 2.116900760680000076e+03 1.904517626169999858e+04 2.001874625990000141e+02 -6.279458747649999850e+01 1.906625318579999941e+02
6.500000000000000222e-01 8.020932204310000088e+03 2.049514859119999983e+03 1.905375363809999908e+04 2.005215805649999936e+02 -6.217186945040000268e+01 1.907625706770000136e+02
6.500000000000000222e-01 8.253890797960000782e+03 1.958240946310000027e+03 1.914398344540000107e+04 2.001077516590000016e+02 -6.189333098259999844e+01 1.916746750840000004e+02
6.500000000000000222e-01 8.063855474429999958e+03 2.056129647449999993e+03 1.944346732150000025e+04 2.007515468610000084e+02 -6.199160264420000033e+01 1.913583907240000030e+02
6.500000000000000222e-01 8.036217691009999726e+03 1.894792090099999996e+03 1.935039208320000034e+04 2.010531740389999982e+02 -6.207302243600000224e+01 1.911985793080000064e+02
6.500000000000000222e-01 8.085462192900000446e+03 1.859051626859999942e+03 1.917507478339999943e+04 2.005746165220000137e+02 -6.172075227519999885e+01 1.903387851640000008e+02
6.500000000000000222e-01 7.975928989209999600e+03 1.902643432710000070e+03 1.926929942400000073e+04 2.007265546280000024e+02 -6.176457090939999972e+01 1.917918363919999933e+02
6.500000000000000222e-01 8.201315712629999325e+03 1.892555401500000016e+03 1.917413582609999867e+04 1.999575696359999881e+02 -6.161881507030000193e+01 1.914664836139999977e+02
6.500000000000000222e-01 8.303743689450000602e+03 2.102185938439999973e+03 1.927467973740000161e+04 2.002429060039999911e+02 -6.215853201809999717e+01 1.910198665880000135e+02
6.500000000000000222e-01 8.310008386370000153e+03 2.073200401999999940e+03 1.925177299130000029e+04 2.000721681789999877e+02 -6.208852769060000298e+01 1.915490581379999924e+02
6.500000000000000222e-01 8.022657624880000185e+03 1.927300028970000085e+03 1.910082653159999973e+04 2.009071569410000109e+02 -6.207680974360000192e+01 1.905709704909999971e+02
6.500000000000000222e-01 8.040370352439999806e+03 2.114000525500000094e+03 1.942839306450000004e+04 2.009667086999999981e+02 -6.229250748420000150e+01 1.916374693010000101e+02
6.500000000000000222e-01 8.029207764720000341e+03 2.171295664520000173e+03 1.909116422230000171e+04 1.998503129709999939e+02 -6.165519443630000040e+01 1.915018128380000064e+02
6.500000000000000222e-01 8.235902186760000404e+03 1.927710097749999932e+03 1.913440344810000170e+04 2.001241647580000063e+02 -6.192005790420000011e+01 1.906672841109999865e+02
6.500000000000000222e-01 8.191878853479999634e+03 1.868203021770000078e+03 1.924842567039999994e+04 2.002874731560000043e+02 -6.175832224530000047e+01 1.902334074620000024e+02
6.500000000000000222e-01 8.109671045240000240e+03 2.183665754959999958e+03 1.908182076729999972e+04 2.000064748020000138e+02 -6.150624307479999686e+01 1.914864058800000066e+02
6.500000000000000222e-01 8.271441318959999990e+03 1.935141522670000086e+03 1.928973500380000041e+04 2.004150565989999961e+02 -6.200093412590000241e+01 1.908475660549999873e+02
6.500000000000000222e-01 8.012223727489999874e+03 2.189793248590000076e+03 1.934775558610000007e+04 2.011296934879999867e+02 -6.282588769659999883e+01 1.919309592200000054e+02
6.500000000000000222e-01 8.237663615470000877e+03 1.944004782149999983e+03 1.935019206919999851e+04 2.003304449320000060e+02 -6.177908462700000314e+01 1.908733994929999938e+02
6.500000000000000222e-01 8.241808784700000615e+03 2.133335281529999975e+03 1.911347587249999924e+04 2.003650728000000072e+02 -6.187369848929999705e+01 1.917696662470000035e+02
6.500000000000000222e-01 8.065481790589999946e+03 2.019964742800000067e+03 1.904057309679999889e+04 1.995829542120000042e+02 -6.253633799400000015e+01 1.910173514090000140e+02
6.500000000000000222e-01 8.086169395959999747e+03 2.020556386069999917e+03 1.903770357099999819e+04 1.998553615090000051e+02 -6.246459334080000048e+01 1.909591510909999954e+02
6.500000000000000222e-01 7.927220118270000057e+03 1.996275344850000010e+03 1.931074452119999842e+04 2.005198322519999863e+02 -6.193818561949999690e+01 1.905053149560000065e+02
6.500000000000000222e-01 8.133389574800000446e+03 2.238152588420000029e+03 1.933262011269999857e+04 2.001237495260000117e+02 -6.207319409389999976e+01 1.914555992619999927e+02
6.500000000000000222e-01 8.033335573350000232e+03 2.207308719019999899e+03 1.933573627259999921e+04 2.008620436049999967e+02 -6.242077738649999930e+01 1.907632303739999884e+02
6.500000000000000222e-01 8.222613695559999542e+03 1.894972807330000023e+03 1.929327535939999871e+04 2.003255630220000114e+02 -6.184092095180000115e+01 1.904401033000000041e+02
6.500000000000000222e-01 8.272873566969999956e+03 2.157076017949999823e+03 1.918784922720000031e+04 2.002070275330000015e+02 -6.245470241329999794e+01 1.912440753699999902e+02
6.500000000000000222e-01 8.110973730349999641e+03 2.133710610210000141e+03 1.943449924739999915e+04 2.004776128889999995e+02 -6.123023762230000244e+01 1.911765323550000062e+02
6.500000000000000222e-01 8.257808103969999138e+03 1.933786213549999957e+03 1.930205162239999845e+04 1.999934672660000103e+02 -6.158801222449999813e+01 1.916010097090000102e+02
6.500000000000000222e-01 7.907586284979999618e+03 2.048374996850000116e+03 1.925535610050000105e+04 2.006522956960000101e+02 -6.209698388849999873e+01 1.900037596180000037e+02
6.500000000000000222e-01 8.165705608569999640e+03 2.229776495130000058e+03 1.933298216500000126e+04 2.001122297340000102e+02 -6.194640163260000065e+01 1.912493051010000045e+02
6.500000000000000222e-01 8.298062622909999845e+03 2.082101240039999993e+03 1.931173240950000036e+04 2.000010249670000064e+02 -6.206548931950000281e+01 1.918751567390000048e+02
1.390000000000000000e+04 -1.150372133360000043e+04 3.747575091470000189e+03 1.004419535309999992e+04 -2.286462445450000018e+02 1.995290394550000030e+02 -3.422217054800000255e+02
6.500000000000000222e-01 -1.145979941089999920e+04 3.730408612329999869e+03 1.017818656340000052e+04 -2.295095302480000043e+02 1.998563835989999973e+02 -3.420172216029999959e+02
6.500000000000000222e-01 -1.153272995330000049e+04 3.780274855080000179e+03 9.907531837599999562e+03 -2.287508414909999885e+02 1.998552897010000038e+02 -3.420965433640000128e+02
6.500000000000000222e-01 -1.154232173470000089e+04 3.765171483879999869e+03 1.018353608019999956e+04 -2.283631960030000130e+02 1.992807729989999928e+02 -3.417979368030000273e+02
6.500000000000000222e-01 -1.142900396720000026e+04 3.650504452780000065e+03 9.975518720669999311e+03 -2.287967600700000048e+02 2.000222952770000120e+02 -3.429287944999999809e+02
6.500000000000000222e-01 -1.142603463989999909e+04 3.643645485049999934e+03 9.994742937540000639e+03 -2.286664123120000056e+02 1.998184450059999904e+02 -3.421945235969999999e+02
6.500000000000000222e-01 -1.157529104229999939e+04 3.724610811430000012e+03 1.016927692190000016e+04 -2.291120143990000031e+02 1.997003978369999970e+02 -3.420969350670000040e+02
6.500000000000000222e-01 -1.156966274370000065e+04 3.713442823179999777e+03 9.924256693339999401e+03 -2.278451831369999923e+02 1.996699054300000000e+02 -3.424425562470000273e+02
6.500000000000000222e-01 -1.141180338080000001e+04 3.741456765100000212e+03 9.930847643639999660e+03 -2.289601097260000131e+02 1.994825365309999938e+02 -3.429636724239999808e+02
6.500000000000000222e-01 -1.141772677370000019e+04 3.664114489279999816e+03 1.010855778439999995e+04 -2.289722883119999892e+02 1.998626031739999860e+02 -3.426001882850000015e+02
6.500000000000000222e-01 -1.154516403720000017e+04 3.622848019019999811e+03 1.000113093069999923e+04 -2.286061649739999950e+02 2.000689308979999907e+02 -3.423833819170000083e+02
6.500000000000000222e-01 -1.147021929699999964e+04 3.653679461939999783e+03 1.013857778399999916e+04 -2.291763064159999885e+02 2.002881949169999984e+02 -3.419491443850000110e+02
6.500000000000000222e-01 -1.138250643649999984e+04 3.674706733559999975e+03 1.003378413949999958e+04 -2.287327350660000036e+02 1.996673319239999955e+02 -3.431811044369999877e+02
6.500000000000000222e-01 -1.146655412330000036e+04 3.622272576790000130e+03 1.008316836200000034e+04 -2.288881499860000019e+02 1.999849997489999964e+02 -3.425245209130000035e+02
6.500000000000000222e-01 -1.147465101820000018e+04 3.655081995819999975e+03 1.015223360800000046e+04 -2.285573969950000048e+02 1.992907640509999965e+02 -3.424604776709999783e+02
6.500000000000000222e-01 -1.155632526850000067e+04 3.800962936970000101e+03 9.922526384239999970e+03 -2.281077218259999881e+02 1.991201836040000046e+02 -3.424803962070000125e+02
6.500000000000000222e-01 -1.136686742109999977e+04 3.778367720230000032e+03 1.002103177309999955e+04 -2.288175394079999876e+02 1.993787020009999935e+02 -3.431518816409999886e+02
6.500000000000000222e-01 -1.153609858030000032e+04 3.880101402960000087e+03 1.008225884709999991e+04 -2.287308943300000124e+02 1.991164803270000050e+02 -3.414379201730000091e+02
6.500000000000000222e-01 -1.139685628859999997e+04 3.774526747249999971e+03 1.012990331049999986e+04 -2.287737998519999962e+02 1.995825091940000107e+02 -3.427021907810000130e+02
6.500000000000000222e-01 -1.140519017499999973e+04 3.847055118679999850e+03 1.005054204799999934e+04 -2.287916635059999919e+02 1.992068336650000049e+02 -3.423109762419999811e+02
6.500000000000000222e-01 -1.147732783519999975e+04 3.879123262120000163e+03 1.008892581369999971e+04 -2.289253931019999868e+02 1.991345946780000133e+02 -3.416532644370000185e+02
6.500000000000000222e-01 -1.136949942560000090e+04 3.792000634210000044e+03 1.004006065090000084e+04 -2.287774020539999924e+02 1.993695731450000039e+02 -3.431266931239999849e+02
6.500000000000000222e-01 -1.158397680469999978e+04 3.657412137660000099e+03 1.012052525219999916e+04 -2.285265992530000005e+02 2.000856210860000033e+02 -3.414643074790000128e+02
6.500000000000000222e-01 -1.163508022940000046e+04 3.733847915069999999e+03 9.998459684380000908e+03 -2.284317070939999894e+02 1.995637729139999976e+02 -3.417913072090000242e+02
6.500000000000000222e-01 -1.152159982280000077e+04 3.885750781360000019e+03 1.003721296609999990e+04 -2.286251716879999947e+02 1.991979795020000097e+02 -3.415553122769999845e+02
6.500000000000000222e-01 -1.145791278649999913e+04 3.754910463740000068e+03 1.017893063430000075e+04 -2.292787971459999881e+02 1.994753850719999946e+02 -3.421099676260000138e+02
6.500000000000000222e-01 -1.155131058219999977e+04 3.618722394270000223e+03 1.002355549190000056e+04 -2.286095947860000024e+02 1.999249653580000086e+02 -3.418970432699999833e+02
6.500000000000000222e-01 -1.143883925459999955e+04 3.844817035170000054e+03 9.961963291120000576e+03 -2.288236474699999974e+02 1.990168123550000132e+02 -3.429095056140000111e+02
6.500000000000000222e-01 -1.153071557910000047e+04 3.614636329850000038e+03 1.008854009469999983e+04 -2.284895443769999872e+02 1.996804172740000070e+02 -3.423025712269999872e+02
6.500000000000000222e-01 -1.138106810760000008e+04 3.712142450270000154e+03 1.010117768699999942e+04 -2.286568376019999960e+02 1.995503028589999985e+02 -3.430054107849999809e+02
6.500000000000000222e-01 -1.161085784020000028e+04 3.659715508310000132e+03 1.002286064070000066e+04 -2.285143668919999982e+02 1.998577691849999951e+02 -3.420255648279999718e+02
6.500000000000000222e-01 -1.157692608839999957e+04 3.838055228799999895e+03 1.012978273660000013e+04 -2.285958254299999908e+02 1.991139191610000125e+02 -3.414043565439999952e+02
6.500000000000000222e-01 -1.144925396510000064e+04 3.791938022369999999e+03 9.917077965669999685e+03 -2.279568442359999949e+02 1.996723901089999913e+02 -3.421429778290000172e+02
6.500000000000000222e-01 -1.142176511019999998e+04 3.642809750549999990e+03 1.009101223150000078e+04 -2.286230357309999874e+02 1.995597002490000023e+02 -3.429999565670000266e+02
6.500000000000000222e-01 -1.138844216220000089e+04 3.827828750210000180e+03 1.002882172809999975e+04 -2.287927374639999982e+02 1.992589376169999866e+02 -3.430869202229999928e+02
6.500000000000000222e-01 -1.143833564250000018e+04 3.868335806520000006e+03 1.001534752509999998e+04 -2.286979836769999963e+02 1.990627214410000079e+02 -3.428393515619999903e+02
6.500000000000000222e-01 -1.160323074769999948e+04 3.659686344650000137e+03 1.009513042049999967e+04 -2.284498305209999955e+02 1.999016540609999879e+02 -3.414086868759999902e+02
6.500000000000000222e-01 -1.160297213609999926e+04 3.845775910240000030e+03 1.007165331399999923e+04 -2.287603628990000004e+02 1.994393422100000066e+02 -3.425544319399999722e+02
6.500000000000000222e-01 -1.142011415680000027e+04 3.642721840350000093e+03 1.009370963909999955e+04 -2.287466732510000043e+02 1.997519273910000095e+02 -3.421094598259999771e+02
6.500000000000000222e-01 -1.138530838469999981e+04 3.803851911409999957e+03 1.009390056569999979e+04 -2.290838176359999920e+02 1.992904716580000013e+02 -3.418255759389999753e+02
6.500000000000000222e-01 -1.157203469980000045e+04 3.710630180199999813e+03 1.016739421580000089e+04 -2.293439318259999880e+02 1.995083298730000081e+02 -3.422818368389999932e+02
3.690000000000000000e+05 4.444629405399999769e+02 6.167939242960000001e+02 -3.322924974300000258e+02 -2.395872108419999904e+02 -6.575836062279999794e+01 1.616516122859999882e+02
6.500000000000000222e-01 3.323023258239999791e+02 6.149881476430000475e+02 -2.875449372140000150e+02 -2.360770805800000005e+02 -7.946207339980000484e+01 1.656149354730000027e+02
6.500000000000000222e-01 2.502823618939999903e+02 5.340750154329999759e+02 -1.701504014059999861e+02 -2.511571263600000066e+02 -7.875028267300000095e+01 1.671980926960000033e+02
6.500000000000000222e-01 4.366572231029999784e+02 6.010130232330000126e+02 -2.747162936739999850e+02 -2.506423806969999930e+02 -6.605346918239999354e+01 1.537074777439999878e+02
6.500000000000000222e-01 6.542003749409999500e+02 7.047860893990000477e+02 -5.000022182299999827e+02 -2.276515461799999969e+02 -5.621232235400000121e+01 1.496066818250000097e+02
6.500000000000000222e-01 5.181984959689999641e+02 6.553621100730000535e+02 -3.326693590489999792e+02 -2.446375701759999970e+02 -6.901286865970000406e+01 1.517286575329999891e+02
6.500000000000000222e-01 3.551497872630000074e+02 5.797160574680000309e+02 -1.957673121969999954e+02 -2.460888302079999903e+02 -8.233419667959999799e+01 1.616790719790000139e+02
6.500000000000000222e-01 4.936028241860000207e+02 6.010233356510000249e+02 -3.631292245029999890e+02 -2.417933722059999866e+02 -5.215688105110000095e+01 1.636724086019999902e+02
6.500000000000000222e-01 3.174491669020000018e+02 5.511919056010000304e+02 -1.894792948189999890e+02 -2.493452706129999967e+02 -6.478057185519999450e+01 1.706417284579999887e+02
6.500000000000000222e-01 3.630785440289999997e+02 5.272725012590000233e+02 -2.259628929920000076e+02 -2.508283611669999971e+02 -6.338942031949999745e+01 1.651920904950000022e+02
6.500000000000000222e-01 4.928800427560000230e+02 6.337577678190000370e+02 -3.226079875140000013e+02 -2.432695404780000104e+02 -7.436722361190000186e+01 1.523823897199999919e+02
6.500000000000000222e-01 6.193526101859999926e+02 6.694869536019999714e+02 -5.003820490730000188e+02 -2.354847342779999906e+02 -5.420421124279999958e+01 1.455995816020000007e+02
6.500000000000000222e-01 4.590886267660000044e+02 5.683574004070000001e+02 -3.132662545580000142e+02 -2.437769765049999933e+02 -5.328756796020000053e+01 1.664749102369999889e+02
6.500000000000000222e-01 5.326389416340000480e+02 6.050919755710000345e+02 -3.941218184179999753e+02 -2.419306025710000085e+02 -5.161549621340000016e+01 1.570012930869999934e+02
6.500000000000000222e-01 5.067754366610000147e+02 5.761080008269999553e+02 -4.000208935690000089e+02 -2.355556241079999893e+02 -5.413505841549999786e+01 1.657651169869999990e+02
6.500000000000000222e-01 2.469604018089999897e+02 5.451115319110000428e+02 -1.718491017469999917e+02 -2.468331504680000137e+02 -8.020202074540000581e+01 1.699270845750000092e+02
6.500000000000000222e-01 5.600633530310000197e+02 6.167481473420000384e+02 -3.729379260970000018e+02 -2.425301505570000131e+02 -5.326048841410000279e+01 1.565707881149999992e+02
6.500000000000000222e-01 5.654624354100000119e+02 6.691865414620000365e+02 -5.058997725300000070e+02 -2.312220083320000015e+02 -5.221089905750000071e+01 1.543212230839999961e+02
6.500000000000000222e-01 4.577692905299999779e+02 5.951912259800000129e+02 -2.918760271659999717e+02 -2.487515370149999967e+02 -6.499037545090000378e+01 1.520501377280000099e+02
6.500000000000000222e-01 3.227193161110000119e+02 5.554918279390000180e+02 -2.584199782740000160e+02 -2.412319568929999889e+02 -6.439492640180000649e+01 1.739810647170000095e+02
6.500000000000000222e-01 3.938022393360000137e+02 6.120129683280000563e+02 -2.745600124040000196e+02 -2.378092212180000047e+02 -8.041231946540000308e+01 1.613984799819999978e+02
6.500000000000000222e-01 3.867971321489999923e+02 5.684040330399999448e+02 -2.165162433819999990e+02 -2.518836300959999903e+02 -6.228033352340000306e+01 1.622663118330000032e+02
6.500000000000000222e-01 5.138935280729999704e+02 6.412674927599999819e+02 -4.529338727200000108e+02 -2.258347003959999881e+02 -5.995847379389999787e+01 1.624357996239999977e+02
6.500000000000000222e-01 2.602050747659999956e+02 5.743625936380000212e+02 -1.872227507480000099e+02 -2.463695612850000032e+02 -8.175021857820000548e+01 1.664462977100000103e+02
6.500000000000000222e-01 6.001916821519999985e+02 7.132650430080000206e+02 -5.096984026000000085e+02 -2.286811070299999926e+02 -5.960231084549999991e+01 1.498915764559999957e+02
6.500000000000000222e-01 3.977884634310000251e+02 5.878099337679999508e+02 -3.422572742930000231e+02 -2.343388527570000122e+02 -6.123529256580000180e+01 1.735021620150000103e+02
6.500000000000000222e-01 4.935696065760000124e+02 5.871302965390000281e+02 -4.100939030929999944e+02 -2.332129933500000050e+02 -5.557589178789999806e+01 1.665243137749999960e+02
6.500000000000000222e-01 4.534143494759999840e+02 5.916177168760000313e+02 -3.819550553450000052e+02 -2.352537923289999924e+02 -5.657316108639999896e+01 1.697816689180000083e+02
6.500000000000000222e-01 6.195922553679999965e+02 6.703049775670000372e+02 -5.073490516570000182e+02 -2.348778263089999996e+02 -5.371717291019999863e+01 1.459333996150000132e+02
6.500000000000000222e-01 3.455984642860000235e+02 5.966596516150000298e+02 -1.981244993219999913e+02 -2.523803486490000125e+02 -6.926409214359999567e+01 1.596819998400000031e+02
6.500000000000000222e-01 4.169551456199999961e+02 5.704410696229999758e+02 -2.859130340400000136e+02 -2.442611978479999948e+02 -5.537167108130000059e+01 1.684457337339999867e+02
6.500000000000000222e-01 4.378890345269999784e+02 5.728350498900000503e+02 -3.495961475230000133e+02 -2.435464580489999946e+02 -5.249858913020000273e+01 1.626640948019999939e+02
6.500000000000000222e-01 5.663307375289999754e+02 6.701210594249999986e+02 -5.254135202549999804e+02 -2.309853817260000142e+02 -5.139418704239999869e+01 1.527111402879999957e+02
6.500000000000000222e-01 6.023711814639999602e+02 6.640411078360000374e+02 -3.982550300579999885e+02 -2.403276435749999962e+02 -5.871971889030000114e+01 1.501253385139999921e+02
6.500000000000000222e-01 5.831992869399999790e+02 6.939897442599999522e+02 -5.303260085240000308e+02 -2.284365745220000008e+02 -5.943687783360000054e+01 1.503945053230000042e+02
6.500000000000000222e-01 3.704548365040000135e+02 5.599490176609999708e+02 -2.188365758669999934e+02 -2.493408643539999900e+02 -6.024064245219999947e+01 1.681251316489999965e+02
6.500000000000000222e-01 3.911501121030000263e+02 6.479511690589999944e+02 -3.126564570030000141e+02 -2.315691777229999957e+02 -7.611712814099999491e+01 1.679546724219999874e+02
6.500000000000000222e-01 3.578006776799999784e+02 5.594270854049999571e+02 -2.073453620530000023e+02 -2.509815759919999891e+02 -7.832725385729999346e+01 1.593043650010000079e+02
6.500000000000000222e-01 6.305456863860000567e+02 6.622101496440000119e+02 -5.041585450110000011e+02 -2.280396477600000082e+02 -5.365295598320000181e+01 1.528861509459999866e+02
6.500000000000000222e-01 3.669110443179999947e+02 5.775230957960000069e+02 -1.952393607310000050e+02 -2.491854531310000027e+02 -7.384282145330000446e+01 1.588482011909999869e+02
6.500000000000000222e-01 2.473449800280000090e+02 5.354201157810000495e+02 -1.725838220919999912e+02 -2.523763691929999879e+02 -7.888716113719999612e+01 1.664013152910000031e+02
