3.450000000000000000e+05 3.495823759859999882e+03 -4.932264760609999939e+03 -7.049798935159999928e+03 -1.202797221839999935e+02 3.158225731510000145e+01 -3.925488198579999732e+01
6.500000000000000222e-01 3.409440564770000037e+03 -4.844094534619999649e+03 -6.788325594410000122e+03 -1.205732432190000054e+02 3.214320794479999677e+01 -3.838644606260000103e+01
6.500000000000000222e-01 3.321642535240000143e+03 -5.052266793669999970e+03 -7.235254119100000025e+03 -1.199488360090000043e+02 3.157074749399999902e+01 -3.847396209160000069e+01
6.500000000000000222e-01 3.685722720419999860e+03 -4.858913834330000100e+03 -6.857573546290000195e+03 -1.204060023440000009e+02 3.201180012740000080e+01 -4.066497561639999958e+01
6.500000000000000222e-01 3.476658454270000220e+03 -5.042039292479999858e+03 -7.318782674389999556e+03 -1.195508638820000016e+02 2.863083620029999921e+01 -3.923387437150000068e+01
6.500000000000000222e-01 3.607816084879999835e+03 -5.132116550620000453e+03 -7.212602466940000340e+03 -1.203421679770000026e+02 3.169048713060000111e+01 -3.983928770189999824e+01
6.500000000000000222e-01 3.593649891829999888e+03 -4.710059505010000066e+03 -7.184117034939999940e+03 -1.212291956180000057e+02 2.938679140709999871e+01 -4.088308404650000227e+01
6.500000000000000222e-01 3.272097288120000030e+03 -4.827756089870000324e+03 -7.181334935109999606e+03 -1.186852257120000047e+02 3.111468534770000005e+01 -3.976009254529999737e+01
6.500000000000000222e-01 3.659167918640000153e+03 -4.754154523119999794e+03 -7.184982129629999690e+03 -1.208126953379999975e+02 2.909826206529999837e+01 -4.058698830189999995e+01
6.500000000000000222e-01 3.272594361190000200e+03 -4.860090910259999873e+03 -6.872198153229999662e+03 -1.199698316780000056e+02 3.275494384560000327e+01 -3.738769549410000081e+01
6.500000000000000222e-01 3.227400365059999785e+03 -4.951035326670000359e+03 -6.964954265299999861e+03 -1.188962023419999952e+02 3.256551210789999828e+01 -3.618197470079999789e+01
6.500000000000000222e-01 3.321527089090000118e+03 -5.073273441829999683e+03 -7.219333296589999918e+03 -1.200504342680000036e+02 3.105186263110000056e+01 -3.788118950340000168e+01
6.500000000000000222e-01 3.575060186109999904e+03 -4.953239647790000163e+03 -6.782008236300000135e+03 -1.224741185259999980e+02 3.307341428729999677e+01 -3.912161418299999838e+01
6.500000000000000222e-01 3.434614887239999916e+03 -4.777880083979999654e+03 -7.282239072809999925e+03 -1.202680799980000046e+02 3.048053075720000038e+01 -3.923211920399999997e+01
6.500000000000000222e-01 3.349758937520000018e+03 -4.876218516900000395e+03 -7.279924451429999863e+03 -1.173833908910000048e+02 3.013936226750000102e+01 -4.021026583140000099e+01
6.500000000000000222e-01 3.644816215599999850e+03 -4.891118368309999823e+03 -6.818595944120000240e+03 -1.219458577890000015e+02 3.234146147799999937e+01 -3.948491273420000169e+01
6.500000000000000222e-01 3.372956492329999946e+03 -5.146673084170000038e+03 -7.186370421100000385e+03 -1.183489170779999995e+02 3.268223815390000198e+01 -4.196573755259999672e+01
6.500000000000000222e-01 3.277756490469999790e+03 -5.002280744939999749e+03 -7.206387846110000282e+03 -1.199702321860000040e+02 3.107396842209999832e+01 -3.726646111510000026e+01
6.500000000000000222e-01 3.502842415170000095e+03 -5.031608793129999867e+03 -6.790859835770000245e+03 -1.217909685230000036e+02 3.515984320230000293e+01 -3.869735613790000173e+01
6.500000000000000222e-01 3.389652480430000196e+03 -5.003154587279999760e+03 -6.794592488549999871e+03 -1.188360572179999934e+02 3.379831267520000182e+01 -3.789029660960000001e+01
6.500000000000000222e-01 3.543568545329999779e+03 -4.849332880079999995e+03 -7.314452818990000196e+03 -1.193609737950000067e+02 2.848993237319999849e+01 -3.973470506059999963e+01
6.500000000000000222e-01 3.295827855840000211e+03 -4.762405798210000285e+03 -7.160731176100000084e+03 -1.202975980629999952e+02 3.177747229519999905e+01 -3.706508482390000125e+01
6.500000000000000222e-01 3.345454393649999929e+03 -4.743546892090000256e+03 -7.191447901909999928e+03 -1.191750394759999949e+02 3.012563451300000139e+01 -4.004950522280000058e+01
6.500000000000000222e-01 3.615658182109999871e+03 -4.764183224219999829e+03 -6.855200550419999672e+03 -1.230134826390000029e+02 3.091452030110000138e+01 -3.718236696860000023e+01
6.500000000000000222e-01 3.721853188219999993e+03 -4.951604245890000129e+03 -6.892031335130000116e+03 -1.220260071409999938e+02 3.173224341330000087e+01 -3.939903238109999961e+01
6.500000000000000222e-01 3.713015747190000184e+03 -4.923739857079999638e+03 -6.879519148399999722e+03 -1.213743544680000070e+02 3.177402313700000036e+01 -4.030181483709999668e+01
6.500000000000000222e-01 3.472291676280000047e+03 -5.153091617389999556e+03 -6.878606006420000085e+03 -1.196099172979999992e+02 3.369296585650000253e+01 -3.826283804269999678e+01
6.500000000000000222e-01 3.369375719260000096e+03 -4.778150179919999573e+03 -7.252368560029999571e+03 -1.207496182900000008e+02 3.201645355760000200e+01 -3.753465336370000216e+01
6.500000000000000222e-01 3.304422043370000210e+03 -5.119771088000000418e+03 -7.123219198519999736e+03 -1.195083209350000004e+02 3.192684395139999864e+01 -3.751727091600000108e+01
6.500000000000000222e-01 3.389172952830000213e+03 -4.683263836770000125e+03 -7.144975864439999896e+03 -1.206881485490000046e+02 3.114895180750000137e+01 -3.825425687119999907e+01
6.500000000000000222e-01 3.366845630840000013e+03 -5.077534074350000083e+03 -6.846231632080000054e+03 -1.211693244260000029e+02 3.174949710610000153e+01 -4.064412347660000080e+01
6.500000000000000222e-01 3.681512465989999782e+03 -4.767116501900000003e+03 -6.925672994700000345e+03 -1.212985134660000028e+02 3.046139980190000074e+01 -3.894306693330000257e+01
6.500000000000000222e-01 3.263343862210000225e+03 -5.019388876029999665e+03 -6.915306528189999881e+03 -1.207556128420000050e+02 3.250749931499999690e+01 -4.061655731110000289e+01
6.500000000000000222e-01 3.220439467059999970e+03 -4.969118636350000088e+03 -7.058997123469999678e+03 -1.192695209419999998e+02 3.214997613060000248e+01 -3.627767718620000181e+01
6.500000000000000222e-01 3.558982952299999852e+03 -4.885012038580000080e+03 -7.325206797810000353e+03 -1.211999394989999956e+02 2.963283363920000113e+01 -4.009683000820000132e+01
6.500000000000000222e-01 3.382755160870000054e+03 -4.674048058780000247e+03 -7.012210992199999964e+03 -1.204108478609999935e+02 3.097957366170000171e+01 -3.582254503899999776e+01
6.500000000000000222e-01 3.489392034670000157e+03 -4.653487909829999808e+03 -7.093179822750000312e+03 -1.211004550159999980e+02 3.085410393700000142e+01 -3.806135010330000057e+01
6.500000000000000222e-01 3.530106980409999778e+03 -4.808633502130000124e+03 -7.293262401379999574e+03 -1.189261079500000022e+02 2.861750181160000039e+01 -3.936100452059999810e+01
6.500000000000000222e-01 3.569080773560000125e+03 -4.822657082480000099e+03 -6.796878622170000199e+03 -1.213170413029999963e+02 3.069739018219999949e+01 -3.834338734300000340e+01
6.500000000000000222e-01 3.363325861029999942e+03 -5.049320557789999839e+03 -6.831230937389999781e+03 -1.206122896279999992e+02 3.442611800590000115e+01 -3.863479437249999648e+01
6.500000000000000222e-01 3.566645242279999820e+03 -4.751648404049999954e+03 -6.838673823060000359e+03 -1.208043233749999956e+02 3.312406305460000056e+01 -3.990551070210000262e+01
9.810000000000000000e+05 8.283915641009999672e+04 -1.585297209119999877e+02 3.495162575520000246e+04 -1.020450743459999998e+01 2.647943063199999969e+01 -5.294545487709999776e+01
6.500000000000000222e-01 8.337690405589999864e+04 -1.570631627109999954e+03 3.689099298519999866e+04 -9.428918626990000718e+00 2.559279564450000066e+01 -5.330976188759999701e+01
6.500000000000000222e-01 8.442093904490000568e+04 1.146723369150000053e+03 3.360502339619999839e+04 -1.051506096259999978e+01 2.584915570240000093e+01 -5.384462011640000156e+01
6.500000000000000222e-01 8.353933199999999488e+04 -1.694080737709999994e+03 3.673273653059999924e+04 -1.048627044770000083e+01 2.737499223109999846e+01 -5.206094864599999994e+01
6.500000000000000222e-01 8.042359793020000507e+04 -3.216167363609999938e+02 3.454868499339999835e+04 -1.035778461910000026e+01 2.649904754699999998e+01 -5.279161215060000245e+01
6.500000000000000222e-01 8.453468211809999775e+04 1.432684034280000105e+03 3.416951198580000346e+04 -9.975259327410000765e+00 2.678468364269999924e+01 -5.170784361449999977e+01
6.500000000000000222e-01 8.175103703429999587e+04 2.037527745300000106e+03 3.503891896329999872e+04 -1.020272236409999955e+01 2.635725173739999860e+01 -5.336511177450000076e+01
6.500000000000000222e-01 8.231797675410000375e+04 4.434025135599999885e+02 3.727137990300000092e+04 -9.284215191619999530e+00 2.547260367590000030e+01 -5.260146175060000218e+01
6.500000000000000222e-01 8.281176886450000165e+04 2.294064118610000151e+03 3.493307017690000066e+04 -1.019707193150000002e+01 2.636869028039999918e+01 -5.335719352649999792e+01
6.500000000000000222e-01 8.263681347720000485e+04 7.363152467769999703e+02 3.267478062019999925e+04 -1.036667599869999989e+01 2.580983562140000132e+01 -5.326959556599999956e+01
6.500000000000000222e-01 8.175677508859999944e+04 -1.766225963660000104e+02 3.274960196540000106e+04 -1.011574883900000010e+01 2.649299360339999865e+01 -5.302285760440000217e+01
6.500000000000000222e-01 8.459655441090000386e+04 -1.299411125170000105e+03 3.368263162670000020e+04 -1.008170025869999975e+01 2.654767293860000166e+01 -5.216718491599999652e+01
6.500000000000000222e-01 8.225776113020000048e+04 -1.197005929200000054e+02 3.733442136480000045e+04 -1.010072738360000066e+01 2.649353236609999840e+01 -5.301175914360000263e+01
6.500000000000000222e-01 8.186324532679999538e+04 -2.009372794930000055e+03 3.623606079640000098e+04 -9.653514454810000700e+00 2.608911097669999890e+01 -5.292510373809999891e+01
6.500000000000000222e-01 8.251951754709999659e+04 -2.502143461420000222e+03 3.429242918759999884e+04 -9.957680829279999202e+00 2.656463608099999973e+01 -5.378910334870000298e+01
6.500000000000000222e-01 8.120468687609999324e+04 -1.978451308689999905e+03 3.514034232219999831e+04 -1.016421537339999936e+01 2.657938881990000013e+01 -5.190178928710000150e+01
6.500000000000000222e-01 8.400582769390000612e+04 -2.125002532869999868e+03 3.407840471760000219e+04 -1.044362034589999944e+01 2.674996283229999960e+01 -5.240720860759999766e+01
6.500000000000000222e-01 8.517552399230000447e+04 4.523626527939999846e+02 3.539107192319999740e+04 -9.955282788630000823e+00 2.642796557959999859e+01 -5.344955454849999654e+01
6.500000000000000222e-01 8.527907776709999598e+04 9.661720051049999824e+01 3.501380010380000022e+04 -1.012618854169999949e+01 2.647149606740000038e+01 -5.267650372100000311e+01
6.500000000000000222e-01 8.170722712019999744e+04 -1.633379274690000102e+03 3.334934722660000261e+04 -9.630676017289999891e+00 2.631081144939999916e+01 -5.329876798219999756e+01
6.500000000000000222e-01 8.193827410179999424e+04 6.189030201790000092e+02 3.709923143590000109e+04 -9.876645402719999467e+00 2.623841081599999825e+01 -5.261768869489999645e+01
6.500000000000000222e-01 8.198683616859999893e+04 1.161927347820000023e+03 3.306416431290000037e+04 -1.103303089189999930e+01 2.742856867780000130e+01 -5.217959592910000310e+01
6.500000000000000222e-01 8.438047088629999780e+04 -1.654829092630000105e+03 3.375679847519999748e+04 -1.010399460990000087e+01 2.644990620120000102e+01 -5.347773316149999800e+01
6.500000000000000222e-01 8.383946361409999372e+04 -2.383499995419999777e+03 3.520694872049999685e+04 -1.012419322749999928e+01 2.646344556709999907e+01 -5.419966488240000047e+01
6.500000000000000222e-01 8.290769985030000680e+04 1.280120486730000039e+03 3.296278986920000170e+04 -1.059579728950000010e+01 2.764342493850000082e+01 -5.227831019450000127e+01
6.500000000000000222e-01 8.476054879400000209e+04 -1.546654767680000077e+03 3.559680655459999980e+04 -9.799106711440000339e+00 2.625792067400000107e+01 -5.357129639779999764e+01
6.500000000000000222e-01 8.156800779139999941e+04 1.610187097170000015e+03 3.607140963760000159e+04 -9.675715010510000269e+00 2.576222941980000058e+01 -5.208425858439999701e+01
6.500000000000000222e-01 8.438283331469999393e+04 -1.482538762760000054e+03 3.631670960229999764e+04 -1.006523387820000082e+01 2.653957257429999927e+01 -5.361290958960000097e+01
6.500000000000000222e-01 8.440405093529999431e+04 7.591419293669999888e+02 3.330133078620000015e+04 -9.781836868890000147e+00 2.699793778040000092e+01 -5.207365467160000350e+01
6.500000000000000222e-01 8.245998516080000263e+04 -4.556160608299999808e+02 3.254604733140000099e+04 -1.119961325539999919e+01 2.594175103690000128e+01 -5.268827511519999973e+01
6.500000000000000222e-01 8.265253690910000296e+04 -4.621061233170000264e+02 3.252454150070000105e+04 -1.078110595110000069e+01 2.603555056369999932e+01 -5.278373323940000006e+01
6.500000000000000222e-01 8.067384136619999481e+04 -8.409715667430000394e+02 3.588406953559999965e+04 -1.064015868889999972e+01 2.653605966399999971e+01 -5.374465559210000265e+01
6.500000000000000222e-01 8.319089440790000663e+04 2.039141460620000089e+03 3.599386979119999887e+04 -1.065922276999999951e+01 2.684177090309999869e+01 -5.286574209369999977e+01
6.500000000000000222e-01 8.186814292349999596e+04 1.739740743560000055e+03 3.615251892519999819e+04 -9.966318302359999493e+00 2.633508457570000161e+01 -5.368284733179999790e+01
6.500000000000000222e-01 8.420008550699999614e+04 -2.050584987270000056e+03 3.571130650810000225e+04 -1.004364452919999984e+01 2.638170462500000113e+01 -5.405253391170000299e+01
6.500000000000000222e-01 8.480933919060000335e+04 1.152252716479999890e+03 3.430151703299999645e+04 -9.998438790910000762e+00 2.622330131749999893e+01 -5.298535735160000115e+01
6.500000000000000222e-01 8.286704262019999442e+04 6.508739288130000205e+02 3.726826143540000339e+04 -1.033947418710000044e+01 2.766725561390000010e+01 -5.333766838150000211e+01
6.500000000000000222e-01 8.467985682050000469e+04 -1.640585025549999955e+03 3.559970500149999862e+04 -1.039339713719999914e+01 2.679750540910000112e+01 -5.255104413179999767e+01
6.500000000000000222e-01 8.041224303640000289e+04 -1.987245100309999941e+02 3.531254180289999931e+04 -1.048001347129999949e+01 2.647838362399999923e+01 -5.433357815469999963e+01
6.500000000000000222e-01 8.357523898189999454e+04 1.916722011020000082e+03 3.604041364949999843e+04 -1.058683914739999921e+01 2.698390286049999887e+01 -5.317524092720000084e+01
6.500000000000000222e-01 8.515716207599999325e+04 1.989188463700000113e+02 3.567260867319999670e+04 -1.031869687830000082e+01 2.648887350480000080e+01 -5.233550948020000249e+01
4.560000000000000000e+04 7.086416954340000302e+03 2.363028860410000107e+03 1.825105643090000012e+04 2.036291006200000027e+02 -6.117306618300000309e+01 1.993723153809999928e+02
6.500000000000000222e-01 7.157157794110000395e+03 2.336708471809999992e+03 1.844310613949999970e+04 2.028949392869999997e+02 -6.070021121199999925e+01 1.999467548659999920e+02
6.500000000000000222e-01 7.043011610149999797e+03 2.407464523300000110e+03 1.805355677809999906e+04 2.028674106930000107e+02 -6.062316803190000059e+01 1.993872464739999941e+02
6.500000000000000222e-01 7.031835243640000044e+03 2.390170409740000196e+03 1.844771225069999855e+04 2.046978146319999894e+02 -6.157123334679999971e+01 1.998570390790000033e+02
6.500000000000000222e-01 7.193068164319999596e+03 2.220454095319999851e+03 1.815813563660000000e+04 2.030172169319999966e+02 -6.053338440769999806e+01 1.986557527749999963e+02
6.500000000000000222e-01 7.196652971790000265e+03 2.211942329909999899e+03 1.818104755369999839e+04 2.032701832159999924e+02 -6.085612379509999670e+01 1.997791269029999910e+02
6.500000000000000222e-01 6.989138101159999678e+03 2.329182398920000196e+03 1.842863460589999886e+04 2.034888051769999890e+02 -6.102591581419999756e+01 1.992903646290000097e+02
6.500000000000000222e-01 6.984696801719999712e+03 2.312678855839999869e+03 1.807869383540000126e+04 2.042962044569999875e+02 -6.105237091120000059e+01 1.986734906410000008e+02
6.500000000000000222e-01 7.218065478849999636e+03 2.354423816080000051e+03 1.809483841450000182e+04 2.026270579959999907e+02 -6.116110758589999818e+01 1.986656640749999951e+02
6.500000000000000222e-01 7.212750122759999613e+03 2.241374548020000020e+03 1.834733511169999838e+04 2.033607089680000115e+02 -6.076717137579999672e+01 1.992368237059999956e+02
6.500000000000000222e-01 7.025865887230000226e+03 2.180321282639999936e+03 1.818913444030000028e+04 2.034181283450000137e+02 -6.060174146349999802e+01 1.989454447059999893e+02
6.500000000000000222e-01 7.139246491990000322e+03 2.223641800819999844e+03 1.838532072089999929e+04 2.031644207209999990e+02 -6.018812424059999699e+01 1.999962479030000111e+02
6.500000000000000222e-01 7.260445666100000381e+03 2.257709837429999880e+03 1.824432785529999819e+04 2.034024056760000008e+02 -6.100118128910000337e+01 1.984953891929999941e+02
6.500000000000000222e-01 7.141749869829999625e+03 2.180373343230000046e+03 1.830937287759999890e+04 2.033499573420000104e+02 -6.068727131290000187e+01 1.991267880590000061e+02
6.500000000000000222e-01 7.129375964900000326e+03 2.232087447580000116e+03 1.840800534110000081e+04 2.041908127549999961e+02 -6.169039837670000281e+01 1.991824634870000068e+02
6.500000000000000222e-01 7.005597961479999867e+03 2.441884547690000090e+03 1.807702249769999980e+04 2.039565503530000115e+02 -6.171545547449999702e+01 1.986749911320000024e+02
6.500000000000000222e-01 7.283315948530000242e+03 2.408404955500000142e+03 1.822641469620000134e+04 2.032891062310000052e+02 -6.123588027249999755e+01 1.985920835699999998e+02
6.500000000000000222e-01 7.041350685010000234e+03 2.555984152529999847e+03 1.830047640390000015e+04 2.037557349029999898e+02 -6.159600119160000276e+01 2.003972489079999946e+02
6.500000000000000222e-01 7.241981556890000320e+03 2.401795934979999856e+03 1.837924509559999933e+04 2.038397475479999912e+02 -6.098140019560000269e+01 1.991513400940000054e+02
6.500000000000000222e-01 7.228733897389999584e+03 2.508125856870000007e+03 1.826285707280000133e+04 2.034935377809999864e+02 -6.140844885189999758e+01 1.996759945029999983e+02
6.500000000000000222e-01 7.126898729159999675e+03 2.554596742499999891e+03 1.831254714740000054e+04 2.034822818469999959e+02 -6.152476038340000031e+01 2.003474173730000132e+02
6.500000000000000222e-01 7.279664499929999693e+03 2.428083327530000133e+03 1.825354524630000014e+04 2.034481379469999922e+02 -6.123121159560000137e+01 1.986167121809999969e+02
6.500000000000000222e-01 6.971825806969999576e+03 2.230059274939999796e+03 1.835407366270000057e+04 2.040856576049999944e+02 -6.056387225940000008e+01 2.001817131169999868e+02
6.500000000000000222e-01 6.896055385700000443e+03 2.342747022049999941e+03 1.818010003399999914e+04 2.037624786050000125e+02 -6.123510783260000068e+01 1.994016893559999914e+02
6.500000000000000222e-01 7.060642881900000248e+03 2.563475777659999949e+03 1.823679452740000124e+04 2.037157281810000029e+02 -6.144370020430000068e+01 2.002683819739999933e+02
6.500000000000000222e-01 7.158479099139999562e+03 2.374340094529999988e+03 1.844481651570000031e+04 2.032708422670000061e+02 -6.122962563120000112e+01 1.998020420919999935e+02
6.500000000000000222e-01 7.017377484999999979e+03 2.175356969360000221e+03 1.821810419130000082e+04 2.034964894309999863e+02 -6.083404706550000185e+01 1.996593452120000052e+02
6.500000000000000222e-01 7.179263355799999772e+03 2.505859650150000107e+03 1.813890717790000053e+04 2.030679059740000127e+02 -6.170616965720000024e+01 1.986020951040000000e+02
6.500000000000000222e-01 7.047402730310000152e+03 2.171268156659999931e+03 1.831437807859999884e+04 2.039842893180000090e+02 -6.120343052970000031e+01 1.991559809149999865e+02
6.500000000000000222e-01 7.263292291949999708e+03 2.312381753730000128e+03 1.834005480299999908e+04 2.038489569969999877e+02 -6.112365610879999878e+01 1.987685468029999925e+02
6.500000000000000222e-01 6.931631000669999594e+03 2.234550087069999790e+03 1.821691559280000001e+04 2.036936114599999996e+02 -6.090553232559999941e+01 1.991822015870000087e+02
6.500000000000000222e-01 6.982832702390000122e+03 2.495683581029999914e+03 1.836762426490000144e+04 2.041543571740000118e+02 -6.171319404660000174e+01 2.002790002110000103e+02
6.500000000000000222e-01 7.157677942289999919e+03 2.425532239019999906e+03 1.806896192520000113e+04 2.041001040509999882e+02 -6.081975574089999981e+01 1.996752906289999885e+02
6.500000000000000222e-01 7.204507053889999952e+03 2.212680619530000058e+03 1.832450643729999865e+04 2.038081959509999876e+02 -6.125840336339999936e+01 1.986012579560000120e+02
6.500000000000000222e-01 7.252484530990000167e+03 2.480179748789999849e+03 1.823690439809999953e+04 2.034038773700000036e+02 -6.134587696890000075e+01 1.985809854830000063e+02
6.500000000000000222e-01 7.180207403909999812e+03 2.539472607050000079e+03 1.821513872990000164e+04 2.035204681410000092e+02 -6.160574411169999820e+01 1.987114602009999942e+02
6.500000000000000222e-01 6.943308827630000451e+03 2.234407607529999950e+03 1.831688488219999999e+04 2.040939021799999864e+02 -6.084648679059999665e+01 2.001681346690000112e+02
6.500000000000000222e-01 6.945836363329999585e+03 2.504520992849999857e+03 1.829109645799999998e+04 2.037006792269999949e+02 -6.121647948609999901e+01 1.984144958139999915e+02
6.500000000000000222e-01 7.207464336060000278e+03 2.211303598299999976e+03 1.832271799699999974e+04 2.036028354439999930e+02 -6.097175155709999927e+01 1.999581209330000036e+02
6.500000000000000222e-01 7.259659113099999558e+03 2.445689642899999853e+03 1.832232120460000078e+04 2.031921479910000130e+02 -6.135241914329999702e+01 2.005281348819999891e+02
6.500000000000000222e-01 6.995269835359999888e+03 2.310353226509999786e+03 1.842720451930000127e+04 2.031259327319999954e+02 -6.133496354790000282e+01 1.990373918980000099e+02
1.390000000000000000e+04 -1.031189079830000082e+04 2.720395155889999842e+03 1.177014037789999929e+04 -2.367140880460000005e+02 2.019429159070000139e+02 -3.334862563190000060e+02
6.500000000000000222e-01 -1.041821008140000049e+04 2.809864423729999999e+03 1.180496269089999987e+04 -2.368538842439999996e+02 2.019541011130000072e+02 -3.338780165829999760e+02
6.500000000000000222e-01 -1.038138232640000024e+04 2.699699807710000186e+03 1.189473537989999932e+04 -2.371987149120000140e+02 2.018497475979999933e+02 -3.335356486009999912e+02
6.500000000000000222e-01 -1.023335751390000041e+04 2.700139953760000026e+03 1.188749686119999933e+04 -2.370608693549999941e+02 2.019687489620000065e+02 -3.334036236009999925e+02
6.500000000000000222e-01 -1.022752333170000020e+04 2.758624800909999976e+03 1.165950070810000034e+04 -2.361471440820000112e+02 2.020327339199999983e+02 -3.332907660800000258e+02
6.500000000000000222e-01 -1.020559776629999942e+04 2.793184125880000011e+03 1.182856590399999914e+04 -2.371434201630000018e+02 2.017386970210000072e+02 -3.330485473559999718e+02
6.500000000000000222e-01 -1.035426356800000030e+04 2.809117913800000224e+03 1.187541238890000022e+04 -2.366987800119999861e+02 2.014534548960000109e+02 -3.328671122289999857e+02
6.500000000000000222e-01 -1.026184483609999916e+04 2.602930979790000038e+03 1.171215528540000014e+04 -2.367283230380000134e+02 2.021044402930000103e+02 -3.332037713940000003e+02
6.500000000000000222e-01 -1.035805144990000008e+04 2.594061352189999980e+03 1.181296355709999989e+04 -2.367774450219999949e+02 2.024141104500000097e+02 -3.329734767799999986e+02
6.500000000000000222e-01 -1.031949304099999972e+04 2.603893721129999903e+03 1.185606208010000046e+04 -2.365191170409999870e+02 2.017917470579999986e+02 -3.335443106820000025e+02
6.500000000000000222e-01 -1.025616489580000052e+04 2.826209635440000056e+03 1.184423032810000041e+04 -2.367076707669999962e+02 2.014169585040000072e+02 -3.332953624890000128e+02
6.500000000000000222e-01 -1.017302195600000050e+04 2.712086345170000186e+03 1.173839471749999939e+04 -2.368861702199999968e+02 2.019369535099999950e+02 -3.341598479639999937e+02
6.500000000000000222e-01 -1.028781745570000021e+04 2.584858679630000097e+03 1.173087823080000089e+04 -2.365387461710000139e+02 2.019109175590000120e+02 -3.330278810350000072e+02
6.500000000000000222e-01 -1.022221175670000048e+04 2.610690046740000071e+03 1.174889694670000063e+04 -2.366788131829999884e+02 2.020540231440000127e+02 -3.336589250860000107e+02
6.500000000000000222e-01 -1.030606365150000056e+04 2.626958237299999837e+03 1.165989982380000038e+04 -2.363423411089999888e+02 2.014810105349999958e+02 -3.332705985150000174e+02
6.500000000000000222e-01 -1.042233244829999967e+04 2.716840789270000187e+03 1.186231354459999966e+04 -2.369204989419999947e+02 2.019751611510000089e+02 -3.334703505940000241e+02
6.500000000000000222e-01 -1.020051647699999921e+04 2.635126872310000181e+03 1.174498657140000068e+04 -2.366559529970000142e+02 2.019932899369999859e+02 -3.330656015389999993e+02
6.500000000000000222e-01 -1.024720097480000004e+04 2.678008269580000160e+03 1.165011806219999926e+04 -2.369294213780000007e+02 2.022626981440000122e+02 -3.338358776480000074e+02
6.500000000000000222e-01 -1.024872951509999984e+04 2.700029897100000198e+03 1.189603297890000067e+04 -2.364964172720000022e+02 2.018744478280000010e+02 -3.337460621440000068e+02
6.500000000000000222e-01 -1.040768563069999982e+04 2.617510833079999884e+03 1.175391645769999923e+04 -2.366193808920000095e+02 2.022048378320000097e+02 -3.335500295190000202e+02
6.500000000000000222e-01 -1.037338123690000066e+04 2.835077477089999775e+03 1.182049665070000083e+04 -2.365633104990000106e+02 2.015666733129999955e+02 -3.333204607200000282e+02
6.500000000000000222e-01 -1.028165908119999949e+04 2.610834867359999862e+03 1.185844927199999984e+04 -2.367744698509999921e+02 2.023057598329999962e+02 -3.330569206740000254e+02
6.500000000000000222e-01 -1.037031819709999945e+04 2.722405405819999942e+03 1.164001215000000047e+04 -2.359195958349999955e+02 2.019000085510000133e+02 -3.337646186530000136e+02
6.500000000000000222e-01 -1.040110296750000089e+04 2.755078382789999978e+03 1.187935387860000083e+04 -2.371720623470000078e+02 2.021228210490000095e+02 -3.335157315929999982e+02
6.500000000000000222e-01 -1.023964855739999985e+04 2.789590042599999833e+03 1.166737973450000027e+04 -2.368321321610000041e+02 2.020166891570000018e+02 -3.336166658719999987e+02
6.500000000000000222e-01 -1.037931837239999913e+04 2.660249314300000151e+03 1.166013574809999955e+04 -2.369081626779999965e+02 2.018395718820000013e+02 -3.331409065770000097e+02
6.500000000000000222e-01 -1.033106740879999961e+04 2.644440527100000054e+03 1.164926008170000023e+04 -2.363253969390000009e+02 2.015740983290000088e+02 -3.334090852489999861e+02
6.500000000000000222e-01 -1.033524028919999910e+04 2.642150267380000059e+03 1.165366236510000090e+04 -2.367729614339999955e+02 2.017554559639999923e+02 -3.332482028050000054e+02
6.500000000000000222e-01 -1.017600448759999927e+04 2.709018066489999910e+03 1.172753505609999957e+04 -2.369042623800000058e+02 2.019500378799999964e+02 -3.341522633899999732e+02
6.500000000000000222e-01 -1.029149233640000057e+04 2.668895973740000045e+03 1.190196413960000064e+04 -2.371629663399999970e+02 2.026251443230000007e+02 -3.331565435210000032e+02
6.500000000000000222e-01 -1.030951705729999958e+04 2.582610149189999902e+03 1.174107229899999948e+04 -2.367210180319999893e+02 2.021282569420000073e+02 -3.330038165049999748e+02
6.500000000000000222e-01 -1.028741709760000049e+04 2.580736103230000026e+03 1.177956361990000005e+04 -2.366887329019999981e+02 2.020982753369999898e+02 -3.341182264000000259e+02
6.500000000000000222e-01 -1.024179159480000089e+04 2.674376184130000183e+03 1.165272018249999928e+04 -2.370278242349999971e+02 2.022772321049999960e+02 -3.340927732490000039e+02
6.500000000000000222e-01 -1.016992143819999910e+04 2.730378452880000168e+03 1.176737033589999919e+04 -2.368042762880000112e+02 2.019010882809999998e+02 -3.330963392649999832e+02
6.500000000000000222e-01 -1.024857228580000083e+04 2.781792452810000214e+03 1.165668909370000074e+04 -2.370071783299999879e+02 2.017642099139999914e+02 -3.338915390569999886e+02
6.500000000000000222e-01 -1.031578771500000039e+04 2.582591862740000124e+03 1.180160020280000026e+04 -2.367529242539999927e+02 2.023357153219999987e+02 -3.328763436009999737e+02
6.500000000000000222e-01 -1.040538083419999930e+04 2.814048029709999810e+03 1.171431602390000080e+04 -2.368195310190000100e+02 2.020381564379999872e+02 -3.329663158800000247e+02
6.500000000000000222e-01 -1.030562969089999933e+04 2.766063445279999996e+03 1.190623942080000052e+04 -2.370449095760000091e+02 2.013145949219999977e+02 -3.331510827440000071e+02
6.500000000000000222e-01 -1.024819327639999938e+04 2.707996151660000123e+03 1.164081470000000081e+04 -2.360934413260000042e+02 2.018060446039999931e+02 -3.334673074410000027e+02
6.500000000000000222e-01 -1.032949743239999952e+04 2.717572943959999975e+03 1.191317969470000025e+04 -2.363354622610000035e+02 2.020786664080000037e+02 -3.332637806280000063e+02
6.500000000000000222e-01 -1.036630692669999917e+04 2.702056934079999792e+03 1.190269968239999980e+04 -2.374394811159999961e+02 2.018268749860000071e+02 -3.335454698570000005e+02
1.190000000000000000e+04 -6.105578378940000221e+03 6.057292287610000130e+03 -1.289270923249999942e+04 -2.654425318620000098e+02 -3.206152089860000132e+01 8.793161166950000052e+01
6.500000000000000222e-01 -6.189988983240000380e+03 5.966046099539999886e+03 -1.284652215529999921e+04 -2.653224336740000240e+02 -3.216753197279999910e+01 8.747261975989999883e+01
6.500000000000000222e-01 -6.195547289060000367e+03 5.964916415380000217e+03 -1.286364983419999953e+04 -2.652013587389999998e+02 -3.181048020860000136e+01 8.849001676780000025e+01
6.500000000000000222e-01 -5.989323139479999554e+03 6.092144671469999594e+03 -1.294476244020000013e+04 -2.654880975730000046e+02 -3.199326931899999948e+01 8.846757901310000705e+01
6.500000000000000222e-01 -6.004123924919999808e+03 5.973402805069999886e+03 -1.290893763519999993e+04 -2.656129785460000221e+02 -3.195211881990000080e+01 8.767438087809999558e+01
6.500000000000000222e-01 -6.122280003240000042e+03 6.154532330729999558e+03 -1.298322730190000038e+04 -2.654010048999999754e+02 -3.253018155630000052e+01 8.722728382869999564e+01
6.500000000000000222e-01 -6.184147914750000382e+03 6.160719161029999668e+03 -1.286487202740000066e+04 -2.653015215550000221e+02 -3.225374253999999752e+01 8.828305818200000488e+01
6.500000000000000222e-01 -6.072456747770000220e+03 6.051090191250000316e+03 -1.276239713440000014e+04 -2.652059840129999770e+02 -3.224838958090000318e+01 8.805482381859999919e+01
6.500000000000000222e-01 -6.225231850690000101e+03 6.029658763700000236e+03 -1.294154004680000071e+04 -2.653092972640000085e+02 -3.197158776890000098e+01 8.802838553819999845e+01
6.500000000000000222e-01 -6.144557073560000390e+03 5.962769302050000078e+03 -1.297807414559999961e+04 -2.654089291720000006e+02 -3.226492522110000039e+01 8.831386441349999927e+01
6.500000000000000222e-01 -6.081664920559999700e+03 6.006094800660000146e+03 -1.277176649410000027e+04 -2.655308920960000023e+02 -3.201168979220000210e+01 8.810459612830000253e+01
6.500000000000000222e-01 -6.204540281040000082e+03 5.971297128619999967e+03 -1.290764244099999996e+04 -2.652905861699999832e+02 -3.195220021509999953e+01 8.848843263889999378e+01
6.500000000000000222e-01 -6.065371706199999608e+03 6.012488266139999723e+03 -1.301127138729999933e+04 -2.652640682179999772e+02 -3.224008842469999792e+01 8.815673187219999818e+01
6.500000000000000222e-01 -6.175562483669999892e+03 6.125885899349999818e+03 -1.280427826129999994e+04 -2.649700429210000152e+02 -3.253904113000000109e+01 8.833798824570000363e+01
6.500000000000000222e-01 -6.029941615290000300e+03 6.163847748279999905e+03 -1.287338740180000059e+04 -2.656151428439999904e+02 -3.215113103470000055e+01 8.743798217849999332e+01
6.500000000000000222e-01 -6.013826179360000424e+03 6.039315148929999850e+03 -1.279720516320000024e+04 -2.657852946429999861e+02 -3.210405973619999997e+01 8.837600860380000256e+01
6.500000000000000222e-01 -6.232878158299999996e+03 6.082954040480000003e+03 -1.291756909909999922e+04 -2.652122035840000080e+02 -3.204078765770000103e+01 8.766424779129999934e+01
6.500000000000000222e-01 -6.021261666399999740e+03 6.085726786709999942e+03 -1.279250490560000071e+04 -2.655792850409999915e+02 -3.243240331580000202e+01 8.823404529210000646e+01
6.500000000000000222e-01 -6.082551087769999867e+03 6.056115534550000120e+03 -1.275996637919999921e+04 -2.647728381580000132e+02 -3.224603684609999732e+01 8.801776690600000563e+01
6.500000000000000222e-01 -6.100602384210000309e+03 6.002693489999999656e+03 -1.277061728419999963e+04 -2.655567849760000172e+02 -3.161179692880000047e+01 8.830133025339999620e+01
6.500000000000000222e-01 -6.103190453209999760e+03 6.188964697030000025e+03 -1.290186491070000011e+04 -2.654655943280000088e+02 -3.225022616119999697e+01 8.817239584159999310e+01
6.500000000000000222e-01 -5.981489805799999885e+03 6.019607163749999927e+03 -1.286223932290000084e+04 -2.656054040099999725e+02 -3.212391171160000169e+01 8.820791361349999704e+01
6.500000000000000222e-01 -6.165090701049999552e+03 5.941728897429999961e+03 -1.286498295820000021e+04 -2.652059255109999754e+02 -3.207730251329999760e+01 8.767687801290000493e+01
6.500000000000000222e-01 -6.009664974649999749e+03 6.139520080250000319e+03 -1.285389301080000041e+04 -2.654323711839999760e+02 -3.216004979120000229e+01 8.737694953470000314e+01
6.500000000000000222e-01 -6.087091710650000095e+03 5.926772746130000087e+03 -1.288156160730000011e+04 -2.654371852360000048e+02 -3.184219922690000004e+01 8.849998823570000184e+01
6.500000000000000222e-01 -6.229070164640000257e+03 6.015779154099999687e+03 -1.287123606929999914e+04 -2.651507592890000069e+02 -3.193712870599999931e+01 8.832621159250000176e+01
6.500000000000000222e-01 -6.184168662029999723e+03 6.112324911380000231e+03 -1.298677409450000050e+04 -2.657523008109999978e+02 -3.176409096329999926e+01 8.811005778300000202e+01
6.500000000000000222e-01 -6.102679257789999610e+03 5.929907531480000216e+03 -1.286140090260000034e+04 -2.655046352229999798e+02 -3.180931211809999937e+01 8.796455172429999436e+01
6.500000000000000222e-01 -6.083760996160000104e+03 6.151368063930000062e+03 -1.298585839520000081e+04 -2.654743121789999805e+02 -3.167512986070000025e+01 8.816010738709999828e+01
6.500000000000000222e-01 -6.183724717879999844e+03 6.163789246129999810e+03 -1.287565208229999917e+04 -2.654362743510000087e+02 -3.209381592409999939e+01 8.726480025649999561e+01
6.500000000000000222e-01 -6.181276898320000328e+03 6.088865780479999557e+03 -1.278732517209999969e+04 -2.655812576740000281e+02 -3.201640776410000200e+01 8.771586495610000611e+01
6.500000000000000222e-01 -6.216662053910000395e+03 6.046879350709999926e+03 -1.282196101430000090e+04 -2.654350023999999735e+02 -3.213742615030000138e+01 8.750696228329999826e+01
6.500000000000000222e-01 -6.167466116509999665e+03 5.997816138629999841e+03 -1.279015900900000088e+04 -2.649672436309999739e+02 -3.170923355029999868e+01 8.845801040489999423e+01
6.500000000000000222e-01 -6.059897790750000240e+03 6.116606716010000127e+03 -1.278228280830000040e+04 -2.651324424289999797e+02 -3.188447994410000064e+01 8.768670372980000138e+01
6.500000000000000222e-01 -6.112828656550000233e+03 6.189723902599999747e+03 -1.289729441720000068e+04 -2.654989721110000005e+02 -3.219280741659999734e+01 8.835433810339999638e+01
6.500000000000000222e-01 -6.228065205050000259e+03 6.063715888030000315e+03 -1.294419848370000000e+04 -2.651361438229999976e+02 -3.195720694150000085e+01 8.736988690500000132e+01
6.500000000000000222e-01 -6.099239523870000085e+03 6.130071809879999819e+03 -1.300446094850000009e+04 -2.653612042070000143e+02 -3.186477385279999908e+01 8.795756249939999805e+01
6.500000000000000222e-01 -6.036046210780000365e+03 6.126665522160000364e+03 -1.298296834370000033e+04 -2.653128321539999774e+02 -3.204441634169999986e+01 8.809810220740000375e+01
6.500000000000000222e-01 -6.170972582919999695e+03 5.983635873180000090e+03 -1.298122472930000004e+04 -2.654301927490000139e+02 -3.143864616000000112e+01 8.761309358169999939e+01
6.500000000000000222e-01 -6.000357722060000015e+03 5.977267810800000007e+03 -1.290227772779999941e+04 -2.656051524619999782e+02 -3.197667681160000086e+01 8.782082438279999792e+01
6.500000000000000222e-01 -6.054461843060000319e+03 6.153082756949999748e+03 -1.297011600729999918e+04 -2.654031039170000099e+02 -3.186160761909999906e+01 8.824680220400000508e+01
