3.450000000000000000e+05 4.106978087899999991e+03 -5.069966845220000323e+03 -6.796477145030000429e+03 -1.119724750820000025e+02 2.066027764760000096e+01 -5.722378312469999884e+01
6.500000000000000222e-01 4.282022945660000005e+03 -5.246130566370000452e+03 -6.673978300869999657e+03 -1.130692001350000027e+02 2.173398702009999894e+01 -5.772915677099999954e+01
6.500000000000000222e-01 3.956544996640000136e+03 -5.180853578500000367e+03 -6.582825813039999957e+03 -1.106092426320000044e+02 2.156657817549999834e+01 -5.620617619149999911e+01
6.500000000000000222e-01 3.918670033419999982e+03 -5.136658078540000133e+03 -6.591700421540000207e+03 -1.109344975279999943e+02 2.221717537290000166e+01 -5.555872329009999788e+01
6.500000000000000222e-01 4.037285909260000153e+03 -5.326334280949999993e+03 -6.701950089789999765e+03 -1.115960201040000044e+02 2.214395715459999892e+01 -5.551543969709999971e+01
6.500000000000000222e-01 4.189879640750000362e+03 -5.211379184069999610e+03 -6.560815475420000439e+03 -1.119758615380000037e+02 2.118254545179999937e+01 -5.708940401230000106e+01
6.500000000000000222e-01 4.156241725109999607e+03 -4.954191516529999717e+03 -6.539263803709999593e+03 -1.118179020169999944e+02 2.279422160169999856e+01 -5.782427076500000140e+01
6.500000000000000222e-01 3.988776914579999811e+03 -5.015200413620000290e+03 -6.540708751780000057e+03 -1.135413882779999994e+02 2.176784352379999987e+01 -5.746009249789999984e+01
6.500000000000000222e-01 4.182641058780000094e+03 -4.966752095830000144e+03 -6.540890885589999925e+03 -1.124233255040000046e+02 2.254946027080000093e+01 -5.766759907929999684e+01
6.500000000000000222e-01 4.266744684080000297e+03 -5.115944256689999747e+03 -6.566248879460000353e+03 -1.118972812709999971e+02 2.063925795700000165e+01 -5.797043529529999972e+01
6.500000000000000222e-01 4.171869456510000418e+03 -5.061829649809999864e+03 -6.518960480040000220e+03 -1.105696472380000017e+02 2.143863937349999915e+01 -5.761318892309999740e+01
6.500000000000000222e-01 3.970924120940000194e+03 -5.179363432439999997e+03 -6.571843923520000317e+03 -1.104487843410000067e+02 2.228996293089999980e+01 -5.572736552189999770e+01
6.500000000000000222e-01 3.855272736139999779e+03 -4.985509218729999702e+03 -6.695143660380000256e+03 -1.117842013159999937e+02 2.095327855349999879e+01 -5.720552786359999686e+01
6.500000000000000222e-01 4.033302766369999972e+03 -4.856442416019999655e+03 -6.629630793569999696e+03 -1.116947034330000008e+02 2.033000275599999895e+01 -5.719927050329999929e+01
6.500000000000000222e-01 3.896364062009999998e+03 -4.984823640270000396e+03 -6.619307676510000420e+03 -1.134041521630000062e+02 2.178785320249999913e+01 -5.822306487369999672e+01
6.500000000000000222e-01 3.881735631529999864e+03 -5.118738306240000384e+03 -6.630426399289999608e+03 -1.114373290019999985e+02 2.123949741110000033e+01 -5.669300661569999988e+01
6.500000000000000222e-01 4.041548336660000132e+03 -5.170427288240000053e+03 -6.538190349470000001e+03 -1.134311112479999935e+02 1.984379401960000067e+01 -5.806682534360000147e+01
6.500000000000000222e-01 3.945948974469999939e+03 -5.114990683879999779e+03 -6.563954196970000339e+03 -1.104044193499999977e+02 2.208953861430000032e+01 -5.547540260129999723e+01
6.500000000000000222e-01 4.068744450520000100e+03 -4.820794507859999612e+03 -6.668988187990000370e+03 -1.120554361690000036e+02 2.082244180620000051e+01 -5.806432083690000212e+01
6.500000000000000222e-01 4.304083354059999692e+03 -4.925311288210000384e+03 -6.654959638610000184e+03 -1.123597581599999984e+02 2.138909065220000016e+01 -5.887800388680000196e+01
6.500000000000000222e-01 4.186605763190000289e+03 -4.818438655830000243e+03 -6.682985613560000274e+03 -1.133098323659999949e+02 2.148487944900000102e+01 -5.770361834519999888e+01
6.500000000000000222e-01 4.014411617190000015e+03 -4.991905337850000251e+03 -6.537506272610000451e+03 -1.111492405970000021e+02 2.011794568559999874e+01 -5.620354536530000189e+01
6.500000000000000222e-01 4.020163257260000137e+03 -4.960620348020000165e+03 -6.544954687950000334e+03 -1.135120495129999938e+02 2.255744432470000049e+01 -5.763693719620000167e+01
6.500000000000000222e-01 3.993190832010000122e+03 -5.211681129810000130e+03 -6.577863832949999960e+03 -1.126416075599999971e+02 1.995520735970000104e+01 -5.845839150630000347e+01
6.500000000000000222e-01 3.946705465590000131e+03 -5.053566445780000322e+03 -6.558317239869999867e+03 -1.128260794069999946e+02 2.155907724800000125e+01 -5.713485595659999916e+01
6.500000000000000222e-01 3.929884783240000161e+03 -5.073043698980000045e+03 -6.570830927400000292e+03 -1.115974485240000007e+02 2.150768354050000042e+01 -5.636787021640000006e+01
6.500000000000000222e-01 4.122950425240000186e+03 -4.900538272030000371e+03 -6.563064964369999871e+03 -1.129728829950000062e+02 2.306110753069999930e+01 -5.786543892790000143e+01
6.500000000000000222e-01 3.976555404239999916e+03 -4.908441100000000006e+03 -6.603127034330000242e+03 -1.110341188459999984e+02 1.958466724790000058e+01 -5.529873660110000344e+01
6.500000000000000222e-01 4.048118755789999796e+03 -5.126147721979999915e+03 -6.522715026859999853e+03 -1.107025702180000053e+02 2.270063716570000167e+01 -5.640686272509999810e+01
6.500000000000000222e-01 4.071591150849999849e+03 -4.978668760219999967e+03 -6.528489139930000420e+03 -1.120006685249999947e+02 2.075193713439999854e+01 -5.689907932519999889e+01
6.500000000000000222e-01 4.239671638019999591e+03 -4.908714102500000081e+03 -6.603238608169999679e+03 -1.139588048939999965e+02 1.967259648929999827e+01 -5.530234739840000202e+01
6.500000000000000222e-01 4.012323761619999914e+03 -5.146373333589999675e+03 -6.538570717659999900e+03 -1.128986816719999950e+02 2.205677230150000057e+01 -5.717541347470000090e+01
6.500000000000000222e-01 4.234600811450000037e+03 -5.015885835150000275e+03 -6.548323342419999790e+03 -1.146456237099999953e+02 2.024612039659999851e+01 -5.603557414619999832e+01
6.500000000000000222e-01 4.079742462879999948e+03 -5.071094495549999920e+03 -6.511303112790000341e+03 -1.102773465949999974e+02 2.170880280920000160e+01 -5.670414821899999680e+01
6.500000000000000222e-01 4.317505377909999879e+03 -4.903805214060000253e+03 -6.706832707720000144e+03 -1.120804416040000007e+02 2.026057821170000040e+01 -5.863475659320000233e+01
6.500000000000000222e-01 4.111921873590000359e+03 -5.084184438360000058e+03 -6.511183071100000234e+03 -1.118333580660000024e+02 1.962883736410000068e+01 -5.715907867149999788e+01
6.500000000000000222e-01 4.107651284970000233e+03 -5.020177567499999896e+03 -6.514914060709999831e+03 -1.122359664610000038e+02 2.076388161159999868e+01 -5.695917580430000271e+01
6.500000000000000222e-01 4.129850702720000299e+03 -4.822209590380000009e+03 -6.645721775390000403e+03 -1.136299008870000051e+02 2.181080629059999865e+01 -5.710257568640000159e+01
6.500000000000000222e-01 3.971031104260000120e+03 -5.271778317229999629e+03 -6.656101026180000190e+03 -1.127092434639999965e+02 2.198391523989999996e+01 -5.808467805810000328e+01
6.500000000000000222e-01 4.253429734710000048e+03 -4.915511615340000390e+03 -6.608992037650000384e+03 -1.117619377080000049e+02 2.019940771279999936e+01 -5.763597153460000300e+01
6.500000000000000222e-01 4.022344427110000197e+03 -5.262623945270000149e+03 -6.608446864460000143e+03 -1.116052272090000059e+02 2.307812672240000040e+01 -5.571353370519999970e+01
6.500000000000000222e-01 4.020262654550000207e+03 -4.855243628989999706e+03 -6.614442770429999655e+03 -1.131903641530000044e+02 2.120231356140000045e+01 -5.568940168270000157e+01
6.500000000000000222e-01 4.230588927580000018e+03 -4.960551151710000340e+03 -6.564687780780000139e+03 -1.118478177960000011e+02 2.224825949579999929e+01 -5.824170255069999769e+01
6.500000000000000222e-01 4.015025845600000139e+03 -4.871465159600000334e+03 -6.607896350230000280e+03 -1.131465523680000018e+02 2.236478965450000089e+01 -5.811436222780000094e+01
6.500000000000000222e-01 4.061130979099999877e+03 -5.070522747660000277e+03 -6.513944430499999726e+03 -1.120446100719999976e+02 2.141054726020000132e+01 -5.693523910879999761e+01
6.500000000000000222e-01 4.162604674289999821e+03 -5.015910123120000208e+03 -6.521416694059999827e+03 -1.140687880899999982e+02 1.957003494829999823e+01 -5.639707136770000062e+01
6.500000000000000222e-01 4.107012357309999970e+03 -5.072482363199999782e+03 -6.510932551949999834e+03 -1.129416353870000052e+02 2.202119388819999912e+01 -5.709027776749999816e+01
6.500000000000000222e-01 4.284801472209999702e+03 -5.275297408510000423e+03 -6.719502373540000008e+03 -1.118945137609999989e+02 2.055452854880000046e+01 -6.012004314970000252e+01
6.500000000000000222e-01 4.104662701989999732e+03 -5.060925003110000034e+03 -6.510811654920000365e+03 -1.125990814580000006e+02 2.206759638950000024e+01 -5.708352363470000057e+01
6.500000000000000222e-01 4.050443640179999875e+03 -4.811527716030000192e+03 -6.697642181590000291e+03 -1.120602107859999990e+02 2.064449142790000025e+01 -5.806614261179999659e+01
6.500000000000000222e-01 3.850996922799999993e+03 -5.072087563639999644e+03 -6.670924039769999581e+03 -1.118171249030000070e+02 2.129361821630000051e+01 -5.700636380649999779e+01
6.500000000000000222e-01 4.225291047939999771e+03 -5.147533421099999941e+03 -6.549118011800000204e+03 -1.132010395770000031e+02 2.143330750770000037e+01 -5.683514748479999668e+01
6.500000000000000222e-01 4.381533470420000413e+03 -5.089245956869999645e+03 -6.731501226710000083e+03 -1.126002235379999945e+02 2.044288077179999874e+01 -5.792179944320000118e+01
6.500000000000000222e-01 4.168351770930000384e+03 -4.930183662800000093e+03 -6.553070372770000176e+03 -1.136417804769999975e+02 2.192690406270000025e+01 -5.701706419890000177e+01
6.500000000000000222e-01 4.090708689919999870e+03 -5.149178514750000431e+03 -6.524400913720000062e+03 -1.130387571520000023e+02 2.043287748650000069e+01 -5.766884993139999693e+01
6.500000000000000222e-01 4.126801685860000362e+03 -5.042140961899999638e+03 -6.512472216010000011e+03 -1.114216563180000037e+02 2.277422907329999902e+01 -5.721625780469999967e+01
6.500000000000000222e-01 4.158542535780000435e+03 -5.154634881300000416e+03 -6.528706666740000401e+03 -1.123410433939999962e+02 2.148907871040000117e+01 -5.710781780189999779e+01
6.500000000000000222e-01 4.061165105879999828e+03 -5.078029176250000091e+03 -6.514025124169999799e+03 -1.115828310630000004e+02 2.176893554049999935e+01 -5.683711550679999647e+01
6.500000000000000222e-01 4.095741541039999902e+03 -5.068538092830000096e+03 -6.510897309500000119e+03 -1.128813605779999989e+02 2.131937453979999830e+01 -5.708304016230000144e+01
6.500000000000000222e-01 3.984752712970000175e+03 -5.211278568040000209e+03 -6.583854471759999797e+03 -1.131721505120000018e+02 2.192865835379999950e+01 -5.777344379409999675e+01
6.500000000000000222e-01 4.301329657989999760e+03 -5.238202002359999824e+03 -6.669220769069999733e+03 -1.113991067460000011e+02 2.005229208240000105e+01 -5.924451219169999661e+01
6.500000000000000222e-01 3.994056537670000125e+03 -4.894219561040000372e+03 -6.601802787429999626e+03 -1.112302253379999968e+02 1.942030071780000000e+01 -5.487444363320000207e+01
6.500000000000000222e-01 4.205367611759999818e+03 -5.165257323539999561e+03 -6.552241358369999944e+03 -1.123702146159999984e+02 2.110813004370000101e+01 -5.814989156139999693e+01
6.500000000000000222e-01 4.098592619160000140e+03 -5.053501747880000039e+03 -6.510530529929999830e+03 -1.116258930789999937e+02 1.924598989500000101e+01 -5.676878289270000266e+01
6.500000000000000222e-01 4.120534565629999634e+03 -4.850227009619999990e+03 -6.618244664720000401e+03 -1.120774718680000035e+02 1.891997348840000015e+01 -5.514436727710000241e+01
6.500000000000000222e-01 4.048176657779999914e+03 -5.025902189770000405e+03 -6.518014927289999832e+03 -1.118294910340000001e+02 2.093963565540000005e+01 -5.653553463520000122e+01
6.500000000000000222e-01 4.183828877900000407e+03 -5.178357083369999600e+03 -6.548899720819999857e+03 -1.120155969999999996e+02 2.047718218760000042e+01 -5.835706803530000286e+01
6.500000000000000222e-01 3.994490253060000214e+03 -4.973185995650000223e+03 -6.552356478009999591e+03 -1.109207936640000014e+02 1.990671641449999996e+01 -5.581247192909999910e+01
6.500000000000000222e-01 4.264647678440000163e+03 -4.979425853759999882e+03 -6.577928137120000429e+03 -1.137247311040000000e+02 1.974945286199999828e+01 -5.601018747839999889e+01
6.500000000000000222e-01 3.892342901789999814e+03 -5.240575054220000311e+03 -6.729188570739999705e+03 -1.109514996279999934e+02 2.145668080009999912e+01 -5.537140503309999673e+01
6.500000000000000222e-01 3.965122270970000045e+03 -5.309754659690000153e+03 -6.748480004930000177e+03 -1.111054298079999967e+02 2.129153110709999908e+01 -5.628912010349999662e+01
6.500000000000000222e-01 4.201744192320000366e+03 -5.039444393079999827e+03 -6.529653625420000026e+03 -1.137519655650000061e+02 2.053172714020000100e+01 -5.673662762930000270e+01
6.500000000000000222e-01 4.092172134309999819e+03 -5.193645204479999848e+03 -6.539255041229999733e+03 -1.114684396619999944e+02 2.049462662330000029e+01 -5.744710320170000273e+01
6.500000000000000222e-01 4.160771062339999844e+03 -5.180365990880000027e+03 -6.544775541140000314e+03 -1.136950361070000071e+02 2.313190485610000025e+01 -5.686328436440000189e+01
6.500000000000000222e-01 4.062124420380000174e+03 -5.007685512310000377e+03 -6.519811989990000257e+03 -1.111578923750000030e+02 1.943590596599999998e+01 -5.617253583880000178e+01
6.500000000000000222e-01 4.165983635839999806e+03 -5.023286884469999677e+03 -6.521507218499999908e+03 -1.128941893920000012e+02 2.159205225579999876e+01 -5.718105224880000037e+01
6.500000000000000222e-01 4.100658747679999578e+03 -5.336194815650000237e+03 -6.694202101380000386e+03 -1.113370923349999941e+02 2.151054729109999997e+01 -5.611176542820000179e+01
6.500000000000000222e-01 4.045954110090000086e+03 -5.020469516389999626e+03 -6.521116905099999713e+03 -1.126168299189999971e+02 2.135463216959999855e+01 -5.701671389340000218e+01
6.500000000000000222e-01 4.132659689320000325e+03 -5.067337790540000242e+03 -6.512041252050000367e+03 -1.148977797019999940e+02 2.125216260830000081e+01 -5.681719822609999682e+01
6.500000000000000222e-01 4.069985365559999991e+03 -5.189662553549999757e+03 -6.539993572690000292e+03 -1.112808920970000059e+02 2.107440667330000039e+01 -5.712283762460000247e+01
6.500000000000000222e-01 4.017524732589999985e+03 -5.081446645740000349e+03 -6.524693884539999999e+03 -1.132044991540000041e+02 2.122585422159999879e+01 -5.723983486400000231e+01
6.500000000000000222e-01 3.862195856350000213e+03 -4.972818307290000121e+03 -6.686569464989999688e+03 -1.123961470579999968e+02 2.122238236220000118e+01 -5.820744295290000281e+01
6.500000000000000222e-01 3.921080626429999938e+03 -4.872200407260000247e+03 -6.708933364129999973e+03 -1.114623602239999940e+02 2.018153801820000126e+01 -5.431736947089999745e+01
6.500000000000000222e-01 4.349224621209999896e+03 -5.187639002799999616e+03 -6.711170554389999779e+03 -1.118739182070000027e+02 2.049161388559999963e+01 -6.002748196470000153e+01
6.500000000000000222e-01 4.185477349630000390e+03 -5.173035755050000262e+03 -6.542387751180000123e+03 -1.111432852439999976e+02 1.965171225510000141e+01 -5.821062904819999773e+01
6.500000000000000222e-01 4.166515721130000202e+03 -5.149642659449999883e+03 -6.528985523090000243e+03 -1.126112255689999984e+02 2.164126628280000020e+01 -5.702901304249999725e+01
6.500000000000000222e-01 4.336827666889999819e+03 -4.986722192670000368e+03 -6.653213760939999702e+03 -1.129008959140000030e+02 2.007005783600000015e+01 -5.679000058169999932e+01
6.500000000000000222e-01 3.891330184439999812e+03 -5.165760576030000266e+03 -6.636187591869999778e+03 -1.129307761080000034e+02 2.139084024960000008e+01 -5.832418167489999661e+01
6.500000000000000222e-01 4.320005114350000440e+03 -5.082780076170000029e+03 -6.611308438869999918e+03 -1.112384123110000047e+02 2.075872263040000121e+01 -5.924433080330000223e+01
6.500000000000000222e-01 4.014504357249999885e+03 -4.979934664030000022e+03 -6.542049025330000404e+03 -1.113184944080000065e+02 2.014120102340000074e+01 -5.631413373449999682e+01
6.500000000000000222e-01 4.084674081640000168e+03 -5.151632596790000207e+03 -6.524042829709999751e+03 -1.119914630969999934e+02 2.036018661729999835e+01 -5.742051037329999730e+01
6.500000000000000222e-01 4.042796387100000175e+03 -4.901634169179999844e+03 -6.577144254720000390e+03 -1.121985774300000003e+02 2.132078533310000168e+01 -5.752458853870000155e+01
6.500000000000000222e-01 4.112982609429999684e+03 -5.072513992870000038e+03 -6.510506084450000344e+03 -1.106256367699999998e+02 2.016468242779999898e+01 -5.704280664849999738e+01
6.500000000000000222e-01 4.084664426540000022e+03 -4.994911157810000077e+03 -6.521673011660000157e+03 -1.118192009619999965e+02 1.999649514269999884e+01 -5.665148961580000275e+01
6.500000000000000222e-01 4.037025617950000196e+03 -4.854825778579999678e+03 -6.608835651970000072e+03 -1.132009840350000047e+02 2.097944140330000096e+01 -5.553502799299999992e+01
6.500000000000000222e-01 3.938487939189999906e+03 -4.902383229379999648e+03 -6.638544566730000042e+03 -1.126373845060000036e+02 2.143296077009999934e+01 -5.802061586239999968e+01
6.500000000000000222e-01 4.138829618140000093e+03 -5.059972135070000149e+03 -6.512685080760000346e+03 -1.104896647169999966e+02 2.177732055270000089e+01 -5.728436759640000275e+01
6.500000000000000222e-01 4.120909977000000254e+03 -5.133379457000000002e+03 -6.518993158059999587e+03 -1.119302229479999937e+02 1.919637985980000039e+01 -5.767342597660000081e+01
6.500000000000000222e-01 3.936864434739999979e+03 -5.109377054579999822e+03 -6.570666710860000421e+03 -1.107049696189999963e+02 2.156755728210000100e+01 -5.591502808229999744e+01
6.500000000000000222e-01 4.094202946739999788e+03 -5.077490947020000021e+03 -6.511188383179999619e+03 -1.128081022300000029e+02 2.124558449910000135e+01 -5.710543061020000266e+01
6.500000000000000222e-01 4.089527682360000199e+03 -5.150560415500000090e+03 -6.523467473220000102e+03 -1.125412476740000045e+02 1.934974471510000171e+01 -5.773265791059999685e+01
1.390000000000000000e+04 -9.048640294810000341e+03 1.654391466119999905e+03 1.349731999189999988e+04 -2.437882592130000035e+02 2.035420476889999861e+02 -3.235276056580000272e+02
6.500000000000000222e-01 -9.053356765979999182e+03 1.652991656379999995e+03 1.364058539489999930e+04 -2.433043107299999974e+02 2.037598161129999994e+02 -3.234170279960000016e+02
6.500000000000000222e-01 -9.004237831610000285e+03 1.706224344799999926e+03 1.362296952029999920e+04 -2.435139097160000006e+02 2.039037846450000018e+02 -3.237857586420000189e+02
6.500000000000000222e-01 -9.098205507380000199e+03 1.649536882639999931e+03 1.363186847499999931e+04 -2.437125290259999986e+02 2.035997120650000056e+02 -3.233634853859999794e+02
6.500000000000000222e-01 -9.051046534439999959e+03 1.667932104629999913e+03 1.364000763860000006e+04 -2.438681792780000137e+02 2.029934100559999877e+02 -3.233866112489999978e+02
6.500000000000000222e-01 -9.180225128969999787e+03 1.633579381860000012e+03 1.354981847360000029e+04 -2.439041475200000093e+02 2.035850596020000012e+02 -3.237115972359999887e+02
6.500000000000000222e-01 -9.056281002469999294e+03 1.631224829159999899e+03 1.363857832509999935e+04 -2.436952298930000040e+02 2.037606766849999929e+02 -3.234031994160000067e+02
6.500000000000000222e-01 -9.006860973920000106e+03 1.716264338089999910e+03 1.361917742580000049e+04 -2.435435078689999955e+02 2.038629130019999991e+02 -3.238032527149999851e+02
6.500000000000000222e-01 -9.040397083910000219e+03 1.699490222579999909e+03 1.363328220619999956e+04 -2.441131629710000084e+02 2.035844647389999977e+02 -3.234282733179999809e+02
6.500000000000000222e-01 -9.110360305090000111e+03 1.672172938449999947e+03 1.362552007179999964e+04 -2.433075685979999889e+02 2.033626011320000089e+02 -3.231286903289999941e+02
6.500000000000000222e-01 -9.065647756189999200e+03 1.639027513669999962e+03 1.363879183279999961e+04 -2.437519780830000116e+02 2.034861178959999961e+02 -3.234427987860000258e+02
6.500000000000000222e-01 -9.000957813749999332e+03 1.593438600729999962e+03 1.361759837499999958e+04 -2.435459594449999940e+02 2.031563796659999923e+02 -3.238435869979999779e+02
6.500000000000000222e-01 -8.953862533100000292e+03 1.739687071269999933e+03 1.356110389670000040e+04 -2.441364688289999947e+02 2.033226991559999988e+02 -3.229958667810000179e+02
6.500000000000000222e-01 -9.082436223729999256e+03 1.697185942099999920e+03 1.363007515609999973e+04 -2.435420445249999943e+02 2.030818243260000031e+02 -3.231758860319999940e+02
6.500000000000000222e-01 -9.043404684089999137e+03 1.658383911079999962e+03 1.364047206069999993e+04 -2.433799881770000013e+02 2.039201328700000033e+02 -3.234742402730000208e+02
6.500000000000000222e-01 -9.038881529039999805e+03 1.674630816319999894e+03 1.363881475619999947e+04 -2.437091742160000081e+02 2.040361913920000063e+02 -3.235356955660000153e+02
6.500000000000000222e-01 -9.017304711939999834e+03 1.683041213190000008e+03 1.363400251559999924e+04 -2.434986281650000137e+02 2.039543384799999899e+02 -3.236516522040000154e+02
6.500000000000000222e-01 -9.026761258480000834e+03 1.632116012360000013e+03 1.363703814989999955e+04 -2.443519217230000038e+02 2.040238173589999917e+02 -3.233198079509999729e+02
6.500000000000000222e-01 -9.079378282969999418e+03 1.692570749089999936e+03 1.363250075079999988e+04 -2.442039244830000086e+02 2.038991774099999930e+02 -3.235455007749999936e+02
6.500000000000000222e-01 -9.089477801670000190e+03 1.635087370180000107e+03 1.363345839960000012e+04 -2.444075923739999894e+02 2.032997213369999940e+02 -3.236176427359999934e+02
6.500000000000000222e-01 -8.942198036330000832e+03 1.717369094520000090e+03 1.356853704579999976e+04 -2.440822058029999937e+02 2.032751995790000024e+02 -3.230646190190000198e+02
6.500000000000000222e-01 -9.020773768479999490e+03 1.630526874420000013e+03 1.363574173309999969e+04 -2.443384933190000083e+02 2.039355566069999952e+02 -3.233086882399999809e+02
6.500000000000000222e-01 -8.929863160240000070e+03 1.689860409290000007e+03 1.356730583330000081e+04 -2.441867171840000026e+02 2.034912979759999985e+02 -3.231531140399999913e+02
6.500000000000000222e-01 -9.162463854300000094e+03 1.683021888929999932e+03 1.358025446600000032e+04 -2.439775283879999961e+02 2.036269834779999996e+02 -3.235747672489999900e+02
6.500000000000000222e-01 -8.948150557200000549e+03 1.701396227490000001e+03 1.358692055240000082e+04 -2.442869037719999881e+02 2.033486190749999878e+02 -3.230470440039999858e+02
6.500000000000000222e-01 -9.095047697809999590e+03 1.622761009139999942e+03 1.362924302829999942e+04 -2.442569037050000134e+02 2.032300550280000095e+02 -3.236475945880000040e+02
6.500000000000000222e-01 -9.005897238730000026e+03 1.561956344400000035e+03 1.359782336609999948e+04 -2.436508544289999918e+02 2.031778200820000109e+02 -3.239609476119999840e+02
6.500000000000000222e-01 -9.024506756259999747e+03 1.598927363810000088e+03 1.362760685249999915e+04 -2.439109590019999985e+02 2.038456016629999965e+02 -3.232824537829999940e+02
6.500000000000000222e-01 -9.035133266029999504e+03 1.691358398549999947e+03 1.363486642989999928e+04 -2.436501160169999878e+02 2.038348346239999955e+02 -3.235894656940000118e+02
6.500000000000000222e-01 -9.043026855689999138e+03 1.741952300079999986e+03 1.361172295110000050e+04 -2.441981137839999860e+02 2.036665946699999949e+02 -3.233928592269999740e+02
6.500000000000000222e-01 -9.082691577210000105e+03 1.590709088609999981e+03 1.362055362229999992e+04 -2.441817792909999980e+02 2.036792611699999895e+02 -3.235638173369999890e+02
6.500000000000000222e-01 -9.020982413409999936e+03 1.652717491890000019e+03 1.363775501160000022e+04 -2.434665872669999942e+02 2.035237115049999943e+02 -3.235605473080000252e+02
6.500000000000000222e-01 -9.042686476770000809e+03 1.614078136150000091e+03 1.363440287279999939e+04 -2.440676745089999997e+02 2.042264395249999893e+02 -3.232859948830000008e+02
6.500000000000000222e-01 -9.036744701870000426e+03 1.639210895140000048e+03 1.363909096780000073e+04 -2.439756200399999955e+02 2.036422005679999927e+02 -3.234719540550000261e+02
6.500000000000000222e-01 -9.046940521669999725e+03 1.544846506749999890e+03 1.358736981089999972e+04 -2.440412906480000004e+02 2.041635430380000003e+02 -3.230775473959999999e+02
6.500000000000000222e-01 -8.957332618759999605e+03 1.657494563519999929e+03 1.360685571510000045e+04 -2.441472081949999904e+02 2.035469103679999989e+02 -3.233667111799999816e+02
6.500000000000000222e-01 -9.027397399060000680e+03 1.637793152499999906e+03 1.363795258009999998e+04 -2.444020910819999983e+02 2.039490988969999989e+02 -3.233383996329999945e+02
6.500000000000000222e-01 -8.950220558700000765e+03 1.587452909030000001e+03 1.357801612550000027e+04 -2.436232592140000008e+02 2.033690965749999862e+02 -3.237924055120000162e+02
6.500000000000000222e-01 -9.169209123959999488e+03 1.693276426789999960e+03 1.356338231669999914e+04 -2.434922112280000022e+02 2.034020510039999863e+02 -3.228793485670000223e+02
6.500000000000000222e-01 -9.059434070029999930e+03 1.642377827040000057e+03 1.363970870029999969e+04 -2.439600803040000017e+02 2.033923938220000025e+02 -3.234724070070000153e+02
6.500000000000000222e-01 -9.026881820389999120e+03 1.612367570639999940e+03 1.363168746199999987e+04 -2.440830862159999981e+02 2.037725049889999980e+02 -3.234891286189999846e+02
6.500000000000000222e-01 -9.072213334309999482e+03 1.738286446569999953e+03 1.361196363360000032e+04 -2.441413627580000139e+02 2.040591369040000131e+02 -3.237635468259999811e+02
6.500000000000000222e-01 -9.176983772310000859e+03 1.658891900710000073e+03 1.356055305469999985e+04 -2.440447196019999865e+02 2.035567249460000028e+02 -3.239439578640000263e+02
6.500000000000000222e-01 -8.946547897270000249e+03 1.614676933319999989e+03 1.358959465439999985e+04 -2.440540661770000099e+02 2.035805820420000032e+02 -3.232698566259999780e+02
6.500000000000000222e-01 -8.972016877489999388e+03 1.721018079039999975e+03 1.359767452310000044e+04 -2.437236149519999913e+02 2.032414766169999893e+02 -3.234995414940000273e+02
6.500000000000000222e-01 -9.130220991449999929e+03 1.578378075020000097e+03 1.358701958989999912e+04 -2.434476760009999907e+02 2.037524339480000037e+02 -3.229843831329999944e+02
6.500000000000000222e-01 -9.087200427980000313e+03 1.541073920360000102e+03 1.357350341359999948e+04 -2.440190957899999944e+02 2.040523353920000034e+02 -3.232318980929999839e+02
6.500000000000000222e-01 -9.079673400550000224e+03 1.540605868910000027e+03 1.357897101470000052e+04 -2.435978692840000122e+02 2.038142612119999910e+02 -3.230094354560000056e+02
6.500000000000000222e-01 -9.010166332709999551e+03 1.651094088249999913e+03 1.363509508090000054e+04 -2.434786899409999990e+02 2.035100417349999873e+02 -3.236033941680000225e+02
6.500000000000000222e-01 -9.098510346360000767e+03 1.773808602280000059e+03 1.355747848720000002e+04 -2.439016885670000079e+02 2.036751478829999940e+02 -3.240256259230000069e+02
6.500000000000000222e-01 -9.047774848499999280e+03 1.622414995549999958e+03 1.363708098319999954e+04 -2.438273585850000131e+02 2.040529932889999998e+02 -3.233276736560000018e+02
6.500000000000000222e-01 -9.051346121029999267e+03 1.667184637639999892e+03 1.364006975609999972e+04 -2.438203315419999910e+02 2.030294363040000007e+02 -3.233924830319999728e+02
6.500000000000000222e-01 -8.954138334089999262e+03 1.591258566909999900e+03 1.358361923439999919e+04 -2.435645541130000140e+02 2.033749556749999954e+02 -3.240656348329999901e+02
6.500000000000000222e-01 -9.044322190389999378e+03 1.654765200889999960e+03 1.364054150479999953e+04 -2.445074790390000032e+02 2.035124188259999869e+02 -3.234278912980000200e+02
6.500000000000000222e-01 -8.966274040730000706e+03 1.728386412470000096e+03 1.358735094179999942e+04 -2.435569576400000074e+02 2.034641185389999976e+02 -3.238325873719999777e+02
6.500000000000000222e-01 -9.048124690140000894e+03 1.682339480430000094e+03 1.363783899949999977e+04 -2.438569058150000046e+02 2.041225650050000127e+02 -3.235648481439999955e+02
6.500000000000000222e-01 -9.089305886050000481e+03 1.694774960779999901e+03 1.362818651060000047e+04 -2.434534661149999977e+02 2.031030581720000043e+02 -3.232434844499999826e+02
6.500000000000000222e-01 -9.070752554849999797e+03 1.522393691770000032e+03 1.354708417870000085e+04 -2.438316932040000040e+02 2.034240989029999866e+02 -3.240946869009999887e+02
6.500000000000000222e-01 -8.922347942029999103e+03 1.630362536330000012e+03 1.355842760730000009e+04 -2.441406986659999916e+02 2.036328231859999960e+02 -3.231413634159999901e+02
6.500000000000000222e-01 -8.909538305210000544e+03 1.678886649730000045e+03 1.351691882319999968e+04 -2.438055641910000020e+02 2.035372086780000132e+02 -3.241922229429999902e+02
6.500000000000000222e-01 -8.923831389589999162e+03 1.698207435340000075e+03 1.355064649300000019e+04 -2.441062507419999861e+02 2.034123495849999870e+02 -3.229952103350000243e+02
6.500000000000000222e-01 -9.013669240970000828e+03 1.692374623149999934e+03 1.363075999679999950e+04 -2.443544242529999906e+02 2.031455031970000107e+02 -3.232471432149999941e+02
6.500000000000000222e-01 -9.029421279359999971e+03 1.673978267420000066e+03 1.363786139109999931e+04 -2.435028778950000117e+02 2.038624507119999976e+02 -3.235626547269999946e+02
6.500000000000000222e-01 -8.992558408400000189e+03 1.670754794720000064e+03 1.362784579180000037e+04 -2.444331287789999863e+02 2.033558878560000096e+02 -3.232399900060000277e+02
6.500000000000000222e-01 -9.036875563359999433e+03 1.644467678010000100e+03 1.363968888669999978e+04 -2.435666217389999986e+02 2.032897999520000099e+02 -3.235120723699999985e+02
6.500000000000000222e-01 -9.065252009809999436e+03 1.745889648459999989e+03 1.360659630739999920e+04 -2.440222141959999931e+02 2.040177929980000044e+02 -3.238482658469999933e+02
6.500000000000000222e-01 -9.031944269109999368e+03 1.631973661759999914e+03 1.363784325510000053e+04 -2.435345839619999992e+02 2.030807535099999939e+02 -3.235707893410000224e+02
6.500000000000000222e-01 -9.185205627830000594e+03 1.676404987780000056e+03 1.353249755510000068e+04 -2.436627660119999916e+02 2.034995392010000046e+02 -3.232031571690000078e+02
6.500000000000000222e-01 -9.100676470669999617e+03 1.642918647810000039e+03 1.363057785759999933e+04 -2.436766147749999902e+02 2.036682191840000087e+02 -3.233306143770000176e+02
6.500000000000000222e-01 -9.087257610909999130e+03 1.569925092129999939e+03 1.360571943219999957e+04 -2.438383123160000139e+02 2.041680700889999969e+02 -3.230858936390000054e+02
6.500000000000000222e-01 -9.103600733709999986e+03 1.767682697389999930e+03 1.356067186749999928e+04 -2.435635982759999933e+02 2.031711721640000121e+02 -3.233566679549999776e+02
6.500000000000000222e-01 -9.064112550300000294e+03 1.642226124909999953e+03 1.363933210610000060e+04 -2.435315514190000101e+02 2.040013464939999892e+02 -3.233595182669999986e+02
6.500000000000000222e-01 -8.963335101619999477e+03 1.558913088100000095e+03 1.356068277689999923e+04 -2.440308024530000068e+02 2.038086311899999998e+02 -3.229927752009999722e+02
6.500000000000000222e-01 -8.983272318200000882e+03 1.590042374599999903e+03 1.360660943249999946e+04 -2.435669154169999899e+02 2.032764019820000101e+02 -3.239307099480000147e+02
6.500000000000000222e-01 -9.062354207450000104e+03 1.634861150619999989e+03 1.363867262389999996e+04 -2.435472064569999873e+02 2.038882939210000131e+02 -3.233632665210000141e+02
6.500000000000000222e-01 -9.146150885940000080e+03 1.672716549199999918e+03 1.360040262199999961e+04 -2.440022155849999876e+02 2.035327348149999978e+02 -3.236369922679999718e+02
6.500000000000000222e-01 -9.073626102230000470e+03 1.659446670020000056e+03 1.363842931929999941e+04 -2.439938783270000044e+02 2.035901904330000036e+02 -3.234590976860000069e+02
6.500000000000000222e-01 -9.148350786069999231e+03 1.618676304979999941e+03 1.359427951620000022e+04 -2.440642254880000053e+02 2.036357101160000127e+02 -3.235914248899999848e+02
6.500000000000000222e-01 -9.189926232600000731e+03 1.654662432719999970e+03 1.351850524129999940e+04 -2.436465387039999939e+02 2.035503121700000122e+02 -3.228059026959999755e+02
6.500000000000000222e-01 -9.062590091559999564e+03 1.779999505380000073e+03 1.356047353690000091e+04 -2.436442760550000060e+02 2.033817018109999992e+02 -3.238117415670000128e+02
6.500000000000000222e-01 -9.049150716169999214e+03 1.665738160529999959e+03 1.364018397390000064e+04 -2.439540363039999988e+02 2.031449156310000035e+02 -3.234159979180000164e+02
6.500000000000000222e-01 -9.078872193040000639e+03 1.663475368110000090e+03 1.363725534230000085e+04 -2.439957735010000022e+02 2.036085753140000065e+02 -3.234573879910000187e+02
6.500000000000000222e-01 -9.035093285009999818e+03 1.682373354670000026e+03 1.363716181850000066e+04 -2.441939854279999906e+02 2.032783086089999927e+02 -3.233751590059999899e+02
6.500000000000000222e-01 -9.082929503200000909e+03 1.625303227670000069e+03 1.363350465719999920e+04 -2.434303923200000099e+02 2.039983800999999914e+02 -3.232200561509999943e+02
6.500000000000000222e-01 -9.050028951289999895e+03 1.662662898379999888e+03 1.364035255809999944e+04 -2.439219458240000051e+02 2.039130182760000025e+02 -3.234748499730000049e+02
6.500000000000000222e-01 -9.029362097189999986e+03 1.660892107269999997e+03 1.363906948200000079e+04 -2.434565765389999967e+02 2.036769452890000025e+02 -3.235308540909999806e+02
6.500000000000000222e-01 -9.132456530949999433e+03 1.712380659639999976e+03 1.359842059949999930e+04 -2.434925973370000065e+02 2.032821663199999875e+02 -3.229456921220000254e+02
6.500000000000000222e-01 -9.049048590000000331e+03 1.686431760140000051e+03 1.363668671100000029e+04 -2.437449071679999975e+02 2.031971784149999962e+02 -3.234149028310000062e+02
6.500000000000000222e-01 -9.025888972770000692e+03 1.752451246200000014e+03 1.359889573919999930e+04 -2.440148796539999978e+02 2.030481773859999919e+02 -3.230211714280000024e+02
6.500000000000000222e-01 -9.035432701060000909e+03 1.636184549719999950e+03 1.363883432429999993e+04 -2.441288016139999968e+02 2.039235035519999997e+02 -3.233838649549999786e+02
6.500000000000000222e-01 -8.943054518450000614e+03 1.610217268009999998e+03 1.358350640439999916e+04 -2.440249503180000090e+02 2.035777246240000125e+02 -3.232697825259999718e+02
6.500000000000000222e-01 -8.971377098290000504e+03 1.661358565100000078e+03 1.361714181450000069e+04 -2.443668204020000019e+02 2.035206264429999976e+02 -3.232394938489999845e+02
6.500000000000000222e-01 -8.971823014929999772e+03 1.727653740960000050e+03 1.359273313369999960e+04 -2.435381432259999883e+02 2.036970839470000101e+02 -3.239782704620000118e+02
6.500000000000000222e-01 -9.120677550559999872e+03 1.559182947669999976e+03 1.357607564230000025e+04 -2.435840322070000070e+02 2.039067585569999892e+02 -3.228932378580000204e+02
6.500000000000000222e-01 -9.049336323929999708e+03 1.661538382949999914e+03 1.364046612869999990e+04 -2.438654321760000130e+02 2.029003653750000069e+02 -3.234079539900000100e+02
6.500000000000000222e-01 -9.100591509899999437e+03 1.656771088879999979e+03 1.363099793440000030e+04 -2.442585975179999878e+02 2.035652909410000007e+02 -3.235746581089999836e+02
6.500000000000000222e-01 -9.042934104840000145e+03 1.774887118139999984e+03 1.357584876070000064e+04 -2.440823741650000045e+02 2.034013880230000098e+02 -3.231067898019999802e+02
6.500000000000000222e-01 -8.982723270399999819e+03 1.725636131429999978e+03 1.360203235649999988e+04 -2.442980007049999926e+02 2.034391280309999956e+02 -3.232345855689999894e+02
6.500000000000000222e-01 -9.106226685039999211e+03 1.581292685709999887e+03 1.360633791630000087e+04 -2.438097544199999902e+02 2.032055854140000122e+02 -3.236713300850000223e+02
6.500000000000000222e-01 -9.041415795430000799e+03 1.648713606510000091e+03 1.364024599010000020e+04 -2.436638011779999999e+02 2.033845524269999885e+02 -3.234832557280000174e+02
6.500000000000000222e-01 -9.009871691399999690e+03 1.729321552699999984e+03 1.361285045469999932e+04 -2.442056843599999922e+02 2.031084022070000117e+02 -3.231127622820000056e+02
