3.450000000000000000e+05 4.311531032949999826e+03 -5.105029616939999869e+03 -6.685597555930000453e+03 -1.087211400580000031e+02 1.674097024710000170e+01 -6.342176593930000195e+01
6.500000000000000222e-01 4.488507530380000389e+03 -5.283089581049999651e+03 -6.562314494999999624e+03 -1.097053582970000036e+02 1.771006454500000160e+01 -6.373788861749999768e+01
6.500000000000000222e-01 4.158597273489999679e+03 -5.217393492879999940e+03 -6.473795921380000436e+03 -1.073784690290000015e+02 1.740148602989999915e+01 -6.244633151810000271e+01
6.500000000000000222e-01 4.121336018859999967e+03 -5.174413710499999979e+03 -6.483828100640000230e+03 -1.077175915459999942e+02 1.806642044770000055e+01 -6.184752781310000103e+01
6.500000000000000222e-01 4.241206980740000290e+03 -5.363970782119999967e+03 -6.594324275250000028e+03 -1.084261968139999937e+02 1.801931253189999893e+01 -6.159694461760000195e+01
6.500000000000000222e-01 4.394333762850000312e+03 -5.247249262399999679e+03 -6.450264148510000268e+03 -1.085966693209999931e+02 1.707128775219999994e+01 -6.318735037740000138e+01
6.500000000000000222e-01 4.360340066980000302e+03 -4.993126555499999995e+03 -6.427197624770000402e+03 -1.083553095559999946e+02 1.878025765539999981e+01 -6.411341571830000419e+01
6.500000000000000222e-01 4.196170662970000194e+03 -5.052165532770000027e+03 -6.429274835639999765e+03 -1.102056887990000007e+02 1.766574636129999831e+01 -6.380214466150000163e+01
6.500000000000000222e-01 4.387849351429999842e+03 -5.005237298259999989e+03 -6.429133408509999754e+03 -1.089495139060000071e+02 1.854021858309999971e+01 -6.393271290199999868e+01
6.500000000000000222e-01 4.470989422259999628e+03 -5.150871709510000073e+03 -6.454052156380000270e+03 -1.084396369810000067e+02 1.660366921299999987e+01 -6.408769549449999658e+01
6.500000000000000222e-01 4.373672407250000106e+03 -5.098205965940000169e+03 -6.407347913720000179e+03 -1.071249276220000013e+02 1.736343843259999886e+01 -6.382638428669999797e+01
6.500000000000000222e-01 4.172666417569999794e+03 -5.217239643359999718e+03 -6.463703123889999915e+03 -1.072029013899999939e+02 1.812312842100000054e+01 -6.196225208789999783e+01
6.500000000000000222e-01 4.059550294669999857e+03 -5.021030473939999865e+03 -6.584131817079999564e+03 -1.086113795410000051e+02 1.692538357640000157e+01 -6.361226851579999675e+01
6.500000000000000222e-01 4.237253963060000387e+03 -4.890878652409999631e+03 -6.518627922620000390e+03 -1.083261126310000009e+02 1.638639138299999942e+01 -6.360760693280000311e+01
6.500000000000000222e-01 4.103581201410000176e+03 -5.021857179360000373e+03 -6.506417730760000268e+03 -1.101606371109999998e+02 1.772172450620000106e+01 -6.462246275900000114e+01
6.500000000000000222e-01 4.085364349120000043e+03 -5.154704637740000180e+03 -6.520436941089999891e+03 -1.082581154970000057e+02 1.711086413350000157e+01 -6.300713092689999684e+01
6.500000000000000222e-01 4.248751537000000098e+03 -5.203783791200000451e+03 -6.425743524739999884e+03 -1.101147839799999986e+02 1.568390219620000003e+01 -6.427547765180000283e+01
6.500000000000000222e-01 4.147602005040000222e+03 -5.152511191919999874e+03 -6.456231538830000318e+03 -1.071475577989999977e+02 1.793950710929999914e+01 -6.176956853520000124e+01
6.500000000000000222e-01 4.273351336740000079e+03 -4.856187879240000257e+03 -6.556387685200000305e+03 -1.086736626189999981e+02 1.693482621160000079e+01 -6.446812841119999860e+01
6.500000000000000222e-01 4.509150788730000386e+03 -4.961762425789999725e+03 -6.541012405079999553e+03 -1.088612958850000041e+02 1.751824985920000088e+01 -6.508272053189999440e+01
6.500000000000000222e-01 4.393475286550000419e+03 -4.855095491250000123e+03 -6.571105226079999738e+03 -1.098617920020000014e+02 1.764708258370000138e+01 -6.403840586770000698e+01
6.500000000000000222e-01 4.217359539359999872e+03 -5.025834553890000279e+03 -6.428394978590000392e+03 -1.077887809260000012e+02 1.603519823670000122e+01 -6.254973320490000077e+01
6.500000000000000222e-01 4.227472377819999565e+03 -4.999079711790000147e+03 -6.433177740809999705e+03 -1.101393274929999961e+02 1.849622588349999930e+01 -6.399747223720000022e+01
6.500000000000000222e-01 4.198988485480000236e+03 -5.245235906830000204e+03 -6.464700181060000432e+03 -1.093921358089999956e+02 1.578512299089999971e+01 -6.465922380630000532e+01
6.500000000000000222e-01 4.152817617140000038e+03 -5.090127833669999745e+03 -6.447490435140000045e+03 -1.095412726779999986e+02 1.743532276390000035e+01 -6.347135560539999943e+01
6.500000000000000222e-01 4.133744689389999621e+03 -5.109504459740000129e+03 -6.461428390410000247e+03 -1.083385589730000049e+02 1.737723322289999928e+01 -6.269838254110000264e+01
6.500000000000000222e-01 4.329198389479999605e+03 -4.939993090779999875e+03 -6.450881234970000150e+03 -1.095247844849999979e+02 1.907840891649999904e+01 -6.420490913999999805e+01
6.500000000000000222e-01 4.179317768179999803e+03 -4.941445761209999546e+03 -6.495637088980000044e+03 -1.077062935409999938e+02 1.557707715729999975e+01 -6.171027502340000126e+01
6.500000000000000222e-01 4.250252610319999803e+03 -5.164799067900000409e+03 -6.413314424240000335e+03 -1.073615362230000017e+02 1.855248120199999917e+01 -6.264392119800000103e+01
6.500000000000000222e-01 4.276074923070000295e+03 -5.013786669490000349e+03 -6.418108374020000156e+03 -1.085933040219999981e+02 1.668991551710000110e+01 -6.322269559149999907e+01
6.500000000000000222e-01 4.447701694450000105e+03 -4.941952388529999553e+03 -6.495859192590000021e+03 -1.104645297389999996e+02 1.575808991100000078e+01 -6.156278849139999920e+01
6.500000000000000222e-01 4.218551276700000017e+03 -5.183824367389999679e+03 -6.427746403809999720e+03 -1.095941934580000066e+02 1.789756397749999905e+01 -6.341495493699999741e+01
6.500000000000000222e-01 4.443908778259999963e+03 -5.050108552050000071e+03 -6.439635045840000203e+03 -1.111606633859999960e+02 1.623901559509999970e+01 -6.223714218159999945e+01
6.500000000000000222e-01 4.281053147929999795e+03 -5.107936622389999684e+03 -6.401334568160000345e+03 -1.068898258889999937e+02 1.759101441980000047e+01 -6.296410726290000071e+01
6.500000000000000222e-01 4.522066956409999875e+03 -4.938208722669999588e+03 -6.593337250370000220e+03 -1.085958932439999955e+02 1.643882049460000161e+01 -6.483801347680000049e+01
6.500000000000000222e-01 4.316083996459999980e+03 -5.117188020900000083e+03 -6.400393673319999834e+03 -1.084323133959999979e+02 1.551511534740000009e+01 -6.339228582860000216e+01
6.500000000000000222e-01 4.312556373839999651e+03 -5.055302640199999587e+03 -6.404458824229999664e+03 -1.088129449329999971e+02 1.668483429939999851e+01 -6.323671201789999685e+01
6.500000000000000222e-01 4.337326245569999628e+03 -4.859431710089999797e+03 -6.534922776290000002e+03 -1.101970485719999999e+02 1.792672570790000108e+01 -6.347465660270000143e+01
6.500000000000000222e-01 4.177014443600000050e+03 -5.309097754360000181e+03 -6.543662248730000101e+03 -1.095371862530000016e+02 1.782971799879999963e+01 -6.424269558439999628e+01
6.500000000000000222e-01 4.457394414080000388e+03 -4.949728742160000365e+03 -6.497307891319999726e+03 -1.082649922869999983e+02 1.628741204940000031e+01 -6.388441246040000010e+01
6.500000000000000222e-01 4.226235424710000188e+03 -5.301958506500000112e+03 -6.500403494019999926e+03 -1.083748405279999929e+02 1.891487278390000171e+01 -6.185764398340000270e+01
4.560000000000000000e+04 5.630262526219999927e+03 2.790018143409999993e+03 1.679697065229999862e+04 2.081034573860000023e+02 -5.933415122219999915e+01 2.123941208530000040e+02
6.500000000000000222e-01 5.571454185749999851e+03 2.942762841990000197e+03 1.692403138010000112e+04 2.078750273740000125e+02 -5.924442614480000202e+01 2.127822246140000004e+02
6.500000000000000222e-01 5.718569316369999797e+03 2.864275405020000107e+03 1.696694505030000073e+04 2.085529164829999900e+02 -5.874978507670000027e+01 2.120356463660000088e+02
6.500000000000000222e-01 5.567595214809999561e+03 2.927855842179999854e+03 1.693556944479999947e+04 2.078966509770000073e+02 -5.876725007539999979e+01 2.117578786930000092e+02
6.500000000000000222e-01 5.597600850699999683e+03 2.787839025060000040e+03 1.699967927369999961e+04 2.083697324370000103e+02 -5.929467426000000074e+01 2.125003386729999875e+02
6.500000000000000222e-01 5.676066531290000057e+03 2.832172757780000211e+03 1.699285666449999917e+04 2.075828444160000004e+02 -5.998759761379999844e+01 2.128016836550000050e+02
6.500000000000000222e-01 5.633034945909999806e+03 2.784713750200000050e+03 1.700229358620000130e+04 2.080120424030000095e+02 -5.900353635310000300e+01 2.124952477219999878e+02
6.500000000000000222e-01 5.757656739240000206e+03 2.643060315539999920e+03 1.686037788789999831e+04 2.081916852690000042e+02 -5.939797128389999870e+01 2.115416446190000102e+02
6.500000000000000222e-01 5.630379671640000197e+03 2.792871987349999927e+03 1.700237270910000007e+04 2.081633805140000106e+02 -5.898356563600000158e+01 2.124834467430000018e+02
6.500000000000000222e-01 5.589930977269999858e+03 2.975572410000000218e+03 1.687083735460000025e+04 2.083148912620000033e+02 -5.938153593850000078e+01 2.117518318299999862e+02
6.500000000000000222e-01 5.446245000810000420e+03 2.786906069860000116e+03 1.688678016570000182e+04 2.081768115309999985e+02 -5.933238681499999956e+01 2.122156366540000079e+02
6.500000000000000222e-01 5.718609493900000416e+03 2.732457244350000110e+03 1.697398746430000028e+04 2.078629911060000097e+02 -5.916403788579999912e+01 2.128031920020000030e+02
6.500000000000000222e-01 5.828971573019999596e+03 2.776818509059999997e+03 1.684574974149999980e+04 2.080242394299999944e+02 -5.931979588309999940e+01 2.124338673610000114e+02
6.500000000000000222e-01 5.678964205930000389e+03 2.887000694230000136e+03 1.697190683699999863e+04 2.077840762399999903e+02 -5.892102153380000118e+01 2.124668991089999963e+02
6.500000000000000222e-01 5.621635032860000138e+03 2.734146032329999798e+03 1.699413252439999997e+04 2.079022568119999903e+02 -5.970631405259999980e+01 2.122940337290000059e+02
6.500000000000000222e-01 5.642939517879999585e+03 2.804348435289999998e+03 1.700156607019999865e+04 2.086874273459999927e+02 -5.866258226240000084e+01 2.124315962770000112e+02
6.500000000000000222e-01 5.668319604360000085e+03 2.727239919829999963e+03 1.698944179470000017e+04 2.082195064050000042e+02 -5.920676623629999824e+01 2.126157596760000104e+02
6.500000000000000222e-01 5.596325821700000233e+03 2.781445983680000154e+03 1.699933285890000116e+04 2.085611577010000133e+02 -5.914359741220000188e+01 2.125482742890000054e+02
6.500000000000000222e-01 5.624781210610000016e+03 2.789518739340000138e+03 1.700230101920000016e+04 2.080351634820000015e+02 -5.931151591070000251e+01 2.124794334579999884e+02
6.500000000000000222e-01 5.546024491739999576e+03 2.685344473059999928e+03 1.695152585499999986e+04 2.076799725980000062e+02 -5.909375647409999743e+01 2.121843907699999932e+02
6.500000000000000222e-01 5.768113570450000225e+03 2.671134022499999901e+03 1.689416350400000010e+04 2.084873095140000032e+02 -5.963556472169999978e+01 2.119073242929999878e+02
6.500000000000000222e-01 5.547154125469999599e+03 2.919826140440000017e+03 1.693076654150000104e+04 2.086900688860000059e+02 -6.005013439929999919e+01 2.131234325810000030e+02
6.500000000000000222e-01 5.701995262970000113e+03 2.720653326000000106e+03 1.697541561310000179e+04 2.082013505369999962e+02 -5.932438555510000100e+01 2.122301251560000139e+02
6.500000000000000222e-01 5.623294254340000407e+03 2.806133507919999829e+03 1.700168183940000017e+04 2.085874738130000026e+02 -6.019666024299999663e+01 2.125912942200000089e+02
6.500000000000000222e-01 5.640243011149999802e+03 2.952748169070000131e+03 1.691974382410000180e+04 2.084027998770000067e+02 -6.015254332850000196e+01 2.131189071059999947e+02
6.500000000000000222e-01 5.587695995979999680e+03 2.821176422890000140e+03 1.699566901430000144e+04 2.084800002959999858e+02 -5.948621663549999994e+01 2.126114459700000054e+02
6.500000000000000222e-01 5.685556421369999953e+03 2.713037043220000214e+03 1.697838775700000042e+04 2.083406198680000045e+02 -5.961679528399999839e+01 2.121256448430000034e+02
6.500000000000000222e-01 5.546618362479999632e+03 2.861865030039999965e+03 1.696893921530000080e+04 2.088331892189999905e+02 -5.991646755360000043e+01 2.127993009509999922e+02
6.500000000000000222e-01 5.748273495630000070e+03 2.857753963550000208e+03 1.695110019010000178e+04 2.077329951659999949e+02 -5.978208499549999999e+01 2.130466367740000067e+02
6.500000000000000222e-01 5.473474606339999809e+03 2.665506011030000082e+03 1.683999534480000148e+04 2.083936264609999967e+02 -5.922390808560000153e+01 2.131068775059999894e+02
6.500000000000000222e-01 5.526122098769999866e+03 2.616304751709999891e+03 1.682861818940000012e+04 2.083067775229999938e+02 -5.925107113079999976e+01 2.128535887589999902e+02
6.500000000000000222e-01 5.703250975320000180e+03 2.812564748839999993e+03 1.698785453929999858e+04 2.077112689260000025e+02 -5.955114053930000040e+01 2.127240026290000117e+02
6.500000000000000222e-01 5.618274750159999712e+03 2.702049812320000001e+03 1.698274387500000012e+04 2.085270932420000065e+02 -5.967961997220000114e+01 2.124223960829999953e+02
6.500000000000000222e-01 5.673723486029999549e+03 2.704148338280000189e+03 1.697715791919999901e+04 2.076011507199999926e+02 -5.848945920719999947e+01 2.127557621960000063e+02
6.500000000000000222e-01 5.595805846019999990e+03 2.838464140850000149e+03 1.699336282249999931e+04 2.087852746609999883e+02 -6.011615744889999746e+01 2.127586530009999990e+02
6.500000000000000222e-01 5.675185219050000342e+03 2.821186328029999913e+03 1.699498975200000132e+04 2.080809726960000035e+02 -5.912596431549999920e+01 2.124776291910000054e+02
6.500000000000000222e-01 5.623992481319999570e+03 2.596753505080000195e+03 1.686720344209999894e+04 2.083158866109999963e+02 -5.912733811289999863e+01 2.131096996029999957e+02
6.500000000000000222e-01 5.588313714490000166e+03 2.823897590659999878e+03 1.699480527359999905e+04 2.081412959079999894e+02 -5.930698975789999849e+01 2.124031779409999956e+02
6.500000000000000222e-01 5.656930102430000261e+03 2.790567616119999911e+03 1.700074524169999859e+04 2.071886197050000078e+02 -5.930930159300000071e+01 2.126438110040000140e+02
6.500000000000000222e-01 5.601828875270000026e+03 2.703280355389999841e+03 1.698129979779999849e+04 2.085952773019999995e+02 -5.944321709569999967e+01 2.125330268440000054e+02
6.500000000000000222e-01 5.569594943940000121e+03 2.780523179060000075e+03 1.699278980420000153e+04 2.078335923749999949e+02 -5.939319921690000115e+01 2.123335030570000015e+02
1.390000000000000000e+04 -8.595809451560000525e+03 1.277439875750000056e+03 1.409322386670000014e+04 -2.459511411819999864e+02 2.038953239409999867e+02 -3.198804254689999880e+02
6.500000000000000222e-01 -8.717479809849999583e+03 1.325014910359999931e+03 1.415079605400000037e+04 -2.460995859559999985e+02 2.039064763890000052e+02 -3.202967900389999727e+02
6.500000000000000222e-01 -8.689958713359999820e+03 1.377403857000000016e+03 1.413158705410000039e+04 -2.457828636749999873e+02 2.036730115510000019e+02 -3.192466567569999825e+02
6.500000000000000222e-01 -8.474966823849999855e+03 1.218944077899999911e+03 1.414142519340000035e+04 -2.458508740439999940e+02 2.038603904770000099e+02 -3.205182019760000003e+02
6.500000000000000222e-01 -8.558534582230000524e+03 1.228156158900000037e+03 1.422262930410000081e+04 -2.456421169060000125e+02 2.034554978730000130e+02 -3.200554303160000131e+02
6.500000000000000222e-01 -8.565030512290000843e+03 1.235795979750000015e+03 1.422697291670000050e+04 -2.460539327600000092e+02 2.040113037430000134e+02 -3.197368163460000119e+02
6.500000000000000222e-01 -8.479197894670000096e+03 1.320285888189999923e+03 1.416403508340000008e+04 -2.460526235190000079e+02 2.037366463220000128e+02 -3.197279435440000270e+02
6.500000000000000222e-01 -8.701812500629999704e+03 1.228263288840000087e+03 1.417613496269999996e+04 -2.462935720689999926e+02 2.039026157350000119e+02 -3.201873816479999846e+02
6.500000000000000222e-01 -8.491037012310000136e+03 1.270895697019999943e+03 1.419006380189999982e+04 -2.456095176100000117e+02 2.038768719070000088e+02 -3.203636734919999753e+02
6.500000000000000222e-01 -8.643718352339999910e+03 1.323738832860000002e+03 1.421926998280000043e+04 -2.456847796360000018e+02 2.035602951689999998e+02 -3.197056727840000008e+02
6.500000000000000222e-01 -8.607218512850000479e+03 1.237459483489999911e+03 1.423035504559999936e+04 -2.459068295600000056e+02 2.036107252490000121e+02 -3.198764595939999822e+02
6.500000000000000222e-01 -8.627760280459999194e+03 1.360416758359999903e+03 1.420416820770000049e+04 -2.459052936539999905e+02 2.039415353200000141e+02 -3.200883691060000160e+02
6.500000000000000222e-01 -8.595913543930000742e+03 1.277403232579999894e+03 1.423640647460000037e+04 -2.454742562090000035e+02 2.035666499410000085e+02 -3.198142188809999880e+02
6.500000000000000222e-01 -8.607638181079999413e+03 1.316540448149999975e+03 1.423009300459999940e+04 -2.457964730630000076e+02 2.035300877880000030e+02 -3.197656497369999897e+02
6.500000000000000222e-01 -8.628566394139999829e+03 1.384496867950000023e+03 1.418421787770000083e+04 -2.461851727080000103e+02 2.038770553370000016e+02 -3.195601706260000014e+02
6.500000000000000222e-01 -8.678930137040000773e+03 1.359800388319999911e+03 1.417448902260000068e+04 -2.460936713039999972e+02 2.039745621120000010e+02 -3.202652034299999855e+02
6.500000000000000222e-01 -8.583276779309999256e+03 1.280357631390000051e+03 1.423579110310000033e+04 -2.454243659580000099e+02 2.040371981819999974e+02 -3.198784432960000004e+02
6.500000000000000222e-01 -8.589242277490000561e+03 1.248955802120000044e+03 1.423337758880000001e+04 -2.458652598749999925e+02 2.032927437760000089e+02 -3.199505671160000020e+02
6.500000000000000222e-01 -8.683708159429999796e+03 1.256123585379999895e+03 1.420407411309999952e+04 -2.456050850569999966e+02 2.039351292860000058e+02 -3.195286403819999919e+02
6.500000000000000222e-01 -8.600827853840000898e+03 1.272715220159999944e+03 1.423621040340000036e+04 -2.461028989939999860e+02 2.038699551050000025e+02 -3.198309885190000159e+02
6.500000000000000222e-01 -8.603665664680000191e+03 1.240062755669999888e+03 1.423127546070000062e+04 -2.460591432550000093e+02 2.033252503459999900e+02 -3.199656822570000259e+02
6.500000000000000222e-01 -8.601444806519999474e+03 1.275641356370000040e+03 1.423629549709999992e+04 -2.454346830290000128e+02 2.041062783229999980e+02 -3.197868335800000068e+02
6.500000000000000222e-01 -8.551943600639999204e+03 1.328595944259999897e+03 1.421935327719999987e+04 -2.456402018779999992e+02 2.042677383029999874e+02 -3.201445943940000234e+02
6.500000000000000222e-01 -8.645534239320000779e+03 1.272485493670000096e+03 1.422748689899999954e+04 -2.458522629930000107e+02 2.039455522339999902e+02 -3.197422886730000187e+02
6.500000000000000222e-01 -8.598079125329999442e+03 1.292026669970000057e+03 1.423565848120000010e+04 -2.459896016780000139e+02 2.033672116509999910e+02 -3.197583702549999884e+02
6.500000000000000222e-01 -8.727175033929999699e+03 1.256557434829999920e+03 1.414608990749999975e+04 -2.460746980819999976e+02 2.039276467869999863e+02 -3.200995699919999993e+02
6.500000000000000222e-01 -8.603646548029999394e+03 1.253878015669999968e+03 1.423426228219999939e+04 -2.458273535429999868e+02 2.041014319889999911e+02 -3.197726625390000095e+02
6.500000000000000222e-01 -8.554511336069999743e+03 1.338709006260000024e+03 1.421559427130000040e+04 -2.456709028989999979e+02 2.042297278890000030e+02 -3.201626032780000060e+02
6.500000000000000222e-01 -8.586992069980000451e+03 1.322455730030000041e+03 1.422901168999999936e+04 -2.462428673420000109e+02 2.039458281359999887e+02 -3.197960920020000231e+02
6.500000000000000222e-01 -8.658436434819999704e+03 1.295555550719999928e+03 1.422070657190000020e+04 -2.454502329480000071e+02 2.037148083579999991e+02 -3.195105227880000029e+02
6.500000000000000222e-01 -8.613152173880000191e+03 1.262321440630000097e+03 1.423453130079999937e+04 -2.459450342130000138e+02 2.038535764199999960e+02 -3.198202634950000061e+02
6.500000000000000222e-01 -8.548601434129999689e+03 1.217217370569999957e+03 1.421408431700000074e+04 -2.456754895800000043e+02 2.034893095609999989e+02 -3.201968725749999862e+02
6.500000000000000222e-01 -8.500411497170000075e+03 1.363122786740000038e+03 1.415601402280000002e+04 -2.462685735219999970e+02 2.036997102809999944e+02 -3.193373482339999896e+02
6.500000000000000222e-01 -8.630082433629999286e+03 1.321082343679999894e+03 1.422534521999999924e+04 -2.456787217950000013e+02 2.034416885070000092e+02 -3.195527981239999917e+02
6.500000000000000222e-01 -8.591358716130000175e+03 1.280735779919999914e+03 1.423628640590000032e+04 -2.455101208869999994e+02 2.042694297719999952e+02 -3.198419436059999725e+02
6.500000000000000222e-01 -8.586224258259999260e+03 1.296765516810000008e+03 1.423474236220000057e+04 -2.458377657000000056e+02 2.043900229129999957e+02 -3.199027726699999903e+02
6.500000000000000222e-01 -8.565038549830000193e+03 1.305324867080000104e+03 1.423014054519999991e+04 -2.456247819010000057e+02 2.043111047669999891e+02 -3.200137672370000246e+02
6.500000000000000222e-01 -8.572915287899999385e+03 1.254281102539999893e+03 1.423256236750000062e+04 -2.464799189459999980e+02 2.043652364209999917e+02 -3.196823453910000126e+02
6.500000000000000222e-01 -8.625800807120000172e+03 1.314955832549999968e+03 1.422845403640000040e+04 -2.463396015129999910e+02 2.042572585069999889e+02 -3.199216459570000097e+02
6.500000000000000222e-01 -8.635521287749999829e+03 1.258594245490000048e+03 1.422954513910000060e+04 -2.465458646989999920e+02 2.036418168920000085e+02 -3.199940093769999976e+02
6.500000000000000222e-01 -8.488849528669999927e+03 1.340897644840000112e+03 1.416357190040000023e+04 -2.462113339530000076e+02 2.036459207640000102e+02 -3.194034346400000004e+02
