3.450000000000000000e+05 4.739567200999999841e+03 -5.155810684230000334e+03 -6.400065042639999774e+03 -1.011396706499999993e+02 8.146644439890000200e+00 -7.659788524050000547e+01
6.500000000000000222e-01 4.652953117549999661e+03 -5.068686470360000385e+03 -6.142992969650000305e+03 -1.007518950460000013e+02 7.768820959160000150e+00 -7.663986718460000702e+01
6.500000000000000222e-01 4.569749358529999881e+03 -5.276044070879999708e+03 -6.595323556420000386e+03 -1.022656746199999986e+02 8.187789275760000152e+00 -7.567402886809999529e+01
6.500000000000000222e-01 4.922583164190000389e+03 -5.086215320389999761e+03 -6.192512781829999767e+03 -9.977760090530000525e+01 8.398357677810000865e+00 -7.787589184709999302e+01
6.500000000000000222e-01 4.718040505480000320e+03 -5.236435573759999897e+03 -6.672923685259999729e+03 -1.014811636860000021e+02 5.894806901249999953e+00 -7.599350779670000122e+01
6.500000000000000222e-01 4.854504393060000439e+03 -5.358141919419999795e+03 -6.563405307039999570e+03 -1.016608192030000026e+02 8.496280174880000757e+00 -7.593044896329999460e+01
6.500000000000000222e-01 4.845692123060000085e+03 -4.916766063430000031e+03 -6.513986305870000251e+03 -1.016584437129999969e+02 7.331674452799999742e+00 -7.863131573200000446e+01
6.500000000000000222e-01 4.504197607349999998e+03 -5.048401335890000155e+03 -6.520843950299999960e+03 -1.006224566869999961e+02 8.054983258980000116e+00 -7.807542729429999895e+01
6.500000000000000222e-01 4.905657568280000305e+03 -4.957550031149999995e+03 -6.520158049089999622e+03 -1.011021935159999998e+02 7.039051330020000385e+00 -7.797557647239999312e+01
6.500000000000000222e-01 4.514233391519999714e+03 -5.091723953089999668e+03 -6.236671461130000353e+03 -1.010235761950000040e+02 8.400813502760000162e+00 -7.591310546110000246e+01
6.500000000000000222e-01 4.460811187409999548e+03 -5.180781859980000263e+03 -6.344964984360000017e+03 -1.006524142140000038e+02 8.255485368969999627e+00 -7.436980795069999317e+01
6.500000000000000222e-01 4.570734458640000412e+03 -5.290652060700000220e+03 -6.586341418439999870e+03 -1.023621234029999982e+02 7.570733848529999754e+00 -7.502625765429999660e+01
6.500000000000000222e-01 4.837104895180000312e+03 -5.188072321550000197e+03 -6.134089840190000359e+03 -1.021977405159999961e+02 8.693813470900000340e+00 -7.633340798689999929e+01
6.500000000000000222e-01 4.681856215290000364e+03 -4.996092931879999924e+03 -6.630175509450000391e+03 -1.017746424529999985e+02 8.283939854879999842e+00 -7.708258300260000340e+01
6.500000000000000222e-01 4.567664303040000050e+03 -5.087955737960000079e+03 -6.617300030489999699e+03 -9.941850298079999959e+01 7.444543301849999573e+00 -7.802527467299999842e+01
6.500000000000000222e-01 4.899388150009999663e+03 -5.120394066470000325e+03 -6.166619706909999877e+03 -1.013979187719999970e+02 8.433855709250000388e+00 -7.670158346159999496e+01
6.500000000000000222e-01 4.602151792399999977e+03 -5.380441929519999576e+03 -6.509789861670000391e+03 -1.004890322549999979e+02 8.836814883200000637e+00 -7.873292872860000102e+01
6.500000000000000222e-01 4.526227038130000437e+03 -5.220393298979999599e+03 -6.577967735819999689e+03 -1.022970580239999947e+02 7.676066154899999994e+00 -7.482467033800000422e+01
6.500000000000000222e-01 4.760030182710000190e+03 -5.287760104289999617e+03 -6.148397100930000306e+03 -1.020252030399999938e+02 1.040599549679999924e+01 -7.578346058340000013e+01
6.500000000000000222e-01 4.616294568659999641e+03 -5.243418775950000054e+03 -6.158224249459999555e+03 -9.951016067560000522e+01 8.909181874679999780e+00 -7.554006968359999519e+01
6.500000000000000222e-01 4.779507073019999552e+03 -5.045828280220000124e+03 -6.660001114609999604e+03 -1.006841052799999972e+02 6.407874423360000016e+00 -7.701820527319999599e+01
6.500000000000000222e-01 4.544490131710000242e+03 -4.991585092540000005e+03 -6.529421269360000224e+03 -1.019773194189999970e+02 8.941698671679999322e+00 -7.552501542880000329e+01
6.500000000000000222e-01 4.580642815100000007e+03 -4.955577897979999761e+03 -6.527143249020000439e+03 -1.006798464839999951e+02 7.512833511780000251e+00 -7.846353296329999694e+01
6.500000000000000222e-01 4.882088103490000321e+03 -4.980480034719999821e+03 -6.225874514539999836e+03 -1.024375327799999980e+02 7.558382922619999889e+00 -7.495649021079999841e+01
6.500000000000000222e-01 4.977641975620000267e+03 -5.175553077880000274e+03 -6.244116343699999561e+03 -1.015640416309999949e+02 8.104469903409999176e+00 -7.606948382650000440e+01
6.500000000000000222e-01 4.961161359050000101e+03 -5.148153166520000013e+03 -6.220623259650000364e+03 -1.008400637459999984e+02 8.133895479379999571e+00 -7.713405861920000461e+01
6.500000000000000222e-01 4.708715193580000232e+03 -5.392620811529999628e+03 -6.243465293790000032e+03 -1.005207845780000042e+02 8.901318458549999590e+00 -7.495206610820000037e+01
6.500000000000000222e-01 4.623064273040000444e+03 -5.012351383750000423e+03 -6.618161964420000004e+03 -1.024457309670000029e+02 9.605915055469999686e+00 -7.557306816659999527e+01
6.500000000000000222e-01 4.547011752469999919e+03 -5.343902099820000331e+03 -6.494404907740000453e+03 -1.017193506819999982e+02 7.902034459410000267e+00 -7.462984360740000511e+01
6.500000000000000222e-01 4.638946399030000066e+03 -4.907316828349999923e+03 -6.500047578329999851e+03 -1.017775022860000007e+02 8.657536916110000647e+00 -7.676056458690000284e+01
6.500000000000000222e-01 4.621332807120000325e+03 -5.294621461190000446e+03 -6.180682931569999710e+03 -1.021255766329999943e+02 6.813442632340000138e+00 -7.802182099149999317e+01
6.500000000000000222e-01 4.928645151370000349e+03 -4.980379631390000213e+03 -6.278244075589999738e+03 -1.007196430740000039e+02 7.455250775229999682e+00 -7.645541944219999664e+01
6.500000000000000222e-01 4.516159017420000055e+03 -5.246312191730000450e+03 -6.247519654179999634e+03 -1.022300261590000048e+02 7.791888670829999697e+00 -7.846835372159999622e+01
6.500000000000000222e-01 4.459871159119999902e+03 -5.196005769680000412e+03 -6.438951561030000448e+03 -1.013632621059999934e+02 8.161684086899999357e+00 -7.429891886320000083e+01
6.500000000000000222e-01 4.815561154369999713e+03 -5.094008636669999760e+03 -6.667984283720000349e+03 -1.025354185529999995e+02 7.502957449450000205e+00 -7.713438994540000238e+01
6.500000000000000222e-01 4.627370338830000037e+03 -4.893656128929999795e+03 -6.393040514559999792e+03 -1.011293927910000008e+02 8.049434541369999252e+00 -7.456525903959999368e+01
6.500000000000000222e-01 4.740357563880000271e+03 -4.874752239309999823e+03 -6.451064785620000293e+03 -1.015831923589999946e+02 8.467427979669999161e+00 -7.642812381960000323e+01
6.500000000000000222e-01 4.760791608980000092e+03 -5.006720830080000269e+03 -6.641731724010000107e+03 -1.001757933490000028e+02 6.561150821480000062e+00 -7.686725321740000538e+01
6.500000000000000222e-01 4.817172570359999554e+03 -5.033545574910000141e+03 -6.154432942100000218e+03 -1.008449469680000021e+02 6.792604126299999656e+00 -7.615475519059999954e+01
6.500000000000000222e-01 4.611397645979999652e+03 -5.296390301849999560e+03 -6.187578228080000372e+03 -1.015583798250000029e+02 9.497115885110000377e+00 -7.609364831599999945e+01
6.500000000000000222e-01 4.809071918669999832e+03 -4.991497643370000333e+03 -6.177553642259999833e+03 -1.003438373200000058e+02 9.513776336999999472e+00 -7.792489783989999808e+01
4.560000000000000000e+04 4.813733300830000189e+03 3.019057537950000096e+03 1.595335166820000086e+04 2.105607134660000099e+02 -5.795592376079999752e+01 2.205619773370000019e+02
6.500000000000000222e-01 4.858617626219999693e+03 2.901017226299999948e+03 1.611557673079999950e+04 2.110801064890000021e+02 -5.863381525490000001e+01 2.203274107039999876e+02
6.500000000000000222e-01 4.946008445170000414e+03 3.128261261029999787e+03 1.584076238650000050e+04 2.102943741349999982e+02 -5.840577573240000220e+01 2.198301098000000025e+02
6.500000000000000222e-01 4.872265956670000378e+03 2.890578741490000084e+03 1.610225810119999915e+04 2.102885538079999890e+02 -5.730774565029999934e+01 2.212503689220000069e+02
6.500000000000000222e-01 4.611803200710000056e+03 3.005413301800000227e+03 1.591966756990000067e+04 2.105476481329999956e+02 -5.794918307380000044e+01 2.207127343690000032e+02
6.500000000000000222e-01 4.955477772309999636e+03 3.152119325929999832e+03 1.588784051910000017e+04 2.106832348650000029e+02 -5.770133297959999652e+01 2.214377900039999929e+02
6.500000000000000222e-01 4.722763973559999613e+03 3.202734979440000188e+03 1.596069740610000008e+04 2.106028270699999894e+02 -5.800581606939999801e+01 2.202806723809999880e+02
6.500000000000000222e-01 4.770076201290000427e+03 3.069469823259999885e+03 1.614736460459999944e+04 2.112217661370000030e+02 -5.868733158860000287e+01 2.208937171240000055e+02
6.500000000000000222e-01 4.811444086309999875e+03 3.224189592639999773e+03 1.595183165259999987e+04 2.105686761499999875e+02 -5.799313668860000348e+01 2.202638359839999964e+02
6.500000000000000222e-01 4.796853490020000208e+03 3.093936107559999982e+03 1.576293603559999974e+04 2.104909939730000019e+02 -5.844708702079999796e+01 2.202619809969999949e+02
6.500000000000000222e-01 4.723264350419999573e+03 3.017537266450000061e+03 1.576918633109999973e+04 2.107111916450000138e+02 -5.795612323659999987e+01 2.204611359110000137e+02
6.500000000000000222e-01 4.960660167779999938e+03 2.923633555549999983e+03 1.584713913440000033e+04 2.106066934609999919e+02 -5.792767945039999944e+01 2.210702791459999901e+02
6.500000000000000222e-01 4.765092639159999635e+03 3.022309263449999889e+03 1.615266295460000038e+04 2.106131252559999893e+02 -5.793641844430000276e+01 2.205885649360000116e+02
6.500000000000000222e-01 4.732092766460000348e+03 2.864287370980000105e+03 1.606078952430000027e+04 2.109797644639999987e+02 -5.827792859080000198e+01 2.206242979460000129e+02
6.500000000000000222e-01 4.786999664109999685e+03 2.823039649209999880e+03 1.589826667620000080e+04 2.107645828080000001e+02 -5.793917359980000015e+01 2.199110062070000140e+02
6.500000000000000222e-01 4.677081776740000350e+03 2.866838392480000039e+03 1.596908447850000084e+04 2.106461835210000118e+02 -5.791816262959999762e+01 2.213699925699999937e+02
6.500000000000000222e-01 4.911291878140000335e+03 2.854572183960000075e+03 1.588026172179999958e+04 2.103504211800000121e+02 -5.779110315949999688e+01 2.209093583650000028e+02
6.500000000000000222e-01 5.009039397769999596e+03 3.070155682999999954e+03 1.599011589149999963e+04 2.106526608959999862e+02 -5.797935883760000308e+01 2.201584296169999959e+02
6.500000000000000222e-01 5.017711347870000282e+03 3.040399338079999779e+03 1.595850921550000021e+04 2.105275910580000129e+02 -5.795421871149999760e+01 2.207213784479999958e+02
6.500000000000000222e-01 4.719082700949999889e+03 2.895712194050000107e+03 1.581936532389999957e+04 2.110606925159999889e+02 -5.811805001350000310e+01 2.202683863860000031e+02
6.500000000000000222e-01 4.738371666089999962e+03 3.084098596679999901e+03 1.613297190559999945e+04 2.107973103340000023e+02 -5.811412110799999908e+01 2.208852828260000081e+02
6.500000000000000222e-01 4.742552998430000116e+03 3.129430249980000099e+03 1.579544387599999936e+04 2.100130299530000002e+02 -5.723112567940000162e+01 2.210996244909999859e+02
6.500000000000000222e-01 4.942595217789999879e+03 2.893914207870000155e+03 1.585342751289999978e+04 2.105961064560000011e+02 -5.800690367850000229e+01 2.200977748919999897e+02
6.500000000000000222e-01 4.897350513620000129e+03 2.832973600029999943e+03 1.597477065100000073e+04 2.105738647729999968e+02 -5.800487526090000046e+01 2.196067040990000123e+02
6.500000000000000222e-01 4.819511494489999677e+03 3.139301796140000079e+03 1.578696091639999941e+04 2.103044576059999997e+02 -5.706875280669999739e+01 2.210063408819999893e+02
6.500000000000000222e-01 4.974332279479999670e+03 2.902978737110000111e+03 1.600733115560000078e+04 2.107776161129999934e+02 -5.813987094310000003e+01 2.200727879240000107e+02
6.500000000000000222e-01 4.707416553250000106e+03 3.167033841659999780e+03 1.604697634909999942e+04 2.109821817819999978e+02 -5.845408781439999757e+01 2.212662999609999872e+02
6.500000000000000222e-01 4.942763395590000073e+03 2.908324443240000164e+03 1.606755144350000046e+04 2.105801625169999909e+02 -5.792670283479999682e+01 2.200679305849999992e+02
6.500000000000000222e-01 4.944553182190000371e+03 3.095771747459999915e+03 1.581524727589999929e+04 2.108470204959999990e+02 -5.755746510470000032e+01 2.211404311459999974e+02
6.500000000000000222e-01 4.782124004219999733e+03 2.994238493339999877e+03 1.575213032559999920e+04 2.098780090209999969e+02 -5.837227367669999722e+01 2.206899685459999887e+02
6.500000000000000222e-01 4.798195123380000041e+03 2.993689839010000014e+03 1.575033550210000067e+04 2.101827574280000022e+02 -5.830227026250000222e+01 2.206146571900000026e+02
6.500000000000000222e-01 4.632724345900000117e+03 2.961977296800000204e+03 1.603141824049999923e+04 2.102982989209999971e+02 -5.792624231330000129e+01 2.200328803779999873e+02
6.500000000000000222e-01 4.843157232849999673e+03 3.202840897120000136e+03 1.604052225720000024e+04 2.101898961390000125e+02 -5.764175559960000328e+01 2.206510656769999912e+02
6.500000000000000222e-01 4.732525847150000118e+03 3.177832912389999819e+03 1.605385896519999915e+04 2.107523918040000126e+02 -5.802429325709999830e+01 2.200712419699999884e+02
6.500000000000000222e-01 4.927489456770000288e+03 2.860824114179999924e+03 1.601694343789999948e+04 2.106124483339999927e+02 -5.805699296139999888e+01 2.197250247519999959e+02
6.500000000000000222e-01 4.978439657210000405e+03 3.128701523369999904e+03 1.589895967659999951e+04 2.106531505540000069e+02 -5.812411268780000029e+01 2.204835056750000035e+02
6.500000000000000222e-01 4.816046895540000151e+03 3.086682247530000041e+03 1.614714450910000050e+04 2.104151471080000135e+02 -5.704714929669999890e+01 2.203345702219999964e+02
6.500000000000000222e-01 4.967623861000000034e+03 2.895088407010000083e+03 1.600750907510000070e+04 2.103372310070000140e+02 -5.773936438620000189e+01 2.208343140919999996e+02
6.500000000000000222e-01 4.610851914230000148e+03 3.015694813250000152e+03 1.598365704399999959e+04 2.104407695870000055e+02 -5.795910620219999743e+01 2.195859606020000001e+02
6.500000000000000222e-01 4.875284379679999802e+03 3.192593298069999946e+03 1.604443038999999953e+04 2.102289092309999887e+02 -5.753788827609999856e+01 2.204139896210000131e+02
6.500000000000000222e-01 5.007524385710000388e+03 3.048955646110000089e+03 1.601359248020000086e+04 2.103773296969999933e+02 -5.793723996090000128e+01 2.209957119430000034e+02
1.390000000000000000e+04 -7.599078952849999951e+03 4.571242367109999805e+02 1.536273422670000036e+04 -2.500791101760000004e+02 2.043372317300000134e+02 -3.118875479330000076e+02
6.500000000000000222e-01 -7.543863616700000421e+03 4.354769041029999812e+02 1.549283476669999982e+04 -2.506132091670000079e+02 2.045712640819999990e+02 -3.116501584449999882e+02
6.500000000000000222e-01 -7.623747787129999779e+03 4.833439835190000053e+02 1.522430622860000040e+04 -2.504986264210000115e+02 2.047927086210000027e+02 -3.117516500120000273e+02
6.500000000000000222e-01 -7.644664991480000026e+03 4.791983913469999834e+02 1.549647142549999990e+04 -2.495371423400000026e+02 2.040570360709999989e+02 -3.116470623829999909e+02
6.500000000000000222e-01 -7.520755901450000238e+03 3.534587720740000236e+02 1.530343135110000003e+04 -2.503291212709999911e+02 2.046388299799999970e+02 -3.123424374379999904e+02
6.500000000000000222e-01 -7.520191670559999693e+03 3.501024880300000177e+02 1.531069795499999964e+04 -2.501688130910000041e+02 2.044152369660000090e+02 -3.116081029250000256e+02
6.500000000000000222e-01 -7.664905008749999979e+03 4.327258211889999870e+02 1.548736974039999950e+04 -2.503512758870000141e+02 2.043667321970000046e+02 -3.119773329029999900e+02
6.500000000000000222e-01 -7.675207846639999843e+03 4.211168053659999941e+02 1.524719032920000063e+04 -2.496194887590000064e+02 2.044216442809999990e+02 -3.121760082999999781e+02
6.500000000000000222e-01 -7.500527800310000202e+03 4.509550512100000219e+02 1.525927373099999932e+04 -2.505381247530000053e+02 2.043639930770000035e+02 -3.123509305779999750e+02
6.500000000000000222e-01 -7.509270068310000170e+03 3.699592228980000073e+02 1.543138504060000014e+04 -2.502013399820000075e+02 2.044587112579999939e+02 -3.120767440810000153e+02
6.500000000000000222e-01 -7.639610963369999808e+03 3.261952388430000269e+02 1.532235453450000023e+04 -2.502168730260000018e+02 2.045635674309999956e+02 -3.120548962080000024e+02
6.500000000000000222e-01 -7.558568118430000141e+03 3.531991817339999784e+02 1.545182245110000076e+04 -2.504069452800000022e+02 2.048203802820000021e+02 -3.115449749079999719e+02
6.500000000000000222e-01 -7.476820411130000139e+03 3.829857935019999786e+02 1.536523399079999945e+04 -2.500791727509999873e+02 2.043402255080000032e+02 -3.125460267779999981e+02
6.500000000000000222e-01 -7.558490222419999554e+03 3.270706540859999905e+02 1.540541660220000085e+04 -2.502385099009999863e+02 2.044697053099999948e+02 -3.120722014689999924e+02
6.500000000000000222e-01 -7.573310323259999677e+03 3.707341540659999737e+02 1.547404278340000019e+04 -2.497596084619999885e+02 2.038384928849999937e+02 -3.120946602020000000e+02
6.500000000000000222e-01 -7.658043633610000143e+03 5.156633063489999813e+02 1.524622418710000056e+04 -2.498352981269999873e+02 2.041041362640000045e+02 -3.122226587409999752e+02
6.500000000000000222e-01 -7.460088402270000188e+03 4.890602633010000204e+02 1.535217703550000078e+04 -2.501367432659999963e+02 2.043252682149999941e+02 -3.125238141570000039e+02
6.500000000000000222e-01 -7.631078260049999699e+03 5.939503542879999713e+02 1.538943028339999910e+04 -2.500740052840000089e+02 2.042268428939999865e+02 -3.112574785850000012e+02
6.500000000000000222e-01 -7.492591286419999960e+03 4.826636302879999789e+02 1.545464204620000055e+04 -2.498968774180000025e+02 2.044527458729999978e+02 -3.122062632469999812e+02
6.500000000000000222e-01 -7.499357373490000100e+03 5.594128899390000242e+02 1.536918455849999918e+04 -2.500721723940000061e+02 2.042992053510000119e+02 -3.118153117539999926e+02
6.500000000000000222e-01 -7.569662030720000075e+03 5.924885238189999654e+02 1.539849911380000049e+04 -2.501918984790000025e+02 2.042612259599999902e+02 -3.113482216659999722e+02
6.500000000000000222e-01 -7.463771195149999585e+03 5.026687077330000193e+02 1.537098283380000066e+04 -2.500533306519999996e+02 2.043396261139999979e+02 -3.125243192529999874e+02
6.500000000000000222e-01 -7.681779663160000382e+03 3.604603505129999803e+02 1.542805797180000081e+04 -2.499191634210000075e+02 2.046012493579999898e+02 -3.113049756020000132e+02
6.500000000000000222e-01 -7.732162288700000317e+03 4.434198137960000281e+02 1.531229447430000073e+04 -2.501036141540000131e+02 2.043116845000000126e+02 -3.117088043159999984e+02
6.500000000000000222e-01 -7.617571713799999998e+03 5.978770713960000194e+02 1.534592559110000002e+04 -2.500482566070000132e+02 2.043490112229999909e+02 -3.113208130639999922e+02
6.500000000000000222e-01 -7.545850749440000072e+03 4.656351273299999889e+02 1.549520664100000067e+04 -2.503702997800000105e+02 2.042568341090000104e+02 -3.117567561320000209e+02
6.500000000000000222e-01 -7.646028708570000163e+03 3.245909801669999979e+02 1.533703090169999996e+04 -2.501865433829999859e+02 2.044016718299999980e+02 -3.115906550319999724e+02
6.500000000000000222e-01 -7.530646701100000428e+03 5.599966551259999505e+02 1.529068379549999918e+04 -2.503207581890000029e+02 2.041365727579999998e+02 -3.124326838150000185e+02
6.500000000000000222e-01 -7.628761939770000026e+03 3.247429997180000214e+02 1.540842555700000048e+04 -2.499008627810000007e+02 2.041307095299999901e+02 -3.119963085470000124e+02
6.500000000000000222e-01 -7.478038296859999718e+03 4.218679162440000141e+02 1.543016156530000080e+04 -2.498449019489999898e+02 2.042866287070000055e+02 -3.124303114319999963e+02
6.500000000000000222e-01 -7.706927178249999997e+03 3.660633145560000230e+02 1.533975280519999978e+04 -2.501333042480000017e+02 2.044158030419999932e+02 -3.118699124109999730e+02
6.500000000000000222e-01 -7.674555295920000390e+03 5.531968692289999581e+02 1.543711979880000035e+04 -2.498941598430000113e+02 2.040830950920000078e+02 -3.113224951490000194e+02
6.500000000000000222e-01 -7.553866445089999615e+03 4.974328971709999792e+02 1.523317541840000013e+04 -2.496059203519999983e+02 2.046676437609999937e+02 -3.116393660940000245e+02
6.500000000000000222e-01 -7.518518490090000341e+03 3.538932976649999773e+02 1.542031635060000008e+04 -2.499021327160000112e+02 2.041166624850000062e+02 -3.124743114419999870e+02
6.500000000000000222e-01 -7.482279754889999822e+03 5.395751329009999608e+02 1.535960232589999941e+04 -2.500985704409999926e+02 2.043177864230000012e+02 -3.125363119570000094e+02
6.500000000000000222e-01 -7.533289752380000209e+03 5.825618067530000417e+02 1.534322266739999941e+04 -2.500713612440000020e+02 2.042131725099999926e+02 -3.124097019600000067e+02
6.500000000000000222e-01 -7.701692068780000227e+03 3.656155667169999788e+02 1.540206229309999981e+04 -2.499158934639999927e+02 2.044309044519999929e+02 -3.112774864510000157e+02
6.500000000000000222e-01 -7.696832856209999591e+03 5.553515673419999530e+02 1.539802350819999992e+04 -2.501856659169999944e+02 2.044366694580000114e+02 -3.125005653900000198e+02
6.500000000000000222e-01 -7.514892856340000435e+03 3.507040988780000248e+02 1.540848561709999922e+04 -2.500277046340000027e+02 2.043060080740000046e+02 -3.115737848759999906e+02
6.500000000000000222e-01 -7.475459770589999607e+03 5.158563638980000405e+02 1.540416318040000078e+04 -2.502724159530000065e+02 2.042632913310000049e+02 -3.112849448260000145e+02
6.500000000000000222e-01 -7.657843371799999659e+03 4.221033841340000095e+02 1.548834359360000053e+04 -2.505833899900000006e+02 2.041462440130000005e+02 -3.121455744840000079e+02
3.690000000000000000e+05 2.819748239630000171e+03 7.352700450989999581e+02 -5.990461606410000286e+02 -4.993489316800000211e+01 2.902145492809999894e+01 -9.142487049129999832e+01
6.500000000000000222e-01 2.710837673590000122e+03 8.271349918560000560e+02 -5.597606317370000397e+02 -5.090439381859999912e+01 2.907756573149999824e+01 -9.426644142169999441e+01
6.500000000000000222e-01 2.751011345869999786e+03 7.146975752350000448e+02 -4.700602516029999833e+02 -5.245114832979999875e+01 2.799755297680000155e+01 -9.296368579270000509e+01
6.500000000000000222e-01 2.902921306809999805e+03 7.143036410280000155e+02 -4.791393602320000014e+02 -5.088269237480000129e+01 2.898888298460000001e+01 -9.172574022999999954e+01
6.500000000000000222e-01 2.903171115780000036e+03 7.738950538079999433e+02 -7.149573948629999904e+02 -4.686658875319999851e+01 3.012065944360000103e+01 -8.951596425050000505e+01
6.500000000000000222e-01 2.932500769180000134e+03 8.116643440430000283e+02 -5.425539184020000221e+02 -5.108641623719999814e+01 2.845138334580000006e+01 -8.946990047180000261e+01
6.500000000000000222e-01 2.775430298119999861e+03 8.301263891840000042e+02 -4.949890646850000167e+02 -4.953501400689999912e+01 2.654729822110000015e+01 -8.950440443899999821e+01
6.500000000000000222e-01 2.871799606390000008e+03 6.133137783989999434e+02 -6.611851391840000360e+02 -5.016330676700000168e+01 2.957585297849999861e+01 -8.914925591280000106e+01
6.500000000000000222e-01 2.772326392920000217e+03 6.019112196309999945e+02 -5.585374352300000282e+02 -5.069880194449999777e+01 3.068771148409999938e+01 -8.896987342219999562e+01
6.500000000000000222e-01 2.810023346779999883e+03 6.166517748449999772e+02 -5.100872624340000243e+02 -4.900808200150000005e+01 2.755945404770000096e+01 -9.220579489819999708e+01
6.500000000000000222e-01 2.876957564129999810e+03 8.479936899309999490e+02 -5.243553846720000138e+02 -4.905301476220000012e+01 2.678561936779999897e+01 -9.113827769190000083e+01
6.500000000000000222e-01 2.964597557380000126e+03 7.267881745790000423e+02 -6.274060014179999598e+02 -5.009857813909999891e+01 2.935479699649999930e+01 -9.417204219090000095e+01
6.500000000000000222e-01 2.843474895230000129e+03 5.961739565809999704e+02 -6.430679694230000223e+02 -4.934089837369999998e+01 2.842663942409999933e+01 -8.841598599549999449e+01
6.500000000000000222e-01 2.912192199340000116e+03 6.216737710620000144e+02 -6.201002859120000039e+02 -4.954504531900000330e+01 2.935679459989999884e+01 -9.161627880880000419e+01
6.500000000000000222e-01 2.823496139299999868e+03 6.426222806600000013e+02 -7.143758566960000280e+02 -4.858587576120000051e+01 2.654500956540000089e+01 -8.937495115069999940e+01
6.500000000000000222e-01 2.706788433419999819e+03 7.313637861050000311e+02 -5.037154358220000177e+02 -5.134720037459999986e+01 2.866514817130000026e+01 -9.245312407020000478e+01
6.500000000000000222e-01 2.934460324069999842e+03 6.472504475599999978e+02 -6.286263994830000001e+02 -4.925895462919999801e+01 2.922083652110000074e+01 -8.852745082219999517e+01
6.500000000000000222e-01 2.888708151929999985e+03 6.892986938730000475e+02 -7.205292176870000276e+02 -5.113421931380000274e+01 3.088623759289999882e+01 -9.212398676079999404e+01
6.500000000000000222e-01 2.882786376009999913e+03 7.148843497999999954e+02 -4.677455864159999805e+02 -4.811224910399999999e+01 2.843806586079999832e+01 -9.363860161339999877e+01
6.500000000000000222e-01 2.720149572079999871e+03 6.275423320319999902e+02 -6.148736044879999554e+02 -5.031065006410000251e+01 2.972827717659999891e+01 -9.168387807070000406e+01
6.500000000000000222e-01 2.754924107610000192e+03 8.559500906109999505e+02 -5.480902564550000307e+02 -4.906553710410000235e+01 2.731556272499999949e+01 -9.146237241369999538e+01
6.500000000000000222e-01 2.851007211329999791e+03 6.199782336389999955e+02 -5.114120631989999879e+02 -5.004630001000000306e+01 3.027998397060000002e+01 -8.960487151229999370e+01
6.500000000000000222e-01 2.754073343120000118e+03 7.376110095819999515e+02 -7.308909332900000209e+02 -4.666964311600000315e+01 2.897136499479999827e+01 -9.221788776850000602e+01
6.500000000000000222e-01 2.730526583079999909e+03 7.695835528420000173e+02 -4.859331745110000043e+02 -5.233771642989999862e+01 2.957918925250000086e+01 -9.288883289419999301e+01
6.500000000000000222e-01 2.895723227359999782e+03 8.058547518520000494e+02 -7.043571376099999952e+02 -5.027614621469999889e+01 3.014616086259999861e+01 -9.134819082120000644e+01
6.500000000000000222e-01 2.752062102540000069e+03 6.741762563309999905e+02 -7.147533431360000122e+02 -5.177530299869999908e+01 2.835045965509999988e+01 -8.901862813969999877e+01
6.500000000000000222e-01 2.797592020789999879e+03 6.598965367670000433e+02 -7.242007208630000150e+02 -4.863779009200000303e+01 2.706399172800000130e+01 -9.014633466700000497e+01
6.500000000000000222e-01 2.796605905150000126e+03 6.561993747540000186e+02 -7.208424138220000259e+02 -5.090946456990000257e+01 2.795252461449999970e+01 -8.934778605660000039e+01
6.500000000000000222e-01 2.961701073449999967e+03 7.235331522440000072e+02 -6.386468755769999461e+02 -5.025222172510000007e+01 2.942488902399999873e+01 -9.406314622850000262e+01
6.500000000000000222e-01 2.843559456479999881e+03 6.772995103939999808e+02 -4.658322171010000261e+02 -5.179565122990000248e+01 3.201703568330000138e+01 -9.071558942139999715e+01
6.500000000000000222e-01 2.822372965810000096e+03 5.922522581590000073e+02 -6.326374072800000476e+02 -5.036204072150000144e+01 2.944991972660000101e+01 -8.842229802650000181e+01
6.500000000000000222e-01 2.844760488899999928e+03 5.905560094610000306e+02 -5.847921966659999953e+02 -4.995383637209999961e+01 2.924192248139999961e+01 -9.434645822679999583e+01
6.500000000000000222e-01 2.895012152490000062e+03 6.854576918300000443e+02 -7.159660273749999533e+02 -5.159422248250000109e+01 3.094498957529999927e+01 -9.342220214559999647e+01
6.500000000000000222e-01 2.967078238279999823e+03 7.458740280099999609e+02 -6.054330922330000249e+02 -4.952977556929999992e+01 2.921308881619999909e+01 -8.895696383189999779e+01
6.500000000000000222e-01 2.887857988260000184e+03 7.997107435709999663e+02 -7.133092598060000000e+02 -5.125867592209999657e+01 2.883447582790000041e+01 -9.270810465479999607e+01
6.500000000000000222e-01 2.815853039069999795e+03 5.907077395539999998e+02 -5.711637801299999637e+02 -5.037946653499999883e+01 3.036225382499999981e+01 -8.822752751420000550e+01
6.500000000000000222e-01 2.724265426049999860e+03 8.308120056809999596e+02 -6.600187831030000325e+02 -5.092311887310000174e+01 2.981884718650000110e+01 -8.891186624860000620e+01
6.500000000000000222e-01 2.828092810499999814e+03 7.869210397000000512e+02 -4.613929029369999739e+02 -5.100416796100000028e+01 2.572538758829999850e+01 -9.103052679300000705e+01
6.500000000000000222e-01 2.881500258279999798e+03 7.235178854419999652e+02 -7.328430507140000145e+02 -4.689219077770000155e+01 2.872745664500000018e+01 -9.026360405939999509e+01
6.500000000000000222e-01 2.798088781099999778e+03 7.313823723159999872e+02 -4.533099462609999932e+02 -4.770330985479999697e+01 2.930398042030000028e+01 -9.164162279750000550e+01
6.500000000000000222e-01 2.768345412289999786e+03 7.172985231300000351e+02 -4.618654679840000199e+02 -5.353951984660000107e+01 2.791560137640000150e+01 -9.306231117069999925e+01
