3.450000000000000000e+05 4.694357984690000194e+03 -5.151793384630000219e+03 -6.433413058160000219e+03 -1.021220912990000045e+02 9.216699846399999174e+00 -7.499248548719999974e+01
6.500000000000000222e-01 4.607901016820000223e+03 -5.064820152819999748e+03 -6.176344794270000421e+03 -1.017716651700000057e+02 8.881349623749999367e+00 -7.499802243249999378e+01
6.500000000000000222e-01 4.524065166499999577e+03 -5.272009479029999966e+03 -6.628263033109999924e+03 -1.031824308249999973e+02 9.256620959690000205e+00 -7.406945961670000145e+01
6.500000000000000222e-01 4.877953647530000126e+03 -5.082083572790000289e+03 -6.226431103130000338e+03 -1.008257421680000050e+02 9.475291641849999280e+00 -7.628238818340000194e+01
6.500000000000000222e-01 4.672699489309999990e+03 -5.233429213630000049e+03 -6.706011650880000161e+03 -1.024119742780000024e+02 6.932216459530000208e+00 -7.440637451099999566e+01
6.500000000000000222e-01 4.809075649010000234e+03 -5.353975697550000405e+03 -6.596478754949999711e+03 -1.026150077770000024e+02 9.552933148559999310e+00 -7.437948231469999882e+01
6.500000000000000222e-01 4.800245425969999815e+03 -4.913131889279999996e+03 -6.548228929140000218e+03 -1.026617676319999930e+02 8.341163231470000383e+00 -7.700683825049999598e+01
6.500000000000000222e-01 4.459232583730000442e+03 -5.044428144499999689e+03 -6.554828257840000333e+03 -1.015621824809999936e+02 9.114073259899999613e+00 -7.641996485910000558e+01
6.500000000000000222e-01 4.860456557280000197e+03 -4.954046310419999827e+03 -6.554116165620000174e+03 -1.021088160630000061e+02 8.047182485780000505e+00 -7.636730244979999327e+01
6.500000000000000222e-01 4.469074830190000284e+03 -5.087577121639999859e+03 -6.269695653820000189e+03 -1.020048008309999972e+02 9.514402635310000633e+00 -7.425598212660000286e+01
6.500000000000000222e-01 4.415830065510000168e+03 -5.176700837989999854e+03 -6.377309760000000097e+03 -1.015992227480000025e+02 9.366481766230000616e+00 -7.272412925490000646e+01
6.500000000000000222e-01 4.525007504809999773e+03 -5.286889887970000018e+03 -6.618994579520000116e+03 -1.032789338059999977e+02 8.642757021210000445e+00 -7.342398501479999595e+01
6.500000000000000222e-01 4.791407262880000417e+03 -5.183797937289999936e+03 -6.167325099869999576e+03 -1.032324462189999963e+02 9.802929401000000098e+00 -7.474215500869999573e+01
6.500000000000000222e-01 4.636375825289999739e+03 -4.992034060519999912e+03 -6.663728856190000442e+03 -1.027291161899999992e+02 9.301035837440000620e+00 -7.544981426340000041e+01
6.500000000000000222e-01 4.523236687110000275e+03 -5.084259851210000306e+03 -6.651270044640000378e+03 -1.003494899079999954e+02 8.486430514400000291e+00 -7.638988019490000170e+01
6.500000000000000222e-01 4.854041286419999778e+03 -5.116242525730000125e+03 -6.200017979649999688e+03 -1.024433960890000037e+02 9.522077552020000724e+00 -7.510951327460000471e+01
6.500000000000000222e-01 4.557252599849999569e+03 -5.376111066139999821e+03 -6.544092319299999872e+03 -1.014128839060000047e+02 9.929216568039999302e+00 -7.714794214420000174e+01
6.500000000000000222e-01 4.480528198109999721e+03 -5.216585203659999934e+03 -6.610524473690000377e+03 -1.032150999859999985e+02 8.745174159559999438e+00 -7.320385652640000274e+01
6.500000000000000222e-01 4.714417851240000346e+03 -5.282720290129999739e+03 -6.181390669190000153e+03 -1.030358612360000024e+02 1.153321027069999971e+01 -7.419757455820000303e+01
6.500000000000000222e-01 4.571803063180000208e+03 -5.239038942590000261e+03 -6.191098348890000125e+03 -1.005030996229999971e+02 1.004489131210000075e+01 -7.392399087799999791e+01
6.500000000000000222e-01 4.734508827910000036e+03 -5.042604130140000052e+03 -6.693535017029999835e+03 -1.016433218340000053e+02 7.417507605059999953e+00 -7.540923402660000363e+01
6.500000000000000222e-01 4.498920868010000049e+03 -4.987223541549999936e+03 -6.562274005420000321e+03 -1.029273707429999973e+02 9.988015743309999195e+00 -7.386640498680000633e+01
6.500000000000000222e-01 4.535645272040000236e+03 -4.951852505609999753e+03 -6.561298233690000416e+03 -1.016391183300000023e+02 8.551189698539999995e+00 -7.680434424230000445e+01
6.500000000000000222e-01 4.836279148720000194e+03 -4.976726002819999849e+03 -6.258489997100000437e+03 -1.034859997060000012e+02 8.620240104960000593e+00 -7.333937305749999780e+01
6.500000000000000222e-01 4.932224900189999971e+03 -5.171553312340000048e+03 -6.277243587349999871e+03 -1.026017410989999945e+02 9.178274697950000061e+00 -7.450079987339999832e+01
6.500000000000000222e-01 4.916063387750000402e+03 -5.144139349310000398e+03 -6.254219395909999548e+03 -1.018822252869999971e+02 9.209892629020000498e+00 -7.555774887149999586e+01
6.500000000000000222e-01 4.663782172039999750e+03 -5.388247945150000305e+03 -6.276095195369999601e+03 -1.014982225149999948e+02 1.002981629199999958e+01 -7.337843686520000119e+01
6.500000000000000222e-01 4.577289291979999689e+03 -5.007702938030000041e+03 -6.651043623700000353e+03 -1.033919355499999995e+02 1.063265009260000049e+01 -7.393353313580000474e+01
6.500000000000000222e-01 4.501567859329999919e+03 -5.339984160949999932e+03 -6.526883010479999939e+03 -1.026407985280000048e+02 8.998190514039999144e+00 -7.303027466710000226e+01
6.500000000000000222e-01 4.593455927429999974e+03 -4.903086765080000077e+03 -6.533447672330000387e+03 -1.027544092640000031e+02 9.688318066620000835e+00 -7.510129421749999779e+01
6.500000000000000222e-01 4.575684998970000379e+03 -5.291170240620000186e+03 -6.214661166179999782e+03 -1.031101736399999993e+02 7.950778506429999837e+00 -7.641623490460000312e+01
6.500000000000000222e-01 4.883598786010000367e+03 -4.976676446589999614e+03 -6.311527574929999901e+03 -1.017659024130000063e+02 8.503382364089999257e+00 -7.484738758839999662e+01
6.500000000000000222e-01 4.470472364449999986e+03 -5.242429437679999864e+03 -6.281687309760000062e+03 -1.031935154330000017e+02 8.922609885929999152e+00 -7.683968237300000226e+01
6.500000000000000222e-01 4.414581003989999772e+03 -5.191971933529999660e+03 -6.471267508730000372e+03 -1.022941441589999982e+02 9.258082596130000397e+00 -7.265913558840000519e+01
6.500000000000000222e-01 4.769742720369999915e+03 -5.090298706280000260e+03 -6.701574844939999821e+03 -1.034939424180000032e+02 8.514175822660000392e+00 -7.553870278440000163e+01
6.500000000000000222e-01 4.582160757190000368e+03 -4.889689051270000164e+03 -6.425463847809999606e+03 -1.021230470499999967e+02 9.097569581280000151e+00 -7.289745314290000522e+01
6.500000000000000222e-01 4.694943957329999648e+03 -4.870608757809999588e+03 -6.484320721430000049e+03 -1.025858705250000042e+02 9.491885393009999561e+00 -7.477765016780000451e+01
6.500000000000000222e-01 4.716017139499999757e+03 -5.003428722149999885e+03 -6.675194949159999851e+03 -1.011388120229999998e+02 7.570308424620000309e+00 -7.524855083789999810e+01
6.500000000000000222e-01 4.772070327739999811e+03 -5.030121227470000122e+03 -6.187577847260000453e+03 -1.018904386619999940e+02 7.880663643710000166e+00 -7.453406858110000144e+01
6.500000000000000222e-01 4.566002367529999901e+03 -5.291749468369999704e+03 -6.220701455020000139e+03 -1.025402635749999973e+02 1.063449104520000077e+01 -7.448698164329999827e+01
6.500000000000000222e-01 4.764191913409999870e+03 -4.986870049279999876e+03 -6.211480323959999623e+03 -1.013889303339999941e+02 1.059311271780000041e+01 -7.629621734799999899e+01
9.810000000000000000e+05 8.293393868049999583e+04 -4.428272223239999903e+02 3.551382648589999735e+04 -7.451963088810000357e+00 2.646945201329999975e+01 -5.176301580669999680e+01
6.500000000000000222e-01 8.346375119209999684e+04 -1.845143485459999965e+03 3.745695147569999972e+04 -6.749621040260000093e+00 2.553367824029999866e+01 -5.209871285829999721e+01
6.500000000000000222e-01 8.451912162999999418e+04 8.689436111539999956e+02 3.417729324110000016e+04 -7.774569321969999613e+00 2.588581662829999885e+01 -5.273909303029999762e+01
6.500000000000000222e-01 8.363753486719999637e+04 -1.987706334270000070e+03 3.728533036839999841e+04 -7.807259926090000413e+00 2.731131975139999923e+01 -5.085845925339999951e+01
6.500000000000000222e-01 8.051954773819999536e+04 -6.060881623000000218e+02 3.510889709099999891e+04 -7.516381182729999999e+00 2.648213317429999947e+01 -5.154643704000000071e+01
6.500000000000000222e-01 8.462716947249999794e+04 1.144806419080000069e+03 3.471878096630000073e+04 -7.253485841859999894e+00 2.683095960560000037e+01 -5.059206151320000089e+01
6.500000000000000222e-01 8.184563970699999481e+04 1.754105008499999940e+03 3.560544616040000255e+04 -7.420334247569999597e+00 2.642856712109999862e+01 -5.214910518479999979e+01
6.500000000000000222e-01 8.240315879630000563e+04 1.697992483650000111e+02 3.782951751779999904e+04 -6.584186599519999739e+00 2.548453158399999907e+01 -5.135039262370000301e+01
6.500000000000000222e-01 8.290647449049999705e+04 2.010477342700000008e+03 3.549969466749999992e+04 -7.445048672180000437e+00 2.644771250719999856e+01 -5.217514308349999652e+01
6.500000000000000222e-01 8.273295234659999551e+04 4.590297661000000176e+02 3.324073467869999877e+04 -7.542441060699999866e+00 2.583301503479999894e+01 -5.213772288029999658e+01
6.500000000000000222e-01 8.185007155540000531e+04 -4.610597349739999800e+02 3.331275934029999917e+04 -7.264066759860000388e+00 2.648181680309999919e+01 -5.186358220420000009e+01
6.500000000000000222e-01 8.469012478359999659e+04 -1.584226242339999999e+03 3.423690543359999720e+04 -7.348878404669999753e+00 2.649770919510000056e+01 -5.106485832949999804e+01
6.500000000000000222e-01 8.235171233870000287e+04 -4.041575273199999856e+02 3.789694791750000149e+04 -7.401023439030000262e+00 2.648506048360000165e+01 -5.175757720530000228e+01
6.500000000000000222e-01 8.195216305859999557e+04 -2.289114778829999977e+03 3.679773026399999799e+04 -6.910823266539999565e+00 2.601140577740000026e+01 -5.168451888690000118e+01
6.500000000000000222e-01 8.261150793500000145e+04 -2.786892489289999958e+03 3.486373082650000288e+04 -7.178940563570000322e+00 2.646842822789999872e+01 -5.261434580870000133e+01
6.500000000000000222e-01 8.129880015579999599e+04 -2.263453046260000065e+03 3.569105534479999915e+04 -7.367824627840000140e+00 2.650068338670000045e+01 -5.066717066990000262e+01
6.500000000000000222e-01 8.410325021919999563e+04 -2.411829179270000168e+03 3.463512040749999869e+04 -7.704541173079999972e+00 2.667008327130000112e+01 -5.127967932699999665e+01
6.500000000000000222e-01 8.526807574050000403e+04 1.685024227870000004e+02 3.595898087079999823e+04 -7.285535402529999871e+00 2.643954464740000176e+01 -5.232208794150000131e+01
6.500000000000000222e-01 8.537342614949999552e+04 -1.876448357330000078e+02 3.557346981270000106e+04 -7.449224875279999658e+00 2.647086072360000131e+01 -5.156059794410000308e+01
6.500000000000000222e-01 8.179540725079999538e+04 -1.915564651129999902e+03 3.391537894019999658e+04 -6.796278022180000100e+00 2.624469994249999871e+01 -5.212305594739999748e+01
6.500000000000000222e-01 8.202973084750000271e+04 3.370420180479999885e+02 3.765750301120000222e+04 -7.160480675569999676e+00 2.625665518539999965e+01 -5.135912541009999899e+01
6.500000000000000222e-01 8.209007601220000652e+04 8.671731300410000358e+02 3.361826086809999833e+04 -8.198675950120000167e+00 2.746768822239999963e+01 -5.101936136489999996e+01
6.500000000000000222e-01 8.447425846880000609e+04 -1.938525859110000056e+03 3.432510434769999847e+04 -7.367129211089999963e+00 2.638719420330000176e+01 -5.236774242079999908e+01
6.500000000000000222e-01 8.393360069940000540e+04 -2.667204127129999961e+03 3.578274306249999790e+04 -7.412157732659999887e+00 2.637507075919999977e+01 -5.304062728929999793e+01
6.500000000000000222e-01 8.300639286989999528e+04 9.830400811429999521e+02 3.351810236209999857e+04 -7.788947717520000147e+00 2.768610404760000065e+01 -5.114709134019999937e+01
6.500000000000000222e-01 8.485139305319999403e+04 -1.828318441140000004e+03 3.616593902800000069e+04 -7.123794138500000095e+00 2.620056446359999924e+01 -5.242825593540000284e+01
6.500000000000000222e-01 8.165708385009999620e+04 1.333240417029999890e+03 3.662402057179999974e+04 -6.917954162110000027e+00 2.581749163819999993e+01 -5.083817295189999896e+01
6.500000000000000222e-01 8.447658236450000550e+04 -1.767238031690000071e+03 3.688614518870000029e+04 -7.398745458139999620e+00 2.648427712719999860e+01 -5.244316463740000245e+01
6.500000000000000222e-01 8.449431013100000564e+04 4.691004817069999717e+02 3.385462112640000123e+04 -7.031945737770000093e+00 2.702071513030000105e+01 -5.097514559049999860e+01
6.500000000000000222e-01 8.256501686400000472e+04 -7.340788784759999999e+02 3.310575053789999947e+04 -8.365876705439999839e+00 2.592041769189999911e+01 -5.155489426030000288e+01
6.500000000000000222e-01 8.275310568269999931e+04 -7.415752758500000255e+02 3.308530192830000306e+04 -7.953124271890000152e+00 2.601404893429999987e+01 -5.165631887619999674e+01
6.500000000000000222e-01 8.077309257789999538e+04 -1.125736735060000001e+03 3.645438427899999806e+04 -7.848966068440000221e+00 2.649989082240000116e+01 -5.247511637929999750e+01
6.500000000000000222e-01 8.329078696310000669e+04 1.750531794689999970e+03 3.655514192590000312e+04 -7.948948246569999654e+00 2.691016513820000000e+01 -5.166985215839999768e+01
6.500000000000000222e-01 8.196040387460000056e+04 1.456619736150000108e+03 3.672233439199999702e+04 -7.220605442090000103e+00 2.639457145320000109e+01 -5.244388843320000149e+01
6.500000000000000222e-01 8.429348793760000262e+04 -2.333479729119999774e+03 3.628551097000000300e+04 -7.355826080739999995e+00 2.630607232390000050e+01 -5.289168339430000287e+01
6.500000000000000222e-01 8.490213923600000271e+04 8.704574822299999823e+02 3.486452610740000091e+04 -7.288597589980000180e+00 2.625955690150000166e+01 -5.187360761709999935e+01
6.500000000000000222e-01 8.296364274769999611e+04 3.536667522289999965e+02 3.783439305220000097e+04 -7.655582050419999618e+00 2.768598263830000050e+01 -5.210309344710000090e+01
6.500000000000000222e-01 8.477707067529999767e+04 -1.928024408490000042e+03 3.615787050799999997e+04 -7.715840473020000090e+00 2.673667992509999891e+01 -5.140598357750000247e+01
6.500000000000000222e-01 8.050963250880000123e+04 -4.829999269329999834e+02 3.588920869449999736e+04 -7.662384625789999681e+00 2.646629968459999915e+01 -5.306918433930000134e+01
6.500000000000000222e-01 8.367442200999999477e+04 1.626612664069999937e+03 3.660506210439999995e+04 -7.889164958250000304e+00 2.704736007840000056e+01 -5.198918638380000345e+01
6.500000000000000222e-01 8.525365357720000611e+04 -8.554860841299999663e+01 3.622851812390000123e+04 -7.655880213259999678e+00 2.649174265730000144e+01 -5.120131255489999944e+01
4.560000000000000000e+04 4.863743188809999992e+03 3.005128111619999800e+03 1.600528852000000006e+04 2.102643446870000048e+02 -5.814615768670000051e+01 2.195105265509999981e+02
6.500000000000000222e-01 4.942628212450000319e+03 2.974238748889999897e+03 1.619212326089999988e+04 2.094870393209999975e+02 -5.777760545139999948e+01 2.198960635319999994e+02
6.500000000000000222e-01 4.828037000620000072e+03 3.043040743569999904e+03 1.580676412209999944e+04 2.095927299610000034e+02 -5.747290815499999894e+01 2.196973144090000005e+02
6.500000000000000222e-01 4.798741655730000275e+03 3.036616598600000088e+03 1.619732176249999975e+04 2.111292130840000141e+02 -5.856143316259999665e+01 2.198757139839999866e+02
6.500000000000000222e-01 4.975922139199999947e+03 2.856603770180000083e+03 1.591990941679999924e+04 2.098556014879999907e+02 -5.768388896649999964e+01 2.188311928230000092e+02
6.500000000000000222e-01 4.976841053660000398e+03 2.851638679419999789e+03 1.593082908060000045e+04 2.100999499259999936e+02 -5.802111814970000125e+01 2.199422567260000108e+02
6.500000000000000222e-01 4.769154178920000049e+03 2.970151336720000018e+03 1.618403311869999925e+04 2.098968242910000015e+02 -5.809049817980000086e+01 2.193657214950000025e+02
6.500000000000000222e-01 4.754807100080000055e+03 2.953516684480000094e+03 1.583929480040000090e+04 2.109341535350000072e+02 -5.802788035150000212e+01 2.190367684930000109e+02
6.500000000000000222e-01 5.004792505809999966e+03 2.996290683759999865e+03 1.585655985719999990e+04 2.095265676580000047e+02 -5.811131500079999768e+01 2.188288923679999982e+02
6.500000000000000222e-01 4.992517819140000029e+03 2.880163900560000002e+03 1.610367492019999918e+04 2.100858805199999892e+02 -5.794646659149999834e+01 2.192498762209999938e+02
6.500000000000000222e-01 4.805489721070000087e+03 2.817437887370000226e+03 1.594722182369999973e+04 2.100457068110000023e+02 -5.779695787179999655e+01 2.192300063159999866e+02
6.500000000000000222e-01 4.921659807390000424e+03 2.856362360439999975e+03 1.613334224229999927e+04 2.097865604860000133e+02 -5.739779059239999981e+01 2.200400566959999935e+02
6.500000000000000222e-01 5.039137252460000127e+03 2.898769353239999873e+03 1.600845736209999995e+04 2.102474681120000071e+02 -5.813143893689999686e+01 2.185448725219999915e+02
6.500000000000000222e-01 4.921873093510000217e+03 2.818637884020000001e+03 1.606640468220000002e+04 2.100270124900000042e+02 -5.792967663099999953e+01 2.192362023320000048e+02
6.500000000000000222e-01 4.900951466219999929e+03 2.880859942340000089e+03 1.616485099749999972e+04 2.107743110019999904e+02 -5.888259389600000304e+01 2.192081242239999881e+02
6.500000000000000222e-01 4.779288038329999836e+03 3.088945681069999864e+03 1.583788821129999997e+04 2.106080822110000099e+02 -5.851605460580000084e+01 2.189799342359999912e+02
6.500000000000000222e-01 5.063101978130000134e+03 3.050940163610000127e+03 1.598974996819999978e+04 2.101576484059999927e+02 -5.816363895210000123e+01 2.185914570820000051e+02
6.500000000000000222e-01 4.817849416320000273e+03 3.201354493519999778e+03 1.604401633179999953e+04 2.102881709019999903e+02 -5.832333365470000075e+01 2.204686843169999975e+02
6.500000000000000222e-01 5.016658622810000452e+03 3.041854917529999966e+03 1.613696737939999912e+04 2.105543291239999917e+02 -5.796246723440000181e+01 2.190705571389999875e+02
6.500000000000000222e-01 5.006814889389999735e+03 3.151855359090000093e+03 1.601462316810000084e+04 2.102672989589999872e+02 -5.820862216390000299e+01 2.196588627650000092e+02
6.500000000000000222e-01 4.905881428040000173e+03 3.199282551859999785e+03 1.605698168699999951e+04 2.101046518569999932e+02 -5.826842862899999886e+01 2.203501144820000093e+02
6.500000000000000222e-01 5.057879611280000063e+03 3.070474580760000208e+03 1.601673136130000057e+04 2.102902551649999907e+02 -5.814152015309999655e+01 2.185924536990000036e+02
6.500000000000000222e-01 4.745220279690000098e+03 2.866628167939999912e+03 1.609937791029999971e+04 2.105333421370000053e+02 -5.773513246190000103e+01 2.203653761099999997e+02
6.500000000000000222e-01 4.672790260839999974e+03 2.985443198980000034e+03 1.593300601070000084e+04 2.102298196159999861e+02 -5.819198382350000287e+01 2.197352925890000108e+02
6.500000000000000222e-01 4.837233057960000224e+03 3.207067488969999886e+03 1.598155842900000061e+04 2.103127631609999924e+02 -5.814244605540000066e+01 2.203730586869999968e+02
6.500000000000000222e-01 4.939942049999999654e+03 3.017294376750000083e+03 1.619545611869999993e+04 2.098561706520000030e+02 -5.825542246100000199e+01 2.197370560669999975e+02
6.500000000000000222e-01 4.796306604440000228e+03 2.815028267000000142e+03 1.596858951940000043e+04 2.100966707599999950e+02 -5.804054599940000259e+01 2.199314894450000111e+02
6.500000000000000222e-01 4.961739972389999821e+03 3.152577297490000092e+03 1.590157078890000048e+04 2.098720381900000120e+02 -5.846265225890000039e+01 2.187089354580000133e+02
6.500000000000000222e-01 4.821287488470000426e+03 2.815069233839999924e+03 1.607075556519999918e+04 2.105474538349999989e+02 -5.844372828160000211e+01 2.193304149980000091e+02
6.500000000000000222e-01 5.037564399109999613e+03 2.954520369859999846e+03 1.610169272520000050e+04 2.106222189890000038e+02 -5.821028063640000028e+01 2.187286629189999871e+02
6.500000000000000222e-01 4.708977995469999769e+03 2.874535381940000207e+03 1.597229489760000070e+04 2.101873600119999992e+02 -5.802436392189999737e+01 2.194951294139999902e+02
6.500000000000000222e-01 4.755607790340000065e+03 3.142792436010000074e+03 1.611238244870000017e+04 2.105783366699999988e+02 -5.853435771379999863e+01 2.203587103989999889e+02
6.500000000000000222e-01 4.928893106640000042e+03 3.063171800940000139e+03 1.581958320389999972e+04 2.109365314359999957e+02 -5.766025713559999843e+01 2.198902841620000004e+02
6.500000000000000222e-01 4.979448031449999689e+03 2.856883737189999920e+03 1.608752334189999965e+04 2.105358262700000012e+02 -5.846351508259999719e+01 2.186435899459999916e+02
6.500000000000000222e-01 5.031294403810000404e+03 3.123407083799999782e+03 1.600039299240000037e+04 2.102218935639999984e+02 -5.817917721989999791e+01 2.185710622740000133e+02
6.500000000000000222e-01 4.958129469610000342e+03 3.185005854890000137e+03 1.597696771529999933e+04 2.102658851870000092e+02 -5.834403675730000316e+01 2.187497507950000113e+02
6.500000000000000222e-01 4.716649616839999908e+03 2.873907449689999794e+03 1.606209419239999988e+04 2.105335376380000127e+02 -5.799594668449999801e+01 2.203989355459999899e+02
6.500000000000000222e-01 4.723442754959999547e+03 3.146118325519999871e+03 1.605549112389999937e+04 2.101293914739999877e+02 -5.800402991819999698e+01 2.185672541380000098e+02
6.500000000000000222e-01 4.984561926909999784e+03 2.852434914580000168e+03 1.607115531360000023e+04 2.103418200380000087e+02 -5.817785500080000105e+01 2.200049811739999939e+02
6.500000000000000222e-01 5.040971788670000024e+03 3.089345033879999846e+03 1.606516854140000032e+04 2.099704668340000069e+02 -5.825553534019999802e+01 2.204672009170000138e+02
6.500000000000000222e-01 4.779128895499999999e+03 2.954763621510000121e+03 1.618531825539999954e+04 2.095449392230000001e+02 -5.842273792680000355e+01 2.191125658550000139e+02
1.390000000000000000e+04 -7.695413586800000303e+03 5.360311879959999715e+02 1.524172599190000074e+04 -2.496222359040000072e+02 2.043116737510000007e+02 -3.128759248200000229e+02
6.500000000000000222e-01 -7.800218828989999565e+03 6.247821365439999681e+02 1.528180998000000000e+04 -2.497796653419999870e+02 2.044390277580000088e+02 -3.134535644489999981e+02
6.500000000000000222e-01 -7.760380725449999773e+03 5.167904819740000448e+02 1.536766102320000027e+04 -2.499947434860000044e+02 2.041453049749999877e+02 -3.130815220439999962e+02
6.500000000000000222e-01 -7.614339038189999883e+03 5.157780036569999993e+02 1.535785857620000024e+04 -2.497510916049999992e+02 2.042889776929999925e+02 -3.127481581060000053e+02
6.500000000000000222e-01 -7.616622405520000029e+03 5.726799543450000556e+02 1.512811354530000062e+04 -2.491370955179999953e+02 2.045042098339999939e+02 -3.125136168239999961e+02
6.500000000000000222e-01 -7.585449941120000403e+03 6.103379182429999901e+02 1.529489187719999973e+04 -2.498766369209999993e+02 2.042298182380000071e+02 -3.123427956709999762e+02
6.500000000000000222e-01 -7.738685490159999972e+03 6.294424665200000391e+02 1.534108901949999927e+04 -2.494881455729999971e+02 2.039350688639999873e+02 -3.123944205390000093e+02
6.500000000000000222e-01 -7.644817470459999640e+03 4.177317164049999860e+02 1.517997614769999927e+04 -2.496960075060000008e+02 2.043031276080000112e+02 -3.124625649349999890e+02
6.500000000000000222e-01 -7.740896660630000042e+03 4.058805542869999954e+02 1.527929971610000030e+04 -2.496873074620000068e+02 2.045587333500000113e+02 -3.124172513500000150e+02
6.500000000000000222e-01 -7.705613076130000081e+03 4.223106963320000204e+02 1.532837853589999941e+04 -2.493361440300000140e+02 2.039538975979999975e+02 -3.129680069330000265e+02
6.500000000000000222e-01 -7.640659580319999804e+03 6.466059169510000402e+02 1.531370657319999918e+04 -2.494551321550000011e+02 2.039508793850000075e+02 -3.126791730720000260e+02
6.500000000000000222e-01 -7.554995528409999679e+03 5.276511994449999747e+02 1.521603979710000021e+04 -2.497223013699999967e+02 2.043222545950000040e+02 -3.133412823030000141e+02
6.500000000000000222e-01 -7.672844397199999548e+03 4.019425747989999991e+02 1.519703565399999934e+04 -2.495065324379999936e+02 2.040746504189999939e+02 -3.123293527430000154e+02
6.500000000000000222e-01 -7.606171209899999667e+03 4.259718289049999953e+02 1.522141014299999915e+04 -2.495611352909999994e+02 2.042637734980000062e+02 -3.128885911950000036e+02
6.500000000000000222e-01 -7.692625972159999947e+03 4.481798936750000166e+02 1.512869327479999993e+04 -2.494142140200000028e+02 2.037304112879999991e+02 -3.125680215130000192e+02
6.500000000000000222e-01 -7.803933011580000311e+03 5.324346959770000467e+02 1.533480002959999911e+04 -2.497903997390000086e+02 2.042980018549999954e+02 -3.130582754179999938e+02
6.500000000000000222e-01 -7.584787440570000399e+03 4.508104707260000055e+02 1.521098198880000018e+04 -2.495262584580000009e+02 2.042478878949999910e+02 -3.122672647129999746e+02
6.500000000000000222e-01 -7.627682626849999906e+03 4.903256071700000120e+02 1.512456774550000046e+04 -2.499540867190000029e+02 2.045999705609999921e+02 -3.130569226650000019e+02
6.500000000000000222e-01 -7.635777850800000124e+03 5.167127175289999741e+02 1.537022930280000037e+04 -2.491879652000000078e+02 2.041901325899999904e+02 -3.131209592189999853e+02
6.500000000000000222e-01 -7.791626021750000291e+03 4.313294226090000052e+02 1.522672568649999994e+04 -2.496407289599999899e+02 2.043943919310000013e+02 -3.130365684610000017e+02
6.500000000000000222e-01 -7.758803213250000226e+03 6.538889229220000061e+02 1.529109541189999982e+04 -2.494347797839999998e+02 2.041000476069999934e+02 -3.128509652770000002e+02
6.500000000000000222e-01 -7.665195695669999623e+03 4.236499702360000015e+02 1.532524298769999950e+04 -2.495598465390000058e+02 2.044800964220000026e+02 -3.124286616429999981e+02
6.500000000000000222e-01 -7.761138976350000121e+03 5.383404722860000220e+02 1.511473727300000064e+04 -2.490522136630000034e+02 2.042942177609999987e+02 -3.131672463180000250e+02
6.500000000000000222e-01 -7.780259480290000283e+03 5.687643737260000307e+02 1.535226601830000072e+04 -2.499951050189999933e+02 2.045042368469999872e+02 -3.130927504829999748e+02
6.500000000000000222e-01 -7.621465031529999578e+03 6.035681830019999552e+02 1.513964783300000090e+04 -2.498099203280000040e+02 2.045348360099999923e+02 -3.128654086949999851e+02
6.500000000000000222e-01 -7.759574971099999857e+03 4.774192936549999899e+02 1.512815116940000007e+04 -2.500300246470000047e+02 2.041283587350000062e+02 -3.125430817390000016e+02
6.500000000000000222e-01 -7.717659713410000222e+03 4.645196469200000138e+02 1.511974365620000026e+04 -2.494275530589999903e+02 2.038501519479999899e+02 -3.127403926999999726e+02
6.500000000000000222e-01 -7.717039923469999849e+03 4.603258480580000196e+02 1.512244076920000043e+04 -2.498725145219999888e+02 2.040232025610000051e+02 -3.125825020109999741e+02
6.500000000000000222e-01 -7.557683194760000333e+03 5.244558984819999523e+02 1.520508865390000028e+04 -2.497582075500000087e+02 2.043323873919999869e+02 -3.133307206540000038e+02
6.500000000000000222e-01 -7.671222686189999877e+03 4.778636532950000060e+02 1.537009618020000016e+04 -2.498867602669999997e+02 2.048777612169999998e+02 -3.125773388989999830e+02
6.500000000000000222e-01 -7.692583145880000302e+03 3.974308303980000119e+02 1.520715898530000050e+04 -2.496918127840000068e+02 2.042801977260000115e+02 -3.123389413429999877e+02
6.500000000000000222e-01 -7.671239928269999837e+03 3.959314610050000169e+02 1.525755627350000032e+04 -2.495825014000000124e+02 2.042414815109999893e+02 -3.134492488750000234e+02
6.500000000000000222e-01 -7.621264184530000421e+03 4.865707721929999821e+02 1.512988162290000037e+04 -2.500425209949999896e+02 2.046082301769999958e+02 -3.133063357600000245e+02
6.500000000000000222e-01 -7.553003968060000261e+03 5.462049729799999795e+02 1.523367147079999995e+04 -2.496031514919999950e+02 2.043106513909999933e+02 -3.122923382420000280e+02
6.500000000000000222e-01 -7.628391518639999958e+03 5.985371044510000047e+02 1.513193746579999970e+04 -2.500054139339999892e+02 2.042727558910000027e+02 -3.131444614779999824e+02
6.500000000000000222e-01 -7.698953683720000299e+03 3.952884414089999723e+02 1.526652042909999909e+04 -2.496473200380000037e+02 2.044715774249999924e+02 -3.122538350620000074e+02
6.500000000000000222e-01 -7.787089813499999764e+03 6.278581988920000185e+02 1.518104666270000052e+04 -2.498632602950000035e+02 2.045552295280000124e+02 -3.124723489040000004e+02
6.500000000000000222e-01 -7.686715912310000022e+03 5.882425172490000023e+02 1.537459844689999954e+04 -2.497586525160000122e+02 2.037293925619999868e+02 -3.126190390720000210e+02
6.500000000000000222e-01 -7.637588080360000276e+03 5.249220544109999764e+02 1.511135439679999945e+04 -2.491329987199999891e+02 2.041981739180000091e+02 -3.126958685359999777e+02
6.500000000000000222e-01 -7.718099650850000216e+03 5.320311024860000089e+02 1.538288596440000038e+04 -2.490695545949999996e+02 2.044041388370000050e+02 -3.127599599370000192e+02
6.500000000000000222e-01 -7.742844258510000145e+03 5.193672999350000055e+02 1.537563470869999946e+04 -2.502114605449999942e+02 2.041269849280000130e+02 -3.130748044239999786e+02
1.190000000000000000e+04 -3.211039599740000085e+03 6.348710155040000245e+03 -1.371525121790000048e+04 -2.728937930600000072e+02 -2.214033980339999985e+01 6.505827613709999468e+01
6.500000000000000222e-01 -3.295623118930000146e+03 6.259159339630000431e+03 -1.366381009359999916e+04 -2.729800920089999750e+02 -2.234404709009999834e+01 6.452726028479999343e+01
6.500000000000000222e-01 -3.302533545069999946e+03 6.254351869109999825e+03 -1.369197116679999999e+04 -2.728503513809999959e+02 -2.201927853589999984e+01 6.556650305319999461e+01
6.500000000000000222e-01 -3.095569867239999894e+03 6.382657771920000414e+03 -1.377292790280000008e+04 -2.727007949169999961e+02 -2.204683643190000097e+01 6.558314433990000225e+01
6.500000000000000222e-01 -3.108469621029999871e+03 6.264132959950000441e+03 -1.372776200969999991e+04 -2.729239235000000008e+02 -2.212420603540000030e+01 6.462978722840000501e+01
6.500000000000000222e-01 -3.228705914499999835e+03 6.450842836550000357e+03 -1.379926704269999937e+04 -2.727679796340000280e+02 -2.258244613300000125e+01 6.455624901950000094e+01
6.500000000000000222e-01 -3.290588223960000050e+03 6.453469945310000185e+03 -1.369210658870000043e+04 -2.728586585529999979e+02 -2.219517002379999937e+01 6.557653257730000007e+01
6.500000000000000222e-01 -3.180045070539999870e+03 6.343690706989999853e+03 -1.358548686660000021e+04 -2.727218271489999779e+02 -2.217234128220000144e+01 6.503407586580000554e+01
6.500000000000000222e-01 -3.331360464519999823e+03 6.320867692470000293e+03 -1.376577499069999976e+04 -2.729124269060000074e+02 -2.218828465449999854e+01 6.526938805739999339e+01
6.500000000000000222e-01 -3.250304232370000136e+03 6.257652084219999779e+03 -1.380474084439999933e+04 -2.728794614799999749e+02 -2.258180895799999988e+01 6.544482648410000536e+01
6.500000000000000222e-01 -3.185647611670000060e+03 6.296564831880000384e+03 -1.359519586130000062e+04 -2.730671827770000277e+02 -2.201211198629999899e+01 6.504553052980000416e+01
6.500000000000000222e-01 -3.310740380990000176e+03 6.262485766869999679e+03 -1.373622576599999957e+04 -2.729114843300000075e+02 -2.220429494960000127e+01 6.561879830370000377e+01
6.500000000000000222e-01 -3.173564976600000136e+03 6.306772837970000182e+03 -1.383629541470000004e+04 -2.725696232849999774e+02 -2.249887800670000004e+01 6.530474495699999693e+01
6.500000000000000222e-01 -3.285238327789999857e+03 6.421553723320000245e+03 -1.363159895730000062e+04 -2.725810490719999848e+02 -2.245103832650000086e+01 6.553528043750000620e+01
6.500000000000000222e-01 -3.134287156790000154e+03 6.455166291530000308e+03 -1.369080641680000008e+04 -2.729272521269999743e+02 -2.203450652700000134e+01 6.460398058049999293e+01
6.500000000000000222e-01 -3.115840611910000007e+03 6.330543790159999844e+03 -1.362352351260000069e+04 -2.731778697440000201e+02 -2.206458922059999850e+01 6.532016822919999299e+01
6.500000000000000222e-01 -3.339975386470000103e+03 6.374387359229999674e+03 -1.373814476869999999e+04 -2.728301337830000080e+02 -2.215987660089999878e+01 6.495076719630000639e+01
6.500000000000000222e-01 -3.125498849300000074e+03 6.380121873889999733e+03 -1.361760939870000038e+04 -2.729722339090000105e+02 -2.232516047429999873e+01 6.523675330189999499e+01
6.500000000000000222e-01 -3.194692662200000086e+03 6.348663376909999897e+03 -1.358273676270000033e+04 -2.723088262559999748e+02 -2.216467279840000160e+01 6.501120613160000516e+01
6.500000000000000222e-01 -3.204141224880000209e+03 6.288943540680000297e+03 -1.359622387659999913e+04 -2.731246810650000043e+02 -2.162667868679999827e+01 6.525210572080000304e+01
6.500000000000000222e-01 -3.208762156169999798e+03 6.481516747270000451e+03 -1.372782596290000038e+04 -2.728550648410000008e+02 -2.216477899239999871e+01 6.545818659340000067e+01
6.500000000000000222e-01 -3.085974621010000192e+03 6.311518659139999727e+03 -1.368676345079999919e+04 -2.729014610300000072e+02 -2.217370298979999887e+01 6.515957325339999784e+01
6.500000000000000222e-01 -3.272215845759999866e+03 6.234114857090000442e+03 -1.368427460969999993e+04 -2.728183599559999948e+02 -2.230050154510000127e+01 6.469903346030000080e+01
6.500000000000000222e-01 -3.115980547059999935e+03 6.430944340729999567e+03 -1.367032348110000021e+04 -2.727401684039999736e+02 -2.204528301639999910e+01 6.448123326959999702e+01
6.500000000000000222e-01 -3.192428542390000075e+03 6.216698935800000072e+03 -1.370928219700000045e+04 -2.729152572799999916e+02 -2.208247764329999896e+01 6.545350957549999293e+01
6.500000000000000222e-01 -3.336481604309999966e+03 6.306316361789999974e+03 -1.369830980459999955e+04 -2.728262565659999836e+02 -2.209677596959999946e+01 6.549666195829999538e+01
6.500000000000000222e-01 -3.286283910300000116e+03 6.400898492180000176e+03 -1.381235626509999929e+04 -2.732200404999999819e+02 -2.190848718270000006e+01 6.544478745199999992e+01
6.500000000000000222e-01 -3.207063079290000132e+03 6.219361473119999573e+03 -1.368336944640000002e+04 -2.730249735770000257e+02 -2.202532400870000018e+01 6.491419180100000119e+01
6.500000000000000222e-01 -3.189720820869999898e+03 6.438494751729999734e+03 -1.381171364480000011e+04 -2.727787287890000130e+02 -2.173226305640000078e+01 6.545441115200000581e+01
6.500000000000000222e-01 -3.288771620420000090e+03 6.454842782980000266e+03 -1.369198530740000024e+04 -2.729839776140000254e+02 -2.203623357869999921e+01 6.456220770560000233e+01
6.500000000000000222e-01 -3.284180189860000155e+03 6.379093339899999592e+03 -1.360766021870000077e+04 -2.732279995619999795e+02 -2.195896951830000177e+01 6.485144423929999391e+01
6.500000000000000222e-01 -3.320930406349999885e+03 6.338992549890000191e+03 -1.364013378940000075e+04 -2.731238194969999995e+02 -2.218747153320000010e+01 6.465572542140000678e+01
6.500000000000000222e-01 -3.276876359859999866e+03 6.285420534380000390e+03 -1.361786537200000021e+04 -2.726274776679999832e+02 -2.177980305739999878e+01 6.548308604570000568e+01
6.500000000000000222e-01 -3.168612189899999976e+03 6.404921908369999983e+03 -1.360183802029999970e+04 -2.725898391410000272e+02 -2.173975525530000041e+01 6.474566275829999995e+01
6.500000000000000222e-01 -3.217945157159999781e+03 6.481654108730000189e+03 -1.372524467139999979e+04 -2.729063868250000269e+02 -2.210640056220000105e+01 6.564589627789999327e+01
6.500000000000000222e-01 -3.336104032109999935e+03 6.354534355869999672e+03 -1.376158278409999912e+04 -2.727326926879999860e+02 -2.212900537109999988e+01 6.465148038179999901e+01
6.500000000000000222e-01 -3.206332760079999844e+03 6.419520687590000307e+03 -1.382817095519999930e+04 -2.726827705009999931e+02 -2.197392331400000032e+01 6.525690526889999887e+01
6.500000000000000222e-01 -3.144048909120000189e+03 6.417803835030000300e+03 -1.380777118259999952e+04 -2.725565444669999806e+02 -2.211065384899999842e+01 6.532455472750000069e+01
6.500000000000000222e-01 -3.276325250739999774e+03 6.269576593019999564e+03 -1.380060529130000032e+04 -2.729351124649999747e+02 -2.174243406340000107e+01 6.478402245879999555e+01
6.500000000000000222e-01 -3.104797518469999886e+03 6.268185676469999635e+03 -1.372265568440000061e+04 -2.729134455849999767e+02 -2.213488679130000136e+01 6.477309294440000542e+01
6.500000000000000222e-01 -3.161345825859999877e+03 6.442039007860000311e+03 -1.379670625529999961e+04 -2.726751375019999841e+02 -2.188716555610000114e+01 6.550690561960000480e+01
