3.450000000000000000e+05 1.317499861649999957e+03 3.587059095290000187e+03 7.697553142079999816e+03 1.377989970239999877e+02 8.688711137029999421e+00 5.323976500399999878e+01
6.500000000000000222e-01 1.624450434589999986e+03 3.435737297539999872e+03 7.521343094400000155e+03 1.387198479639999960e+02 8.581593748590000459e+00 4.488693146460000349e+01
6.500000000000000222e-01 1.731012647340000058e+03 3.692040700460000153e+03 7.599622409849999713e+03 1.339119653930000027e+02 5.453717812029999834e+00 4.066360076429999992e+01
6.500000000000000222e-01 1.794017003209999984e+03 3.659413825669999824e+03 7.612700295949999600e+03 1.334233298709999929e+02 4.410181454750000007e+00 3.854251789580000320e+01
6.500000000000000222e-01 1.449502688380000109e+03 3.728170143759999974e+03 7.589802144549999866e+03 1.359053974679999897e+02 6.162343476250000229e+00 4.897457005809999941e+01
6.500000000000000222e-01 1.369069908270000042e+03 3.769503558469999916e+03 7.685703475960000105e+03 1.335751971880000042e+02 7.655898503629999574e+00 4.770131274780000297e+01
6.500000000000000222e-01 1.496551482050000004e+03 3.532737012279999817e+03 7.771302021190000232e+03 1.311982391459999917e+02 3.331682057060000091e+00 4.226754945529999929e+01
6.500000000000000222e-01 1.626679205749999937e+03 3.611002890379999826e+03 7.625634846330000073e+03 1.347982135690000121e+02 3.864825173119999846e+00 3.926586405100000121e+01
6.500000000000000222e-01 1.446062255510000114e+03 3.568482296229999974e+03 7.774247834189999594e+03 1.314531366390000073e+02 4.178356793679999903e+00 4.305276691899999975e+01
6.500000000000000222e-01 1.270534409300000107e+03 3.690312101099999836e+03 7.699562045030000263e+03 1.337855679820000034e+02 6.589945659259999644e+00 4.808289795679999656e+01
6.500000000000000222e-01 1.519139331710000079e+03 3.647193125029999919e+03 7.723359168670000145e+03 1.310849731870000028e+02 5.656402978300000051e+00 4.289463796809999963e+01
6.500000000000000222e-01 1.743784094310000000e+03 3.693550275539999802e+03 7.638474280419999559e+03 1.326500530179999942e+02 4.967809229440000252e+00 4.008995691249999993e+01
6.500000000000000222e-01 1.747711770010000009e+03 3.486196370600000137e+03 7.537308878879999611e+03 1.374653143820000025e+02 3.719103770629999861e+00 3.988588055820000022e+01
6.500000000000000222e-01 1.653501552799999899e+03 3.485944603980000011e+03 7.646866698929999984e+03 1.340051744479999911e+02 4.660979139820000228e+00 3.890998477549999990e+01
6.500000000000000222e-01 1.642277925110000069e+03 3.506886838410000109e+03 7.572985878370000137e+03 1.373140047930000094e+02 2.755529658820000005e+00 4.057680640929999782e+01
6.500000000000000222e-01 1.754549601039999970e+03 3.615410910099999910e+03 7.546045351020000453e+03 1.361971010880000108e+02 4.655664868689999736e+00 4.013886269369999837e+01
6.500000000000000222e-01 1.501026847950000047e+03 3.748505741039999975e+03 7.544271210969999629e+03 1.368287397809999959e+02 7.201865265250000370e+00 4.363228204029999802e+01
6.500000000000000222e-01 1.817256729270000051e+03 3.662215236280000227e+03 7.627191529310000078e+03 1.320719289730000128e+02 4.374355851469999834e+00 3.720459133610000180e+01
6.500000000000000222e-01 1.535449985040000001e+03 3.415937292879999859e+03 7.676113176699999713e+03 1.348538971039999979e+02 4.244645042220000164e+00 4.213052209460000341e+01
6.500000000000000222e-01 1.187935855380000021e+03 3.501220770620000167e+03 7.723973241669999879e+03 1.357767205970000077e+02 6.948577778919999837e+00 4.879302732989999924e+01
6.500000000000000222e-01 1.348230782249999947e+03 3.446431961859999774e+03 7.759448654069999975e+03 1.343154247020000014e+02 5.541812363910000094e+00 4.535456530359999761e+01
6.500000000000000222e-01 1.767997459299999946e+03 3.651176072010000098e+03 7.607840040019999833e+03 1.323024217360000137e+02 5.662399339220000272e+00 3.567848168769999972e+01
6.500000000000000222e-01 1.592886890360000052e+03 3.548798620160000155e+03 7.678662951440000143e+03 1.338650548420000064e+02 2.741367277670000213e+00 3.962611608449999778e+01
6.500000000000000222e-01 1.523205521090000047e+03 3.695784775709999849e+03 7.483492000160000316e+03 1.378873435689999951e+02 6.147550962989999590e+00 4.441425521080000038e+01
6.500000000000000222e-01 1.689166367909999963e+03 3.624429980580000120e+03 7.594719231920000311e+03 1.351082275830000015e+02 4.134728933489999925e+00 3.889085475150000093e+01
6.500000000000000222e-01 1.770688249080000105e+03 3.633653069280000182e+03 7.592931944480000311e+03 1.340603863260000139e+02 4.340985680290000204e+00 3.773178826539999875e+01
6.500000000000000222e-01 1.486937703049999982e+03 3.487769114979999813e+03 7.767114248859999861e+03 1.322956664250000074e+02 2.588898116409999783e+00 4.191210881330000149e+01
6.500000000000000222e-01 1.831567580500000076e+03 3.596654705800000102e+03 7.596235274249999748e+03 1.325725714980000021e+02 5.799435366800000047e+00 3.407202144880000105e+01
6.500000000000000222e-01 1.674619214170000078e+03 3.668257845329999782e+03 7.693852838570000131e+03 1.312289035009999907e+02 4.266402882470000435e+00 4.009162849930000050e+01
6.500000000000000222e-01 1.648971825189999890e+03 3.629670361739999862e+03 7.656220701350000127e+03 1.324662156260000074e+02 5.252081006960000131e+00 3.813125078830000092e+01
6.500000000000000222e-01 1.416258452269999907e+03 3.691010752870000033e+03 7.748008344990000296e+03 1.323086361549999879e+02 8.810414140229999802e+00 4.185038377939999776e+01
6.500000000000000222e-01 1.586955309639999996e+03 3.695609819419999894e+03 7.629678959030000442e+03 1.346452042299999903e+02 4.964083273389999995e+00 4.201214286679999788e+01
6.500000000000000222e-01 1.367492373979999911e+03 3.760966580079999858e+03 7.727899295719999827e+03 1.331740619379999941e+02 8.598551165490000869e+00 4.336808049390000264e+01
6.500000000000000222e-01 1.680041039879999971e+03 3.655137495280000167e+03 7.686109803090000241e+03 1.307631919289999871e+02 4.837684982199999872e+00 3.907316838439999884e+01
6.500000000000000222e-01 1.208165047340000001e+03 3.505401840110000194e+03 7.604829827350000414e+03 1.384984374240000022e+02 8.782135367800000481e+00 4.816645713519999816e+01
6.500000000000000222e-01 1.580010851020000018e+03 3.741146366649999891e+03 7.621011260590000347e+03 1.332844341269999973e+02 7.652590174020000191e+00 4.062081999929999654e+01
6.500000000000000222e-01 1.591816778059999933e+03 3.674469574620000003e+03 7.668364250519999587e+03 1.324228108400000110e+02 5.947964485440000004e+00 3.956939101190000230e+01
6.500000000000000222e-01 1.455562475069999891e+03 3.466177183780000178e+03 7.755994990019999932e+03 1.336127910179999958e+02 4.325732355749999591e+00 4.245779337710000334e+01
6.500000000000000222e-01 1.528841980720000038e+03 3.541336605859999963e+03 7.457300591389999681e+03 1.387830993919999969e+02 2.695355925999999958e+00 4.587609633470000148e+01
6.500000000000000222e-01 1.359289959799999906e+03 3.573850051139999778e+03 7.740008491999999933e+03 1.316963986499999919e+02 7.477827919820000169e+00 4.409609583560000345e+01
6.500000000000000222e-01 1.571200282609999931e+03 3.734796668930000124e+03 7.673426374310000028e+03 1.338696018660000107e+02 5.651652167079999955e+00 4.535587564149999906e+01
6.500000000000000222e-01 1.679989700699999958e+03 3.534448352660000182e+03 7.681128535859999829e+03 1.331658378200000072e+02 4.277011745080000260e+00 3.674546506509999944e+01
6.500000000000000222e-01 1.366548181310000018e+03 3.544484952729999804e+03 7.784001943770000253e+03 1.315639993290000120e+02 4.866237685989999839e+00 4.513003874200000354e+01
6.500000000000000222e-01 1.570465336920000027e+03 3.440825783400000091e+03 7.686154906210000263e+03 1.346246828710000045e+02 2.191703417669999876e+00 4.069810566860000023e+01
6.500000000000000222e-01 1.630287909559999889e+03 3.679193581689999974e+03 7.654853480779999700e+03 1.327121871980000094e+02 5.245661417330000020e+00 3.959940391330000153e+01
6.500000000000000222e-01 1.488212110169999960e+03 3.760314532209999925e+03 7.660856878870000401e+03 1.335252126039999894e+02 8.345602274239999119e+00 4.056582382879999926e+01
6.500000000000000222e-01 1.532571750099999917e+03 3.683511885880000136e+03 7.696219676329999857e+03 1.326940948149999997e+02 5.131805089410000242e+00 4.150221100419999942e+01
6.500000000000000222e-01 9.340925779420000481e+02 3.734184416160000183e+03 7.734376817950000259e+03 1.381892390730000102e+02 1.153692550220000079e+01 6.471395089000000667e+01
6.500000000000000222e-01 1.552583282029999964e+03 3.668366233449999982e+03 7.700034937100000207e+03 1.323484475909999958e+02 4.891516617449999771e+00 4.106028518469999966e+01
6.500000000000000222e-01 1.537673136379999960e+03 3.397612691929999983e+03 7.658186935880000419e+03 1.355780052419999890e+02 4.379204556660000414e+00 4.245001470430000268e+01
6.500000000000000222e-01 1.745248909189999949e+03 3.551389252439999836e+03 7.531604436870000427e+03 1.373726605530000029e+02 4.008665244870000421e+00 4.050841857590000217e+01
6.500000000000000222e-01 1.332928009750000001e+03 3.763085398600000190e+03 7.727118491389999690e+03 1.332875638589999880e+02 7.601691042929999753e+00 4.694068114080000242e+01
6.500000000000000222e-01 8.986294916210000565e+02 3.856403338550000171e+03 8.151662986790000105e+03 1.340879529000000048e+02 1.555348854540000048e+01 6.918642515230000356e+01
6.500000000000000222e-01 1.455109855680000010e+03 3.592141946960000041e+03 7.756058668329999819e+03 1.321935190959999886e+02 4.915340414680000158e+00 4.172238255450000111e+01
6.500000000000000222e-01 1.491964346049999904e+03 3.747472337140000036e+03 7.608286847229999694e+03 1.350588410770000110e+02 7.039741243289999950e+00 4.351589281049999869e+01
6.500000000000000222e-01 1.562481146670000044e+03 3.614527872900000148e+03 7.744442471200000000e+03 1.308741918899999916e+02 3.884854684570000050e+00 4.129881556800000197e+01
6.500000000000000222e-01 1.447600562079999918e+03 3.743652236150000135e+03 7.694366080540000439e+03 1.329838051989999883e+02 6.788018946380000251e+00 4.485128071340000133e+01
6.500000000000000222e-01 1.644873489719999952e+03 3.669638594430000012e+03 7.668731476539999676e+03 1.321407231050000064e+02 4.878234196390000221e+00 3.958806030800000286e+01
6.500000000000000222e-01 1.556395254199999954e+03 3.697719668100000035e+03 7.667178381499999887e+03 1.331084948200000042e+02 5.740512134840000336e+00 4.081888466449999697e+01
6.500000000000000222e-01 1.520003046829999903e+03 3.685420394690000194e+03 7.576185862280000038e+03 1.367960693560000038e+02 4.961617050130000095e+00 4.514197832290000179e+01
6.500000000000000222e-01 1.017906045889999973e+03 3.788015966949999893e+03 7.815818851269999868e+03 1.362573670669999899e+02 1.224728373269999970e+01 6.251334684860000124e+01
6.500000000000000222e-01 1.828992652579999913e+03 3.613281970070000170e+03 7.606123891790000016e+03 1.321381214810000131e+02 6.207334186709999813e+00 3.353784415860000223e+01
6.500000000000000222e-01 1.307907466489999933e+03 3.698006564220000200e+03 7.665028263060000427e+03 1.344117783920000022e+02 5.649417052339999579e+00 4.810039785450000238e+01
6.500000000000000222e-01 1.636676243650000060e+03 3.739976543610000135e+03 7.610430911030000061e+03 1.328781792839999980e+02 7.798591676920000104e+00 3.874832316620000228e+01
6.500000000000000222e-01 1.647897010120000004e+03 3.619767004280000037e+03 7.672758458710000014e+03 1.321743924360000051e+02 7.819330645279999992e+00 3.710850043029999767e+01
6.500000000000000222e-01 1.687959499079999887e+03 3.667150914140000168e+03 7.643386515080000208e+03 1.323022542260000023e+02 5.337024767750000009e+00 3.756777543310000311e+01
6.500000000000000222e-01 1.335727240660000007e+03 3.706351745479999863e+03 7.626274299280000378e+03 1.346254452880000088e+02 6.150054729429999867e+00 4.776458657069999703e+01
6.500000000000000222e-01 1.811012360489999992e+03 3.642402966889999789e+03 7.596922714540000015e+03 1.321776750589999949e+02 5.709426718059999573e+00 3.461781864209999782e+01
6.500000000000000222e-01 1.358438613990000022e+03 3.727405013839999810e+03 7.739636849360000269e+03 1.326630512620000104e+02 8.990202754060000245e+00 4.382000264039999848e+01
6.500000000000000222e-01 1.694608883959999957e+03 3.661364539149999928e+03 7.533066907350000292e+03 1.370297798039999861e+02 5.924495835060000104e+00 4.418884572969999880e+01
6.500000000000000222e-01 1.034511869939999997e+03 3.691373667920000116e+03 7.743685777050000070e+03 1.366094131979999986e+02 8.433616129100000691e+00 5.778376798139999693e+01
6.500000000000000222e-01 1.414359754880000082e+03 3.735402818160000152e+03 7.707905720009999641e+03 1.330011776320000081e+02 7.603057110409999986e+00 4.307086693330000315e+01
6.500000000000000222e-01 1.524301599590000023e+03 3.752067243800000142e+03 7.614369907489999605e+03 1.342393893830000025e+02 7.295783140520000210e+00 4.424306800450000310e+01
6.500000000000000222e-01 1.365594809890000079e+03 3.735328147499999886e+03 7.739568546829999832e+03 1.334558583490000103e+02 5.547925881920000357e+00 4.684900693489999668e+01
6.500000000000000222e-01 1.729361969399999907e+03 3.703693886319999820e+03 7.609433292990000155e+03 1.320202130499999953e+02 6.973246470940000385e+00 3.616547934289999944e+01
6.500000000000000222e-01 1.474057421440000098e+03 3.664107532280000214e+03 7.724568518949999998e+03 1.321735662840000032e+02 5.666318828589999690e+00 4.223985438799999770e+01
6.500000000000000222e-01 1.282134629800000084e+03 3.691855061170000226e+03 7.569298657989999811e+03 1.362891078140000047e+02 5.387787951029999967e+00 5.098763023309999909e+01
6.500000000000000222e-01 1.636119550169999911e+03 3.645991202199999861e+03 7.650083400180000353e+03 1.331292901230000041e+02 4.789308947500000357e+00 3.875410316850000214e+01
6.500000000000000222e-01 1.446555177810000032e+03 3.746416489430000183e+03 7.681730587860000014e+03 1.340796289630000047e+02 6.603092806660000313e+00 4.217224544599999803e+01
6.500000000000000222e-01 1.569905624470000021e+03 3.737752656289999777e+03 7.629658263450000049e+03 1.337280529280000110e+02 6.634877366439999591e+00 4.336066154800000305e+01
6.500000000000000222e-01 1.611231121150000035e+03 3.686633436210000127e+03 7.614344398960000035e+03 1.346110393660000000e+02 5.291238835459999734e+00 4.004575161569999864e+01
6.500000000000000222e-01 1.679031770210000104e+03 3.453698360419999972e+03 7.532408824320000349e+03 1.382835511829999859e+02 3.005590880619999794e+00 4.113113840340000138e+01
6.500000000000000222e-01 1.838413464519999934e+03 3.528830976079999800e+03 7.611526584320000438e+03 1.339123593459999881e+02 5.425303806269999640e+00 3.535195178379999703e+01
6.500000000000000222e-01 8.951810658450000346e+02 3.704989229220000198e+03 7.803164109340000323e+03 1.367709385329999918e+02 1.160221060109999947e+01 6.449094195189999823e+01
6.500000000000000222e-01 1.386197486999999910e+03 3.741107127650000166e+03 7.623517935400000169e+03 1.339540602579999984e+02 7.868738018950000246e+00 4.679757902979999784e+01
6.500000000000000222e-01 1.432551374469999928e+03 3.744416638889999831e+03 7.704420973139999660e+03 1.329438857129999860e+02 6.733837042630000269e+00 4.498340471929999751e+01
6.500000000000000222e-01 1.191563857189999908e+03 3.655534482420000131e+03 7.747951228660000197e+03 1.345726290670000083e+02 9.116453053109999871e+00 4.859651210050000003e+01
6.500000000000000222e-01 1.594740194929999916e+03 3.591835408540000117e+03 7.492041762830000152e+03 1.387783664469999962e+02 3.999388888509999962e+00 4.377422000260000345e+01
6.500000000000000222e-01 1.229245948080000062e+03 3.518283080759999848e+03 7.594284220929999719e+03 1.393413519110000038e+02 5.819946411050000101e+00 4.946352299250000328e+01
6.500000000000000222e-01 1.757569340190000048e+03 3.638728298259999974e+03 7.609797276930000407e+03 1.325148763880000047e+02 5.537985068360000263e+00 3.586090097870000193e+01
6.500000000000000222e-01 1.549527714269999933e+03 3.744769796669999778e+03 7.612699784329999602e+03 1.342033008079999945e+02 7.118658254949999709e+00 4.265218352010000302e+01
6.500000000000000222e-01 1.628684080179999910e+03 3.512802855190000173e+03 7.669256020910000188e+03 1.334145387519999986e+02 3.703570660250000035e+00 3.904198519679999890e+01
6.500000000000000222e-01 1.628028829209999913e+03 3.704357775169999968e+03 7.649271168219999709e+03 1.318568090679999898e+02 6.802659885269999762e+00 3.995556298319999655e+01
6.500000000000000222e-01 1.657491278759999886e+03 3.675144383910000215e+03 7.638165634150000187e+03 1.323990681189999918e+02 6.398074540509999686e+00 3.777647970379999975e+01
6.500000000000000222e-01 1.674290012100000013e+03 3.551811024789999919e+03 7.684349793559999853e+03 1.328954387999999938e+02 4.709124705979999881e+00 3.659761070540000105e+01
6.500000000000000222e-01 1.653972640030000093e+03 3.452615359270000226e+03 7.607612898110000060e+03 1.361634457909999867e+02 2.837240123629999999e+00 3.990267132620000012e+01
6.500000000000000222e-01 1.580200890829999935e+03 3.641585250560000077e+03 7.719538053860000218e+03 1.307829066609999984e+02 5.050481554360000125e+00 4.138100338419999957e+01
6.500000000000000222e-01 1.516635115450000058e+03 3.765661423829999876e+03 7.593771969030000037e+03 1.344216019520000032e+02 8.369329974199999356e+00 4.283906849030000075e+01
6.500000000000000222e-01 1.800275044900000012e+03 3.658423448999999891e+03 7.600999813110000105e+03 1.331390848919999996e+02 4.701146121149999857e+00 3.769483696319999666e+01
6.500000000000000222e-01 1.556708263149999993e+03 3.703432890269999916e+03 7.662413977670000349e+03 1.332016712850000033e+02 5.862477807880000391e+00 4.097162476190000291e+01
6.500000000000000222e-01 1.517386402260000068e+03 3.769468078370000057e+03 7.572429033970000091e+03 1.353447705369999881e+02 8.120164913209999114e+00 4.292720090150000090e+01
1.390000000000000000e+04 -2.711731093870000041e+04 2.037622959300000002e+04 -2.654128913960000136e+04 -1.041501479920000008e+02 1.313053111300000069e+02 -3.318420919700000127e+02
6.500000000000000222e-01 -2.711923284780000176e+04 2.040848687190000055e+04 -2.645243735759999981e+04 -1.040938005409999931e+02 1.314609454509999864e+02 -3.328308182530000181e+02
6.500000000000000222e-01 -2.710696172460000162e+04 2.042584642779999922e+04 -2.650956132609999986e+04 -1.046152292019999948e+02 1.308077143790000036e+02 -3.331639022809999915e+02
6.500000000000000222e-01 -2.720939901770000142e+04 2.041282042509999883e+04 -2.643208862030000091e+04 -1.044392093449999948e+02 1.317076395279999872e+02 -3.325161426089999850e+02
6.500000000000000222e-01 -2.717560204549999980e+04 2.034876900870000100e+04 -2.644825832060000175e+04 -1.044805091070000032e+02 1.310085501039999940e+02 -3.327705571050000231e+02
6.500000000000000222e-01 -2.728969962999999916e+04 2.042829169779999938e+04 -2.649410006480000084e+04 -1.045116893630000021e+02 1.322129900120000059e+02 -3.321744211559999940e+02
6.500000000000000222e-01 -2.715909632780000175e+04 2.040707847749999928e+04 -2.645051901229999930e+04 -1.043476974400000046e+02 1.317413301930000102e+02 -3.327946975699999825e+02
6.500000000000000222e-01 -2.711423819939999885e+04 2.042621529340000052e+04 -2.651172110709999833e+04 -1.046387121420000028e+02 1.306951153949999878e+02 -3.331463287049999735e+02
6.500000000000000222e-01 -2.721139553810000143e+04 2.041907014269999854e+04 -2.645061703599999964e+04 -1.050271483119999942e+02 1.311829080599999884e+02 -3.327140694440000175e+02
6.500000000000000222e-01 -2.717915374399999928e+04 2.039879026019999947e+04 -2.640838951570000063e+04 -1.040896528669999981e+02 1.313423897490000058e+02 -3.322584805739999751e+02
6.500000000000000222e-01 -2.717716855230000147e+04 2.039054610920000050e+04 -2.645200459160000173e+04 -1.044057999169999960e+02 1.315934696349999911e+02 -3.327979256119999718e+02
6.500000000000000222e-01 -2.705622358800000075e+04 2.030902756880000015e+04 -2.652540832130000126e+04 -1.039940653559999930e+02 1.314262476000000106e+02 -3.329791651419999994e+02
6.500000000000000222e-01 -2.711258684300000095e+04 2.036495955099999992e+04 -2.648360116220000054e+04 -1.050925177160000032e+02 1.301362124700000038e+02 -3.324920153620000178e+02
6.500000000000000222e-01 -2.718348662200000035e+04 2.037534799940000084e+04 -2.641629146150000088e+04 -1.043673704020000059e+02 1.308965389649999906e+02 -3.323757209039999907e+02
6.500000000000000222e-01 -2.712131403199999841e+04 2.042476959630000056e+04 -2.645841542699999991e+04 -1.042261980969999939e+02 1.315022807839999928e+02 -3.328758174029999850e+02
6.500000000000000222e-01 -2.716162010409999857e+04 2.044666007790000003e+04 -2.646433511780000117e+04 -1.046316120750000067e+02 1.315471643079999922e+02 -3.328964010519999874e+02
6.500000000000000222e-01 -2.711432063489999928e+04 2.042873340449999887e+04 -2.648701419299999907e+04 -1.044695233500000029e+02 1.311817144279999923e+02 -3.330797826890000124e+02
6.500000000000000222e-01 -2.720841903499999898e+04 2.043187092029999985e+04 -2.645185461289999876e+04 -1.050578075340000055e+02 1.319407412829999942e+02 -3.327885602279999944e+02
6.500000000000000222e-01 -2.726789266119999957e+04 2.046464305850000164e+04 -2.645151664589999928e+04 -1.052687912410000024e+02 1.317291241659999912e+02 -3.327147236999999791e+02
6.500000000000000222e-01 -2.727510681439999826e+04 2.038304859230000147e+04 -2.645955794289999903e+04 -1.050798775359999979e+02 1.317148077950000129e+02 -3.327546057640000186e+02
6.500000000000000222e-01 -2.708938579880000179e+04 2.034898604450000130e+04 -2.648937829630000124e+04 -1.050366334750000021e+02 1.303025970070000028e+02 -3.324846723609999799e+02
6.500000000000000222e-01 -2.719669643730000098e+04 2.041949988070000109e+04 -2.645000663659999918e+04 -1.049806400399999973e+02 1.318484287940000002e+02 -3.327507362570000282e+02
6.500000000000000222e-01 -2.708341717040000003e+04 2.035555208960000164e+04 -2.650448945520000052e+04 -1.051887994089999978e+02 1.306351570660000050e+02 -3.325879713400000242e+02
6.500000000000000222e-01 -2.731022161689999848e+04 2.045464626839999983e+04 -2.646237178589999894e+04 -1.049376232750000071e+02 1.319077978569999914e+02 -3.322649087199999940e+02
6.500000000000000222e-01 -2.711828709080000044e+04 2.035676077259999875e+04 -2.647837368829999832e+04 -1.050790419500000041e+02 1.305412771620000001e+02 -3.326651981109999952e+02
6.500000000000000222e-01 -2.725587730119999833e+04 2.036998329519999970e+04 -2.646507900230000087e+04 -1.048244504890000002e+02 1.317330328969999869e+02 -3.327445610670000065e+02
6.500000000000000222e-01 -2.705518736870000066e+04 2.029887553729999854e+04 -2.654724894810000114e+04 -1.038898723580000052e+02 1.316978945639999949e+02 -3.328689133190000007e+02
6.500000000000000222e-01 -2.713597004340000058e+04 2.039046761749999860e+04 -2.645948040910000054e+04 -1.043798937239999987e+02 1.319025281479999876e+02 -3.328077346239999770e+02
6.500000000000000222e-01 -2.715180168399999820e+04 2.043023801019999883e+04 -2.647296255580000070e+04 -1.045780791130000011e+02 1.312188823719999959e+02 -3.329529338190000090e+02
6.500000000000000222e-01 -2.723380836120000095e+04 2.044712972609999997e+04 -2.645616639850000138e+04 -1.052984894159999953e+02 1.310047231080000074e+02 -3.325412955979999765e+02
6.500000000000000222e-01 -2.722275292160000026e+04 2.039407995559999836e+04 -2.647132477049999943e+04 -1.045961039090000071e+02 1.321903400470000065e+02 -3.327390793929999973e+02
6.500000000000000222e-01 -2.710018111050000152e+04 2.037619002879999971e+04 -2.647922702800000116e+04 -1.042563552689999966e+02 1.312134545760000037e+02 -3.331197469709999837e+02
6.500000000000000222e-01 -2.718705775200000062e+04 2.044458250670000052e+04 -2.644521828760000062e+04 -1.047313098700000040e+02 1.322010453370000107e+02 -3.326963526669999851e+02
6.500000000000000222e-01 -2.717220930249999947e+04 2.039478180589999829e+04 -2.646002098779999869e+04 -1.046092295210000032e+02 1.315727992950000100e+02 -3.328863560230000189e+02
6.500000000000000222e-01 -2.714516360970000096e+04 2.040542267820000052e+04 -2.646526576090000162e+04 -1.041804030109999957e+02 1.326162252979999892e+02 -3.324928874089999908e+02
6.500000000000000222e-01 -2.710736730339999849e+04 2.036310195469999962e+04 -2.650168847029999961e+04 -1.049958193890000047e+02 1.311093950199999938e+02 -3.332031692219999854e+02
6.500000000000000222e-01 -2.721481403190000128e+04 2.042573142540000117e+04 -2.645246610130000045e+04 -1.050929284559999957e+02 1.318453470949999939e+02 -3.327946998319999921e+02
6.500000000000000222e-01 -2.699481837269999960e+04 2.030128884860000107e+04 -2.655376960289999988e+04 -1.038524424360000040e+02 1.312121835810000050e+02 -3.326467788219999875e+02
6.500000000000000222e-01 -2.725463897379999980e+04 2.043011812790000113e+04 -2.640175474200000099e+04 -1.043235081859999980e+02 1.315294282179999925e+02 -3.315919875390000016e+02
6.500000000000000222e-01 -2.718998238380000112e+04 2.037625955619999877e+04 -2.645062186640000073e+04 -1.045403915219999931e+02 1.314534281100000044e+02 -3.327658357170000158e+02
6.500000000000000222e-01 -2.716264385659999971e+04 2.039304285710000113e+04 -2.647737058600000091e+04 -1.045548411139999985e+02 1.318184317109999881e+02 -3.330261813989999951e+02
6.500000000000000222e-01 -2.726380200500000137e+04 2.049677509170000121e+04 -2.648352019139999902e+04 -1.054047152229999966e+02 1.315200390910000010e+02 -3.327620686259999729e+02
6.500000000000000222e-01 -2.731629316000000108e+04 2.043956137700000181e+04 -2.650896533970000019e+04 -1.048449674059999950e+02 1.320802436740000019e+02 -3.324144935840000130e+02
6.500000000000000222e-01 -2.706295026059999873e+04 2.034158724520000032e+04 -2.650134516850000000e+04 -1.046260471500000051e+02 1.313391131770000015e+02 -3.326189580980000073e+02
6.500000000000000222e-01 -2.709090369519999877e+04 2.035672780889999922e+04 -2.650880390780000016e+04 -1.049324097110000054e+02 1.303687801510000099e+02 -3.330625299039999732e+02
6.500000000000000222e-01 -2.717465217979999943e+04 2.039911720639999839e+04 -2.642174807460000011e+04 -1.037612078850000046e+02 1.323250030140000035e+02 -3.319902101359999733e+02
6.500000000000000222e-01 -2.717604902099999890e+04 2.040557362769999963e+04 -2.647464844180000000e+04 -1.040412694430000045e+02 1.327522943429999884e+02 -3.323659676450000120e+02
6.500000000000000222e-01 -2.712074462270000004e+04 2.037323764099999971e+04 -2.645041624779999984e+04 -1.036847175980000060e+02 1.324683551169999873e+02 -3.321977526289999787e+02
6.500000000000000222e-01 -2.708961354869999923e+04 2.037034311430000162e+04 -2.648915003889999934e+04 -1.043220553040000027e+02 1.311894383460000029e+02 -3.331834757170000216e+02
6.500000000000000222e-01 -2.725060766180000064e+04 2.047191147479999927e+04 -2.653228987100000086e+04 -1.050818364219999950e+02 1.309858013889999881e+02 -3.325553669679999871e+02
6.500000000000000222e-01 -2.716648690409999836e+04 2.042990069280000171e+04 -2.644714780460000111e+04 -1.045059866130000046e+02 1.319863332969999874e+02 -3.327464649379999742e+02
6.500000000000000222e-01 -2.717582406679999985e+04 2.034938769390000016e+04 -2.644970873460000075e+04 -1.045264248139999950e+02 1.309860320699999932e+02 -3.327530928159999917e+02
6.500000000000000222e-01 -2.699637805469999876e+04 2.030544547410000087e+04 -2.657585141940000176e+04 -1.038688666169999948e+02 1.312260942350000050e+02 -3.328610909970000193e+02
6.500000000000000222e-01 -2.724827057440000135e+04 2.040062783829999898e+04 -2.644716287060000104e+04 -1.052492467839999932e+02 1.315605699730000140e+02 -3.327512214889999882e+02
6.500000000000000222e-01 -2.707089670180000030e+04 2.037332420160000038e+04 -2.654248039380000046e+04 -1.050649838009999968e+02 1.302437019820000046e+02 -3.328932940089999875e+02
6.500000000000000222e-01 -2.719274788160000026e+04 2.046394667599999957e+04 -2.646521621489999961e+04 -1.048524288870000021e+02 1.316661577330000057e+02 -3.328849096299999815e+02
6.500000000000000222e-01 -2.717781852449999860e+04 2.037766642090000096e+04 -2.642284782970000015e+04 -1.042589217609999963e+02 1.309414135840000029e+02 -3.324089388340000255e+02
6.500000000000000222e-01 -2.711350771030000033e+04 2.033350929280000128e+04 -2.657106913429999986e+04 -1.037201406389999931e+02 1.328078487329999859e+02 -3.324018890230000238e+02
6.500000000000000222e-01 -2.704367829899999924e+04 2.034111655890000111e+04 -2.651010707059999913e+04 -1.047015968129999948e+02 1.310995693700000118e+02 -3.322765501869999980e+02
6.500000000000000222e-01 -2.698300395760000174e+04 2.033691328359999898e+04 -2.663039277389999916e+04 -1.042720027780000009e+02 1.305031279760000018e+02 -3.325768351329999746e+02
6.500000000000000222e-01 -2.706111926669999957e+04 2.034605871929999921e+04 -2.649573487960000057e+04 -1.049412436310000061e+02 1.304261642319999908e+02 -3.321794777260000160e+02
6.500000000000000222e-01 -2.720171777890000158e+04 2.036444720230000166e+04 -2.644526929849999942e+04 -1.050903497719999962e+02 1.308254307219999930e+02 -3.326522658449999881e+02
6.500000000000000222e-01 -2.712440977879999991e+04 2.042158436419999998e+04 -2.647258946880000076e+04 -1.043957649320000058e+02 1.312851164909999966e+02 -3.329989995679999879e+02
6.500000000000000222e-01 -2.718194793209999989e+04 2.036859048850000181e+04 -2.645713375380000070e+04 -1.050777129570000028e+02 1.310364229140000134e+02 -3.327616275020000103e+02
6.500000000000000222e-01 -2.712400303440000062e+04 2.035670365360000142e+04 -2.646820016160000159e+04 -1.042113307409999976e+02 1.312400989440000103e+02 -3.329957900370000061e+02
6.500000000000000222e-01 -2.724134666819999984e+04 2.048996962980000171e+04 -2.649728636520000146e+04 -1.052652913419999976e+02 1.313455226929999924e+02 -3.328046847730000195e+02
6.500000000000000222e-01 -2.710593675100000110e+04 2.033001779739999984e+04 -2.647599932959999933e+04 -1.040889357819999930e+02 1.312031478380000067e+02 -3.329719588699999804e+02
6.500000000000000222e-01 -2.727527179980000074e+04 2.043617514070000107e+04 -2.644974621409999963e+04 -1.043754896319999972e+02 1.318096668860000023e+02 -3.316609806619999858e+02
6.500000000000000222e-01 -2.720795429850000073e+04 2.041887086690000069e+04 -2.643206034210000144e+04 -1.044314267289999947e+02 1.318183863870000039e+02 -3.325349386419999860e+02
6.500000000000000222e-01 -2.718220632979999937e+04 2.042873491819999981e+04 -2.643502747720000116e+04 -1.042270874050000060e+02 1.325887110529999973e+02 -3.323220661350000000e+02
6.500000000000000222e-01 -2.720721760889999860e+04 2.041368416459999935e+04 -2.646680257490000076e+04 -1.045006924949999956e+02 1.305069904880000138e+02 -3.321051880680000181e+02
6.500000000000000222e-01 -2.715573432870000033e+04 2.043526865059999909e+04 -2.644150471829999879e+04 -1.043062366660000038e+02 1.318232617150000010e+02 -3.327047557629999801e+02
6.500000000000000222e-01 -2.705022642600000108e+04 2.034291950559999896e+04 -2.648946921260000090e+04 -1.042541221379999996e+02 1.319102911059999883e+02 -3.321743565959999955e+02
6.500000000000000222e-01 -2.703710573700000168e+04 2.031175451809999868e+04 -2.654444718490000014e+04 -1.040112480540000064e+02 1.314220420649999994e+02 -3.329489015730000006e+02
6.500000000000000222e-01 -2.715179871859999912e+04 2.042071764629999961e+04 -2.644523778970000058e+04 -1.042628877970000048e+02 1.317873559040000089e+02 -3.327476714140000240e+02
6.500000000000000222e-01 -2.729613614170000073e+04 2.043650573369999984e+04 -2.646208502890000091e+04 -1.049081393270000007e+02 1.318328659029999983e+02 -3.324571584290000033e+02
6.500000000000000222e-01 -2.722205705460000172e+04 2.041276240060000055e+04 -2.644519234570000117e+04 -1.047869457030000007e+02 1.315973683009999888e+02 -3.327097878289999926e+02
6.500000000000000222e-01 -2.728534662060000119e+04 2.042177989660000094e+04 -2.646537268060000133e+04 -1.047086858619999958e+02 1.322538438999999926e+02 -3.324080483660000027e+02
6.500000000000000222e-01 -2.726731154600000082e+04 2.043090681409999888e+04 -2.641947559479999836e+04 -1.042184891429999993e+02 1.319722266109999964e+02 -3.312797868210000161e+02
6.500000000000000222e-01 -2.717687301220000154e+04 2.041968812529999923e+04 -2.652323120349999954e+04 -1.045651877039999960e+02 1.302071681310000031e+02 -3.325463759159999881e+02
6.500000000000000222e-01 -2.718379992940000011e+04 2.036041223170000012e+04 -2.644047542949999843e+04 -1.045927099820000024e+02 1.310824846170000058e+02 -3.326832519270000148e+02
6.500000000000000222e-01 -2.722912824929999988e+04 2.041799741229999927e+04 -2.644342005559999961e+04 -1.048151924980000018e+02 1.316073032930000011e+02 -3.326832515059999764e+02
6.500000000000000222e-01 -2.720537405569999828e+04 2.037967779950000113e+04 -2.644846660319999864e+04 -1.049377782229999951e+02 1.310595997229999909e+02 -3.327358762719999845e+02
6.500000000000000222e-01 -2.715688022080000155e+04 2.043298129440000048e+04 -2.642648733830000128e+04 -1.041255359040000030e+02 1.320085740609999903e+02 -3.325110315989999776e+02
6.500000000000000222e-01 -2.719326261819999854e+04 2.043574617790000048e+04 -2.645346811389999857e+04 -1.047690483660000069e+02 1.316570794209999917e+02 -3.328161139970000022e+02
6.500000000000000222e-01 -2.711259673710000061e+04 2.039722906950000106e+04 -2.647098161009999967e+04 -1.042723388710000023e+02 1.312561876329999961e+02 -3.330316775489999941e+02
6.500000000000000222e-01 -2.723118847299999834e+04 2.041792487439999968e+04 -2.639540601020000031e+04 -1.044302185540000067e+02 1.311710337080000102e+02 -3.318875126969999769e+02
6.500000000000000222e-01 -2.716804830809999839e+04 2.037201754530000107e+04 -2.644894599599999856e+04 -1.045022205709999952e+02 1.309348873840000067e+02 -3.327535476479999943e+02
6.500000000000000222e-01 -2.718425545970000167e+04 2.037756752849999975e+04 -2.643426832139999897e+04 -1.049179955719999953e+02 1.302840587039999889e+02 -3.322505476260000137e+02
6.500000000000000222e-01 -2.719080494230000113e+04 2.042226633579999907e+04 -2.645315748149999854e+04 -1.048234319660000011e+02 1.318028738920000080e+02 -3.328009007549999865e+02
6.500000000000000222e-01 -2.705177005750000171e+04 2.033687719239999933e+04 -2.650461770859999888e+04 -1.045386788510000002e+02 1.313253224769999861e+02 -3.325227384739999934e+02
6.500000000000000222e-01 -2.714740303340000173e+04 2.037049434689999907e+04 -2.647499036889999843e+04 -1.049776969269999967e+02 1.310923866880000048e+02 -3.329139543750000030e+02
6.500000000000000222e-01 -2.707679605240000092e+04 2.039575583410000036e+04 -2.655099550829999862e+04 -1.050253018309999931e+02 1.302592816210000137e+02 -3.329563349989999779e+02
6.500000000000000222e-01 -2.717114453620000131e+04 2.040320795379999981e+04 -2.642441631069999858e+04 -1.037934070750000046e+02 1.325405735129999982e+02 -3.319099077829999942e+02
6.500000000000000222e-01 -2.717202335350000067e+04 2.033504315219999989e+04 -2.644776953090000097e+04 -1.044678720699999985e+02 1.309544835570000032e+02 -3.327364573419999942e+02
6.500000000000000222e-01 -2.728069848239999919e+04 2.042202013209999859e+04 -2.645163742719999937e+04 -1.051091953549999971e+02 1.318046910609999998e+02 -3.326843579640000144e+02
6.500000000000000222e-01 -2.721561372059999849e+04 2.042861512170000060e+04 -2.644769891239999924e+04 -1.051411919380000057e+02 1.304967076830000110e+02 -3.321118890179999994e+02
6.500000000000000222e-01 -2.716715953820000141e+04 2.038997411719999945e+04 -2.647268094710000150e+04 -1.051210225340000051e+02 1.305423603659999969e+02 -3.326934064179999950e+02
6.500000000000000222e-01 -2.718950035869999920e+04 2.034568662899999981e+04 -2.648424537150000106e+04 -1.040210998929999988e+02 1.319769106509999972e+02 -3.326664825760000213e+02
6.500000000000000222e-01 -2.714256152450000081e+04 2.036989393040000141e+04 -2.646120171950000076e+04 -1.043185485430000057e+02 1.312857895070000041e+02 -3.329314027519999968e+02
6.500000000000000222e-01 -2.718659035539999968e+04 2.037152007719999892e+04 -2.644183242679999967e+04 -1.050427492639999940e+02 1.304681260209999891e+02 -3.324610097340000152e+02
3.690000000000000000e+05 -7.034478003570000055e+02 -2.831223743840000225e+03 -2.063482271819999880e+01 1.786602383840000030e+01 -9.661847977419999722e+01 -1.080382061279999988e+02
6.500000000000000222e-01 -9.160002986739999642e+02 -2.800993901960000130e+03 -7.244432428799999570e+02 1.862544318979999858e+01 -7.315219750869999871e+01 -6.766793884460000186e+00
6.500000000000000222e-01 -7.687058495559999756e+02 -2.672320555450000029e+03 2.505214418049999949e+02 4.820128414260000049e+00 -1.378174971619999951e+02 -9.624878569679999885e+01
6.500000000000000222e-01 -7.917435186999999814e+02 -2.842904959970000164e+03 -7.204532473589999881e+02 2.628798071050000118e+01 -6.302914954370000089e+01 -5.691732519870000395e+00
6.500000000000000222e-01 -8.816771795399999974e+02 -2.886405877270000019e+03 -6.710849649729999555e+02 2.688860893909999916e+01 -4.647401022390000236e+01 -2.444647581839999972e+01
6.500000000000000222e-01 -8.951690710619999436e+02 -2.849836238719999983e+03 -7.011059249659999750e+02 2.971940593449999923e+01 -3.672506092359999741e+01 1.417061246749999981e+01
6.500000000000000222e-01 -9.604103253959999620e+02 -2.485283071230000132e+03 -4.242646801080000074e+01 -4.826949580550000007e+00 -1.452335529640000118e+02 -1.081662528979999962e+02
6.500000000000000222e-01 -7.556199826609999946e+02 -2.871491077000000132e+03 -7.125145789790000208e+02 2.695966904280000165e+01 -6.211327566639999986e+01 -1.262662735089999977e+01
6.500000000000000222e-01 -7.922787910409999768e+02 -2.841465088790000209e+03 -7.213506417309999961e+02 2.626546865490000116e+01 -6.373345543119999945e+01 -6.004854411170000184e+00
6.500000000000000222e-01 -9.718008204799999703e+02 -2.855609531929999775e+03 -7.021902283050000051e+02 2.247921786430000068e+01 -4.927654036020000206e+01 4.685496647109999913e+00
6.500000000000000222e-01 -9.776524028300000282e+02 -2.865391333770000074e+03 -6.177683237730000201e+02 2.033054022489999824e+01 -5.686888750549999827e+01 -4.024157521240000079e+01
6.500000000000000222e-01 -9.735271903210000346e+02 -2.774153772040000149e+03 -7.311006012120000150e+02 1.373161004209999980e+01 -7.535359723480000582e+01 -2.134929632770000030e+00
6.500000000000000222e-01 -6.754737784500000544e+02 -2.947360994050000045e+03 -6.442214987859999837e+02 3.192872817639999994e+01 -2.744959294879999945e+01 -2.900793855890000117e+01
6.500000000000000222e-01 -8.896397588439999708e+02 -2.858466609170000083e+03 -6.940070541620000313e+02 2.760245516650000042e+01 -3.955908263709999773e+01 1.763441490630000175e+01
6.500000000000000222e-01 -5.395747724999999946e+02 -2.969959972770000149e+03 -5.337987680400000272e+02 3.054474225450000091e+01 -4.644752072789999886e+01 -5.951422335720000234e+01
6.500000000000000222e-01 -9.577917343059999666e+02 -2.803888059249999969e+03 -7.263822241750000330e+02 1.833288240299999927e+01 -6.741403179229999409e+01 4.656883772169999602e+00
6.500000000000000222e-01 -9.692021399359999805e+02 -2.811681808299999830e+03 -7.075331556209999917e+02 2.125644517579999970e+01 -5.544246085620000031e+01 1.949660375339999874e+01
6.500000000000000222e-01 -8.515336335120000513e+02 -2.829718407750000097e+03 -7.277696699890000218e+02 2.536532572029999955e+01 -6.305466466610000253e+01 1.428597576560000082e+00
6.500000000000000222e-01 -9.550063406189999569e+02 -2.799430282299999817e+03 -7.251853925899999922e+02 1.951595385630000123e+01 -6.752105017259999897e+01 9.377187605050000263e-01
6.500000000000000222e-01 -7.269983588170000530e+02 -2.911759753379999893e+03 -7.022064478280000230e+02 3.041445221280000055e+01 -4.058938726499999916e+01 -3.578219539670000060e+00
6.500000000000000222e-01 -9.050701402329999610e+02 -2.805464085900000100e+03 -7.299529284149999739e+02 2.292366268379999994e+01 -6.940312426760000619e+01 -4.103821959750000303e+00
6.500000000000000222e-01 -8.885157216280000512e+02 -2.781654266569999891e+03 -6.633306367989999899e+02 2.250632412010000039e+01 -7.930010099519999756e+01 -3.623516800689999684e+01
6.500000000000000222e-01 -8.306779522379999889e+02 -2.832376854420000200e+03 -7.132410119129999657e+02 2.094369288120000050e+01 -7.092608146909999789e+01 -1.464747809810000057e+01
6.500000000000000222e-01 -8.291350930590000416e+02 -2.833161114170000019e+03 -7.179004875480000010e+02 2.168385295879999930e+01 -7.057327018600000201e+01 -1.256913254340000030e+01
6.500000000000000222e-01 -9.803751908310000545e+02 -2.797642656540000189e+03 -7.212194116890000259e+02 1.716013882060000029e+01 -6.281917639889999805e+01 1.460721942350000013e+01
6.500000000000000222e-01 -9.199343216439999651e+02 -2.807637154949999967e+03 -7.184367992510000249e+02 2.331420696200000009e+01 -5.894979049180000175e+01 1.510303261129999974e+01
6.500000000000000222e-01 -8.695942664589999822e+02 -2.544917668470000081e+03 -5.901619398679999762e+01 3.997664732300000079e+00 -1.405068957139999952e+02 -1.082089255300000019e+02
6.500000000000000222e-01 -7.657476198570000179e+02 -2.909231277989999853e+03 -6.948946111049999672e+02 3.000288910120000097e+01 -3.547919945510000161e+01 -9.844445303629999477e-01
6.500000000000000222e-01 -8.090379261379999889e+02 -2.873399357549999877e+03 -7.003252034910000248e+02 2.482981435039999951e+01 -5.238794197800000063e+01 -4.472842891049999992e+00
6.500000000000000222e-01 -9.995731955539999944e+02 -2.794475821500000166e+03 -7.042568929039999830e+02 2.017694622109999969e+01 -5.624266186010000013e+01 2.276513440269999933e+01
6.500000000000000222e-01 -1.094176620290000074e+03 -2.795349688979999883e+03 -7.078516821010000513e+02 1.588821872269999957e+01 -6.085083087860000006e+01 -3.744582042729999838e+00
6.500000000000000222e-01 -8.060686127200000328e+02 -2.849958831280000140e+03 -7.235119336980000071e+02 2.665952461770000070e+01 -6.211145325900000103e+01 -4.330073440679999663e+00
6.500000000000000222e-01 -6.746661465109999654e+02 -2.271454291699999885e+03 7.857789999770000122e+02 1.204564934500000017e+00 -1.676305951630000095e+02 -2.528811220640000101e+01
6.500000000000000222e-01 -1.043478318200000103e+03 -2.797725232299999789e+03 -7.145274330500000133e+02 1.776604350699999912e+01 -5.991185212450000108e+01 9.378271087970000863e+00
6.500000000000000222e-01 -9.839791841879999765e+02 -2.790126266860000214e+03 -7.187242542039999762e+02 1.974353804129999901e+01 -6.179085686589999682e+01 1.284963781579999953e+01
6.500000000000000222e-01 -8.877748170649999793e+02 -2.833286872040000162e+03 -7.175390255519999982e+02 2.279776634770000143e+01 -5.549607618910000184e+01 1.670473872459999853e+01
6.500000000000000222e-01 -9.468154622040000277e+02 -2.782605334400000174e+03 -7.230763111689999505e+02 1.901966007309999895e+01 -7.436002625480000461e+01 -9.119093305659999871e+00
6.500000000000000222e-01 -9.423996081179999464e+02 -2.829597427990000142e+03 -7.183655311710000433e+02 2.288925872120000093e+01 -5.953375482370000071e+01 -1.019997973499999988e+00
6.500000000000000222e-01 -9.682691240269999753e+02 -2.835697173600000042e+03 -7.136099567180000349e+02 2.098402497120000021e+01 -5.742017226029999932e+01 5.331747461389999998e+00
6.500000000000000222e-01 -5.439799830739999607e+02 -2.920515251150000040e+03 -5.099149937299999920e+02 3.570887681659999657e+01 -3.666186232649999965e+01 -6.571698088349999978e+01
6.500000000000000222e-01 -9.271924711550000211e+02 -2.336233544719999827e+03 7.416522219600000199e+01 -9.913160646139999699e+00 -1.656376109500000098e+02 -1.076900990860000036e+02
6.500000000000000222e-01 -9.638175329370000100e+02 -2.753177996880000137e+03 -7.078342882509999754e+02 1.793123100460000074e+01 -8.450271656629999484e+01 -2.320578338920000050e+01
6.500000000000000222e-01 -8.803466706100000465e+02 -2.823882885309999892e+03 -7.249398458289999780e+02 2.327823556519999926e+01 -6.301904629269999703e+01 3.234451748460000164e+00
6.500000000000000222e-01 -9.985868021129999761e+02 -2.841129053220000060e+03 -6.939370527849999917e+02 2.407369313879999950e+01 -4.133933445630000136e+01 1.144910552960000061e+01
6.500000000000000222e-01 -9.697072159189999638e+02 -2.777966140340000038e+03 -7.195472347300000138e+02 1.648767951569999823e+01 -7.116195845730000258e+01 -2.865008350830000161e+00
6.500000000000000222e-01 -9.849563011019999976e+02 -2.815745751259999906e+03 -7.181011439300000347e+02 1.941216057829999997e+01 -6.122809333890000261e+01 7.195611835760000297e+00
6.500000000000000222e-01 -9.231354984949999789e+02 -2.810570157929999823e+03 -7.260945282469999711e+02 2.190864722059999892e+01 -6.717793530580000549e+01 -2.565397443650000220e+00
6.500000000000000222e-01 -8.139495230390000415e+02 -2.879315034969999942e+03 -7.129640349369999512e+02 2.720197724779999859e+01 -5.373529430189999800e+01 -3.320810374760000183e+00
6.500000000000000222e-01 -9.417663612659999899e+02 -2.795162494520000109e+03 -7.329143816719999904e+02 2.276973209979999879e+01 -6.711768197349999809e+01 5.537960556159999825e-01
6.500000000000000222e-01 -1.048242431279999892e+03 -2.797386525460000030e+03 -7.187104691060000050e+02 2.085719342970000056e+01 -5.549114313350000316e+01 4.902532652449999695e+00
6.500000000000000222e-01 -9.765911009589999594e+02 -2.204741887900000165e+03 -1.083968484709999913e+01 -1.989742100400000169e+01 -1.752537906720000080e+02 -1.116317330469999973e+02
6.500000000000000222e-01 -8.868128485629999886e+02 -2.856090635510000084e+03 -6.995008716380000351e+02 3.005645214280000133e+01 -3.440512626150000131e+01 1.215581877239999997e+01
6.500000000000000222e-01 -9.064910680030000094e+02 -2.840703953570000067e+03 -7.149907331199999589e+02 2.134619284460000088e+01 -5.505705896959999990e+01 9.418542212369999334e+00
6.500000000000000222e-01 -8.968966219950000323e+02 -2.811008597609999924e+03 -7.245776736679999885e+02 2.326056876539999863e+01 -6.231890892879999910e+01 7.855081575329999843e+00
6.500000000000000222e-01 -1.086104495640000096e+03 -2.807739170679999916e+03 -6.842683376349999662e+02 1.536613218229999944e+01 -6.306268040930000041e+01 -1.875584473259999996e+01
6.500000000000000222e-01 -1.061330392379999921e+03 -2.832958848230000058e+03 -6.919686790649999466e+02 1.770051355020000017e+01 -5.550468238239999863e+01 -9.136513179219999614e+00
6.500000000000000222e-01 -9.761595374979999633e+02 -2.472756332599999951e+03 -2.632195365439999932e+02 -5.841488191709999889e+00 -1.437917797400000097e+02 -9.818502309980000575e+01
6.500000000000000222e-01 -1.040208438030000025e+03 -2.818855068100000153e+03 -6.520305740280000464e+02 1.580767085509999959e+01 -6.680099269670000695e+01 -3.115252729359999861e+01
6.500000000000000222e-01 -9.120017522739999549e+02 -2.871968124099999841e+03 -5.466038176299999805e+02 2.111804569510000107e+01 -6.152409084130000139e+01 -5.590679693229999714e+01
6.500000000000000222e-01 -1.086149600190000001e+03 -2.784382857919999879e+03 -7.083950401470000315e+02 1.561805004420000031e+01 -6.570939185890000545e+01 -1.052667209240000012e+01
6.500000000000000222e-01 -1.007191332310000007e+03 -2.782997556159999931e+03 -7.247687325949999604e+02 1.562908842460000081e+01 -6.740188926560000482e+01 9.440391987479999969e+00
6.500000000000000222e-01 -9.257346238139999741e+02 -2.817764276549999977e+03 -7.234971010589999878e+02 2.158563484349999939e+01 -6.306267200279999940e+01 4.985344714830000079e+00
6.500000000000000222e-01 -9.560743366939999532e+02 -2.813973854440000196e+03 -7.009508372870000130e+02 2.097533059530000088e+01 -5.276556240579999724e+01 2.531493977179999888e+01
6.500000000000000222e-01 -9.451109141949999639e+02 -2.858035635369999909e+03 -7.062881336289999581e+02 2.301454246260000147e+01 -5.130943763890000042e+01 4.067127866749999932e+00
6.500000000000000222e-01 -9.070410476550000567e+02 -2.528514276960000188e+03 -2.237346297639999904e+01 -7.888105419029999357e-03 -1.427317565310000020e+02 -1.081272586700000033e+02
6.500000000000000222e-01 -9.460689393440000003e+02 -2.805293412099999841e+03 -7.151220434069999783e+02 2.176120615259999980e+01 -5.972057755640000209e+01 6.933050574760000195e+00
6.500000000000000222e-01 -8.802128004920000421e+02 -2.844445649230000072e+03 -7.098087552560000404e+02 2.409076563929999892e+01 -4.852058038740000256e+01 1.827507390630000117e+01
6.500000000000000222e-01 -1.039492967760000056e+03 -2.568140338730000167e+03 -4.437854108500000052e+02 -5.332722596610000032e+00 -1.266368215560000010e+02 -7.807293169429999580e+01
6.500000000000000222e-01 -8.880187307610000289e+02 -2.819576639580000119e+03 -7.208394746870000063e+02 2.538274979399999864e+01 -5.772366628310000181e+01 1.342592012549999936e+01
6.500000000000000222e-01 -9.278275119099999984e+02 -2.842532410809999874e+03 -6.858852297810000209e+02 2.341946955790000118e+01 -5.530149103650000342e+01 -1.482256915450000001e+01
6.500000000000000222e-01 -9.092876873809999552e+02 -2.822770929060000071e+03 -7.250233372789999748e+02 2.246624796049999873e+01 -6.520807918209999343e+01 -9.280902353469999699e-01
6.500000000000000222e-01 -7.313172367429999667e+02 -2.924354968149999877e+03 -6.885590104789999941e+02 3.089364625039999979e+01 -3.542509331379999793e+01 -9.244687668959999272e+00
6.500000000000000222e-01 -8.935621554529999457e+02 -2.830028806880000047e+03 -6.751080611720000206e+02 2.663926330399999998e+01 -4.017022396720000188e+01 3.401277161560000195e+01
6.500000000000000222e-01 -9.165118753320000451e+02 -2.810837198719999833e+03 -7.068260744589999831e+02 2.494857015810000078e+01 -5.372513473459999744e+01 2.265157153410000035e+01
6.500000000000000222e-01 -1.004874138689999995e+03 -2.835583928049999940e+03 -6.423935760240000263e+02 1.733532629300000139e+01 -6.543413915739999709e+01 -3.384498470390000335e+01
6.500000000000000222e-01 -8.017726460869999983e+02 -2.856257531660000041e+03 -7.212037190160000364e+02 2.669612130690000029e+01 -6.092443895699999956e+01 -4.863293641180000293e+00
6.500000000000000222e-01 -1.018532528230000025e+03 -2.784812412379999842e+03 -7.190165320590000420e+02 1.709242806319999985e+01 -6.778455320449999988e+01 -2.648326513739999832e+00
6.500000000000000222e-01 -9.502606068679999680e+02 -2.814476284219999798e+03 -7.199767471950000299e+02 2.187099147349999839e+01 -5.988823691990000242e+01 9.330238133259999955e+00
6.500000000000000222e-01 -8.268513230559999556e+02 -2.863472102289999839e+03 -6.937214476860000332e+02 2.920229775649999837e+01 -3.796195441190000253e+01 2.151536418879999957e+01
6.500000000000000222e-01 -9.556842019350000328e+02 -2.804629478610000206e+03 -7.028322159909999982e+02 2.273376549239999989e+01 -5.408876444100000214e+01 2.390234930760000154e+01
6.500000000000000222e-01 -8.967601420050000343e+02 -2.818583339299999807e+03 -7.273745150260000401e+02 2.333085546990000125e+01 -6.592853955879999717e+01 -1.342562838239999889e+00
6.500000000000000222e-01 -8.852556127860000288e+02 -2.862421137880000060e+03 -7.064021247440000479e+02 2.611239992970000046e+01 -4.721562781480000126e+01 1.019697103720000086e+01
6.500000000000000222e-01 -9.309336338260000048e+02 -2.564361170770000172e+03 -1.577908945160000087e+02 9.705954173390000106e-01 -1.352984590659999924e+02 -1.038173048769999980e+02
6.500000000000000222e-01 -8.654518888180000431e+02 -2.878329623579999861e+03 -6.946831684190000260e+02 2.979944364800000045e+01 -3.041730373580000091e+01 2.672066161080000057e-01
6.500000000000000222e-01 -8.008945218919999434e+02 -2.902124251629999890e+03 -6.886583371250000027e+02 3.112404622360000062e+01 -3.100702745770000135e+01 -7.211848738109999601e+00
6.500000000000000222e-01 -1.035857519590000038e+03 -2.848149785099999917e+03 -6.828872336440000481e+02 2.067127492230000030e+01 -4.862116224999999758e+01 -1.277150525419999916e+01
6.500000000000000222e-01 -6.761967217159999564e+02 -2.554229535800000122e+03 3.179465235299999790e+02 9.001612828929999921e+00 -1.456771850760000007e+02 -8.967834917209999901e+01
6.500000000000000222e-01 -8.043958332119999568e+02 -2.891721541230000184e+03 -6.933548954750000348e+02 3.144314485669999826e+01 -2.929949498830000110e+01 2.494528662720000067e+00
6.500000000000000222e-01 -8.970232965779999859e+02 -2.834397502679999889e+03 -7.227157196160000012e+02 2.307065908639999918e+01 -6.371509341670000026e+01 -1.904754293130000109e+00
6.500000000000000222e-01 -1.012176042039999970e+03 -2.791334163730000000e+03 -7.201247033670000519e+02 1.823790698939999899e+01 -6.321971131330000304e+01 8.339152669009999741e+00
6.500000000000000222e-01 -8.698184083310000005e+02 -2.916366286020000189e+03 -6.323588653150000027e+02 2.575699260969999926e+01 -4.219117659169999968e+01 -3.315244852669999887e+01
6.500000000000000222e-01 -8.156330148900000268e+02 -2.875092583279999872e+03 -7.126344487070000469e+02 2.613417643440000049e+01 -5.294791918300000333e+01 -5.591311205769999848e-01
6.500000000000000222e-01 -7.455907132969999793e+02 -2.905858080269999846e+03 -7.046794955770000115e+02 2.864661678690000102e+01 -4.265759715370000293e+01 -4.453982736220000405e+00
6.500000000000000222e-01 -7.724104788829999961e+02 -2.850135216990000117e+03 -7.164389427050000450e+02 2.669747107899999961e+01 -6.346421250680000270e+01 -9.486296319739999205e+00
6.500000000000000222e-01 -8.416735936349999747e+02 -2.853033950829999867e+03 -7.071078953620000220e+02 2.428726955890000028e+01 -5.480694943139999964e+01 5.487705696200000371e-01
6.500000000000000222e-01 -9.715828945639999574e+02 -2.406262429880000127e+03 -1.850275149429999999e+02 -8.030331024500000581e+00 -1.522962448270000095e+02 -1.047921718009999950e+02
6.500000000000000222e-01 -1.003909747110000012e+03 -2.815490253479999865e+03 -7.070453886779999948e+02 2.162872929019999901e+01 -5.252352401830000161e+01 1.489118005009999912e+01
6.500000000000000222e-01 -8.477374884959999690e+02 -2.849646520440000131e+03 -6.909101747239999440e+02 2.874524107910000126e+01 -4.170645454860000001e+01 6.348917434319999664e+00
6.500000000000000222e-01 -8.745483426219999501e+02 -2.840089226869999948e+03 -7.118003334679999625e+02 2.429556006600000018e+01 -5.238531435859999874e+01 1.882675553889999875e+01
6.500000000000000222e-01 -1.030210088739999946e+03 -2.830283725060000052e+03 -6.972890740149999829e+02 2.242325631379999962e+01 -4.463432788290000275e+01 9.955589820320000172e+00
6.500000000000000222e-01 -1.047089815790000102e+03 -2.360741106959999797e+03 -2.114152249230000109e+02 -1.280068162839999957e+01 -1.524362276950000137e+02 -1.042129375890000063e+02
