3.450000000000000000e+05 2.665720488099999784e+03 -4.676763368990000345e+03 -7.231962896539999747e+03 -1.290291653799999949e+02 4.523859190019999943e+01 -1.525679378319999913e+01
6.500000000000000222e-01 2.576443057659999795e+03 -4.582971217960000104e+03 -6.962475530460000300e+03 -1.295876865559999942e+02 4.637178970650000309e+01 -1.369046879899999958e+01
6.500000000000000222e-01 2.496547192120000091e+03 -4.797052088270000240e+03 -7.412950365519999650e+03 -1.278579081689999981e+02 4.515903044729999749e+01 -1.471597545929999917e+01
6.500000000000000222e-01 2.851824781100000109e+03 -4.600112903569999617e+03 -7.048908458189999692e+03 -1.300440927440000110e+02 4.580550326619999879e+01 -1.658195651659999825e+01
6.500000000000000222e-01 2.653250166790000094e+03 -4.807507788009999786e+03 -7.502608468569999786e+03 -1.277584129340000061e+02 4.188455283180000066e+01 -1.581051419169999939e+01
6.500000000000000222e-01 2.777775528000000122e+03 -4.876295635999999831e+03 -7.401336154739999984e+03 -1.289659418169999867e+02 4.522809248730000320e+01 -1.666088700250000088e+01
6.500000000000000222e-01 2.756479048499999863e+03 -4.471948307040000145e+03 -7.376428158079999776e+03 -1.302024206650000053e+02 4.220001876269999741e+01 -1.668704276269999909e+01
6.500000000000000222e-01 2.454968562630000179e+03 -4.576449483100000180e+03 -7.365395009599999867e+03 -1.267137539760000067e+02 4.442983364770000065e+01 -1.534252702000000035e+01
6.500000000000000222e-01 2.824320682359999864e+03 -4.517858964289999676e+03 -7.376023831720000089e+03 -1.299275066250000066e+02 4.194709533740000040e+01 -1.660068182650000068e+01
6.500000000000000222e-01 2.445334505490000083e+03 -4.595070802250000270e+03 -7.039409041140000227e+03 -1.284664250129999914e+02 4.692611364990000311e+01 -1.261404175510000059e+01
6.500000000000000222e-01 2.408478478340000038e+03 -4.687345562399999835e+03 -7.125093031649999830e+03 -1.270409639410000011e+02 4.671614874360000158e+01 -1.170638073489999975e+01
6.500000000000000222e-01 2.495738204820000192e+03 -4.821238838010000109e+03 -7.393198381789999985e+03 -1.279650053179999958e+02 4.472514759479999924e+01 -1.415641121440000028e+01
6.500000000000000222e-01 2.728289442220000183e+03 -4.685754614659999788e+03 -6.962901277940000000e+03 -1.318361332609999863e+02 4.736017145680000340e+01 -1.497641259659999946e+01
6.500000000000000222e-01 2.605893395890000193e+03 -4.532305017190000399e+03 -7.463630914809999922e+03 -1.286255918109999925e+02 4.334738719829999809e+01 -1.506594379370000070e+01
6.500000000000000222e-01 2.541195659890000115e+03 -4.632069373039999846e+03 -7.468154057259999718e+03 -1.254538882890000053e+02 4.325527293879999746e+01 -1.615554564389999825e+01
6.500000000000000222e-01 2.800930161589999898e+03 -4.629435753759999898e+03 -7.001947961419999956e+03 -1.315017888220000088e+02 4.634703115779999649e+01 -1.535534569150000017e+01
6.500000000000000222e-01 2.558071269600000051e+03 -4.883354221949999555e+03 -7.388138684079999621e+03 -1.263927707069999968e+02 4.647582016610000011e+01 -1.846446202790000157e+01
6.500000000000000222e-01 2.452643439609999859e+03 -4.750292575499999657e+03 -7.375329814200000328e+03 -1.278367141680000003e+02 4.468810285640000046e+01 -1.328880993709999991e+01
6.500000000000000222e-01 2.661541574849999961e+03 -4.749616220810000414e+03 -6.969196228640000299e+03 -1.308775647139999876e+02 4.963170151469999780e+01 -1.463233455339999978e+01
6.500000000000000222e-01 2.568893527149999954e+03 -4.730052553749999788e+03 -6.966726046320000023e+03 -1.276570401049999930e+02 4.831716113969999782e+01 -1.358434358699999933e+01
6.500000000000000222e-01 2.720302388780000001e+03 -4.617072101419999854e+03 -7.500439559270000245e+03 -1.279024974409999942e+02 4.134133462650000013e+01 -1.595236677039999940e+01
6.500000000000000222e-01 2.467452554039999995e+03 -4.506960549010000250e+03 -7.326343103369999881e+03 -1.284816234550000047e+02 4.501859101419999831e+01 -1.247782413760000075e+01
6.500000000000000222e-01 2.524235860180000145e+03 -4.499645276620000004e+03 -7.377196952960000090e+03 -1.274532308609999944e+02 4.319392441000000105e+01 -1.555932495369999913e+01
6.500000000000000222e-01 2.764740983090000100e+03 -4.512939187590000074e+03 -7.022126109609999730e+03 -1.325421607019999897e+02 4.464131406639999966e+01 -1.271585670380000010e+01
6.500000000000000222e-01 2.877369615860000067e+03 -4.694426810189999742e+03 -7.076004938400000356e+03 -1.316122525119999978e+02 4.560550537099999957e+01 -1.563477406139999992e+01
6.500000000000000222e-01 2.872777423559999988e+03 -4.666355329879999772e+03 -7.069197454969999853e+03 -1.309857122530000026e+02 4.562189762620000266e+01 -1.644845419250000162e+01
6.500000000000000222e-01 2.646597362580000208e+03 -4.880746757920000164e+03 -7.055235413780000272e+03 -1.283777396280000005e+02 4.820035235240000304e+01 -1.457266691759999944e+01
6.500000000000000222e-01 2.537859432879999986e+03 -4.521945397440000306e+03 -7.421968852529999822e+03 -1.289813436569999965e+02 4.500762576329999831e+01 -1.321040567640000063e+01
6.500000000000000222e-01 2.482053013530000044e+03 -4.860820573609999883e+03 -7.294600281420000101e+03 -1.274773056810000043e+02 4.593195084759999958e+01 -1.376627991700000031e+01
6.500000000000000222e-01 2.557070932130000074e+03 -4.432663050340000154e+03 -7.318314131490000364e+03 -1.292106836579999936e+02 4.419043800549999901e+01 -1.360844438600000039e+01
6.500000000000000222e-01 2.531396043929999905e+03 -4.817973397200000363e+03 -7.037433524250000119e+03 -1.297305035699999962e+02 4.629224603579999808e+01 -1.657981657050000024e+01
6.500000000000000222e-01 2.841807016600000225e+03 -4.519711667659999875e+03 -7.105041835359999823e+03 -1.308963497670000038e+02 4.393339860750000270e+01 -1.470878156600000075e+01
6.500000000000000222e-01 2.431760901610000019e+03 -4.755421167829999831e+03 -7.105530254579999564e+03 -1.289781680110000082e+02 4.685064745630000260e+01 -1.631988322759999832e+01
6.500000000000000222e-01 2.399663964410000062e+03 -4.708832849430000351e+03 -7.220255213550000008e+03 -1.272263453439999950e+02 4.610724303029999760e+01 -1.195585815769999982e+01
6.500000000000000222e-01 2.723548162380000122e+03 -4.645054360830000405e+03 -7.513975421750000351e+03 -1.297198781019999956e+02 4.251204950160000351e+01 -1.642332423719999923e+01
6.500000000000000222e-01 2.551779950510000162e+03 -4.423514676409999993e+03 -7.168687646889999996e+03 -1.291475279949999901e+02 4.435008589219999919e+01 -1.095608005499999926e+01
6.500000000000000222e-01 2.653295979229999830e+03 -4.404945125940000253e+03 -7.265321808349999628e+03 -1.300011953620000043e+02 4.387115735399999750e+01 -1.343251142489999950e+01
6.500000000000000222e-01 2.709607363300000088e+03 -4.575603143029999956e+03 -7.476278858429999673e+03 -1.275048157239999966e+02 4.144431993229999733e+01 -1.542953932190000010e+01
6.500000000000000222e-01 2.729699809069999901e+03 -4.571865032360000441e+03 -6.971545619960000295e+03 -1.307690877729999954e+02 4.471945059250000298e+01 -1.388649776249999945e+01
6.500000000000000222e-01 2.531391858609999872e+03 -4.771993710640000245e+03 -7.008696705129999827e+03 -1.292360038070000030e+02 4.895734507070000063e+01 -1.444622996949999916e+01
6.500000000000000222e-01 2.730698045610000008e+03 -4.485583137069999793e+03 -7.023256799329999922e+03 -1.302494876540000064e+02 4.687284739030000225e+01 -1.530457743320000041e+01
4.560000000000000000e+04 8.426548182090000410e+03 1.952009196989999964e+03 1.954036692689999836e+04 1.993785380889999885e+02 -6.236130499450000286e+01 1.885410286890000009e+02
6.500000000000000222e-01 8.481271848739999768e+03 1.825187398179999946e+03 1.970030246239999906e+04 1.999759082920000139e+02 -6.271150620369999729e+01 1.884968408020000084e+02
6.500000000000000222e-01 8.550872736889999942e+03 2.050834672030000092e+03 1.941540524530000039e+04 1.987686052619999941e+02 -6.306264053879999665e+01 1.878697053840000137e+02
6.500000000000000222e-01 8.480709579930000473e+03 1.838172881510000025e+03 1.970321006810000108e+04 1.991642011410000066e+02 -6.138648707509999980e+01 1.894171541279999929e+02
6.500000000000000222e-01 8.227472888759999478e+03 1.938282275110000000e+03 1.950680522909999854e+04 1.996808474359999934e+02 -6.237170414199999868e+01 1.884216937019999989e+02
6.500000000000000222e-01 8.567640582690000883e+03 2.086862838059999831e+03 1.949172345159999895e+04 1.992099826840000105e+02 -6.238995798540000237e+01 1.895731736989999945e+02
6.500000000000000222e-01 8.338210215409999364e+03 2.131117748449999908e+03 1.954280919400000130e+04 1.996132146539999894e+02 -6.280081550940000312e+01 1.882507010680000121e+02
6.500000000000000222e-01 8.397281229779999194e+03 1.989507704370000056e+03 1.974235933809999915e+04 2.003302722409999888e+02 -6.310067490579999827e+01 1.890799502989999894e+02
6.500000000000000222e-01 8.424732032550000440e+03 2.152479630610000186e+03 1.953455698810000104e+04 1.994183189240000047e+02 -6.282192850639999904e+01 1.883322850529999926e+02
6.500000000000000222e-01 8.406833948870000313e+03 2.015838960940000106e+03 1.934252670859999853e+04 1.991303813670000125e+02 -6.309031680430000222e+01 1.880250914819999934e+02
6.500000000000000222e-01 8.338323520129999451e+03 1.949470211359999894e+03 1.935124089580000145e+04 1.994736288949999903e+02 -6.245688860380000307e+01 1.881171359120000091e+02
6.500000000000000222e-01 8.570559089680000397e+03 1.858691856220000091e+03 1.944298610330000156e+04 1.990367228789999956e+02 -6.215804408219999999e+01 1.890573419579999950e+02
6.500000000000000222e-01 8.381676465540000208e+03 1.956416797119999956e+03 1.974203228769999987e+04 1.997353078319999895e+02 -6.226695183230000197e+01 1.887483955669999887e+02
6.500000000000000222e-01 8.354506459959999120e+03 1.794995645510000031e+03 1.964864980389999982e+04 2.000304220669999893e+02 -6.232446126520000007e+01 1.885744461170000079e+02
6.500000000000000222e-01 8.402936954270000570e+03 1.759814216850000093e+03 1.947191898329999822e+04 1.995282871169999908e+02 -6.197012386669999984e+01 1.877048178219999954e+02
6.500000000000000222e-01 8.293698530859999664e+03 1.803324981389999948e+03 1.956846224190000066e+04 1.997042508700000099e+02 -6.201966499969999802e+01 1.891556450440000106e+02
6.500000000000000222e-01 8.517765626379999958e+03 1.793471148690000064e+03 1.947279894599999898e+04 1.988957352399999934e+02 -6.187183470549999953e+01 1.888447116680000022e+02
6.500000000000000222e-01 8.620646134090000487e+03 2.002179361449999988e+03 1.957271023300000161e+04 1.991800956060000090e+02 -6.244347518410000220e+01 1.884207973629999913e+02
6.500000000000000222e-01 8.626628984790000686e+03 1.973312554749999890e+03 1.955063471900000150e+04 1.990058172299999910e+02 -6.236927979480000062e+01 1.889480200980000006e+02
6.500000000000000222e-01 8.340670092320000549e+03 1.827457662150000033e+03 1.939800980350000100e+04 1.998624411410000050e+02 -6.234023799970000113e+01 1.879264446660000090e+02
6.500000000000000222e-01 8.358540549670000473e+03 2.013783813889999919e+03 1.972739854030000060e+04 1.999526185930000111e+02 -6.257786249469999973e+01 1.890257450770000105e+02
6.500000000000000222e-01 8.345534374409999145e+03 2.072035642880000069e+03 1.938985436190000109e+04 1.988060840569999925e+02 -6.195920123129999979e+01 1.888635105109999870e+02
6.500000000000000222e-01 8.552602716629999122e+03 1.828129168890000074e+03 1.943179651169999852e+04 1.990550393020000115e+02 -6.218058547540000092e+01 1.880463263759999961e+02
6.500000000000000222e-01 8.508876495459999205e+03 1.768914576749999924e+03 1.954514941130000079e+04 1.992342630580000105e+02 -6.200598919549999977e+01 1.876157468719999883e+02
6.500000000000000222e-01 8.426219538109999121e+03 2.084640660149999803e+03 1.938050095140000121e+04 1.989510658549999960e+02 -6.181173921420000283e+01 1.888555914469999948e+02
6.500000000000000222e-01 8.588626742050000757e+03 1.835447158469999977e+03 1.958747020680000060e+04 1.993563852869999948e+02 -6.225836659539999829e+01 1.882423024619999978e+02
6.500000000000000222e-01 8.330649890509999750e+03 2.088686331460000019e+03 1.964720537490000061e+04 2.001129998870000009e+02 -6.312678914520000006e+01 1.893116634529999942e+02
6.500000000000000222e-01 8.554736694920000446e+03 1.844667339950000041e+03 1.964798052420000022e+04 1.992815450489999876e+02 -6.203642053890000341e+01 1.882693385899999896e+02
6.500000000000000222e-01 8.558891365159999623e+03 2.033749237400000084e+03 1.941263709780000136e+04 1.992947861129999865e+02 -6.216891477010000244e+01 1.891532499879999989e+02
6.500000000000000222e-01 8.381355932889999167e+03 1.919348744050000050e+03 1.933846915309999895e+04 1.985274891679999882e+02 -6.281640843009999742e+01 1.883743397009999967e+02
6.500000000000000222e-01 8.402471317229999840e+03 1.920055081460000110e+03 1.933550991219999923e+04 1.987969653499999936e+02 -6.274461061659999928e+01 1.883180121910000082e+02
6.500000000000000222e-01 8.244689740059999167e+03 1.896651311959999930e+03 1.960788049250000040e+04 1.995088376139999866e+02 -6.220830064190000286e+01 1.878704179089999968e+02
6.500000000000000222e-01 8.450170613039999807e+03 2.138234794529999817e+03 1.963134202029999869e+04 1.990899878449999960e+02 -6.238018223209999746e+01 1.888485236889999896e+02
6.500000000000000222e-01 8.351328655220000655e+03 2.106843859810000140e+03 1.963333494900000005e+04 1.998416969929999993e+02 -6.272483117979999889e+01 1.881455779659999905e+02
6.500000000000000222e-01 8.539671783699999651e+03 1.795548354190000055e+03 1.959035028320000129e+04 1.992727952120000054e+02 -6.209159941480000100e+01 1.878293393040000012e+02
6.500000000000000222e-01 8.589711845320000066e+03 2.056564915710000150e+03 1.948621001510000133e+04 1.991401985029999935e+02 -6.275152475290000353e+01 1.886370528569999863e+02
6.500000000000000222e-01 8.428343492160000096e+03 2.035187244709999959e+03 1.973279048379999949e+04 1.994552222410000013e+02 -6.151770426910000111e+01 1.885725439040000140e+02
6.500000000000000222e-01 8.574324659390000306e+03 1.834751803289999998e+03 1.960098372759999984e+04 1.989370782260000112e+02 -6.184460927639999994e+01 1.889949468929999910e+02
6.500000000000000222e-01 8.225265969829999449e+03 1.948472295880000047e+03 1.955168077579999954e+04 1.996392746280000097e+02 -6.237743983899999733e+01 1.873641375379999943e+02
6.500000000000000222e-01 8.482458360829999947e+03 2.130065615460000117e+03 1.963138191739999820e+04 1.990742742650000139e+02 -6.225173347730000017e+01 1.886450649690000034e+02
6.500000000000000222e-01 8.614585370290000355e+03 1.982253055149999909e+03 1.961112872029999926e+04 1.989422409850000122e+02 -6.234625515839999821e+01 1.892776125409999963e+02
1.390000000000000000e+04 -1.185126407959999960e+04 4.053215234899999814e+03 9.513446888009999384e+03 -2.258929046689999893e+02 1.986328243799999882e+02 -3.448810870230000205e+02
6.500000000000000222e-01 -1.180871823199999926e+04 4.036562647879999986e+03 9.647759346220000225e+03 -2.267883030229999974e+02 1.989712922999999876e+02 -3.446917621370000120e+02
6.500000000000000222e-01 -1.188038589510000020e+04 4.086400173999999879e+03 9.376958882749999248e+03 -2.259665111040000056e+02 1.989427991309999868e+02 -3.447426555089999738e+02
6.500000000000000222e-01 -1.188946613169999910e+04 4.070430813389999912e+03 9.653477401449999888e+03 -2.256443209690000060e+02 1.983944615400000089e+02 -3.444498147549999771e+02
6.500000000000000222e-01 -1.177676703579999958e+04 3.956934401869999874e+03 9.443646013679999669e+03 -2.260197986830000048e+02 1.991382908900000075e+02 -3.456121266160000118e+02
6.500000000000000222e-01 -1.177360122360000059e+04 3.949765206510000098e+03 9.463996672260000196e+03 -2.258937978790000045e+02 1.989375901999999883e+02 -3.448797761449999939e+02
6.500000000000000222e-01 -1.192357579830000032e+04 4.030531972700000097e+03 9.638764237389999835e+03 -2.263859926289999862e+02 1.988253323950000038e+02 -3.447435733400000117e+02
6.500000000000000222e-01 -1.191592277669999930e+04 4.019310895210000126e+03 9.393170016660000329e+03 -2.250584784579999962e+02 1.987781249290000005e+02 -3.450851173949999975e+02
6.500000000000000222e-01 -1.175981054260000019e+04 4.047018195380000179e+03 9.398910083049999230e+03 -2.261797300089999965e+02 1.985709095580000110e+02 -3.456433397590000141e+02
6.500000000000000222e-01 -1.176580409460000010e+04 3.970298594559999856e+03 9.577210011310000482e+03 -2.262298380009999903e+02 1.989850678589999973e+02 -3.452888412049999829e+02
6.500000000000000222e-01 -1.189261855929999911e+04 3.929367187570000169e+03 9.470135232329999781e+03 -2.258311726560000068e+02 1.992036744899999974e+02 -3.450409698550000144e+02
6.500000000000000222e-01 -1.181860766200000035e+04 3.960526154289999795e+03 9.608247884120000890e+03 -2.264390963799999952e+02 1.994198570730000029e+02 -3.446265689240000256e+02
6.500000000000000222e-01 -1.173020003229999929e+04 3.980581163729999844e+03 9.501522893690000274e+03 -2.259729756659999964e+02 1.987779302220000091e+02 -3.458754849869999930e+02
6.500000000000000222e-01 -1.181448289629999999e+04 3.928662439969999923e+03 9.551945810110000821e+03 -2.261348513879999871e+02 1.991199486609999951e+02 -3.452037403869999821e+02
6.500000000000000222e-01 -1.182209270119999928e+04 3.960393431739999869e+03 9.621127769979999357e+03 -2.258231477289999987e+02 1.984228648929999963e+02 -3.451364844070000117e+02
6.500000000000000222e-01 -1.190299533039999915e+04 4.105950768630000312e+03 9.391379993059999833e+03 -2.253283226920000004e+02 1.982057816740000078e+02 -3.451194519809999974e+02
6.500000000000000222e-01 -1.171469521789999999e+04 4.083756843220000064e+03 9.488812057839999397e+03 -2.260636955299999897e+02 1.984614300380000032e+02 -3.458415246590000152e+02
6.500000000000000222e-01 -1.188378198300000076e+04 4.185059691260000363e+03 9.552733392879999883e+03 -2.259973976260000086e+02 1.981940529080000033e+02 -3.440801613959999941e+02
6.500000000000000222e-01 -1.174464447090000067e+04 4.080237295790000189e+03 9.598402631549999569e+03 -2.260459245129999886e+02 1.986774901919999934e+02 -3.453875377109999931e+02
6.500000000000000222e-01 -1.175298157399999945e+04 4.152156679460000305e+03 9.519630586209999819e+03 -2.260503729650000082e+02 1.982784015860000011e+02 -3.449865576689999784e+02
6.500000000000000222e-01 -1.182532350790000055e+04 4.184107072480000170e+03 9.559052548690000549e+03 -2.261946153519999996e+02 1.982078831400000070e+02 -3.443098494760000108e+02
6.500000000000000222e-01 -1.171727179640000031e+04 4.097371437150000020e+03 9.507884874389999823e+03 -2.260294320430000141e+02 1.984507021409999936e+02 -3.458150420669999789e+02
6.500000000000000222e-01 -1.193133908110000084e+04 3.963949907289999828e+03 9.590972896540000875e+03 -2.257830650530000014e+02 1.992238084089999859e+02 -3.441132242869999800e+02
6.500000000000000222e-01 -1.198225334599999951e+04 4.039551267230000121e+03 9.468403889909999634e+03 -2.256637969079999948e+02 1.986783639749999963e+02 -3.444186685060000173e+02
6.500000000000000222e-01 -1.186910959469999943e+04 4.190829264029999649e+03 9.507495248799999899e+03 -2.258815458809999939e+02 1.982690786839999930e+02 -3.441993274349999865e+02
6.500000000000000222e-01 -1.180647883399999955e+04 4.060468872580000152e+03 9.648362902090000716e+03 -2.265597272800000042e+02 1.985842328889999919e+02 -3.447830392370000254e+02
6.500000000000000222e-01 -1.189877463349999925e+04 3.925022783400000208e+03 9.493309990350000589e+03 -2.258396768389999920e+02 1.990629286660000048e+02 -3.445542475159999753e+02
6.500000000000000222e-01 -1.178664720099999977e+04 4.149624828429999980e+03 9.430129271030000382e+03 -2.260596093169999961e+02 1.980847773579999966e+02 -3.455747065200000065e+02
6.500000000000000222e-01 -1.187802061309999954e+04 3.920563047430000097e+03 9.557680038559999957e+03 -2.257355750479999870e+02 1.988222323290000020e+02 -3.449667249459999994e+02
6.500000000000000222e-01 -1.172866810909999913e+04 4.017825230680000004e+03 9.569199902599999405e+03 -2.259170304069999986e+02 1.986569780970000068e+02 -3.456988412050000079e+02
6.500000000000000222e-01 -1.195816731439999967e+04 3.965899400020000030e+03 9.492439679929999329e+03 -2.257466852560000063e+02 1.989903234230000066e+02 -3.446651197379999871e+02
6.500000000000000222e-01 -1.192440756499999952e+04 4.143029914470000222e+03 9.600329382149999219e+03 -2.258695209910000017e+02 1.982089832530000137e+02 -3.440412442219999889e+02
6.500000000000000222e-01 -1.179570726079999986e+04 4.097773527620000095e+03 9.386411475770000834e+03 -2.251768509990000098e+02 1.987505768400000079e+02 -3.448091456110000195e+02
6.500000000000000222e-01 -1.176929898800000046e+04 3.948535050349999892e+03 9.559051277919999848e+03 -2.258738688189999948e+02 1.986860115510000071e+02 -3.456882791639999937e+02
6.500000000000000222e-01 -1.173623283789999914e+04 4.133016015809999772e+03 9.496712404170000809e+03 -2.260447039219999965e+02 1.983320069030000070e+02 -3.457674320240000156e+02
6.500000000000000222e-01 -1.178596867399999974e+04 4.173207489720000012e+03 9.483632835759999580e+03 -2.259491763030000016e+02 1.981290583820000109e+02 -3.455040729689999921e+02
6.500000000000000222e-01 -1.195046345219999967e+04 3.965940131410000049e+03 9.565664828380000472e+03 -2.256999630020000041e+02 1.990389679930000000e+02 -3.440521983790000036e+02
6.500000000000000222e-01 -1.195068791199999941e+04 4.151246950570000081e+03 9.540437143959999958e+03 -2.260202176539999925e+02 1.985299621629999933e+02 -3.451827733850000186e+02
6.500000000000000222e-01 -1.176783650909999960e+04 3.948743033979999836e+03 9.563110449370000424e+03 -2.259984352520000073e+02 1.988782606649999991e+02 -3.447989390230000026e+02
6.500000000000000222e-01 -1.173356255799999963e+04 4.109099773560000358e+03 9.563730804360000548e+03 -2.263499329130000035e+02 1.983744963940000048e+02 -3.445106914689999940e+02
6.500000000000000222e-01 -1.192067592200000036e+04 4.016260810849999871e+03 9.636595779159999438e+03 -2.266163786600000094e+02 1.986362284209999984e+02 -3.449302639699999986e+02
1.190000000000000000e+04 -7.849062653140000293e+03 5.824515775349999785e+03 -1.226315965519999918e+04 -2.586044311769999808e+02 -3.788625095630000317e+01 1.012520238030000002e+02
6.500000000000000222e-01 -7.947188960659999793e+03 5.907892724850000377e+03 -1.223819193559999985e+04 -2.585244717240000227e+02 -3.793515091580000131e+01 1.003949262849999968e+02
6.500000000000000222e-01 -7.912434800760000144e+03 5.802242158539999764e+03 -1.214823926539999957e+04 -2.585827686220000032e+02 -3.818511470100000338e+01 1.011236817110000032e+02
6.500000000000000222e-01 -7.775358606990000226e+03 5.803022800859999734e+03 -1.214962172690000079e+04 -2.586890106960000253e+02 -3.813698854319999754e+01 1.016914630349999982e+02
6.500000000000000222e-01 -7.771054827840000144e+03 5.862866363629999796e+03 -1.236391280949999964e+04 -2.585337489319999804e+02 -3.763169830110000191e+01 1.015372771589999985e+02
6.500000000000000222e-01 -7.752556322360000195e+03 5.889667771639999955e+03 -1.220366376350000064e+04 -2.590387827509999852e+02 -3.828893333549999767e+01 1.018771469659999980e+02
6.500000000000000222e-01 -7.885240839510000114e+03 5.902287000749999606e+03 -1.216350725450000027e+04 -2.582670340839999881e+02 -3.858630969290000223e+01 1.015954342830000030e+02
6.500000000000000222e-01 -7.804425586970000040e+03 5.716770902469999783e+03 -1.231172285890000057e+04 -2.588066788279999741e+02 -3.758170328770000168e+01 1.018782874900000053e+02
6.500000000000000222e-01 -7.890296668339999997e+03 5.708894608839999819e+03 -1.221836091040000065e+04 -2.584068646829999807e+02 -3.743551937139999808e+01 1.018944487349999974e+02
6.500000000000000222e-01 -7.851648291989999962e+03 5.712859957970000323e+03 -1.218083282429999963e+04 -2.580850813249999760e+02 -3.814787536269999890e+01 1.014692766959999943e+02
6.500000000000000222e-01 -7.795841611159999957e+03 5.918254969820000042e+03 -1.219296748090000074e+04 -2.585161723780000216e+02 -3.861909843040000112e+01 1.014228101040000070e+02
6.500000000000000222e-01 -7.723055049710000276e+03 5.816760034279999672e+03 -1.229296022439999979e+04 -2.590551287889999799e+02 -3.789872516030000327e+01 1.010221658429999962e+02
6.500000000000000222e-01 -7.826473901860000296e+03 5.698329374420000022e+03 -1.229348718410000038e+04 -2.585225126490000207e+02 -3.778240205590000045e+01 1.020133247400000016e+02
6.500000000000000222e-01 -7.766380327330000000e+03 5.722741930539999885e+03 -1.227923275859999922e+04 -2.587049307670000076e+02 -3.773324127360000091e+01 1.015691548030000035e+02
6.500000000000000222e-01 -7.844288922800000364e+03 5.736313631730000452e+03 -1.236318401559999984e+04 -2.585410298759999819e+02 -3.806113678690000057e+01 1.015883783029999989e+02
6.500000000000000222e-01 -7.949371795709999788e+03 5.819941393879999850e+03 -1.217987774419999914e+04 -2.583634715719999804e+02 -3.798426577330000242e+01 1.010028341499999982e+02
6.500000000000000222e-01 -7.746553305510000428e+03 5.745261005010000190e+03 -1.227879785629999969e+04 -2.587454753549999964e+02 -3.780183583459999852e+01 1.021491444020000046e+02
6.500000000000000222e-01 -7.794349484610000218e+03 5.789151526030000241e+03 -1.237512392809999983e+04 -2.592380094470000245e+02 -3.735274060209999902e+01 1.011270354549999979e+02
6.500000000000000222e-01 -7.785408522640000228e+03 5.802145806460000131e+03 -1.214446971649999978e+04 -2.580961632890000033e+02 -3.823828274320000276e+01 1.013168986299999972e+02
6.500000000000000222e-01 -7.936795634170000085e+03 5.730745949789999941e+03 -1.227966218330000083e+04 -2.583684879350000188e+02 -3.750405451679999658e+01 1.011020257710000010e+02
6.500000000000000222e-01 -7.903645229730000210e+03 5.928476337809999677e+03 -1.221916685549999966e+04 -2.582819810949999919e+02 -3.837002965840000002e+01 1.010138749219999994e+02
6.500000000000000222e-01 -7.818533756349999749e+03 5.722609713939999892e+03 -1.217422043409999969e+04 -2.583860198040000000e+02 -3.768409790089999944e+01 1.020436042489999977e+02
6.500000000000000222e-01 -7.901551086409999698e+03 5.828956226330000391e+03 -1.238906346289999965e+04 -2.581477651999999807e+02 -3.763414101970000303e+01 1.007122437059999953e+02
6.500000000000000222e-01 -7.931120340729999953e+03 5.856216970800000126e+03 -1.216426468229999955e+04 -2.586053008029999773e+02 -3.790963368349999740e+01 1.009589246729999985e+02
6.500000000000000222e-01 -7.786645426719999705e+03 5.891562777350000033e+03 -1.235958165999999983e+04 -2.591621502809999811e+02 -3.767229478670000020e+01 1.011364251480000007e+02
6.500000000000000222e-01 -7.915749070849999953e+03 5.770097809599999891e+03 -1.236489352999999937e+04 -2.589967273629999909e+02 -3.769699169679999784e+01 1.014318750380000012e+02
6.500000000000000222e-01 -7.867591348939999989e+03 5.753567920020000201e+03 -1.237520009070000015e+04 -2.585288332449999871e+02 -3.794742386309999915e+01 1.013385321789999978e+02
6.500000000000000222e-01 -7.874323138650000146e+03 5.752572084510000423e+03 -1.236998460250000062e+04 -2.589385364170000230e+02 -3.777852963480000170e+01 1.014932189489999956e+02
6.500000000000000222e-01 -7.726246964830000252e+03 5.814212770009999986e+03 -1.230311545499999920e+04 -2.590989582820000123e+02 -3.786073419529999740e+01 1.010206185210000029e+02
6.500000000000000222e-01 -7.829077452790000279e+03 5.778126079130000107e+03 -1.213543866630000048e+04 -2.586442383329999757e+02 -3.749336546989999874e+01 1.018334378750000013e+02
6.500000000000000222e-01 -7.847372933409999860e+03 5.697549154379999891e+03 -1.228433010370000011e+04 -2.586340915870000003e+02 -3.758227651339999653e+01 1.019854007090000039e+02
6.500000000000000222e-01 -7.825393333099999836e+03 5.694603424089999862e+03 -1.225490932699999939e+04 -2.585069491460000108e+02 -3.770758988869999939e+01 1.010147885100000025e+02
6.500000000000000222e-01 -7.789888211219999903e+03 5.785748123250000390e+03 -1.237413657020000028e+04 -2.593285637999999835e+02 -3.734648201040000259e+01 1.009064926740000061e+02
6.500000000000000222e-01 -7.719017082090000258e+03 5.833150566379999873e+03 -1.225901564770000005e+04 -2.589144236180000007e+02 -3.799620763699999770e+01 1.020289641589999974e+02
6.500000000000000222e-01 -7.796301636180000060e+03 5.882810527890000230e+03 -1.237154593919999934e+04 -2.593422403399999894e+02 -3.788458066769999988e+01 1.008561575070000060e+02
6.500000000000000222e-01 -7.851512488639999901e+03 5.697725514130000192e+03 -1.222685215360000075e+04 -2.584740907639999818e+02 -3.750399851310000088e+01 1.021307677930000040e+02
6.500000000000000222e-01 -7.938109195629999704e+03 5.914304175160000341e+03 -1.231683553240000037e+04 -2.587942943850000006e+02 -3.766912239759999892e+01 1.012405079859999972e+02
6.500000000000000222e-01 -7.841593359000000419e+03 5.860237613080000301e+03 -1.213403924390000066e+04 -2.585514704189999975e+02 -3.879056878699999800e+01 1.015836933310000063e+02
6.500000000000000222e-01 -7.790114205290000427e+03 5.814429788649999864e+03 -1.238224696240000048e+04 -2.584813097420000076e+02 -3.777883601100000277e+01 1.013967598819999978e+02
6.500000000000000222e-01 -7.858375469800000246e+03 5.819924735929999770e+03 -1.212802504389999922e+04 -2.577874018900000124e+02 -3.804084563370000183e+01 1.015090343309999952e+02
6.500000000000000222e-01 -7.899927949109999645e+03 5.804062008079999941e+03 -1.214037487089999922e+04 -2.588132742700000222e+02 -3.823312698960000233e+01 1.011628414099999986e+02
