3.450000000000000000e+05 4.045778750420000051e+03 -5.058419798339999943e+03 -6.827149543249999624e+03 -1.128735871810000049e+02 2.177987592310000053e+01 -5.542777077030000044e+01
6.500000000000000222e-01 4.220217564820000007e+03 -5.233990656969999691e+03 -6.704940049339999860e+03 -1.140038573860000071e+02 2.288468827950000062e+01 -5.598614242050000200e+01
6.500000000000000222e-01 3.896089585870000064e+03 -5.168794290300000284e+03 -6.612940941769999881e+03 -1.115037420120000036e+02 2.275656295130000117e+01 -5.439771111729999831e+01
6.500000000000000222e-01 3.858038676260000102e+03 -5.124245757280000362e+03 -6.621459292880000248e+03 -1.118248117039999983e+02 2.340287559489999936e+01 -5.373610679539999779e+01
6.500000000000000222e-01 3.976297600530000182e+03 -5.313963562330000059e+03 -6.731701365259999875e+03 -1.124744730169999940e+02 2.332306888600000150e+01 -5.375260361059999781e+01
6.500000000000000222e-01 4.128668549869999879e+03 -5.199532851390000360e+03 -6.591422091809999984e+03 -1.129139801930000004e+02 2.235803978530000080e+01 -5.532070563239999927e+01
6.500000000000000222e-01 4.095110516979999829e+03 -4.941475576849999925e+03 -6.570255623469999591e+03 -1.127788073830000002e+02 2.394070161100000149e+01 -5.599996909699999748e+01
6.500000000000000222e-01 3.926717547329999888e+03 -5.003036455510000451e+03 -6.571498387499999808e+03 -1.144645441790000007e+02 2.293961771069999855e+01 -5.562115623260000064e+01
6.500000000000000222e-01 4.121179367620000448e+03 -4.954169693650000227e+03 -6.571799226240000280e+03 -1.133875492180000037e+02 2.369486737769999962e+01 -5.585006611170000212e+01
6.500000000000000222e-01 4.205570339400000194e+03 -5.104399523889999728e+03 -6.597333614510000189e+03 -1.128578962750000017e+02 2.179300071269999961e+01 -5.619606901579999914e+01
6.500000000000000222e-01 4.111419027799999640e+03 -5.049846862000000328e+03 -6.549843378399999892e+03 -1.115259816720000003e+02 2.260311579400000070e+01 -5.581130827820000206e+01
6.500000000000000222e-01 3.910554827769999974e+03 -5.166910192250000364e+03 -6.601698718210000152e+03 -1.113479105680000032e+02 2.348048215649999904e+01 -5.392010621000000015e+01
6.500000000000000222e-01 3.794182526170000074e+03 -4.973794611360000090e+03 -6.725790202889999819e+03 -1.126605532420000060e+02 2.210296011539999839e+01 -5.534996925909999987e+01
6.500000000000000222e-01 3.972246133730000111e+03 -4.845073468759999741e+03 -6.660273584270000356e+03 -1.126275702890000048e+02 2.145608088550000048e+01 -5.534230517950000205e+01
6.500000000000000222e-01 3.834386631930000021e+03 -4.972651737700000012e+03 -6.650508466279999993e+03 -1.143003258690000052e+02 2.294857638870000116e+01 -5.636851278390000175e+01
6.500000000000000222e-01 3.820833603409999796e+03 -5.106860000179999588e+03 -6.660800966259999768e+03 -1.123161522879999978e+02 2.241858129939999955e+01 -5.486369912989999875e+01
6.500000000000000222e-01 3.979550343830000202e+03 -5.159306144060000406e+03 -6.569320690589999685e+03 -1.143492616249999969e+02 2.103284182120000168e+01 -5.626680577839999842e+01
6.500000000000000222e-01 3.885603092230000129e+03 -5.102647896520000359e+03 -6.593667261820000022e+03 -1.113063083079999984e+02 2.327507647319999862e+01 -5.365108647390000129e+01
6.500000000000000222e-01 4.007490397309999935e+03 -4.809161846060000244e+03 -6.700102207730000373e+03 -1.129921612729999936e+02 2.193219450810000026e+01 -5.620848617779999756e+01
6.500000000000000222e-01 4.242654168050000408e+03 -4.913371210340000289e+03 -6.686531681860000390e+03 -1.133317998830000022e+02 2.249483261600000006e+01 -5.707837571459999992e+01
6.500000000000000222e-01 4.124663525449999725e+03 -4.806449037379999936e+03 -6.713908346379999784e+03 -1.142663053859999991e+02 2.258093011849999954e+01 -5.586672637779999917e+01
6.500000000000000222e-01 3.953652462149999792e+03 -4.980640989649999938e+03 -6.567611707330000172e+03 -1.120801678290000041e+02 2.128450255610000141e+01 -5.436413363639999830e+01
6.500000000000000222e-01 3.958116994139999861e+03 -4.948029720090000410e+03 -6.575839084350000121e+03 -1.144459098119999965e+02 2.371732577879999937e+01 -5.579232260749999739e+01
6.500000000000000222e-01 3.931627766890000203e+03 -5.200498630969999795e+03 -6.609208083569999872e+03 -1.135406504320000067e+02 2.114682496489999863e+01 -5.666120981510000121e+01
6.500000000000000222e-01 3.885039389739999933e+03 -5.041514492919999611e+03 -6.588930364060000102e+03 -1.137347783679999935e+02 2.273697668830000040e+01 -5.529800946470000156e+01
6.500000000000000222e-01 3.868889453750000030e+03 -5.061019207510000342e+03 -6.601027060829999755e+03 -1.124991595580000023e+02 2.268750478500000156e+01 -5.453313223029999790e+01
6.500000000000000222e-01 4.061191710170000079e+03 -4.887679481770000166e+03 -6.594075281489999725e+03 -1.139290481970000002e+02 2.419848375300000143e+01 -5.602651312270000261e+01
6.500000000000000222e-01 3.915861478029999944e+03 -4.897472868329999983e+03 -6.632734994950000328e+03 -1.119555062809999981e+02 2.072959693410000170e+01 -5.344109495109999841e+01
6.500000000000000222e-01 3.987603980970000066e+03 -5.113472351170000366e+03 -6.552939394680000078e+03 -1.116290081079999936e+02 2.388581064419999933e+01 -5.459823408980000181e+01
6.500000000000000222e-01 4.010364860050000061e+03 -4.967060844759999782e+03 -6.558974820049999835e+03 -1.129450858969999985e+02 2.191260829389999998e+01 -5.506559560830000066e+01
6.500000000000000222e-01 4.177372399949999817e+03 -4.897704817849999927e+03 -6.632859733399999641e+03 -1.149291065970000005e+02 2.079213036390000013e+01 -5.348646509630000168e+01
6.500000000000000222e-01 3.950616456109999945e+03 -5.134047602720000214e+03 -6.569213292209999963e+03 -1.138137577010000001e+02 2.324522483490000013e+01 -5.536608266479999685e+01
6.500000000000000222e-01 4.171928406029999678e+03 -5.004557174139999915e+03 -6.578348080609999670e+03 -1.156131701599999957e+02 2.139231543980000083e+01 -5.423624825339999944e+01
6.500000000000000222e-01 4.019455651419999867e+03 -5.058961404269999548e+03 -6.541687585599999693e+03 -1.112169427550000051e+02 2.288532404500000084e+01 -5.488902578009999900e+01
6.500000000000000222e-01 4.256229277370000091e+03 -4.892483228009999948e+03 -6.738272553140000127e+03 -1.130486520479999939e+02 2.135240054830000034e+01 -5.683604117830000035e+01
6.500000000000000222e-01 4.050786734050000177e+03 -5.073184008010000070e+03 -6.541817272999999659e+03 -1.127775238210000026e+02 2.080415662349999906e+01 -5.535168807350000009e+01
6.500000000000000222e-01 4.046295620330000020e+03 -5.008561773270000231e+03 -6.545435946440000407e+03 -1.131851538169999998e+02 2.192968470119999935e+01 -5.513871400779999732e+01
6.500000000000000222e-01 4.067735500750000028e+03 -4.810038968449999629e+03 -6.676314387049999823e+03 -1.145815964690000044e+02 2.292019484840000132e+01 -5.525475330129999918e+01
6.500000000000000222e-01 3.909436998650000078e+03 -5.259492659470000035e+03 -6.687245111719999841e+03 -1.135867387779999973e+02 2.317073315649999898e+01 -5.629982551919999878e+01
6.500000000000000222e-01 4.192326212369999666e+03 -4.904215960569999879e+03 -6.639884633900000154e+03 -1.127332062499999950e+02 2.131728662549999953e+01 -5.582404527959999996e+01
6.500000000000000222e-01 3.961346600479999779e+03 -5.249741789190000418e+03 -6.638301022659999944e+03 -1.125004943569999938e+02 2.426801467749999830e+01 -5.393204820140000066e+01
6.500000000000000222e-01 3.958391659360000176e+03 -4.843398421159999998e+03 -6.644262456380000003e+03 -1.141237024179999935e+02 2.233355188839999883e+01 -5.382814623489999661e+01
6.500000000000000222e-01 4.169439051370000016e+03 -4.948135478189999958e+03 -6.595910774820000370e+03 -1.128176067999999930e+02 2.338336905750000128e+01 -5.643209394050000327e+01
6.500000000000000222e-01 3.953179164870000022e+03 -4.858986113320000186e+03 -6.639036783839999771e+03 -1.140781403360000041e+02 2.349965662469999828e+01 -5.625534426440000146e+01
6.500000000000000222e-01 3.999883120959999815e+03 -5.058551688120000108e+03 -6.544453930939999736e+03 -1.129802522119999963e+02 2.258834319900000054e+01 -5.511719849069999810e+01
6.500000000000000222e-01 4.100248683570000139e+03 -5.004946215709999706e+03 -6.551634777250000297e+03 -1.150274236059999993e+02 2.072857424060000042e+01 -5.458484433299999949e+01
6.500000000000000222e-01 4.045273798180000085e+03 -5.060179854340000020e+03 -6.541528449440000259e+03 -1.138860836150000040e+02 2.319531085999999931e+01 -5.527965622060000328e+01
6.500000000000000222e-01 4.223638128429999597e+03 -5.263800959799999873e+03 -6.751767675779999990e+03 -1.128196754089999985e+02 2.170007613960000015e+01 -5.838443701020000276e+01
6.500000000000000222e-01 4.043110418509999818e+03 -5.048597613339999953e+03 -6.541403166740000415e+03 -1.135443177869999971e+02 2.324029473419999903e+01 -5.527025542169999994e+01
6.500000000000000222e-01 3.989188902010000220e+03 -4.799993309440000303e+03 -6.728756420499999876e+03 -1.129897885089999932e+02 2.174908916500000089e+01 -5.620745715369999829e+01
6.500000000000000222e-01 3.789890161660000103e+03 -5.060182934380000006e+03 -6.701466120009999941e+03 -1.126883662329999964e+02 2.246097567660000038e+01 -5.516559259160000295e+01
6.500000000000000222e-01 4.163409069330000420e+03 -5.135553244190000441e+03 -6.579584323269999913e+03 -1.141537033360000066e+02 2.259887384789999842e+01 -5.505934295899999853e+01
6.500000000000000222e-01 4.319977174790000390e+03 -5.077820235080000202e+03 -6.762564835119999771e+03 -1.135580997609999940e+02 2.155141369060000045e+01 -5.616756617589999934e+01
6.500000000000000222e-01 4.106227024449999590e+03 -4.917941839809999692e+03 -6.583622205030000259e+03 -1.146049747819999993e+02 2.306614935260000010e+01 -5.519072078199999964e+01
6.500000000000000222e-01 4.028920634730000074e+03 -5.137738111589999789e+03 -6.555315308750000440e+03 -1.139705626249999995e+02 2.161658010169999855e+01 -5.587146653199999946e+01
6.500000000000000222e-01 4.065888846610000201e+03 -5.029430294419999882e+03 -6.543135963679999804e+03 -1.123726808229999961e+02 2.394164121340000051e+01 -5.540289706949999982e+01
6.500000000000000222e-01 4.097131328729999950e+03 -5.142621259649999956e+03 -6.559318764210000154e+03 -1.132840472529999971e+02 2.266613905919999894e+01 -5.532209311860000156e+01
6.500000000000000222e-01 4.000168834030000198e+03 -5.065862718229999700e+03 -6.544481602130000283e+03 -1.125177612279999977e+02 2.294781270849999899e+01 -5.502055529220000096e+01
6.500000000000000222e-01 4.034036252909999803e+03 -5.056617500760000439e+03 -6.541488587169999846e+03 -1.138240934880000026e+02 2.249407177619999842e+01 -5.526989274580000000e+01
6.500000000000000222e-01 3.922901490459999877e+03 -5.199021820529999786e+03 -6.614825555239999630e+03 -1.140687097459999961e+02 2.311990611050000055e+01 -5.597517159720000279e+01
6.500000000000000222e-01 4.240432368710000446e+03 -5.226978356380000150e+03 -6.701007708410000305e+03 -1.123378851349999934e+02 2.120018226070000011e+01 -5.750241477400000178e+01
6.500000000000000222e-01 3.933254503350000050e+03 -4.883341730090000055e+03 -6.631179700710000361e+03 -1.121566434070000042e+02 2.056181516479999871e+01 -5.301655866790000005e+01
6.500000000000000222e-01 4.143939449870000317e+03 -5.153453104870000061e+03 -6.583423668700000235e+03 -1.133172119970000011e+02 2.227764872010000019e+01 -5.637506430159999837e+01
6.500000000000000222e-01 4.037570240709999780e+03 -5.042710530129999825e+03 -6.540950063889999910e+03 -1.125707424980000013e+02 2.041837691430000135e+01 -5.495320739699999990e+01
6.500000000000000222e-01 4.059264475630000106e+03 -4.839627513770000405e+03 -6.647771967040000163e+03 -1.130293058609999974e+02 2.003928029180000081e+01 -5.329933219099999775e+01
6.500000000000000222e-01 3.987045528229999945e+03 -5.014189049089999571e+03 -6.548303956280000421e+03 -1.127665591180000035e+02 2.211164910000000106e+01 -5.470676689809999971e+01
6.500000000000000222e-01 4.122595048289999795e+03 -5.166895122760000049e+03 -6.580194540679999591e+03 -1.129578195370000060e+02 2.165128528030000155e+01 -5.658122394819999812e+01
6.500000000000000222e-01 3.933856616309999936e+03 -4.962037635689999661e+03 -6.582247419280000031e+03 -1.118474267269999984e+02 2.106956525409999870e+01 -5.396712688929999757e+01
6.500000000000000222e-01 4.202475445570000375e+03 -4.968371305390000089e+03 -6.607938893219999954e+03 -1.146966187910000059e+02 2.088173745980000007e+01 -5.421029857060000268e+01
6.500000000000000222e-01 3.831711714890000167e+03 -5.228579382930000065e+03 -6.758851855670000077e+03 -1.118066397430000052e+02 2.263246252849999962e+01 -5.357283866040000220e+01
6.500000000000000222e-01 3.904406007630000204e+03 -5.297849189020000267e+03 -6.778649450429999888e+03 -1.119653290429999970e+02 2.246618390580000124e+01 -5.451507710959999997e+01
6.500000000000000222e-01 4.139559727959999691e+03 -5.027957511290000184e+03 -6.560059569580000243e+03 -1.147141661269999986e+02 2.168811094719999844e+01 -5.493563297979999760e+01
6.500000000000000222e-01 4.031240711469999951e+03 -5.182170306230000278e+03 -6.570051276250000228e+03 -1.123937558810000041e+02 2.168157383919999859e+01 -5.565931124240000116e+01
6.500000000000000222e-01 4.098623951200000192e+03 -5.167457889559999785e+03 -6.575256241899999623e+03 -1.146335266739999952e+02 2.430941830300000106e+01 -5.508398550999999799e+01
6.500000000000000222e-01 4.001357801550000204e+03 -4.996792173519999778e+03 -6.549903100669999731e+03 -1.120990948510000038e+02 2.060356934600000045e+01 -5.434266776489999984e+01
6.500000000000000222e-01 4.104267105789999732e+03 -5.011222021679999671e+03 -6.552152637569999570e+03 -1.138528144280000021e+02 2.275117925649999862e+01 -5.537081985590000244e+01
6.500000000000000222e-01 4.039808220769999934e+03 -5.324169870460000311e+03 -6.724280833189999612e+03 -1.122274008419999944e+02 2.268613089830000007e+01 -5.435945542799999686e+01
6.500000000000000222e-01 3.984394477970000025e+03 -5.008530791969999882e+03 -6.551667580629999975e+03 -1.135534190959999989e+02 2.252537241969999826e+01 -5.518678700049999719e+01
6.500000000000000222e-01 4.069854855330000191e+03 -5.055454864190000080e+03 -6.542489302840000164e+03 -1.158472364560000045e+02 2.242286952950000156e+01 -5.500961233120000315e+01
6.500000000000000222e-01 4.009157067810000171e+03 -5.177871618639999724e+03 -6.570612179660000038e+03 -1.122023960490000007e+02 2.226286118259999824e+01 -5.533093688799999654e+01
6.500000000000000222e-01 3.955648386779999782e+03 -5.069575113140000212e+03 -6.555368102620000172e+03 -1.141290871559999971e+02 2.240745062199999893e+01 -5.541767990299999980e+01
6.500000000000000222e-01 3.800771461320000071e+03 -4.960957423449999624e+03 -6.717760904900000241e+03 -1.132763666929999999e+02 2.237122246010000026e+01 -5.634983208780000297e+01
6.500000000000000222e-01 3.860159909179999886e+03 -4.860912775589999910e+03 -6.738004620640000212e+03 -1.123600791939999937e+02 2.130578272229999826e+01 -5.245067584230000080e+01
6.500000000000000222e-01 4.288066913339999701e+03 -5.176181258849999722e+03 -6.743383696449999661e+03 -1.128198869649999949e+02 2.162057739879999829e+01 -5.828523088229999871e+01
6.500000000000000222e-01 4.124717942840000433e+03 -5.162023139670000091e+03 -6.573602481859999898e+03 -1.120872446179999997e+02 2.082597425029999982e+01 -5.643342770879999648e+01
6.500000000000000222e-01 4.104956907200000387e+03 -5.137546603249999862e+03 -6.559554795869999907e+03 -1.135561674509999932e+02 2.281677726850000099e+01 -5.524356588890000097e+01
6.500000000000000222e-01 4.275103873690000000e+03 -4.975498467919999712e+03 -6.683653463900000133e+03 -1.138729996969999974e+02 2.118228458849999996e+01 -5.500669626540000223e+01
6.500000000000000222e-01 3.829616040869999779e+03 -5.153798685519999708e+03 -6.667453083229999720e+03 -1.138061410530000046e+02 2.257434460389999842e+01 -5.650576312319999772e+01
6.500000000000000222e-01 4.259187906420000218e+03 -5.071175241060000189e+03 -6.643087813219999589e+03 -1.122048085469999990e+02 2.189401946670000143e+01 -5.747423786190000072e+01
6.500000000000000222e-01 3.953652939820000029e+03 -4.968658377280000423e+03 -6.572214118949999829e+03 -1.122498673179999997e+02 2.130506623679999834e+01 -5.447268499070000303e+01
6.500000000000000222e-01 4.023456593070000054e+03 -5.140231431719999819e+03 -6.554821910589999788e+03 -1.129217368930000021e+02 2.154512715830000147e+01 -5.562268829340000309e+01
6.500000000000000222e-01 3.981463871779999863e+03 -4.889721461989999625e+03 -6.607965986070000326e+03 -1.131373183670000060e+02 2.246319799890000013e+01 -5.567441730539999867e+01
6.500000000000000222e-01 4.052504532620000191e+03 -5.061222302999999556e+03 -6.541076410140000007e+03 -1.115713905169999975e+02 2.133829810869999832e+01 -5.523325976099999934e+01
6.500000000000000222e-01 4.023536408550000033e+03 -4.983713845940000283e+03 -6.552025208019999809e+03 -1.127655535030000067e+02 2.115963393619999877e+01 -5.482288527539999734e+01
6.500000000000000222e-01 3.975147752400000172e+03 -4.843102069010000378e+03 -6.638571907980000105e+03 -1.141383872090000011e+02 2.211006666959999833e+01 -5.367604843729999686e+01
6.500000000000000222e-01 3.876924500860000080e+03 -4.890409918479999760e+03 -6.669632936089999930e+03 -1.135463889340000065e+02 2.257359869909999972e+01 -5.615782863780000156e+01
6.500000000000000222e-01 4.078424038499999824e+03 -5.047803831010000067e+03 -6.543387371769999845e+03 -1.114411287129999977e+02 2.294604821280000095e+01 -5.547651032270000115e+01
6.500000000000000222e-01 4.059723309389999940e+03 -5.122613252250000187e+03 -6.549910432720000244e+03 -1.128698841289999990e+02 2.037617208369999844e+01 -5.587750336860000289e+01
6.500000000000000222e-01 3.876355557010000211e+03 -5.097318761919999815e+03 -6.600618561590000354e+03 -1.116045149950000024e+02 2.275186852930000114e+01 -5.408868789990000181e+01
6.500000000000000222e-01 4.032537868290000006e+03 -5.065610147329999563e+03 -6.541792262400000254e+03 -1.137496122990000060e+02 2.242169178290000175e+01 -5.529382813649999662e+01
6.500000000000000222e-01 4.028010613630000080e+03 -5.139709408599999733e+03 -6.554416675270000269e+03 -1.134725599310000064e+02 2.053441416440000111e+01 -5.593553570400000297e+01
1.390000000000000000e+04 -9.181671829369999614e+03 1.765577536349999946e+03 1.332025398459999997e+04 -2.431303607399999862e+02 2.034186255930000016e+02 -3.245660985249999726e+02
6.500000000000000222e-01 -9.186126479579999796e+03 1.764297268419999909e+03 1.346358102060000056e+04 -2.426560229179999908e+02 2.036384237610000127e+02 -3.244511295450000148e+02
6.500000000000000222e-01 -9.137122421699999904e+03 1.817607269039999892e+03 1.344576279810000051e+04 -2.428668821779999973e+02 2.037774211759999901e+02 -3.248230263460000060e+02
6.500000000000000222e-01 -9.231197634349999134e+03 1.760755142010000100e+03 1.345489411370000016e+04 -2.430618890920000013e+02 2.034788054720000048e+02 -3.243948064489999865e+02
6.500000000000000222e-01 -9.184124610290000419e+03 1.778817918210000016e+03 1.346301994589999958e+04 -2.432208187360000124e+02 2.028682582829999888e+02 -3.244204815730000178e+02
6.500000000000000222e-01 -9.313319509819999439e+03 1.744789884669999992e+03 1.337265474429999995e+04 -2.432445415500000081e+02 2.034650660030000040e+02 -3.247397831380000071e+02
6.500000000000000222e-01 -9.189264224649999960e+03 1.742531396840000070e+03 1.346158147450000070e+04 -2.430465825619999976e+02 2.036410608850000017e+02 -3.244374193500000274e+02
6.500000000000000222e-01 -9.139761656889999358e+03 1.827624694950000048e+03 1.344196119980000003e+04 -2.428961881669999912e+02 2.037356919450000134e+02 -3.248403148450000231e+02
6.500000000000000222e-01 -9.173608888680000746e+03 1.810698919839999917e+03 1.345627155950000088e+04 -2.434653069670000036e+02 2.034590468529999896e+02 -3.244628304380000259e+02
6.500000000000000222e-01 -9.243130950180000582e+03 1.783261142139999947e+03 1.344867426270000033e+04 -2.426561914049999871e+02 2.032398903810000093e+02 -3.241590713649999884e+02
6.500000000000000222e-01 -9.198661863350000203e+03 1.750183913930000017e+03 1.346177355119999993e+04 -2.431028827119999960e+02 2.033659789209999929e+02 -3.244762593240000115e+02
6.500000000000000222e-01 -9.133859608759999901e+03 1.704415608479999946e+03 1.344035955909999939e+04 -2.428977884699999947e+02 2.030391000989999952e+02 -3.248826837799999794e+02
6.500000000000000222e-01 -9.087086783680000735e+03 1.850751396789999944e+03 1.338432747430000018e+04 -2.434875280619999955e+02 2.031923644439999919e+02 -3.240379199879999987e+02
6.500000000000000222e-01 -9.215335434979999263e+03 1.808120117400000026e+03 1.345320316640000055e+04 -2.428922866309999904e+02 2.029568920529999900e+02 -3.242077016869999966e+02
6.500000000000000222e-01 -9.176215909869999450e+03 1.769776953450000065e+03 1.346343625780000002e+04 -2.427322876329999986e+02 2.037981186380000054e+02 -3.245089521940000168e+02
6.500000000000000222e-01 -9.171872657289999552e+03 1.786086916349999910e+03 1.346174533309999970e+04 -2.430615760109999997e+02 2.039128586840000139e+02 -3.245705492650000110e+02
6.500000000000000222e-01 -9.150180964499999391e+03 1.794452340800000002e+03 1.345686932159999924e+04 -2.428516500089999965e+02 2.038301005550000013e+02 -3.246880094819999840e+02
6.500000000000000222e-01 -9.160103622660000838e+03 1.743566279769999937e+03 1.346008631269999933e+04 -2.437044111449999946e+02 2.039038820490000035e+02 -3.243560529939999810e+02
6.500000000000000222e-01 -9.212639233179999792e+03 1.803951664149999942e+03 1.345542673749999994e+04 -2.435544364970000117e+02 2.037746877840000082e+02 -3.245775309109999966e+02
6.500000000000000222e-01 -9.222849813160000849e+03 1.746142017899999928e+03 1.345634496530000069e+04 -2.437572668249999879e+02 2.031799484869999901e+02 -3.246496834710000030e+02
6.500000000000000222e-01 -9.075392856419999589e+03 1.828407966109999961e+03 1.339172281499999917e+04 -2.434340649549999966e+02 2.031466978670000003e+02 -3.241075618959999929e+02
6.500000000000000222e-01 -9.154108837719999428e+03 1.741928926450000063e+03 1.345879584579999937e+04 -2.436911350830000060e+02 2.038156661040000017e+02 -3.243453963619999740e+02
6.500000000000000222e-01 -9.063115144240000518e+03 1.801017943860000059e+03 1.339044290320000073e+04 -2.435387766700000043e+02 2.033649252449999949e+02 -3.241973209590000238e+02
6.500000000000000222e-01 -9.295599202310000692e+03 1.794254275239999970e+03 1.340316557459999967e+04 -2.433211159820000091e+02 2.035032418570000061e+02 -3.246026952679999908e+02
6.500000000000000222e-01 -9.081457470519999333e+03 1.812475654099999929e+03 1.341011612609999975e+04 -2.436396516640000129e+02 2.032217207760000122e+02 -3.240892557610000040e+02
6.500000000000000222e-01 -9.228337203089999093e+03 1.733777863699999898e+03 1.345211325799999941e+04 -2.436059666810000124e+02 2.031112850780000088e+02 -3.246795253390000084e+02
6.500000000000000222e-01 -9.138855859409999539e+03 1.672945711320000100e+03 1.342052025150000009e+04 -2.430008788410000022e+02 2.030628944050000086e+02 -3.250006665590000239e+02
6.500000000000000222e-01 -9.157607932169999913e+03 1.710280936569999994e+03 1.345067519709999942e+04 -2.432625723650000111e+02 2.037281775319999895e+02 -3.243195437219999917e+02
6.500000000000000222e-01 -9.168092130130000442e+03 1.802704075910000029e+03 1.345776758499999960e+04 -2.430025418840000100e+02 2.037100474110000050e+02 -3.246244664960000250e+02
6.500000000000000222e-01 -9.176284745670000120e+03 1.853204881319999913e+03 1.343473169050000070e+04 -2.435490392819999954e+02 2.035375372780000021e+02 -3.244272745760000021e+02
6.500000000000000222e-01 -9.215939943769999445e+03 1.701972047750000002e+03 1.344346921800000018e+04 -2.435305077390000008e+02 2.035628625779999936e+02 -3.245972587019999764e+02
6.500000000000000222e-01 -9.153841125490000195e+03 1.763894009339999911e+03 1.346067159130000073e+04 -2.428194876100000101e+02 2.034020140730000037e+02 -3.245969386720000216e+02
6.500000000000000222e-01 -9.175873241609999241e+03 1.725639537419999897e+03 1.345746972169999935e+04 -2.434191361709999910e+02 2.041080321229999868e+02 -3.243214721290000284e+02
6.500000000000000222e-01 -9.169881352450000122e+03 1.750452476250000018e+03 1.346205621179999980e+04 -2.433277626089999899e+02 2.035216706930000043e+02 -3.245074067080000191e+02
6.500000000000000222e-01 -9.180111803870000585e+03 1.656374927340000113e+03 1.341055002819999936e+04 -2.433888360699999964e+02 2.040502082620000124e+02 -3.241149666179999826e+02
6.500000000000000222e-01 -9.090563373670000146e+03 1.768683408820000068e+03 1.342987679329999992e+04 -2.435005918010000130e+02 2.034239252749999878e+02 -3.244082872509999902e+02
6.500000000000000222e-01 -9.160767197979999764e+03 1.749202440210000077e+03 1.346099061790000087e+04 -2.437546570080000095e+02 2.038286086409999882e+02 -3.243745202360000235e+02
6.500000000000000222e-01 -9.083164402349999364e+03 1.698546042429999943e+03 1.340080399539999962e+04 -2.429743737560000056e+02 2.032514112599999976e+02 -3.248361883900000180e+02
6.500000000000000222e-01 -9.302078916930000560e+03 1.804385633809999945e+03 1.338667344589999993e+04 -2.428344573509999975e+02 2.032773151659999940e+02 -3.239071607689999723e+02
6.500000000000000222e-01 -9.192562036549999902e+03 1.753482903300000089e+03 1.346267413479999959e+04 -2.433115261920000023e+02 2.032718505009999888e+02 -3.245062525440000059e+02
6.500000000000000222e-01 -9.160077130409999882e+03 1.723680926839999984e+03 1.345464298740000049e+04 -2.434349949139999865e+02 2.036540753879999954e+02 -3.245258072560000073e+02
6.500000000000000222e-01 -9.205439888180000708e+03 1.849753667019999966e+03 1.343477035090000027e+04 -2.434910994980000112e+02 2.039306156240000121e+02 -3.247960224920000201e+02
6.500000000000000222e-01 -9.310155253279999670e+03 1.770086391049999975e+03 1.338326246569999967e+04 -2.433861727400000063e+02 2.034347930870000027e+02 -3.249717525679999994e+02
6.500000000000000222e-01 -9.079727457080000022e+03 1.725885044209999933e+03 1.341266816339999968e+04 -2.434063395000000014e+02 2.034607655700000066e+02 -3.243132390929999929e+02
6.500000000000000222e-01 -9.105015975070000422e+03 1.832038621720000037e+03 1.342062344189999931e+04 -2.430762858600000129e+02 2.031133408960000111e+02 -3.245395628310000120e+02
6.500000000000000222e-01 -9.263067065749999529e+03 1.689681273440000041e+03 1.341025238689999969e+04 -2.427921565929999872e+02 2.036369739069999980e+02 -3.240156633500000112e+02
6.500000000000000222e-01 -9.220358866309999939e+03 1.652541694710000002e+03 1.339659992830000010e+04 -2.433640265749999969e+02 2.039394428520000133e+02 -3.242669735050000099e+02
6.500000000000000222e-01 -9.212601868890000333e+03 1.651943557580000061e+03 1.340218898880000052e+04 -2.429435208790000047e+02 2.037013799059999997e+02 -3.240448765900000012e+02
6.500000000000000222e-01 -9.143031726240000353e+03 1.762263141449999921e+03 1.345798802129999967e+04 -2.428318365320000112e+02 2.033883616029999928e+02 -3.246406172139999740e+02
6.500000000000000222e-01 -9.231604718239999784e+03 1.885065069320000021e+03 1.338014219159999993e+04 -2.432469631570000104e+02 2.035432044199999950e+02 -3.250573762889999898e+02
6.500000000000000222e-01 -9.180830308720000176e+03 1.733881454730000087e+03 1.346012520229999973e+04 -2.431788554899999895e+02 2.039339741979999872e+02 -3.243626233850000062e+02
6.500000000000000222e-01 -9.184397547979999217e+03 1.778091368269999975e+03 1.346307875799999965e+04 -2.431711199929999907e+02 2.029088535820000061e+02 -3.244267121729999985e+02
6.500000000000000222e-01 -9.087050168379999377e+03 1.702354842089999920e+03 1.340625792220000039e+04 -2.429159195830000044e+02 2.032570525719999921e+02 -3.251089955549999786e+02
6.500000000000000222e-01 -9.177749452149999343e+03 1.765935591400000021e+03 1.346353103489999921e+04 -2.438595992959999990e+02 2.033908826100000056e+02 -3.244625708710000254e+02
6.500000000000000222e-01 -9.099181965570000102e+03 1.839528386669999918e+03 1.341011772410000049e+04 -2.429092300199999954e+02 2.033351571489999969e+02 -3.248731704169999830e+02
6.500000000000000222e-01 -9.181196433970000726e+03 1.793842637230000037e+03 1.346075383409999995e+04 -2.432089165609999952e+02 2.039987254140000061e+02 -3.245990138810000190e+02
6.500000000000000222e-01 -9.222156569299999319e+03 1.805720811899999944e+03 1.345127768250000008e+04 -2.428032447669999954e+02 2.029783954700000095e+02 -3.242749392100000136e+02
6.500000000000000222e-01 -9.203808241320000889e+03 1.633518478250000044e+03 1.336970867139999973e+04 -2.431753208609999888e+02 2.033122762710000018e+02 -3.251318777640000235e+02
6.500000000000000222e-01 -9.055574569390000761e+03 1.741598687520000112e+03 1.338157067370000004e+04 -2.434919741230000056e+02 2.035111490730000128e+02 -3.241871312089999719e+02
6.500000000000000222e-01 -9.042581270630000290e+03 1.790069288529999994e+03 1.333948726820000047e+04 -2.431548603949999858e+02 2.034108886189999907e+02 -3.252394842609999728e+02
6.500000000000000222e-01 -9.057039177479999125e+03 1.809321570099999917e+03 1.337386962850000054e+04 -2.434574746360000006e+02 2.032850194650000049e+02 -3.240402031549999720e+02
6.500000000000000222e-01 -9.147013116120000632e+03 1.803343559950000099e+03 1.345384777829999985e+04 -2.437074402570000018e+02 2.030204390989999865e+02 -3.242836985690000233e+02
6.500000000000000222e-01 -9.162299778689999584e+03 1.785339424960000088e+03 1.346077705170000081e+04 -2.428556271230000050e+02 2.037390910969999993e+02 -3.245981898300000239e+02
6.500000000000000222e-01 -9.125945421669999632e+03 1.781839116780000040e+03 1.345093698849999964e+04 -2.437866205699999966e+02 2.032323822740000026e+02 -3.242783567359999779e+02
6.500000000000000222e-01 -9.169788777769999797e+03 1.755516596050000089e+03 1.346263223409999955e+04 -2.429189453550000053e+02 2.031688902960000007e+02 -3.245474371660000088e+02
6.500000000000000222e-01 -9.198413454440000351e+03 1.857334068720000005e+03 1.342935658719999992e+04 -2.433719339099999956e+02 2.038885047569999927e+02 -3.248812734150000097e+02
6.500000000000000222e-01 -9.164839955679999548e+03 1.742908650110000053e+03 1.346075437299999976e+04 -2.428868217490000063e+02 2.029609346629999891e+02 -3.246066892989999815e+02
6.500000000000000222e-01 -9.318167825939999602e+03 1.787567763860000014e+03 1.335561175619999995e+04 -2.430021169880000116e+02 2.033758964859999878e+02 -3.242309333389999892e+02
6.500000000000000222e-01 -9.233648900410000351e+03 1.754174497149999979e+03 1.345362147539999933e+04 -2.430257075869999994e+02 2.035478846800000099e+02 -3.243618707019999761e+02
6.500000000000000222e-01 -9.220317934090000563e+03 1.681455565190000016e+03 1.342889607489999980e+04 -2.431857009819999860e+02 2.040532006150000086e+02 -3.241196992220000084e+02
6.500000000000000222e-01 -9.236510346319999371e+03 1.878663937880000049e+03 1.338370118840000032e+04 -2.429088058849999925e+02 2.030398034380000070e+02 -3.243881106459999728e+02
6.500000000000000222e-01 -9.197006267529999604e+03 1.753663929419999931e+03 1.346235930829999961e+04 -2.428826579470000127e+02 2.038807436989999928e+02 -3.243930603210000072e+02
6.500000000000000222e-01 -9.096501107120000597e+03 1.670246999080000023e+03 1.338390758289999940e+04 -2.433799860590000037e+02 2.036931656959999941e+02 -3.240365410279999878e+02
6.500000000000000222e-01 -9.116185549840000022e+03 1.701084967060000054e+03 1.342932257849999951e+04 -2.429186852789999875e+02 2.031591255060000094e+02 -3.249713903640000012e+02
6.500000000000000222e-01 -9.195256482470000265e+03 1.746237393070000053e+03 1.346169772030000058e+04 -2.428983273730000008e+02 2.037684663430000001e+02 -3.243970213200000217e+02
6.500000000000000222e-01 -9.279300246360000529e+03 1.783897696909999922e+03 1.342327953979999984e+04 -2.433477139050000062e+02 2.034099490099999912e+02 -3.246656254229999945e+02
6.500000000000000222e-01 -9.206772373159999916e+03 1.770659482539999999e+03 1.346140234199999941e+04 -2.433447301029999892e+02 2.034683887900000059e+02 -3.244917816689999768e+02
6.500000000000000222e-01 -9.281533779909999794e+03 1.729914894219999951e+03 1.341718114659999992e+04 -2.434088016489999973e+02 2.035172195270000088e+02 -3.246207448860000113e+02
6.500000000000000222e-01 -9.322879205269999147e+03 1.765853396570000086e+03 1.334183641929999976e+04 -2.429845763659999989e+02 2.034282948770000132e+02 -3.238340084390000015e+02
6.500000000000000222e-01 -9.195544267879999097e+03 1.891095411109999986e+03 1.338325347739999961e+04 -2.429912274950000040e+02 2.032489628829999901e+02 -3.248458221509999930e+02
6.500000000000000222e-01 -9.182275622350000049e+03 1.776707477590000053e+03 1.346318012579999959e+04 -2.433063747760000126e+02 2.030224207539999952e+02 -3.244502282939999986e+02
6.500000000000000222e-01 -9.212019417609999437e+03 1.774698134380000056e+03 1.346022940510000080e+04 -2.433463271660000089e+02 2.034864368540000044e+02 -3.244896826300000043e+02
6.500000000000000222e-01 -9.168349354179999864e+03 1.793415145319999965e+03 1.346018006260000038e+04 -2.435464977050000073e+02 2.031542949489999899e+02 -3.244102034649999950e+02
6.500000000000000222e-01 -9.215767611179999221e+03 1.736739841020000085e+03 1.345660831540000072e+04 -2.427802822499999991e+02 2.038793500310000013e+02 -3.242526772209999990e+02
6.500000000000000222e-01 -9.183136113390000901e+03 1.774051888740000095e+03 1.346331657280000036e+04 -2.432735549289999994e+02 2.037904647729999965e+02 -3.245090117639999789e+02
6.500000000000000222e-01 -9.162215289109999503e+03 1.772152194020000024e+03 1.346200248110000030e+04 -2.428092972720000091e+02 2.035546598550000112e+02 -3.245665308600000003e+02
6.500000000000000222e-01 -9.265327629470000829e+03 1.823423983579999913e+03 1.342167512870000064e+04 -2.428388481689999878e+02 2.031560566040000140e+02 -3.239747933670000180e+02
6.500000000000000222e-01 -9.182059103409999807e+03 1.797429136550000067e+03 1.345968351079999957e+04 -2.430967994940000096e+02 2.030728595020000000e+02 -3.244489486690000035e+02
6.500000000000000222e-01 -9.159046716209999431e+03 1.863365590130000101e+03 1.342210718629999974e+04 -2.433657153769999866e+02 2.029179422580000107e+02 -3.240570127080000020e+02
6.500000000000000222e-01 -9.168653078600000299e+03 1.747579959120000012e+03 1.346184767029999966e+04 -2.434810402290000013e+02 2.038034120300000041e+02 -3.244194322750000197e+02
6.500000000000000222e-01 -9.076218089399999371e+03 1.721423894719999907e+03 1.340657983219999915e+04 -2.433769305849999967e+02 2.034581892610000011e+02 -3.243136097450000079e+02
6.500000000000000222e-01 -9.104727895039999567e+03 1.772533028679999916e+03 1.344023276599999917e+04 -2.437203614809999976e+02 2.033975732049999863e+02 -3.242797528500000226e+02
6.500000000000000222e-01 -9.104720686090000527e+03 1.838923056999999972e+03 1.341542044949999945e+04 -2.428905154100000061e+02 2.035682867369999940e+02 -3.250183509810000260e+02
6.500000000000000222e-01 -9.253597991650000040e+03 1.670570842670000047e+03 1.339935791720000088e+04 -2.429279903519999948e+02 2.037926513060000104e+02 -3.239257100699999796e+02
6.500000000000000222e-01 -9.182412802060000104e+03 1.772374363820000099e+03 1.346346664939999937e+04 -2.432176711639999951e+02 2.027788862740000013e+02 -3.244422772969999755e+02
6.500000000000000222e-01 -9.233881984760000705e+03 1.767970376060000035e+03 1.345390825059999952e+04 -2.436078283120000094e+02 2.034437857739999913e+02 -3.246057311490000075e+02
6.500000000000000222e-01 -9.176128161320000800e+03 1.885993927889999895e+03 1.339901364839999951e+04 -2.434311363379999875e+02 2.032691893530000016e+02 -3.241417968459999770e+02
6.500000000000000222e-01 -9.116036190619999616e+03 1.836764603970000053e+03 1.342512630849999914e+04 -2.436505547570000090e+02 2.033107349299999953e+02 -3.242736636370000269e+02
6.500000000000000222e-01 -9.239271230059999652e+03 1.692297026649999907e+03 1.342919506419999925e+04 -2.431565098769999906e+02 2.030899506899999949e+02 -3.247036727970000243e+02
6.500000000000000222e-01 -9.174382070739999108e+03 1.759814231629999995e+03 1.346320518789999915e+04 -2.430159806190000040e+02 2.032633963440000002e+02 -3.245182359109999766e+02
6.500000000000000222e-01 -9.143134078060000320e+03 1.840269329180000113e+03 1.343601158340000075e+04 -2.435579186930000049e+02 2.029800865800000054e+02 -3.241496055339999884e+02
3.690000000000000000e+05 2.234370503579999877e+03 8.477099214549999715e+02 -9.541351877480000212e+02 -1.279971235729999961e+02 4.495403570339999710e+00 -1.487624103219999938e+01
6.500000000000000222e-01 2.240965926089999812e+03 8.931269088510000529e+02 -8.327737225700000181e+02 -1.331467362999999864e+02 1.407942457869999942e+00 -1.749976914390000005e+01
6.500000000000000222e-01 2.335474930979999954e+03 9.104401960909999616e+02 -8.968182007829999520e+02 -1.279731469379999993e+02 4.120594085729999634e+00 -2.236939063310000009e+01
6.500000000000000222e-01 2.237369857659999980e+03 8.987112009449999732e+02 -8.333017949950000229e+02 -1.309089655530000016e+02 4.562770812100000128e+00 -1.871483330170000059e+01
6.500000000000000222e-01 2.163764473929999895e+03 7.437572507830000177e+02 -8.827258259550000048e+02 -1.326577198470000098e+02 8.833182880509999890e+00 -1.151096551500000054e+01
6.500000000000000222e-01 2.132751490829999966e+03 7.757670219489999681e+02 -8.504625548540000182e+02 -1.323547499340000115e+02 6.998725150710000342e+00 -1.003851088470000086e+01
6.500000000000000222e-01 2.346547868600000129e+03 7.910450917660000414e+02 -9.037423260030000165e+02 -1.295389796919999981e+02 6.661582061219999851e+00 -1.941278129819999876e+01
6.500000000000000222e-01 2.184536682890000066e+03 9.179885561830000142e+02 -8.396931013900000380e+02 -1.327856948310000007e+02 2.402020823520000015e+00 -1.692658315050000084e+01
6.500000000000000222e-01 2.234867975489999935e+03 8.980366328620000331e+02 -8.322899496889999682e+02 -1.311004708080000114e+02 4.682045193889999624e+00 -1.861013043000000167e+01
6.500000000000000222e-01 2.170189470379999875e+03 8.025204293929999722e+02 -8.237522696930000166e+02 -1.353582797450000044e+02 1.576412201609999952e+00 -1.594277319629999923e+01
6.500000000000000222e-01 2.227916485449999982e+03 7.187994787180000458e+02 -8.979209831560000339e+02 -1.303717108259999975e+02 7.687020333459999577e+00 -1.419313631470000026e+01
6.500000000000000222e-01 2.252541717340000105e+03 9.296595151039999791e+02 -8.579768943169999602e+02 -1.300808791880000115e+02 -1.813572230999999979e+00 -1.543745446660000020e+01
6.500000000000000222e-01 2.092873073539999950e+03 8.152474823549999883e+02 -8.710971712470000057e+02 -1.334250792470000135e+02 2.393298345159999840e+00 -1.375711803039999914e+01
6.500000000000000222e-01 2.141449909349999871e+03 8.235664542170000004e+02 -8.286677760339999850e+02 -1.328245387750000077e+02 2.401665377810000113e+00 -1.388945830509999979e+01
6.500000000000000222e-01 2.124776019949999863e+03 9.331814761169999883e+02 -9.163373315710000497e+02 -1.290278265480000073e+02 9.342343449850000481e-02 -1.418733823440000030e+01
6.500000000000000222e-01 2.222562330690000181e+03 8.754991955149999967e+02 -8.231996215169999687e+02 -1.332354726659999926e+02 1.661595542790000046e-01 -1.668162492609999958e+01
6.500000000000000222e-01 2.206138917639999818e+03 8.480797736170000007e+02 -8.171665415490000441e+02 -1.312968044920000068e+02 1.115169263110000086e+00 -1.620891501710000071e+01
6.500000000000000222e-01 2.211654879990000154e+03 8.616027168330000450e+02 -8.184837430769999855e+02 -1.333751825109999913e+02 5.311828109810000420e+00 -1.695065808689999898e+01
6.500000000000000222e-01 2.242794041820000075e+03 8.479012752400000181e+02 -8.236874069420000524e+02 -1.325114131509999993e+02 3.020944731909999792e+00 -1.780495074190000082e+01
6.500000000000000222e-01 2.114317429809999794e+03 8.849553881599999841e+02 -8.551175392860000102e+02 -1.320974049810000110e+02 1.215936315900000064e+00 -1.342793143079999929e+01
6.500000000000000222e-01 2.228165417719999823e+03 8.330880533780000405e+02 -8.197451066940000146e+02 -1.350461964159999866e+02 6.536648024969999859e+00 -1.643493849009999863e+01
6.500000000000000222e-01 2.310085217780000221e+03 7.578261963280000373e+02 -9.106128045939999538e+02 -1.310429718789999924e+02 9.668792826660000728e+00 -1.463646118209999969e+01
6.500000000000000222e-01 2.228085549119999996e+03 9.480265771440000435e+02 -8.650001922569999806e+02 -1.308406356330000051e+02 -2.101334705479999954e-01 -1.588202264679999942e+01
6.500000000000000222e-01 2.216997128869999869e+03 9.350667077289999725e+02 -8.507546149610000157e+02 -1.317743539079999948e+02 4.204544499719999884e-01 -1.636893190309999824e+01
6.500000000000000222e-01 2.213496527539999988e+03 9.036614449429999922e+02 -8.390508872840000549e+02 -1.294376015900000141e+02 -2.671745597030000141e+00 -1.501849070859999991e+01
6.500000000000000222e-01 2.228525892560000102e+03 8.488618513080000412e+02 -8.176781137240000135e+02 -1.303677783969999950e+02 4.276939987059999559e+00 -1.693217376890000025e+01
6.500000000000000222e-01 2.353042789170000106e+03 8.370047345650000352e+02 -8.965422406379999529e+02 -1.285965534519999949e+02 5.352384764970000042e+00 -2.182454787920000072e+01
6.500000000000000222e-01 2.110216489060000185e+03 8.558739104300000236e+02 -8.548615475300000526e+02 -1.320753304989999890e+02 1.185781955940000021e+00 -1.343781875330000020e+01
6.500000000000000222e-01 2.231335737909999807e+03 9.266804704170000377e+02 -8.624815337280000449e+02 -1.288354618040000048e+02 -1.044124271959999961e-01 -1.839044845980000176e+01
6.500000000000000222e-01 2.221629228020000028e+03 8.387962424620000093e+02 -8.159961468699999614e+02 -1.301592890819999866e+02 1.525089578530000045e+00 -1.644959641799999872e+01
6.500000000000000222e-01 2.242533459610000136e+03 7.593329586239999571e+02 -8.436965225599999485e+02 -1.314490340609999919e+02 4.183336255530000436e+00 -1.695278774109999986e+01
6.500000000000000222e-01 2.197164145260000168e+03 8.797638710559999708e+02 -8.228652118909999444e+02 -1.337805221650000078e+02 4.616049296819999981e+00 -1.716918856079999856e+01
6.500000000000000222e-01 2.243183835339999860e+03 9.480423938840000346e+02 -8.863392552980000119e+02 -1.281143261100000075e+02 3.936067533100000015e-01 -1.948859384129999839e+01
6.500000000000000222e-01 2.227727868880000187e+03 8.070473220110000057e+02 -8.224189939990000084e+02 -1.322514305980000131e+02 2.067330263010000113e+00 -1.715599571799999978e+01
6.500000000000000222e-01 2.249575143430000026e+03 8.397544995279999966e+02 -8.223880111370000350e+02 -1.296605266219999919e+02 3.016099129810000168e+00 -1.783903763760000061e+01
6.500000000000000222e-01 2.172681154370000058e+03 9.126252228229999446e+02 -8.407318830149999940e+02 -1.301155809439999871e+02 -1.591991185639999973e+00 -1.304980317569999926e+01
6.500000000000000222e-01 2.261954420149999805e+03 8.433351653519999900e+02 -8.298954744119999987e+02 -1.335241915949999907e+02 3.947574341340000181e+00 -1.795660488029999868e+01
6.500000000000000222e-01 2.208397755599999982e+03 8.030328527970000323e+02 -8.261015773479999780e+02 -1.342540320249999866e+02 5.726383375370000195e+00 -1.621075404509999984e+01
6.500000000000000222e-01 2.191867365789999894e+03 8.260855594560000554e+02 -8.179271476620000385e+02 -1.352623487170000089e+02 1.542151219149999974e+00 -1.640031754299999989e+01
6.500000000000000222e-01 2.292463782079999874e+03 7.615874258339999869e+02 -8.994503594059999614e+02 -1.317448303980000048e+02 8.594633395629999839e+00 -1.854163771409999839e+01
6.500000000000000222e-01 2.331713985500000035e+03 8.304256188470000097e+02 -8.782184934709999879e+02 -1.309947057599999880e+02 5.984576008530000379e+00 -1.973122442009999844e+01
6.500000000000000222e-01 2.293369879400000173e+03 8.210252359959999922e+02 -8.436349599559999888e+02 -1.338307996210000113e+02 6.065004544749999837e+00 -1.684893949110000122e+01
6.500000000000000222e-01 2.222978466600000047e+03 8.715926313879999725e+02 -8.231812380459999758e+02 -1.318549457670000038e+02 3.477096897330000047e+00 -1.756836718010000098e+01
6.500000000000000222e-01 2.164275494739999885e+03 7.702835221440000169e+02 -8.387644009540000525e+02 -1.324844645039999875e+02 3.419949685719999799e+00 -1.428174875580000069e+01
6.500000000000000222e-01 2.283020459129999836e+03 9.051338071239999863e+02 -8.556940971860000218e+02 -1.296291027690000135e+02 -6.272017233440000394e-01 -1.805065533679999845e+01
6.500000000000000222e-01 2.211217512449999958e+03 8.355222837820000450e+02 -8.180311720680000462e+02 -1.339949681180000027e+02 1.317230868110000008e+00 -1.678924744729999929e+01
6.500000000000000222e-01 2.228740738500000134e+03 8.340835849229999894e+02 -8.212184395140000106e+02 -1.342364497289999861e+02 5.185154541360000202e+00 -1.703161229710000057e+01
6.500000000000000222e-01 2.161115661610000188e+03 8.612264422490000015e+02 -8.236931442449999849e+02 -1.354894704369999943e+02 3.019626540800000036e+00 -1.619969198560000123e+01
6.500000000000000222e-01 2.232037756979999813e+03 8.036163940239999874e+02 -8.242422107569999525e+02 -1.339753861130000132e+02 8.152932000299999871e+00 -1.508880492920000016e+01
6.500000000000000222e-01 2.213270341809999991e+03 7.453956381890000102e+02 -8.517927367749999803e+02 -1.314671288479999873e+02 7.842390745680000386e+00 -1.254493786469999961e+01
6.500000000000000222e-01 2.335448180440000215e+03 8.733590119660000255e+02 -8.747535333370000217e+02 -1.311044994609999890e+02 3.339521259160000088e+00 -1.804851922010000109e+01
6.500000000000000222e-01 2.123514280509999935e+03 7.751369427240000505e+02 -8.583197469479999882e+02 -1.320102187390000097e+02 6.645639656680000229e+00 -9.441513707329999505e+00
6.500000000000000222e-01 2.183388329750000139e+03 9.074844767969999566e+02 -8.515773883529999466e+02 -1.288150275460000103e+02 -2.048473228689999814e+00 -1.482207510559999974e+01
6.500000000000000222e-01 2.239299443429999883e+03 8.610613190410000470e+02 -8.220125750290000042e+02 -1.305927217889999952e+02 4.412570531840000143e+00 -1.775354700120000118e+01
6.500000000000000222e-01 2.255063665889999811e+03 7.420114427429999751e+02 -8.622800450260000389e+02 -1.308665515030000108e+02 5.290384048970000030e+00 -1.697237299989999926e+01
6.500000000000000222e-01 2.216680521820000195e+03 7.587394986130000234e+02 -8.439615980869999703e+02 -1.328380276700000024e+02 3.107541890919999883e+00 -1.720947936660000011e+01
6.500000000000000222e-01 2.309981323869999869e+03 8.787537722819999999e+02 -8.576366197900000543e+02 -1.288777786089999893e+02 3.562523629140000203e+00 -2.071087732690000038e+01
6.500000000000000222e-01 2.284991381190000084e+03 7.597357130850000431e+02 -8.654489736949999497e+02 -1.303727832479999904e+02 4.772557063689999879e+00 -1.898034967539999940e+01
6.500000000000000222e-01 2.296619431390000045e+03 7.528443682839999838e+02 -8.822020947459999434e+02 -1.300222319620000064e+02 5.623240765170000266e+00 -1.932900455589999922e+01
6.500000000000000222e-01 2.258958934430000227e+03 7.507336902020000480e+02 -8.548846021260000043e+02 -1.311304122500000062e+02 6.197838308809999752e+00 -1.605540257679999883e+01
6.500000000000000222e-01 2.237325216549999823e+03 8.788386616469999808e+02 -8.288531090750000203e+02 -1.310067020719999960e+02 -1.350399171569999890e+00 -1.682296592280000169e+01
6.500000000000000222e-01 2.219412192880000021e+03 8.546348842500000274e+02 -8.198640317480000022e+02 -1.328943021960000124e+02 2.825055598030000059e+00 -1.717410604290000009e+01
6.500000000000000222e-01 2.183639338670000143e+03 8.905398960620000253e+02 -8.324121788740000056e+02 -1.293410083830000019e+02 -2.196769739070000060e+00 -1.378975862599999935e+01
6.500000000000000222e-01 2.169990775289999874e+03 8.166237393080000402e+02 -8.209748594970000113e+02 -1.357515736500000116e+02 1.650422429600000074e+00 -1.598364143539999915e+01
6.500000000000000222e-01 2.332104688599999918e+03 8.171534591880000562e+02 -8.810922232149999900e+02 -1.295177541609999992e+02 5.628648236800000149e+00 -2.119553677120000046e+01
6.500000000000000222e-01 2.274917542310000044e+03 8.466791631339999640e+02 -8.322946272640000416e+02 -1.292140949420000027e+02 3.737258838399999838e+00 -1.912749599849999882e+01
6.500000000000000222e-01 2.149480649709999852e+03 9.095110695769999438e+02 -8.581898052200000393e+02 -1.285046153000000118e+02 -1.974523606580000035e+00 -1.127527550499999975e+01
6.500000000000000222e-01 2.281065920250000090e+03 9.368501971570000251e+02 -8.846203210539999873e+02 -1.278193836220000037e+02 -1.235573661120000111e+00 -1.779159197259999914e+01
6.500000000000000222e-01 2.211697157690000040e+03 8.428897912349999615e+02 -8.154841553339999791e+02 -1.318046073149999984e+02 5.532856757570000283e+00 -1.613652982360000010e+01
6.500000000000000222e-01 2.296905025560000013e+03 8.117634313129999555e+02 -8.517693589680000059e+02 -1.300846369539999898e+02 4.437198664130000303e+00 -2.000164945550000084e+01
6.500000000000000222e-01 2.213446829500000149e+03 8.445833589070000471e+02 -8.181315750310000112e+02 -1.349338385259999882e+02 4.159459470489999866e+00 -1.682499133800000024e+01
6.500000000000000222e-01 2.106280532780000158e+03 8.489991616859999795e+02 -8.521752180949999911e+02 -1.335838543790000017e+02 1.867985020499999926e+00 -1.407412926119999952e+01
6.500000000000000222e-01 2.140938651869999831e+03 8.763567894899999828e+02 -8.343282539289999704e+02 -1.293779220350000116e+02 -6.448159534970000495e-01 -1.116517040579999964e+01
6.500000000000000222e-01 2.210364552949999961e+03 8.386318235319999985e+02 -8.138899065729999620e+02 -1.304110368059999985e+02 4.670748673880000368e+00 -1.564810999850000073e+01
6.500000000000000222e-01 2.274069638349999877e+03 7.629501213690000441e+02 -8.634450212750000446e+02 -1.310339473100000021e+02 4.749904167210000416e+00 -1.917560634450000023e+01
6.500000000000000222e-01 2.192262569999999869e+03 8.828370859059999702e+02 -8.248815850710000177e+02 -1.336749822010000059e+02 4.079743412710000072e+00 -1.716918631680000118e+01
6.500000000000000222e-01 2.271745096759999797e+03 8.170881788789999973e+02 -8.337576145450000240e+02 -1.306909855110000080e+02 3.414553765109999972e+00 -1.869291119840000093e+01
6.500000000000000222e-01 2.217254576989999805e+03 8.318814519420000124e+02 -8.182330750500000249e+02 -1.326496325919999890e+02 3.672486625539999938e+00 -1.674204785890000124e+01
6.500000000000000222e-01 2.123317240039999888e+03 8.669417165779999550e+02 -8.394063307960000202e+02 -1.310717975649999971e+02 1.041901643619999929e+00 -1.194345933429999995e+01
6.500000000000000222e-01 2.213011315000000195e+03 8.417138889799999788e+02 -8.147661915989999670e+02 -1.301504909770000040e+02 2.773433107459999825e+00 -1.599438025379999928e+01
6.500000000000000222e-01 2.218725771760000043e+03 8.414947542779999594e+02 -8.185169023019999486e+02 -1.345922716219999984e+02 5.432034227199999954e+00 -1.675711105050000072e+01
6.500000000000000222e-01 2.158183398759999818e+03 8.355058163530000002e+02 -8.224650413260000050e+02 -1.341425605219999966e+02 2.328137202799999805e+00 -1.528807460139999996e+01
6.500000000000000222e-01 2.340465688069999942e+03 8.223280725240000493e+02 -8.833767852480000329e+02 -1.288316742060000024e+02 5.168141024989999721e+00 -2.144491019819999877e+01
6.500000000000000222e-01 2.101339481129999967e+03 7.773318892559999540e+02 -8.955146098010000060e+02 -1.301936313010000106e+02 5.304730575839999851e+00 -6.660819318689999768e+00
6.500000000000000222e-01 2.107765074540000114e+03 7.832948696959999779e+02 -8.687863918120000335e+02 -1.327114181990000077e+02 5.481157130279999734e+00 -1.110799798170000052e+01
6.500000000000000222e-01 2.198303705169999830e+03 7.304445705739999539e+02 -8.689657836149999639e+02 -1.311781707170000004e+02 5.536342760800000207e+00 -1.452918468280000042e+01
6.500000000000000222e-01 2.287758557699999983e+03 9.694734343600000557e+02 -9.354411659359999476e+02 -1.272035114530000044e+02 1.722396347739999944e+00 -2.148275865760000158e+01
6.500000000000000222e-01 2.099904443939999965e+03 8.000462645540000040e+02 -8.653569521629999599e+02 -1.320553419990000066e+02 4.441491995309999830e+00 -1.049919643369999989e+01
6.500000000000000222e-01 2.201383135290000155e+03 8.469197553400000515e+02 -8.174675222189999886e+02 -1.357198203949999993e+02 3.742139675829999845e+00 -1.664277409729999846e+01
6.500000000000000222e-01 2.243235590020000018e+03 8.255736511830000381e+02 -8.228948975810000093e+02 -1.312055372910000131e+02 2.572640571220000005e+00 -1.768312462389999951e+01
6.500000000000000222e-01 2.162005071340000086e+03 7.475831857959999525e+02 -8.664859892169999966e+02 -1.340069539739999982e+02 5.053893879960000390e+00 -1.546433889200000067e+01
6.500000000000000222e-01 2.168782491760000084e+03 8.865142421629999490e+02 -8.357431351909999648e+02 -1.322313226509999993e+02 1.289529542019999919e+00 -1.635579968549999919e+01
6.500000000000000222e-01 2.112081569760000093e+03 9.070260922630000096e+02 -8.856936969920000138e+02 -1.291682798489999868e+02 -1.499086451989999902e-01 -1.043723302759999960e+01
6.500000000000000222e-01 2.234227074290000019e+03 9.060374688860000560e+02 -8.362368490200000224e+02 -1.311028951810000081e+02 4.431207336589999990e+00 -1.880735945549999855e+01
6.500000000000000222e-01 2.249107894990000204e+03 9.121857402529999490e+02 -8.504221885509999765e+02 -1.293038143429999991e+02 8.411727330139999737e-01 -1.884200808350000145e+01
6.500000000000000222e-01 2.339392777770000066e+03 8.605547564239999474e+02 -8.786845841000000519e+02 -1.307197529629999906e+02 4.316367661210000151e+00 -1.909870922280000016e+01
6.500000000000000222e-01 2.200754570409999815e+03 7.990918306930000199e+02 -8.215320691929999839e+02 -1.325426161219999983e+02 3.341802538660000099e+00 -1.579673267949999982e+01
6.500000000000000222e-01 2.293456599130000086e+03 8.810954969059999939e+02 -8.487675488249999489e+02 -1.299958533299999885e+02 2.125260424679999982e+00 -1.949954635989999829e+01
6.500000000000000222e-01 2.165856794870000158e+03 9.017113048050000543e+02 -8.339589932280000539e+02 -1.306999610830000051e+02 -8.336087490569999980e-01 -1.335197170310000025e+01
6.500000000000000222e-01 2.179390231179999773e+03 7.621633065500000157e+02 -8.397025038560000212e+02 -1.322104630320000069e+02 3.767940672749999997e+00 -1.462886012050000062e+01
6.500000000000000222e-01 2.340668069320000086e+03 7.764244970910000347e+02 -9.133763568079999686e+02 -1.301749013600000069e+02 8.486772457660000768e+00 -1.549513117320000077e+01
