3.450000000000000000e+05 2.731545335679999880e+03 -4.699628204280000318e+03 -7.223674103639999885e+03 -1.284264343739999958e+02 4.419149078670000108e+01 -1.716102225810000093e+01
6.500000000000000222e-01 2.642549349419999999e+03 -4.606404050140000436e+03 -6.954972500290000426e+03 -1.289685931010000104e+02 4.527989732769999875e+01 -1.565386214930000008e+01
6.500000000000000222e-01 2.561789404080000168e+03 -4.819877852169999642e+03 -7.404944094630000109e+03 -1.273188872519999961e+02 4.411820471160000068e+01 -1.659696690930000074e+01
6.500000000000000222e-01 2.918151153010000144e+03 -4.623264690099999825e+03 -7.039939074590000018e+03 -1.293730892540000070e+02 4.474694325010000284e+01 -1.849767529749999895e+01
6.500000000000000222e-01 2.718435064069999953e+03 -4.828665429620000396e+03 -7.494049736959999791e+03 -1.271942748270000010e+02 4.086826734329999766e+01 -1.766331577669999930e+01
6.500000000000000222e-01 2.843569492170000103e+03 -4.899157357179999963e+03 -7.392346256030000404e+03 -1.283689769300000023e+02 4.418981585350000074e+01 -1.849922009890000041e+01
6.500000000000000222e-01 2.822899568469999849e+03 -4.493276211080000394e+03 -7.367404533810000430e+03 -1.295829940369999917e+02 4.121870848479999694e+01 -1.860493300250000104e+01
6.500000000000000222e-01 2.519624035469999853e+03 -4.598908305519999885e+03 -7.357055311500000244e+03 -1.261680866909999992e+02 4.341214108890000034e+01 -1.727452147360000012e+01
6.500000000000000222e-01 2.890597429120000015e+03 -4.539056575100000373e+03 -7.367048447029999807e+03 -1.292956190680000077e+02 4.096205154609999965e+01 -1.850261125849999999e+01
6.500000000000000222e-01 2.510877570659999947e+03 -4.618788541570000234e+03 -7.032455574200000228e+03 -1.278869415140000001e+02 4.583988189840000160e+01 -1.458088261770000038e+01
6.500000000000000222e-01 2.473299076539999987e+03 -4.710956302259999575e+03 -7.118610318410000218e+03 -1.264867059679999954e+02 4.563134922439999741e+01 -1.364739194350000062e+01
6.500000000000000222e-01 2.561035067880000042e+03 -4.843840863389999868e+03 -7.385478878889999578e+03 -1.274255441399999995e+02 4.367701210330000094e+01 -1.603490667350000010e+01
6.500000000000000222e-01 2.795538246210000125e+03 -4.709691417930000171e+03 -6.954751151899999968e+03 -1.311888361069999860e+02 4.626270089129999974e+01 -1.689883843069999969e+01
6.500000000000000222e-01 2.671519541449999906e+03 -4.554218760050000128e+03 -7.455437479389999680e+03 -1.280528440550000084e+02 4.236268392649999726e+01 -1.697902565580000100e+01
6.500000000000000222e-01 2.605205259549999937e+03 -4.653931354029999966e+03 -7.459406296039999688e+03 -1.249018732340000071e+02 4.225232253659999770e+01 -1.805760148050000069e+01
6.500000000000000222e-01 2.868003904050000074e+03 -4.652860026870000183e+03 -6.993604538229999889e+03 -1.308385029979999956e+02 4.527120608909999788e+01 -1.727595798340000144e+01
6.500000000000000222e-01 2.622561316440000155e+03 -4.906849787879999894e+03 -7.378220769190000283e+03 -1.258421565390000012e+02 4.542112458449999934e+01 -2.032541451970000068e+01
6.500000000000000222e-01 2.517875949249999849e+03 -4.772876872609999737e+03 -7.368048872020000090e+03 -1.273020988079999967e+02 4.364471231830000164e+01 -1.518717201589999988e+01
6.500000000000000222e-01 2.728305452080000123e+03 -4.774711198740000327e+03 -6.961223646890000055e+03 -1.302507532109999886e+02 4.852105344150000121e+01 -1.654849776989999910e+01
6.500000000000000222e-01 2.634015680829999837e+03 -4.754474540000000161e+03 -6.959285177130000193e+03 -1.270501045909999931e+02 4.720334602300000171e+01 -1.551688339200000044e+01
6.500000000000000222e-01 2.785554570989999775e+03 -4.637959941899999649e+03 -7.491800821830000132e+03 -1.273133398039999946e+02 4.035622047460000061e+01 -1.783433984190000032e+01
6.500000000000000222e-01 2.533009098460000132e+03 -4.529721499399999630e+03 -7.319464239590000034e+03 -1.279245141910000001e+02 4.400512254769999743e+01 -1.442545640540000029e+01
6.500000000000000222e-01 2.589264586379999855e+03 -4.521476870679999593e+03 -7.368744873630000257e+03 -1.268884947530000034e+02 4.219481245050000240e+01 -1.749726491290000041e+01
6.500000000000000222e-01 2.832347626450000007e+03 -4.535496356489999926e+03 -7.015125614450000285e+03 -1.318823979139999949e+02 4.358550174079999806e+01 -1.466289785520000066e+01
6.500000000000000222e-01 2.944498618380000153e+03 -4.717474278589999813e+03 -7.067526203909999822e+03 -1.309442462039999953e+02 4.453897825140000322e+01 -1.752581272769999998e+01
6.500000000000000222e-01 2.939585632599999826e+03 -4.689411911039999723e+03 -7.060300948869999957e+03 -1.303160754890000135e+02 4.455820339360000304e+01 -1.834614835380000031e+01
6.500000000000000222e-01 2.712088503569999830e+03 -4.905108930010000222e+03 -7.047301811809999890e+03 -1.277726705809999999e+02 4.708623918300000355e+01 -1.645582868360000006e+01
6.500000000000000222e-01 2.603670162179999807e+03 -4.544705682660000093e+03 -7.414720724150000024e+03 -1.284190198819999864e+02 4.401348178519999976e+01 -1.513718272350000049e+01
6.500000000000000222e-01 2.547099513440000010e+03 -4.884033049200000278e+03 -7.287079341259999637e+03 -1.269339978290000062e+02 4.485784833780000014e+01 -1.564836070449999994e+01
6.500000000000000222e-01 2.622993683640000199e+03 -4.455004446570000255e+03 -7.310855772040000375e+03 -1.286277764730000115e+02 4.319229313459999986e+01 -1.556136829269999922e+01
6.500000000000000222e-01 2.597584174609999991e+03 -4.841359577330000320e+03 -7.028466589480000039e+03 -1.291458835740000097e+02 4.517694945299999887e+01 -1.849034957619999986e+01
6.500000000000000222e-01 2.908570077670000046e+03 -4.541912227200000416e+03 -7.097027511549999872e+03 -1.302288220140000021e+02 4.289858694589999999e+01 -1.663539146189999940e+01
6.500000000000000222e-01 2.497571159030000217e+03 -4.779097311679999621e+03 -7.096692050239999844e+03 -1.284202451090000068e+02 4.575261477290000300e+01 -1.824682845299999912e+01
6.500000000000000222e-01 2.464582978880000155e+03 -4.732136076859999775e+03 -7.213648458859999664e+03 -1.266862634959999951e+02 4.503749037939999766e+01 -1.388313120930000011e+01
6.500000000000000222e-01 2.789730263840000134e+03 -4.666540365169999859e+03 -7.505097817959999702e+03 -1.291330855420000034e+02 4.152506503939999760e+01 -1.829763224179999881e+01
6.500000000000000222e-01 2.617666305319999992e+03 -4.445930624890000217e+03 -7.162580430449999767e+03 -1.285485596620000024e+02 4.332430860870000089e+01 -1.292897660090000045e+01
6.500000000000000222e-01 2.719615434629999982e+03 -4.427123470829999860e+03 -7.257953223309999885e+03 -1.293888805889999958e+02 4.287386780859999647e+01 -1.538611269289999939e+01
6.500000000000000222e-01 2.774655493249999836e+03 -4.596544172580000122e+03 -7.467904335840000385e+03 -1.269129184279999976e+02 4.046126737590000033e+01 -1.732373188760000104e+01
6.500000000000000222e-01 2.796401302339999802e+03 -4.594456518680000045e+03 -6.963946910880000360e+03 -1.301152049929999919e+02 4.364157263580000290e+01 -1.583204274769999920e+01
6.500000000000000222e-01 2.597325597619999826e+03 -4.796742964860000029e+03 -7.000817612359999657e+03 -1.286454214860000036e+02 4.784316974280000068e+01 -1.636902723920000113e+01
6.500000000000000222e-01 2.797133956619999935e+03 -4.509281863330000306e+03 -7.014930041110000275e+03 -1.295960495139999864e+02 4.581878991149999791e+01 -1.726154019870000056e+01
4.560000000000000000e+04 8.324513158199999452e+03 1.983877757409999958e+03 1.944375444159999824e+04 1.997061948140000140e+02 -6.228431539519999660e+01 1.893357857500000136e+02
6.500000000000000222e-01 8.378931945860000269e+03 1.857236922159999949e+03 1.960371367480000117e+04 2.003012825970000108e+02 -6.264192355419999814e+01 1.892872769479999988e+02
6.500000000000000222e-01 8.449147484970000733e+03 2.083060443479999776e+03 1.931913649929999883e+04 1.991045436160000008e+02 -6.298010969399999937e+01 1.886626584869999874e+02
6.500000000000000222e-01 8.378784760759999699e+03 1.869544729839999945e+03 1.960615067949999866e+04 1.994894974000000047e+02 -6.131638585040000322e+01 1.902076025410000000e+02
6.500000000000000222e-01 8.125285028360000069e+03 1.970156129010000086e+03 1.941025206550000075e+04 2.000016518099999985e+02 -6.229461742259999824e+01 1.892231084370000076e+02
6.500000000000000222e-01 8.465690070790000391e+03 2.118744321980000223e+03 1.939458423949999997e+04 1.995442160720000118e+02 -6.230619959850000100e+01 1.903637982529999988e+02
6.500000000000000222e-01 8.236056241160000354e+03 2.163208655729999919e+03 1.944634484750000047e+04 1.999367525659999956e+02 -6.271444519140000295e+01 1.890466999209999983e+02
6.500000000000000222e-01 8.294761352510000506e+03 2.021754197109999950e+03 1.964547224310000092e+04 2.006508337580000045e+02 -6.302313532470000013e+01 1.898709176819999982e+02
6.500000000000000222e-01 8.322676793579999867e+03 2.184581116310000198e+03 1.943805156899999929e+04 1.997454769180000085e+02 -6.273470624499999815e+01 1.891257582679999985e+02
6.500000000000000222e-01 8.304924555170000531e+03 2.048079112530000202e+03 1.924617688869999984e+04 1.994629830069999912e+02 -6.300867444709999887e+01 1.888243845359999966e+02
6.500000000000000222e-01 8.236239300499999445e+03 1.981387278570000035e+03 1.925484341240000140e+04 1.998035176250000120e+02 -6.237844532110000273e+01 1.889187698540000042e+02
6.500000000000000222e-01 8.468696576320000531e+03 1.890457644959999925e+03 1.934611004229999890e+04 1.993732949639999958e+02 -6.208561496139999747e+01 1.898503924260000133e+02
6.500000000000000222e-01 8.279460947859999578e+03 1.988237374600000066e+03 1.964531455170000118e+04 2.000553715549999936e+02 -6.219100240030000037e+01 1.895400661939999907e+02
6.500000000000000222e-01 8.252139516139999614e+03 1.826847512430000052e+03 1.955202001749999908e+04 2.003525244559999976e+02 -6.225588084649999843e+01 1.893700373220000017e+02
6.500000000000000222e-01 8.300824941939999917e+03 1.791485084480000069e+03 1.937573321020000003e+04 1.998575670810000133e+02 -6.190228319940000290e+01 1.885030306559999929e+02
6.500000000000000222e-01 8.191498404089999894e+03 1.835020732700000053e+03 1.947153437820000181e+04 2.000262324009999872e+02 -6.195006592050000194e+01 1.899547032069999943e+02
6.500000000000000222e-01 8.415975915510000050e+03 1.825091479899999968e+03 1.937603126029999839e+04 1.992295295280000005e+02 -6.180290888769999924e+01 1.896391404050000062e+02
6.500000000000000222e-01 8.518710947289999240e+03 2.034089494529999911e+03 1.947616094969999904e+04 1.995141629809999984e+02 -6.236474645389999694e+01 1.892088064730000099e+02
6.500000000000000222e-01 8.524782652070000040e+03 2.005185081769999897e+03 1.945381572210000013e+04 1.993409137220000105e+02 -6.229185631509999865e+01 1.897365051399999913e+02
6.500000000000000222e-01 8.238387306729999182e+03 1.859316734799999949e+03 1.930170991009999852e+04 2.001913456860000053e+02 -6.226827648249999925e+01 1.887277635760000010e+02
6.500000000000000222e-01 8.256214066279999315e+03 2.045762614380000059e+03 1.963053884689999904e+04 2.002720733239999902e+02 -6.249893524170000347e+01 1.898179485990000046e+02
6.500000000000000222e-01 8.243791814590000286e+03 2.103696730099999968e+03 1.929307572789999904e+04 1.991347469080000110e+02 -6.187492437750000107e+01 1.896631629750000059e+02
6.500000000000000222e-01 8.450730971999999383e+03 1.859906800389999944e+03 1.933543713429999843e+04 1.993910823029999904e+02 -6.210939651479999668e+01 1.888405279540000095e+02
6.500000000000000222e-01 8.406914330960000370e+03 1.800603891310000108e+03 1.944901040500000090e+04 1.995655050000000017e+02 -6.193857098130000338e+01 1.884091739239999868e+02
6.500000000000000222e-01 8.324401989849999154e+03 2.116226222310000139e+03 1.928372696010000072e+04 1.992830704970000113e+02 -6.172698932760000190e+01 1.896529216550000001e+02
6.500000000000000222e-01 8.486601731270000528e+03 1.867264761370000087e+03 1.949101175270000022e+04 1.996891960270000084e+02 -6.218795884330000234e+01 1.890320519720000050e+02
6.500000000000000222e-01 8.228241178710000895e+03 2.120944655150000017e+03 1.955019891289999941e+04 2.004333080090000010e+02 -6.304328404830000210e+01 1.901060832329999926e+02
6.500000000000000222e-01 8.452750707209999746e+03 1.876371441880000020e+03 1.955150829620000150e+04 1.996114023169999996e+02 -6.196597569419999729e+01 1.890588838399999929e+02
6.500000000000000222e-01 8.456896932449999440e+03 2.065518229239999982e+03 1.931571203569999852e+04 1.996311993449999989e+02 -6.208725927180000070e+01 1.899461365509999951e+02
6.500000000000000222e-01 8.279754970030000550e+03 1.951450043920000098e+03 1.924194034720000127e+04 1.988595263720000048e+02 -6.273950691190000128e+01 1.891751997959999869e+02
6.500000000000000222e-01 8.300732329399999799e+03 1.952119670000000042e+03 1.923901006169999891e+04 1.991299016929999937e+02 -6.266771781959999998e+01 1.891182763049999949e+02
6.500000000000000222e-01 8.142590388720000192e+03 1.928442340900000090e+03 1.951160983349999879e+04 1.998274788909999984e+02 -6.213407969219999671e+01 1.886694277759999920e+02
6.500000000000000222e-01 8.348283727019999787e+03 2.170110850099999880e+03 1.953457332210000095e+04 1.994153390099999967e+02 -6.229474372850000208e+01 1.896392627470000036e+02
6.500000000000000222e-01 8.249058383089999552e+03 2.138896378379999987e+03 1.953692486369999824e+04 2.001631384789999970e+02 -6.264028790590000284e+01 1.889395863169999927e+02
6.500000000000000222e-01 8.437689959960000124e+03 1.827281202319999920e+03 1.949410256440000012e+04 1.996038659110000140e+02 -6.202323121810000117e+01 1.886207774279999967e+02
6.500000000000000222e-01 8.487796734080000533e+03 2.088631683709999834e+03 1.938954956809999931e+04 1.994755392520000044e+02 -6.266932684319999680e+01 1.894273471969999889e+02
6.500000000000000222e-01 8.326270727690000058e+03 2.066623737830000209e+03 1.963616312209999887e+04 1.997771170800000107e+02 -6.143799661610000129e+01 1.893624373659999947e+02
6.500000000000000222e-01 8.472514251700000386e+03 1.866357893099999956e+03 1.950414035449999938e+04 1.992691371249999861e+02 -6.177443621670000340e+01 1.897849223259999860e+02
6.500000000000000222e-01 8.123099739479999698e+03 1.980349028860000089e+03 1.945566863930000181e+04 1.999586201269999890e+02 -6.230014420949999732e+01 1.881645645819999970e+02
6.500000000000000222e-01 8.380579189599999154e+03 2.161876110090000111e+03 1.953471747799999866e+04 1.994008803940000121e+02 -6.216676884839999673e+01 1.894349379699999929e+02
6.500000000000000222e-01 8.512772142649999296e+03 2.014113792879999892e+03 1.951414142649999849e+04 1.992750063309999859e+02 -6.226877154849999840e+01 1.900651594800000055e+02
1.390000000000000000e+04 -1.173552478789999986e+04 3.951567026100000021e+03 9.689593069189999369e+03 -2.267910405089999983e+02 1.989376303699999937e+02 -3.440690517169999794e+02
6.500000000000000222e-01 -1.169252365869999994e+04 3.934742290359999970e+03 9.823807296889999634e+03 -2.276763439880000135e+02 1.992724784220000060e+02 -3.438742135549999830e+02
6.500000000000000222e-01 -1.176460647579999932e+04 3.984592096769999898e+03 9.553035582320000685e+03 -2.268744060470000079e+02 1.992529404530000079e+02 -3.439356721070000162e+02
6.500000000000000222e-01 -1.177385683470000004e+04 3.968905378989999917e+03 9.829403472780000811e+03 -2.265311926619999952e+02 1.986958090420000076e+02 -3.436394713160000265e+02
6.500000000000000222e-01 -1.166096078149999994e+04 3.855028625230000216e+03 9.620164108470000428e+03 -2.269260133660000065e+02 1.994395478159999868e+02 -3.447926337009999997e+02
6.500000000000000222e-01 -1.165785976789999950e+04 3.847962327060000007e+03 9.640140102350000234e+03 -2.267985723189999874e+02 1.992377947520000134e+02 -3.440595856229999754e+02
6.500000000000000222e-01 -1.180758666230000017e+04 3.928787128349999875e+03 9.814840970830000515e+03 -2.272751698460000114e+02 1.991231064300000071e+02 -3.439349826000000121e+02
6.500000000000000222e-01 -1.180060748489999969e+04 3.917588728919999994e+03 9.569422049509999852e+03 -2.259671140130000140e+02 1.990815957949999984e+02 -3.442789997589999871e+02
6.500000000000000222e-01 -1.164392225220000000e+04 3.945400296060000073e+03 9.575444536819999485e+03 -2.270869574639999939e+02 1.988809731700000043e+02 -3.448253834129999973e+02
6.500000000000000222e-01 -1.164989327070000036e+04 3.868471749830000135e+03 9.753562174939999750e+03 -2.271249688400000082e+02 1.992840580499999987e+02 -3.444669684869999742e+02
6.500000000000000222e-01 -1.177690903480000088e+04 3.827429576999999881e+03 9.646363335149999330e+03 -2.267363370669999938e+02 1.994986969409999915e+02 -3.442295766139999955e+02
6.500000000000000222e-01 -1.170259032269999989e+04 3.858477761269999974e+03 9.784262286499999391e+03 -2.273323364009999921e+02 1.997158096500000113e+02 -3.438081834640000238e+02
6.500000000000000222e-01 -1.161441909029999988e+04 3.878859223670000119e+03 9.678174665489999825e+03 -2.268738191589999929e+02 1.990808752910000123e+02 -3.450521388619999925e+02
6.500000000000000222e-01 -1.169861978210000052e+04 3.826767651529999966e+03 9.728255254519999653e+03 -2.270333590140000126e+02 1.994149263829999938e+02 -3.443849787870000227e+02
6.500000000000000222e-01 -1.170639056399999936e+04 3.858854909950000092e+03 9.797402991079999993e+03 -2.267154449909999983e+02 1.987185713270000065e+02 -3.443184055809999791e+02
6.500000000000000222e-01 -1.178754267970000001e+04 4.004519444330000169e+03 9.567649905039999794e+03 -2.262345248569999967e+02 1.985163906559999987e+02 -3.443145889169999805e+02
6.500000000000000222e-01 -1.159886840819999998e+04 3.982194481829999859e+03 9.665446908320000148e+03 -2.269625137040000027e+02 1.987732291099999884e+02 -3.450199046260000273e+02
6.500000000000000222e-01 -1.176799099910000041e+04 4.083633775100000094e+03 9.728471428650000234e+03 -2.268887639840000077e+02 1.985069811150000021e+02 -3.432736277010000094e+02
6.500000000000000222e-01 -1.162882891919999929e+04 3.978565503979999903e+03 9.774805534610000905e+03 -2.269362598399999911e+02 1.989851895840000111e+02 -3.445667289990000199e+02
6.500000000000000222e-01 -1.163716269950000060e+04 4.050687047909999819e+03 9.695829396780000025e+03 -2.269448281200000110e+02 1.985935839199999862e+02 -3.441694201889999931e+02
6.500000000000000222e-01 -1.170943183590000081e+04 4.082673704450000059e+03 9.734906850909999775e+03 -2.270853439020000053e+02 1.985222864879999918e+02 -3.434986851940000179e+02
6.500000000000000222e-01 -1.160146299999999974e+04 3.995814441729999999e+03 9.684506265250000069e+03 -2.269263255969999875e+02 1.987629718029999992e+02 -3.449937499359999720e+02
6.500000000000000222e-01 -1.181565681179999956e+04 3.862002351680000174e+03 9.766727160680000452e+03 -2.266778617340000039e+02 1.995174771080000085e+02 -3.433040643209999985e+02
6.500000000000000222e-01 -1.186663014699999985e+04 3.937880705240000225e+03 9.644316300790000241e+03 -2.265661207660000116e+02 1.989795400419999964e+02 -3.436171281189999718e+02
6.500000000000000222e-01 -1.175337700939999922e+04 4.089364428339999904e+03 9.683294137950000732e+03 -2.267762023390000081e+02 1.985841732959999888e+02 -3.433924577789999830e+02
6.500000000000000222e-01 -1.169040132869999979e+04 3.958845953529999861e+03 9.824457646959999693e+03 -2.274470396099999903e+02 1.988873091869999996e+02 -3.439659614409999904e+02
6.500000000000000222e-01 -1.178306119089999993e+04 3.823157421249999970e+03 9.669289213320000272e+03 -2.267431605799999943e+02 1.993568650320000017e+02 -3.437428769680000187e+02
6.500000000000000222e-01 -1.167082175579999966e+04 4.048253902089999883e+03 9.606629800830000022e+03 -2.269613001250000082e+02 1.984011490350000031e+02 -3.447613400129999945e+02
6.500000000000000222e-01 -1.176236167910000040e+04 3.818821094119999998e+03 9.733869505340000615e+03 -2.266340527300000076e+02 1.991148776390000137e+02 -3.441527398640000115e+02
6.500000000000000222e-01 -1.161291743510000015e+04 3.916164853209999819e+03 9.745761340540000674e+03 -2.268113838490000091e+02 1.989610480169999960e+02 -3.448754880170000092e+02
6.500000000000000222e-01 -1.184250168269999995e+04 3.864070760709999831e+03 9.668477053070000693e+03 -2.266491750479999894e+02 1.992858507820000113e+02 -3.438594456949999767e+02
6.500000000000000222e-01 -1.180868258000000060e+04 4.041597822530000030e+03 9.776047872260000076e+03 -2.267585050529999933e+02 1.985162127520000013e+02 -3.432361180259999855e+02
6.500000000000000222e-01 -1.168033191690000058e+04 3.996062943370000085e+03 9.562520502330000454e+03 -2.260836006940000118e+02 1.990638283460000082e+02 -3.439956257640000103e+02
6.500000000000000222e-01 -1.165356962519999979e+04 3.846861437059999844e+03 9.735607721219999803e+03 -2.267711934890000123e+02 1.989837855300000058e+02 -3.448665189899999746e+02
6.500000000000000222e-01 -1.162041626469999937e+04 4.031519072349999988e+03 9.673310121619999336e+03 -2.269414831519999893e+02 1.986467949569999973e+02 -3.449487622309999892e+02
6.500000000000000222e-01 -1.167020096150000063e+04 4.071813808129999870e+03 9.660097214170000370e+03 -2.268459282679999944e+02 1.984458728559999940e+02 -3.446905952430000184e+02
6.500000000000000222e-01 -1.183482317920000060e+04 3.864087027990000024e+03 9.741388365770000746e+03 -2.265967124119999880e+02 1.993328945000000090e+02 -3.432449030089999837e+02
6.500000000000000222e-01 -1.183488473689999955e+04 4.049650347260000217e+03 9.716740123220000896e+03 -2.269136340510000025e+02 1.988386768430000018e+02 -3.443806505950000201e+02
6.500000000000000222e-01 -1.165204353590000028e+04 3.846971112939999784e+03 9.739212057869999626e+03 -2.268954258679999896e+02 1.991760432789999982e+02 -3.439768817799999852e+02
6.500000000000000222e-01 -1.161759107819999917e+04 4.007582019420000051e+03 9.739685437039999670e+03 -2.272421341579999989e+02 1.986857059289999938e+02 -3.436902612079999813e+02
6.500000000000000222e-01 -1.180456883589999961e+04 3.914612906700000167e+03 9.812767829360000178e+03 -2.275061116919999904e+02 1.989330525139999963e+02 -3.441210985810000125e+02
1.190000000000000000e+04 -7.716677525240000250e+03 5.843777408179999838e+03 -1.231468062880000070e+04 -2.591857433700000115e+02 -3.745048966419999914e+01 1.002585833899999983e+02
6.500000000000000222e-01 -7.814843639390000135e+03 5.927178334940000241e+03 -1.228927702549999958e+04 -2.591100343539999926e+02 -3.749536231070000269e+01 9.941082140250000521e+01
6.500000000000000222e-01 -7.780057964450000327e+03 5.821656072400000085e+03 -1.219969472959999985e+04 -2.591749757860000045e+02 -3.774722087890000211e+01 1.001306750300000061e+02
6.500000000000000222e-01 -7.642929221110000071e+03 5.822411150590000034e+03 -1.220136532169999919e+04 -2.592742363820000264e+02 -3.769536826720000278e+01 1.006898607560000016e+02
6.500000000000000222e-01 -7.638708679379999921e+03 5.881997847169999659e+03 -1.241557944180000050e+04 -2.591039633010000216e+02 -3.719601027809999749e+01 1.005430662870000020e+02
6.500000000000000222e-01 -7.619949868489999972e+03 5.909132837209999707e+03 -1.225550332680000065e+04 -2.596170251190000045e+02 -3.784348429359999955e+01 1.008795506440000054e+02
6.500000000000000222e-01 -7.753026738159999695e+03 5.921904360300000008e+03 -1.221520479639999940e+04 -2.588542112110000062e+02 -3.814175781069999971e+01 1.006057668509999985e+02
6.500000000000000222e-01 -7.671937675959999979e+03 5.735878951659999984e+03 -1.236356235740000011e+04 -2.593854945680000128e+02 -3.715433975149999668e+01 1.008781551780000001e+02
6.500000000000000222e-01 -7.758010534689999986e+03 5.727927503359999719e+03 -1.227020944530000088e+04 -2.589961152710000079e+02 -3.700656618589999880e+01 1.008973128119999956e+02
6.500000000000000222e-01 -7.719526627109999936e+03 5.732256283550000262e+03 -1.223246313430000009e+04 -2.586746102999999835e+02 -3.771567584820000008e+01 1.004689542119999999e+02
6.500000000000000222e-01 -7.663501858130000073e+03 5.937888536350000322e+03 -1.224457570090000081e+04 -2.590965142379999975e+02 -3.817236446340000100e+01 1.004290442079999934e+02
6.500000000000000222e-01 -7.590441537710000375e+03 5.836027673659999891e+03 -1.234436175560000083e+04 -2.596282911100000206e+02 -3.746151466570000110e+01 1.000212877369999944e+02
6.500000000000000222e-01 -7.694130583019999904e+03 5.717540260689999741e+03 -1.234539578380000057e+04 -2.591041255800000158e+02 -3.735586099100000013e+01 1.010133854409999969e+02
6.500000000000000222e-01 -7.633944448070000362e+03 5.741926686239999981e+03 -1.233091348660000040e+04 -2.592837239219999788e+02 -3.730281883279999988e+01 1.005662953899999934e+02
6.500000000000000222e-01 -7.711937253340000098e+03 5.755667311209999752e+03 -1.241487644460000047e+04 -2.591182836940000129e+02 -3.763562876609999819e+01 1.005928467049999995e+02
6.500000000000000222e-01 -7.817107240149999598e+03 5.839252935399999842e+03 -1.223127239499999996e+04 -2.589551274560000138e+02 -3.754766799410000289e+01 1.000136686449999956e+02
6.500000000000000222e-01 -7.614097111549999681e+03 5.764480320579999898e+03 -1.233077510710000024e+04 -2.593226290740000195e+02 -3.736939961760000273e+01 1.011460864249999929e+02
6.500000000000000222e-01 -7.661642600629999833e+03 5.808141889470000024e+03 -1.242658031780000056e+04 -2.598106325090000155e+02 -3.692300880140000174e+01 1.001309847060000067e+02
6.500000000000000222e-01 -7.653282064500000160e+03 5.821585976029999983e+03 -1.219602190700000028e+04 -2.586822626219999961e+02 -3.779675288760000029e+01 1.003157954990000036e+02
6.500000000000000222e-01 -7.804529642210000020e+03 5.749814544140000180e+03 -1.233110683649999919e+04 -2.589557329649999815e+02 -3.707766144250000195e+01 1.001100592890000058e+02
6.500000000000000222e-01 -7.771424282850000054e+03 5.947983406770000329e+03 -1.227056792580000001e+04 -2.588660521429999903e+02 -3.792666756180000220e+01 1.000277584739999952e+02
6.500000000000000222e-01 -7.686258586529999775e+03 5.741768422209999699e+03 -1.222614396689999921e+04 -2.589740577260000123e+02 -3.725007740449999716e+01 1.010414959969999984e+02
6.500000000000000222e-01 -7.769400805880000007e+03 5.848090686909999931e+03 -1.244031000769999991e+04 -2.587238910560000136e+02 -3.720520457789999824e+01 9.972501913240000704e+01
6.500000000000000222e-01 -7.798732374860000164e+03 5.875489424899999904e+03 -1.221563692420000007e+04 -2.591959831529999860e+02 -3.746941912820000198e+01 9.996993241879999914e+01
6.500000000000000222e-01 -7.653977872440000283e+03 5.910714591750000181e+03 -1.241104387049999968e+04 -2.597326643970000077e+02 -3.723492901659999887e+01 1.001443689270000021e+02
6.500000000000000222e-01 -7.783163724580000235e+03 5.789265210300000035e+03 -1.241650744230000055e+04 -2.595765708199999722e+02 -3.727118850890000346e+01 1.004422429610000052e+02
6.500000000000000222e-01 -7.735245923810000022e+03 5.772863450980000380e+03 -1.242676539190000040e+04 -2.591060653189999812e+02 -3.752190804669999835e+01 1.003454640220000016e+02
6.500000000000000222e-01 -7.741768029310000202e+03 5.771781267620000108e+03 -1.242162905289999981e+04 -2.595164886960000103e+02 -3.735307385069999953e+01 1.005003459090000035e+02
6.500000000000000222e-01 -7.593611139540000295e+03 5.833461169979999795e+03 -1.235451626509999915e+04 -2.596717360580000218e+02 -3.742425618290000244e+01 1.000200152489999965e+02
6.500000000000000222e-01 -7.696669874150000396e+03 5.797185940180000216e+03 -1.218725533689999975e+04 -2.592337248229999886e+02 -3.705418966959999949e+01 1.008336920029999959e+02
6.500000000000000222e-01 -7.714972137630000361e+03 5.716657781330000034e+03 -1.233622469020000062e+04 -2.592173567629999980e+02 -3.715602309690000027e+01 1.009864951020000063e+02
6.500000000000000222e-01 -7.693057345389999682e+03 5.713775656990000243e+03 -1.230630705019999914e+04 -2.590910162540000101e+02 -3.727948383809999910e+01 1.000137457179999956e+02
6.500000000000000222e-01 -7.657135052370000267e+03 5.804735310650000429e+03 -1.242548009129999991e+04 -2.599010706120000123e+02 -3.691684399020000029e+01 9.991006906830000389e+01
6.500000000000000222e-01 -7.586475147649999599e+03 5.852467343590000382e+03 -1.231093194299999959e+04 -2.594890296290000151e+02 -3.755622430980000104e+01 1.010278600860000040e+02
6.500000000000000222e-01 -7.663541990249999799e+03 5.902071247539999604e+03 -1.242286495289999948e+04 -2.599127708290000101e+02 -3.744859663940000161e+01 9.986455756840000220e+01
6.500000000000000222e-01 -7.719192541979999987e+03 5.716793443509999634e+03 -1.227882082300000002e+04 -2.590611312629999929e+02 -3.707512018949999799e+01 1.011308750089999933e+02
6.500000000000000222e-01 -7.805627323890000298e+03 5.933454538470000443e+03 -1.236835335820000000e+04 -2.593742973540000207e+02 -3.723241647710000279e+01 1.002577927079999967e+02
6.500000000000000222e-01 -7.709233612400000311e+03 5.879959478019999551e+03 -1.218572940930000004e+04 -2.591394147589999761e+02 -3.834624244369999957e+01 1.005886524600000058e+02
6.500000000000000222e-01 -7.657794583799999600e+03 5.833637660850000429e+03 -1.243384157570000025e+04 -2.590526528139999982e+02 -3.734764647690000317e+01 1.004018970310000043e+02
6.500000000000000222e-01 -7.726405831170000056e+03 5.839263962019999781e+03 -1.217967677519999961e+04 -2.583776790000000005e+02 -3.759937248149999789e+01 1.005129809630000040e+02
6.500000000000000222e-01 -7.767433297919999859e+03 5.823500259260000348e+03 -1.219185012920000008e+04 -2.594052694549999956e+02 -3.779439731579999773e+01 1.001689343540000010e+02
