3.450000000000000000e+05 2.976343772870000066e+03 -4.783338494569999966e+03 -7.189742516510000314e+03 -1.256944540530000012e+02 3.977823061489999645e+01 -2.500774907699999972e+01
6.500000000000000222e-01 2.888434439919999932e+03 -4.692174412579999625e+03 -6.923861803120000332e+03 -1.261548298280000040e+02 4.067826251580000019e+01 -2.373999443840000012e+01
6.500000000000000222e-01 2.804513730170000144e+03 -4.903450553130000117e+03 -7.372125858929999595e+03 -1.248545243869999979e+02 3.973065722909999664e+01 -2.435551568580000037e+01
6.500000000000000222e-01 3.164704259130000082e+03 -4.708023554370000056e+03 -7.003427805280000030e+03 -1.263569286089999935e+02 4.028656891419999653e+01 -2.638272665659999916e+01
6.500000000000000222e-01 2.960872845119999965e+03 -4.906054832249999890e+03 -7.459230772679999973e+03 -1.246328632999999968e+02 3.658715730059999771e+01 -2.530845011599999950e+01
6.500000000000000222e-01 3.088192811429999892e+03 -4.982833354620000136e+03 -7.355899265340000056e+03 -1.256745539300000019e+02 3.981873385429999956e+01 -2.607272432019999897e+01
6.500000000000000222e-01 3.069890953080000145e+03 -4.571392284980000113e+03 -7.330726071039999624e+03 -1.267808836039999960e+02 3.707587771949999933e+01 -2.651095307530000156e+01
6.500000000000000222e-01 2.760205435289999969e+03 -4.681202151129999947e+03 -7.322943041649999941e+03 -1.236673530650000004e+02 3.911178482279999713e+01 -2.524851167350000125e+01
6.500000000000000222e-01 3.137010184719999870e+03 -4.616667083549999916e+03 -7.330567437079999763e+03 -1.264467078429999987e+02 3.680704183790000172e+01 -2.634087203680000044e+01
6.500000000000000222e-01 2.754734640419999778e+03 -4.705638734099999965e+03 -7.003401848129999962e+03 -1.252382010660000020e+02 4.125896262100000200e+01 -2.268678129130000087e+01
6.500000000000000222e-01 2.714484859279999910e+03 -4.797398174949999884e+03 -7.091361876220000340e+03 -1.239483312899999987e+02 4.105851469849999802e+01 -2.165086325640000098e+01
6.500000000000000222e-01 2.803960973430000195e+03 -4.926561156759999903e+03 -7.353731099689999610e+03 -1.249593979120000000e+02 3.926120898799999992e+01 -2.378308070909999827e+01
6.500000000000000222e-01 3.045583594610000091e+03 -4.797293215360000431e+03 -6.921261444409999967e+03 -1.282639953700000035e+02 4.164304681130000318e+01 -2.480820460220000001e+01
6.500000000000000222e-01 2.915627210850000210e+03 -4.634509999339999922e+03 -7.421871527610000157e+03 -1.254463217699999973e+02 3.820490153499999764e+01 -2.487021541900000088e+01
6.500000000000000222e-01 2.843334621150000203e+03 -4.734014682400000311e+03 -7.423827832119999584e+03 -1.223843367569999998e+02 3.801650059640000023e+01 -2.590921879520000104e+01
6.500000000000000222e-01 3.117359360859999924e+03 -4.738592273319999549e+03 -6.959401497750000090e+03 -1.278505353359999930e+02 4.074148568959999750e+01 -2.517872436000000036e+01
6.500000000000000222e-01 2.862460916170000019e+03 -4.992908265549999669e+03 -7.338331477230000019e+03 -1.233330646720000061e+02 4.097143123299999701e+01 -2.800132022929999920e+01
6.500000000000000222e-01 2.760588107810000110e+03 -4.855548931700000139e+03 -7.337904531369999859e+03 -1.248522854889999962e+02 3.924702267589999849e+01 -2.301816015329999843e+01
6.500000000000000222e-01 2.976572866789999807e+03 -4.866603477710000334e+03 -6.928402323559999786e+03 -1.274128540610000044e+02 4.384448574759999673e+01 -2.443163643209999947e+01
6.500000000000000222e-01 2.876225119910000103e+03 -4.843879141999999774e+03 -6.928453353330000027e+03 -1.242948551000000066e+02 4.251121533260000263e+01 -2.347517402560000122e+01
6.500000000000000222e-01 3.028213281350000216e+03 -4.714413208879999729e+03 -7.456631620010000006e+03 -1.246458412390000063e+02 3.620221099119999764e+01 -2.559799530060000095e+01
6.500000000000000222e-01 2.776918659500000103e+03 -4.613128084089999902e+03 -7.290731275219999588e+03 -1.253751342740000041e+02 3.972578513220000218e+01 -2.245848604820000105e+01
6.500000000000000222e-01 2.831203202489999967e+03 -4.601466403110000101e+03 -7.334201422009999987e+03 -1.243083940620000050e+02 3.797235362029999806e+01 -2.549509244449999912e+01
6.500000000000000222e-01 3.083706287940000038e+03 -4.618028943020000042e+03 -6.985872126100000060e+03 -1.289047993599999984e+02 3.914176355130000218e+01 -2.267482446809999885e+01
6.500000000000000222e-01 3.194015080080000189e+03 -4.801798837549999917e+03 -7.032863048170000184e+03 -1.279445270949999980e+02 4.005208120369999847e+01 -2.530651484470000057e+01
6.500000000000000222e-01 3.187916175910000220e+03 -4.773789113939999879e+03 -7.024081713270000364e+03 -1.273083406810000042e+02 4.008019484420000111e+01 -2.615575819940000102e+01
6.500000000000000222e-01 2.955628831120000086e+03 -4.994257040810000035e+03 -7.014706219450000390e+03 -1.250332320549999991e+02 4.239901186769999697e+01 -2.420973037930000160e+01
6.500000000000000222e-01 2.848488071279999986e+03 -4.628130840679999892e+03 -7.384635844559999896e+03 -1.258533851629999987e+02 3.981566874330000161e+01 -2.308228126119999857e+01
6.500000000000000222e-01 2.789094365099999777e+03 -4.968980409210000289e+03 -7.256059453429999849e+03 -1.244504070219999932e+02 4.033474828279999969e+01 -2.340913889489999988e+01
6.500000000000000222e-01 2.868225618850000046e+03 -4.536878290869999546e+03 -7.279953958750000311e+03 -1.259706941350000022e+02 3.897628682140000222e+01 -2.361478947239999826e+01
6.500000000000000222e-01 2.843817470810000032e+03 -4.926907136169999831e+03 -6.992015134350000153e+03 -1.264776008200000064e+02 4.047902833479999885e+01 -2.636414658200000005e+01
6.500000000000000222e-01 3.156753910490000180e+03 -4.623163067759999649e+03 -7.064052918160000445e+03 -1.272262942969999955e+02 3.853933366649999925e+01 -2.456711801990000055e+01
6.500000000000000222e-01 2.742457493689999865e+03 -4.865775268110000070e+03 -7.060708458549999705e+03 -1.258605361789999932e+02 4.112097088069999984e+01 -2.619257070249999941e+01
6.500000000000000222e-01 2.706147857030000068e+03 -4.817452880670000013e+03 -7.185965015959999619e+03 -1.242082462160000063e+02 4.052795877980000228e+01 -2.183212667440000132e+01
6.500000000000000222e-01 3.035849127800000133e+03 -4.745209065869999904e+03 -7.469035518009999578e+03 -1.264741117650000035e+02 3.736330777999999952e+01 -2.602671314570000050e+01
6.500000000000000222e-01 2.862746376799999780e+03 -4.528024696280000171e+03 -7.136659446310000021e+03 -1.258225778649999995e+02 3.899783131400000258e+01 -2.106079158789999894e+01
6.500000000000000222e-01 2.966266588689999935e+03 -4.508382671440000195e+03 -7.227365766459999577e+03 -1.266106878020000011e+02 3.866365246760000218e+01 -2.343773854240000176e+01
6.500000000000000222e-01 3.016556760360000226e+03 -4.673205883229999927e+03 -7.433697755999999572e+03 -1.242332676569999990e+02 3.631458337819999826e+01 -2.513711739680000079e+01
6.500000000000000222e-01 3.044416271369999777e+03 -4.677094386269999632e+03 -6.932492274219999672e+03 -1.271612311779999942e+02 3.910392224809999817e+01 -2.384112124190000159e+01
6.500000000000000222e-01 2.842585732569999891e+03 -4.887361285979999593e+03 -6.968366376789999777e+03 -1.259554335060000057e+02 4.314893124710000194e+01 -2.428734085960000044e+01
6.500000000000000222e-01 3.044163219189999836e+03 -4.596106536360000064e+03 -6.980744115649999912e+03 -1.266440739610000037e+02 4.137244710089999700e+01 -2.531691114479999882e+01
4.560000000000000000e+04 7.905509773230000064e+03 2.114811635690000003e+03 1.904722807829999874e+04 2.010744129949999888e+02 -6.191185457960000349e+01 1.927950176600000134e+02
6.500000000000000222e-01 7.958683605760000319e+03 1.988913242459999992e+03 1.920727639560000171e+04 2.016599134370000002e+02 -6.230243735999999899e+01 1.927269930020000004e+02
6.500000000000000222e-01 8.031406263990000298e+03 2.215458816769999885e+03 1.892402766260000135e+04 2.005089703490000090e+02 -6.258282755569999978e+01 1.921145002590000104e+02
6.500000000000000222e-01 7.960243336569999883e+03 1.998438671619999923e+03 1.920778739610000048e+04 2.008484207269999899e+02 -6.097515079050000253e+01 1.936475057179999908e+02
6.500000000000000222e-01 7.705655398279999645e+03 2.101115654209999775e+03 1.901396484129999953e+04 2.013391274290000013e+02 -6.192134545860000117e+01 1.927114239370000064e+02
6.500000000000000222e-01 8.047030822470000203e+03 2.249725667990000147e+03 1.899590791389999868e+04 2.009416760230000136e+02 -6.190408601539999722e+01 1.938054160789999969e+02
6.500000000000000222e-01 7.816564039019999655e+03 2.295043802799999867e+03 1.905041119859999890e+04 2.012863726029999896e+02 -6.230099895880000105e+01 1.925101327040000001e+02
6.500000000000000222e-01 7.873776848350000364e+03 2.154229532899999867e+03 1.924779864989999987e+04 2.019880835390000016e+02 -6.264877532890000111e+01 1.933118055959999992e+02
6.500000000000000222e-01 7.903588115849999667e+03 2.316458275169999979e+03 1.904195306590000109e+04 2.011111948010000106e+02 -6.231758751019999920e+01 1.925783001030000037e+02
6.500000000000000222e-01 7.886426639240000441e+03 2.180544467390000136e+03 1.885074049799999921e+04 2.008521656400000097e+02 -6.261460843049999880e+01 1.923045806510000091e+02
6.500000000000000222e-01 7.817025517600000057e+03 2.112530056090000016e+03 1.885921365099999821e+04 2.011805947299999957e+02 -6.199859282690000128e+01 1.924095366420000062e+02
6.500000000000000222e-01 8.050396656300000359e+03 2.020980184519999966e+03 1.894852727850000156e+04 2.007810002489999874e+02 -6.173265003329999701e+01 1.933040836039999988e+02
6.500000000000000222e-01 7.859726309030000266e+03 2.118964951750000182e+03 1.924833454500000153e+04 2.013906312379999974e+02 -6.182402879100000348e+01 1.929839548630000081e+02
6.500000000000000222e-01 7.831780059349999647e+03 1.957718102399999907e+03 1.915541682120000041e+04 2.016963890339999921e+02 -6.192045522320000117e+01 1.928326409370000079e+02
6.500000000000000222e-01 7.881502322930000446e+03 1.921620808059999945e+03 1.898096893519999867e+04 2.012325637909999898e+02 -6.156960308850000274e+01 1.919787015670000017e+02
6.500000000000000222e-01 7.771822961820000273e+03 1.965255147889999989e+03 1.907371787620000032e+04 2.013695471460000022e+02 -6.160980338440000281e+01 1.934332447570000113e+02
6.500000000000000222e-01 7.997977096110000275e+03 1.955019868459999998e+03 1.897888949009999851e+04 2.006250919800000077e+02 -6.146537645859999799e+01 1.930986833389999902e+02
6.500000000000000222e-01 8.100115211899999849e+03 2.165187534260000120e+03 1.907989436879999994e+04 2.009110008149999942e+02 -6.198509089040000219e+01 1.926382739850000121e+02
6.500000000000000222e-01 8.106552038290000382e+03 2.136132365320000190e+03 1.905644983119999961e+04 2.007424517050000077e+02 -6.191774469669999803e+01 1.931685735730000033e+02
6.500000000000000222e-01 7.818360654559999602e+03 1.990225976709999941e+03 1.890648138299999846e+04 2.015641497819999870e+02 -6.191699726529999737e+01 1.922173836020000124e+02
6.500000000000000222e-01 7.836023478289999730e+03 2.177137920610000037e+03 1.923297638540000116e+04 2.016044735749999859e+02 -6.211869848330000110e+01 1.932641259439999999e+02
6.500000000000000222e-01 7.825983769679999568e+03 2.233779991360000167e+03 1.889587623420000091e+04 2.005069777859999931e+02 -6.147001561289999927e+01 1.931444511050000017e+02
6.500000000000000222e-01 8.032391970100000435e+03 1.990477872140000045e+03 1.893996860359999846e+04 2.007962707419999902e+02 -6.176198245930000041e+01 1.922989935729999900e+02
6.500000000000000222e-01 7.988208275539999704e+03 1.930810855850000053e+03 1.905443234949999896e+04 2.009496189209999955e+02 -6.160813091920000062e+01 1.918632626899999991e+02
6.500000000000000222e-01 7.906284804629999599e+03 2.245998390669999935e+03 1.888655098559999897e+04 2.006701006590000134e+02 -6.132014280380000315e+01 1.931243389669999999e+02
6.500000000000000222e-01 8.067639468280000074e+03 1.997992367659999900e+03 1.909512249929999962e+04 2.010805764700000111e+02 -6.184465458159999685e+01 1.924697365160000118e+02
6.500000000000000222e-01 7.807710438269999941e+03 2.253466916599999877e+03 1.915203841599999942e+04 2.017691603940000107e+02 -6.264248493830000086e+01 1.935622208780000051e+02
6.500000000000000222e-01 8.033950970459999553e+03 2.006630430070000102e+03 1.915555374719999963e+04 2.009898555089999945e+02 -6.162281080759999696e+01 1.924949284159999934e+02
6.500000000000000222e-01 8.038053643960000045e+03 2.196044385659999989e+03 1.891792351019999842e+04 2.010379059690000076e+02 -6.169402683869999748e+01 1.933985965550000117e+02
6.500000000000000222e-01 7.862525391520000085e+03 2.083351586629999929e+03 1.884577535210000133e+04 2.002466225530000088e+02 -6.236618177740000135e+01 1.926627173130000017e+02
6.500000000000000222e-01 7.882935495460000311e+03 2.083870420839999952e+03 1.884296554509999987e+04 2.005208675830000118e+02 -6.229446979299999754e+01 1.926033422559999906e+02
6.500000000000000222e-01 7.723327724959999614e+03 2.059058211760000177e+03 1.911646918670000014e+04 2.011557817270000044e+02 -6.177396256549999976e+01 1.921462184680000007e+02
6.500000000000000222e-01 7.929891753679999965e+03 2.301060118970000076e+03 1.913738960249999946e+04 2.007737808830000006e+02 -6.188592701839999677e+01 1.930792497710000077e+02
6.500000000000000222e-01 7.829092744460000176e+03 2.270570091930000217e+03 1.914120494029999827e+04 2.015037799559999883e+02 -6.223537625819999874e+01 1.923935469140000123e+02
6.500000000000000222e-01 8.018904657240000233e+03 1.957663463229999934e+03 1.909907458119999865e+04 2.009874018019999937e+02 -6.168882158819999972e+01 1.920657224470000131e+02
6.500000000000000222e-01 8.069280091980000179e+03 2.220374316120000003e+03 1.899283352640000157e+04 2.008776554830000123e+02 -6.227394802220000258e+01 1.928673574929999859e+02
6.500000000000000222e-01 7.907120585599999686e+03 2.195768970910000007e+03 1.923955308080000032e+04 2.011205206219999866e+02 -6.105505472149999946e+01 1.927983894120000059e+02
6.500000000000000222e-01 8.054435004390000358e+03 1.996218179449999980e+03 1.910667409599999883e+04 2.006575251909999906e+02 -6.143225080359999879e+01 1.932236075939999864e+02
6.500000000000000222e-01 7.703558691119999821e+03 2.111315602600000148e+03 1.906158820629999900e+04 2.012895456960000047e+02 -6.192634137560000340e+01 1.916476348840000128e+02
6.500000000000000222e-01 7.962218087229999583e+03 2.292555872840000120e+03 1.913796203139999852e+04 2.007648673120000069e+02 -6.176015785389999735e+01 1.928711822539999901e+02
6.500000000000000222e-01 8.094681056680000438e+03 2.145009792750000088e+03 1.911607942869999897e+04 2.006665966079999919e+02 -6.189465302170000172e+01 1.934925778429999923e+02
1.390000000000000000e+04 -1.125434618389999923e+04 3.530444413470000200e+03 1.041524864909999997e+04 -2.303665392700000041e+02 2.000785940000000096e+02 -3.405139215099999888e+02
6.500000000000000222e-01 -1.120949677949999932e+04 3.512925903370000015e+03 1.054901265120000062e+04 -2.312088700710000069e+02 2.003986935370000140e+02 -3.403000695650000011e+02
6.500000000000000222e-01 -1.128323070109999935e+04 3.562784164700000019e+03 1.027845341139999982e+04 -2.304915300540000089e+02 2.004154201640000110e+02 -3.403967748250000227e+02
6.500000000000000222e-01 -1.129326538679999976e+04 3.548313752260000001e+03 1.055413141349999933e+04 -2.300616564359999927e+02 1.998242641390000074e+02 -3.400955763480000087e+02
6.500000000000000222e-01 -1.117945793790000062e+04 3.432842062090000127e+03 1.034733247330000086e+04 -2.305312527149999937e+02 2.005633756130000052e+02 -3.412052035240000123e+02
6.500000000000000222e-01 -1.117663170800000080e+04 3.426205660759999773e+03 1.036575813969999945e+04 -2.303981185170000003e+02 2.003575554370000020e+02 -3.404699175100000161e+02
6.500000000000000222e-01 -1.132541844640000090e+04 3.507300732239999888e+03 1.054019885919999979e+04 -2.308151983440000095e+02 2.002367199230000097e+02 -3.403977576689999864e+02
6.500000000000000222e-01 -1.132114702779999971e+04 3.496160491590000220e+03 1.029555552650000027e+04 -2.295872225249999872e+02 2.002166914940000026e+02 -3.407452422920000004e+02
6.500000000000000222e-01 -1.116207859250000001e+04 3.524371764479999911e+03 1.030270047759999943e+04 -2.306970542939999973e+02 2.000414942939999889e+02 -3.412422460120000096e+02
6.500000000000000222e-01 -1.116800136179999936e+04 3.446627737469999829e+03 1.048001273980000042e+04 -2.306845898990000023e+02 2.003996467149999887e+02 -3.408737195560000259e+02
6.500000000000000222e-01 -1.129582537650000086e+04 3.405140913849999833e+03 1.037236049710000043e+04 -2.303401668440000094e+02 2.005984890539999981e+02 -3.406766017460000171e+02
6.500000000000000222e-01 -1.122027364739999939e+04 3.435733105220000198e+03 1.050932893329999933e+04 -2.308856883670000002e+02 2.008195761640000114e+02 -3.402300656300000128e+02
6.500000000000000222e-01 -1.113303581819999999e+04 3.457428377130000172e+03 1.040586847529999977e+04 -2.304558573360000082e+02 2.002117642499999874e+02 -3.414505972939999765e+02
6.500000000000000222e-01 -1.121691646129999936e+04 3.404656891139999971e+03 1.045454419659999985e+04 -2.306076113889999988e+02 2.005141441320000126e+02 -3.408040698500000190e+02
6.500000000000000222e-01 -1.122537903340000048e+04 3.438219763500000226e+03 1.052354098680000061e+04 -2.302647220119999929e+02 1.998218995279999888e+02 -3.407424434819999988e+02
6.500000000000000222e-01 -1.130752653040000041e+04 3.584270465980000154e+03 1.029386748479999915e+04 -2.298453243159999886e+02 1.996816648330000135e+02 -3.407852905739999869e+02
6.500000000000000222e-01 -1.111730644899999970e+04 3.561393739550000191e+03 1.039308589530000063e+04 -2.305371974139999907e+02 1.999411802539999883e+02 -3.414243267979999814e+02
6.500000000000000222e-01 -1.128663757839999926e+04 3.663410165719999895e+03 1.045246605920000002e+04 -2.304392848219999905e+02 1.996833605410000132e+02 -3.397413962059999903e+02
6.500000000000000222e-01 -1.114735127939999984e+04 3.557335228060000190e+03 1.050147022040000047e+04 -2.304770139759999950e+02 2.001373099260000004e+02 -3.409778957220000279e+02
6.500000000000000222e-01 -1.115566114589999961e+04 3.630264038060000075e+03 1.042168699980000019e+04 -2.305039257439999858e+02 1.997768584229999931e+02 -3.405927050930000064e+02
6.500000000000000222e-01 -1.122765657009999995e+04 3.662411042029999862e+03 1.045936230240000077e+04 -2.306316127819999906e+02 1.997039676009999880e+02 -3.399474603610000258e+02
6.500000000000000222e-01 -1.111998397389999991e+04 3.575036021089999849e+03 1.041208783749999930e+04 -2.304933637530000112e+02 1.999331227190000106e+02 -3.414000467000000185e+02
6.500000000000000222e-01 -1.133473473670000021e+04 3.439687861160000011e+03 1.049075896210000064e+04 -2.302408771020000131e+02 2.006132952129999865e+02 -3.397636896239999942e+02
6.500000000000000222e-01 -1.138593295170000056e+04 3.516682818790000056e+03 1.036905582259999937e+04 -2.301622854320000044e+02 2.001069185249999975e+02 -3.401041011550000235e+02
6.500000000000000222e-01 -1.127225042639999992e+04 3.668968871919999856e+03 1.040754714539999986e+04 -2.303400000169999942e+02 1.997689165520000074e+02 -3.398574635310000076e+02
6.500000000000000222e-01 -1.120786161320000065e+04 3.537839792889999899e+03 1.054985801820000052e+04 -2.309767833820000078e+02 2.000216328850000025e+02 -3.403937949040000035e+02
6.500000000000000222e-01 -1.130196983449999971e+04 3.401172776989999875e+03 1.039425669070000004e+04 -2.303403993549999882e+02 2.004525383689999956e+02 -3.401906871130000241e+02
6.500000000000000222e-01 -1.118926787359999980e+04 3.628231242500000008e+03 1.033376205839999966e+04 -2.305507037449999928e+02 1.995892430140000045e+02 -3.411975098159999789e+02
6.500000000000000222e-01 -1.128151068400000077e+04 3.397353791999999885e+03 1.045967974409999988e+04 -2.302098313529999984e+02 2.002054331559999980e+02 -3.405919616959999985e+02
6.500000000000000222e-01 -1.113168648220000068e+04 3.494989920030000121e+03 1.047307144770000014e+04 -2.303672898910000129e+02 2.000973731240000006e+02 -3.412758071249999716e+02
6.500000000000000222e-01 -1.136162103439999919e+04 3.442236973219999982e+03 1.039370733130000008e+04 -2.302443026470000120e+02 2.003891254039999978e+02 -3.403305590310000071e+02
6.500000000000000222e-01 -1.132761418310000045e+04 3.621372513769999841e+03 1.049995527179999954e+04 -2.302996821549999993e+02 1.996696895260000133e+02 -3.397114866489999940e+02
6.500000000000000222e-01 -1.120061939759999950e+04 3.574643203420000191e+03 1.028804342910000014e+04 -2.296940850699999999e+02 2.002381217809999896e+02 -3.404304174889999786e+02
6.500000000000000222e-01 -1.117241704390000086e+04 3.425653478480000103e+03 1.046290182330000061e+04 -2.303396462069999870e+02 2.000942469189999997e+02 -3.412737731899999858e+02
6.500000000000000222e-01 -1.113890988090000064e+04 3.610981629129999874e+03 1.040080827030000000e+04 -2.305090390569999954e+02 1.998278203559999895e+02 -3.413652718530000243e+02
6.500000000000000222e-01 -1.118890581349999957e+04 3.651699550190000082e+03 1.038707024140000067e+04 -2.304153341699999942e+02 1.996362398619999965e+02 -3.411278722629999720e+02
6.500000000000000222e-01 -1.135406995380000080e+04 3.442161673220000011e+03 1.046530547040000056e+04 -2.301683178110000085e+02 2.004299800070000117e+02 -3.397114959599999793e+02
6.500000000000000222e-01 -1.135347677130000011e+04 3.628738055629999963e+03 1.044307842920000076e+04 -2.304732520029999989e+02 1.999979576730000019e+02 -3.408666477890000124e+02
6.500000000000000222e-01 -1.117063211190000038e+04 3.425356658180000068e+03 1.046463099800000055e+04 -2.304625055079999925e+02 2.002864548869999908e+02 -3.403824107170000275e+02
6.500000000000000222e-01 -1.113546440690000054e+04 3.586974104039999929e+03 1.046451489389999915e+04 -2.307910638740000024e+02 1.998524078540000062e+02 -3.401013898329999847e+02
6.500000000000000222e-01 -1.132190959789999943e+04 3.493529836119999800e+03 1.053851649519999955e+04 -2.310479981269999996e+02 2.000427235489999873e+02 -3.405814679599999977e+02
3.690000000000000000e+05 6.876289394460000040e+02 6.779959345620000022e+02 -4.877709556570000018e+02 -2.281788960259999897e+02 -5.258007287369999716e+01 1.375149786229999904e+02
6.500000000000000222e-01 5.725646399019999535e+02 6.894909617680000338e+02 -4.472150994849999961e+02 -2.259814289480000014e+02 -6.455610530420000259e+01 1.414556689179999864e+02
6.500000000000000222e-01 5.058806963260000202e+02 6.067050180720000299e+02 -3.330601220240000089e+02 -2.402578370299999904e+02 -6.193411432180000276e+01 1.454151964899999996e+02
6.500000000000000222e-01 6.909974988980000035e+02 6.622963762670000278e+02 -4.227922366060000172e+02 -2.385892303070000082e+02 -5.248540070359999987e+01 1.310242787560000011e+02
6.500000000000000222e-01 8.849763799610000206e+02 7.574313940739999680e+02 -6.433000197559999833e+02 -2.163713822960000073e+02 -4.544961577899999838e+01 1.263689393549999949e+02
6.500000000000000222e-01 7.662629456460000483e+02 7.201287731019999683e+02 -4.783844523230000050e+02 -2.325935669220000079e+02 -5.611873346330000345e+01 1.286601437690000012e+02
6.500000000000000222e-01 6.049487969849999445e+02 6.569379028790000348e+02 -3.530015481969999769e+02 -2.343572412210000095e+02 -6.698495458669999891e+01 1.402403527749999910e+02
6.500000000000000222e-01 7.386132748060000495e+02 6.486953793200000291e+02 -5.204346847860000480e+02 -2.295811267889999954e+02 -4.013008608089999996e+01 1.390988861159999885e+02
6.500000000000000222e-01 5.706719101480000518e+02 6.099716042759999937e+02 -3.557668131880000146e+02 -2.376209464579999917e+02 -4.917084468160000199e+01 1.486005462530000045e+02
6.500000000000000222e-01 6.174083119540000553e+02 5.852928545639999811e+02 -3.858403232950000188e+02 -2.383722072239999932e+02 -4.904244680229999886e+01 1.420134913070000096e+02
6.500000000000000222e-01 7.393664067189999969e+02 7.039359743280000430e+02 -4.689626653400000009e+02 -2.309506369830000096e+02 -6.119240056209999779e+01 1.292205022429999985e+02
6.500000000000000222e-01 8.582628730100000212e+02 7.200726492850000113e+02 -6.392296330020000141e+02 -2.241679905469999881e+02 -4.351233955080000015e+01 1.218389447819999987e+02
6.500000000000000222e-01 7.060445187310000392e+02 6.170756045389999827e+02 -4.738193502380000268e+02 -2.313283342919999939e+02 -4.105026676429999810e+01 1.423829701310000075e+02
6.500000000000000222e-01 7.778521663159999662e+02 6.524688672319999796e+02 -5.445580017700000326e+02 -2.298376236649999953e+02 -4.004863845399999889e+01 1.326174683780000123e+02
6.500000000000000222e-01 7.454220436629999540e+02 6.261729095370000095e+02 -5.592224891360000356e+02 -2.235992394380000121e+02 -4.271272932419999790e+01 1.407409213560000012e+02
6.500000000000000222e-01 4.982257782369999859e+02 6.192091776339999569e+02 -3.375804929999999899e+02 -2.362424151170000073e+02 -6.328432526889999821e+01 1.481070676550000087e+02
6.500000000000000222e-01 8.057295872060000193e+02 6.658054736950000461e+02 -5.232820468510000183e+02 -2.301280167959999972e+02 -4.162683309650000041e+01 1.328172219820000066e+02
6.500000000000000222e-01 8.002325500939999756e+02 7.175224303869999858e+02 -6.535453187529999468e+02 -2.204416678300000001e+02 -4.120461303599999781e+01 1.300485068719999902e+02
6.500000000000000222e-01 7.099293209060000436e+02 6.556952567969999564e+02 -4.381139672880000262e+02 -2.363303663990000132e+02 -5.200142369299999956e+01 1.291963265980000131e+02
6.500000000000000222e-01 5.678450369790000423e+02 6.143363754240000389e+02 -4.267370709759999841e+02 -2.301905343059999893e+02 -4.961441413619999707e+01 1.495942857629999878e+02
6.500000000000000222e-01 6.353259783590000325e+02 6.878143147709999994e+02 -4.303778500700000222e+02 -2.267607017880000058e+02 -6.605859602580000001e+01 1.382195350549999944e+02
6.500000000000000222e-01 6.423064858330000106e+02 6.252271941139999853e+02 -3.739321367869999904e+02 -2.395699619860000098e+02 -4.779795641639999815e+01 1.401294787859999929e+02
6.500000000000000222e-01 7.430072318080000286e+02 6.972986649849999594e+02 -6.087915278579999949e+02 -2.149493848330000105e+02 -4.830833175480000108e+01 1.376861750099999995e+02
6.500000000000000222e-01 5.111329971929999942e+02 6.502217107080000460e+02 -3.491846608750000200e+02 -2.360687504900000135e+02 -6.505257072050000033e+01 1.444658461129999978e+02
6.500000000000000222e-01 8.323502706980000312e+02 7.692291417400000455e+02 -6.530882569090000516e+02 -2.179685453330000087e+02 -4.845939991830000082e+01 1.262770243260000029e+02
6.500000000000000222e-01 6.359267172600000322e+02 6.443691826350000156e+02 -5.094684910149999837e+02 -2.237120732680000117e+02 -4.820970626089999911e+01 1.482598215040000014e+02
6.500000000000000222e-01 7.299749370450000470e+02 6.386103312200000346e+02 -5.699971300600000177e+02 -2.216140669389999971e+02 -4.399357499069999733e+01 1.413460455800000091e+02
6.500000000000000222e-01 6.920845583059999626e+02 6.438419136259999505e+02 -5.451127833369999962e+02 -2.239006804210000041e+02 -4.446951502089999764e+01 1.443135902040000076e+02
6.500000000000000222e-01 8.579051405500000556e+02 7.204119243520000282e+02 -6.465290140179999980e+02 -2.236250960360000022e+02 -4.307553365009999879e+01 1.221500364810000008e+02
6.500000000000000222e-01 6.021038056920000372e+02 6.602141643630000090e+02 -3.532797219000000268e+02 -2.409000847979999946e+02 -5.377762126180000024e+01 1.382402475540000069e+02
6.500000000000000222e-01 6.647086470430000418e+02 6.207785790880000150e+02 -4.486907509499999946e+02 -2.323192035790000034e+02 -4.216623568060000338e+01 1.445936789989999909e+02
6.500000000000000222e-01 6.850433140210000147e+02 6.208435382430000118e+02 -5.055559750649999842e+02 -2.318817344670000011e+02 -4.044666286300000024e+01 1.375179877790000091e+02
6.500000000000000222e-01 8.009368014890000040e+02 7.176963211209999827e+02 -6.713533582520000209e+02 -2.203584022290000064e+02 -4.054684465959999784e+01 1.283942856209999945e+02
6.500000000000000222e-01 8.459210909849999780e+02 7.188375676220000514e+02 -5.421478149399999893e+02 -2.282593631290000076e+02 -4.715460887329999906e+01 1.268878742969999962e+02
6.500000000000000222e-01 8.151967847180000035e+02 7.498892039539999814e+02 -6.740397135929999877e+02 -2.178981214910000119e+02 -4.849783193969999928e+01 1.264257932919999945e+02
6.500000000000000222e-01 6.234058791510000219e+02 6.145821773970000095e+02 -3.821228273799999897e+02 -2.371829307309999990e+02 -4.565379268769999754e+01 1.455586746140000116e+02
6.500000000000000222e-01 6.266504610609999872e+02 7.192807008580000456e+02 -4.748826321839999878e+02 -2.213835999789999960e+02 -6.173214189680000175e+01 1.440942581669999925e+02
6.500000000000000222e-01 6.125292301389999921e+02 6.326534679390000520e+02 -3.617499276770000165e+02 -2.389580470880000007e+02 -6.332344648809999654e+01 1.372704073900000026e+02
6.500000000000000222e-01 8.616782348799999909e+02 7.123175230809999903e+02 -6.505715573050000557e+02 -2.166733801930000141e+02 -4.313776832029999753e+01 1.291042683050000051e+02
6.500000000000000222e-01 6.197793007599999555e+02 6.460282173010000406e+02 -3.495902820389999874e+02 -2.371625272349999989e+02 -5.870823597340000077e+01 1.375241674129999865e+02
6.500000000000000222e-01 5.042607380470000180e+02 6.081829969279999659e+02 -3.345993425629999933e+02 -2.415619292819999941e+02 -6.205296731010000144e+01 1.445162405359999980e+02
