3.450000000000000000e+05 1.224007289729999911e+03 -4.073667977900000096e+03 -7.171656833789999837e+03 -1.387088332120000018e+02 6.716323758519999387e+01 2.741488837369999843e+01
6.500000000000000222e-01 1.127582422389999920e+03 -3.962530267889999777e+03 -6.877723529349999808e+03 -1.394129645259999961e+02 6.927682895319999545e+01 3.050282602060000059e+01
6.500000000000000222e-01 1.074364350340000101e+03 -4.195668219809999755e+03 -7.350242260699999861e+03 -1.362642682400000069e+02 6.691054339049999555e+01 2.724629577889999865e+01
6.500000000000000222e-01 1.391612093100000038e+03 -3.989519504219999817e+03 -7.000717760040000030e+03 -1.411299699040000064e+02 6.800436418629999480e+01 2.655950617979999961e+01
6.500000000000000222e-01 1.228945206610000014e+03 -4.243856714030000148e+03 -7.455237977280000450e+03 -1.367944905090000134e+02 6.316677552369999660e+01 2.544128403039999853e+01
6.500000000000000222e-01 1.336778510480000023e+03 -4.274291313929999887e+03 -7.364042027880000205e+03 -1.386972932879999973e+02 6.697068006189999778e+01 2.447618115059999866e+01
6.500000000000000222e-01 1.300314117630000055e+03 -3.909025507180000204e+03 -7.330220680149999680e+03 -1.402315018179999981e+02 6.269900188799999796e+01 2.618763514790000002e+01
6.500000000000000222e-01 1.044676551000000018e+03 -3.985802572569999938e+03 -7.303574770100000023e+03 -1.351591380430000129e+02 6.561094131170000310e+01 2.771902174119999884e+01
6.500000000000000222e-01 1.369473452949999910e+03 -3.957067034279999916e+03 -7.330652338359999703e+03 -1.402812344769999982e+02 6.257035412679999808e+01 2.594900903910000167e+01
6.500000000000000222e-01 1.012901852039999994e+03 -3.969501886909999939e+03 -6.943121884569999565e+03 -1.374798672150000129e+02 6.966202150680000216e+01 3.153856869519999861e+01
6.500000000000000222e-01 9.938708856870000545e+02 -4.064164984349999941e+03 -7.022434590480000224e+03 -1.356140992910000023e+02 6.942961714640000537e+01 3.177547190570000168e+01
6.500000000000000222e-01 1.072364075629999888e+03 -4.223567231789999823e+03 -7.324746795830000337e+03 -1.363778534610000008e+02 6.666368881830000248e+01 2.775984650470000048e+01
6.500000000000000222e-01 1.251973831470000050e+03 -4.053966279509999822e+03 -6.896400097650000134e+03 -1.422930561839999939e+02 7.041124824800000681e+01 2.839915431509999877e+01
6.500000000000000222e-01 1.171784888590000037e+03 -3.956784504279999965e+03 -7.400953165349999836e+03 -1.377094386869999880e+02 6.389176770699999963e+01 2.760107927900000035e+01
6.500000000000000222e-01 1.143168552339999906e+03 -4.055572337460000199e+03 -7.418774747139999818e+03 -1.341865840899999966e+02 6.416011568999999781e+01 2.617859764099999964e+01
6.500000000000000222e-01 1.326222860439999977e+03 -4.010952082360000077e+03 -6.939825571710000077e+03 -1.423446971950000091e+02 6.894530325430000062e+01 2.795109257260000035e+01
6.500000000000000222e-01 1.150063871920000111e+03 -4.266578010420000282e+03 -7.367997625760000119e+03 -1.351122088289999965e+02 6.843486049579999531e+01 2.304978989470000172e+01
6.500000000000000222e-01 1.031384093579999899e+03 -4.153570876929999940e+03 -7.295240291609999986e+03 -1.360929098160000024e+02 6.652274247260000095e+01 2.907155317100000147e+01
6.500000000000000222e-01 1.197714107049999939e+03 -4.092140186629999789e+03 -6.899709437729999991e+03 -1.409335504139999955e+02 7.291159160360000158e+01 2.861235121100000001e+01
6.500000000000000222e-01 1.141704978729999993e+03 -4.086325920639999822e+03 -6.884416142220000438e+03 -1.373423093849999930e+02 7.166691165020000653e+01 2.993353897240000094e+01
6.500000000000000222e-01 1.291739196889999903e+03 -4.062772132680000141e+03 -7.451055593670000235e+03 -1.374338666259999968e+02 6.196676437160000006e+01 2.598182924480000011e+01
6.500000000000000222e-01 1.037069510790000095e+03 -3.910274190329999783e+03 -7.231608741650000411e+03 -1.371154893039999934e+02 6.616446836640000129e+01 3.102813885979999853e+01
6.500000000000000222e-01 1.103876410260000057e+03 -3.924300380120000227e+03 -7.316984262089999902e+03 -1.362951221129999908e+02 6.399898376739999861e+01 2.764035457709999832e+01
6.500000000000000222e-01 1.279512650979999989e+03 -3.914776799159999882e+03 -6.928580826520000301e+03 -1.432412152649999939e+02 6.688582695840000270e+01 3.118259511080000124e+01
6.500000000000000222e-01 1.400544360589999997e+03 -4.084816977640000005e+03 -7.020492016930000318e+03 -1.426685868959999937e+02 6.804456148570000096e+01 2.696894039789999908e+01
6.500000000000000222e-01 1.402513488199999983e+03 -4.057019442559999789e+03 -7.021694460640000216e+03 -1.420713952970000094e+02 6.796521313270000064e+01 2.628719784520000147e+01
6.500000000000000222e-01 1.211542839460000096e+03 -4.238075482799999918e+03 -6.989506869750000078e+03 -1.381207739829999923e+02 7.160115782040000454e+01 2.778643051870000136e+01
6.500000000000000222e-01 1.101280852589999995e+03 -3.927582324599999993e+03 -7.337572407249999742e+03 -1.377944735320000120e+02 6.573911910949999537e+01 2.982017549169999882e+01
6.500000000000000222e-01 1.063571380450000106e+03 -4.247188013910000336e+03 -7.221276302600000236e+03 -1.359422975649999898e+02 6.844099914250000438e+01 2.830649921859999907e+01
6.500000000000000222e-01 1.115988188269999910e+03 -3.846594928989999971e+03 -7.235006536849999975e+03 -1.383785561029999940e+02 6.501228165169999329e+01 3.003831306429999870e+01
6.500000000000000222e-01 1.084759861719999890e+03 -4.195888922070000262e+03 -6.990439390370000183e+03 -1.388722783389999904e+02 6.964905212520000077e+01 2.627212465550000076e+01
6.500000000000000222e-01 1.372910355409999966e+03 -3.931730414319999909e+03 -7.035639259259999562e+03 -1.418892062449999969e+02 6.567574888869999938e+01 2.862943359229999984e+01
6.500000000000000222e-01 9.962698550019999857e+02 -4.129575842309999643e+03 -7.054134871780000140e+03 -1.375430836230000011e+02 6.976555895200000634e+01 2.681008334459999887e+01
6.500000000000000222e-01 9.846124655270000403e+02 -4.093914518539999790e+03 -7.122172011960000418e+03 -1.355172987200000136e+02 6.849506434420000289e+01 3.113603388259999960e+01
6.500000000000000222e-01 1.275881665860000112e+03 -4.078056077939999795e+03 -7.470443347970000104e+03 -1.391643951210000125e+02 6.315439005889999891e+01 2.536560885220000117e+01
6.500000000000000222e-01 1.109692409869999892e+03 -3.832221643540000059e+03 -7.054099951109999893e+03 -1.386127167200000088e+02 6.586556097080000427e+01 3.327573012180000234e+01
6.500000000000000222e-01 1.200406765949999908e+03 -3.822247294660000080e+03 -7.179730700690000049e+03 -1.397875752680000119e+02 6.471715745029999312e+01 3.031830436210000101e+01
6.500000000000000222e-01 1.285021789820000095e+03 -4.020438514060000216e+03 -7.419759575889999724e+03 -1.370880040240000142e+02 6.202533734040000013e+01 2.680445840990000050e+01
6.500000000000000222e-01 1.264105628530000104e+03 -3.970459761359999902e+03 -6.890828714440000113e+03 -1.413620250870000064e+02 6.740561757310000246e+01 2.995392646599999864e+01
6.500000000000000222e-01 1.089279366700000082e+03 -4.121486265929999718e+03 -6.936927427990000069e+03 -1.385298478230000114e+02 7.227659068520000574e+01 2.880777457419999976e+01
6.500000000000000222e-01 1.270698312060000035e+03 -3.864186666090000017e+03 -6.956457757999999558e+03 -1.408429548560000057e+02 6.893820946110000136e+01 2.877667702229999946e+01
9.810000000000000000e+05 8.262278172959999938e+04 3.017014861179999912e+02 3.401489636700000119e+04 -1.470319857850000034e+01 2.647550657809999919e+01 -5.484091281869999790e+01
6.500000000000000222e-01 8.317504128950000450e+04 -1.125104486530000031e+03 3.594751863179999782e+04 -1.380883105979999925e+01 2.567059380299999916e+01 -5.525307443479999847e+01
6.500000000000000222e-01 8.419934983829999692e+04 1.595345680650000077e+03 3.265375966440000047e+04 -1.499225974520000015e+01 2.576998622190000177e+01 -5.561385485080000279e+01
6.500000000000000222e-01 8.331909718789999897e+04 -1.217522511500000064e+03 3.581107881700000144e+04 -1.486552324740000053e+01 2.745890265810000130e+01 -5.399169944989999692e+01
6.500000000000000222e-01 8.020328695900000457e+04 1.390444918320000056e+02 3.361375008430000162e+04 -1.500359084049999936e+01 2.650511348659999911e+01 -5.478818640280000096e+01
6.500000000000000222e-01 8.432275144140000339e+04 1.897426232790000086e+03 3.325523304549999739e+04 -1.442024672410000008e+01 2.668923748190000111e+01 -5.349505751819999944e+01
6.500000000000000222e-01 8.153427014419999614e+04 2.494479416180000044e+03 3.409442854770000122e+04 -1.475023055189999965e+01 2.621991866069999944e+01 -5.531417702950000148e+01
6.500000000000000222e-01 8.211833840490000148e+04 8.858311496889999717e+02 3.633965143810000154e+04 -1.369755007400000046e+01 2.543392380559999921e+01 -5.460983421169999730e+01
6.500000000000000222e-01 8.259553745079999499e+04 2.751108985649999795e+03 3.398919526819999737e+04 -1.469394243170000003e+01 2.621928841940000154e+01 -5.525125475549999976e+01
6.500000000000000222e-01 8.241661323250000714e+04 1.184438268229999949e+03 3.173314732709999953e+04 -1.498121263930000069e+01 2.575168646190000032e+01 -5.508050454789999861e+01
6.500000000000000222e-01 8.154054120920000423e+04 2.838541568589999997e+02 3.181187115560000166e+04 -1.477600751099999954e+01 2.648998621739999848e+01 -5.487820442240000318e+01
6.500000000000000222e-01 8.438260749680000299e+04 -8.374229630019999604e+02 3.276055939569999828e+04 -1.454614684699999927e+01 2.660970007359999912e+01 -5.393245956559999854e+01
6.500000000000000222e-01 8.204392781209999521e+04 3.407558699759999854e+02 3.639551425809999637e+04 -1.451470640069999973e+01 2.648736424370000009e+01 -5.502569521009999676e+01
6.500000000000000222e-01 8.165657347370000207e+04 -1.554963952280000058e+03 3.529885824609999690e+04 -1.413806038419999922e+01 2.619612186519999852e+01 -5.491599058740000316e+01
6.500000000000000222e-01 8.230705189990000508e+04 -2.039210706190000110e+03 3.334115066349999688e+04 -1.450059504680000089e+01 2.670141329409999997e+01 -5.567126139450000011e+01
6.500000000000000222e-01 8.098838019229999918e+04 -1.515513671899999963e+03 3.422101153009999689e+04 -1.473616204250000017e+01 2.668705674019999918e+01 -5.388273275710000121e+01
6.500000000000000222e-01 8.378549168839999766e+04 -1.659076151850000088e+03 3.315180233340000268e+04 -1.491975315400000035e+01 2.686063109070000010e+01 -5.421384245490000353e+01
6.500000000000000222e-01 8.496466572930000257e+04 9.114023058190000484e+02 3.444635312169999816e+04 -1.431699972570000057e+01 2.639004642929999989e+01 -5.525618068499999680e+01
6.500000000000000222e-01 8.506514997040000162e+04 5.565861651200000324e+02 3.408267837639999925e+04 -1.449923701920000063e+01 2.645348118669999948e+01 -5.446465748640000015e+01
6.500000000000000222e-01 8.149966229459999886e+04 -1.175288000179999926e+03 3.240658636150000166e+04 -1.426367207899999912e+01 2.639792418860000112e+01 -5.518120705279999783e+01
6.500000000000000222e-01 8.172810653350000212e+04 1.074546437870000091e+03 3.616711465190000308e+04 -1.431689436369999946e+01 2.618854949509999841e+01 -5.463831876380000097e+01
6.500000000000000222e-01 8.175490884340000048e+04 1.637947590989999981e+03 3.214106796490000124e+04 -1.566440183879999992e+01 2.734270575969999939e+01 -5.403772217729999738e+01
6.500000000000000222e-01 8.416607164670000202e+04 -1.194359856360000094e+03 3.281184401909999724e+04 -1.457614308580000007e+01 2.653271389280000037e+01 -5.525486988170000302e+01
6.500000000000000222e-01 8.362505091180000454e+04 -1.922430553989999908e+03 3.424874889860000258e+04 -1.455784414330000054e+01 2.658835905760000173e+01 -5.605733079240000194e+01
6.500000000000000222e-01 8.268376935869999579e+04 1.759826719870000034e+03 3.203838823730000149e+04 -1.518110069729999978e+01 2.755205153980000077e+01 -5.408913227909999932e+01
6.500000000000000222e-01 8.455231743870000355e+04 -1.089593466820000003e+03 3.464975023489999876e+04 -1.417118224959999928e+01 2.633267099989999949e+01 -5.540349570389999911e+01
6.500000000000000222e-01 8.136075190639999346e+04 2.057028837490000114e+03 3.514874737620000087e+04 -1.418265149149999971e+01 2.565177223379999916e+01 -5.408358191810000193e+01
6.500000000000000222e-01 8.417009519950000686e+04 -1.020612560349999967e+03 3.536854844800000137e+04 -1.442381646900000014e+01 2.661078308500000134e+01 -5.548919699799999705e+01
6.500000000000000222e-01 8.419508356420000200e+04 1.227920808970000053e+03 3.238094420579999860e+04 -1.427277612019999964e+01 2.694047881179999848e+01 -5.383183116459999695e+01
6.500000000000000222e-01 8.222516689619999670e+04 -4.570629889880000185e+00 3.161449008690000119e+04 -1.583061243520000083e+01 2.595616459180000035e+01 -5.450256234150000267e+01
6.500000000000000222e-01 8.242507702369999606e+04 -9.427939795349999486e+00 3.159141127749999941e+04 -1.540227563440000047e+01 2.605025072720000168e+01 -5.458803988940000096e+01
6.500000000000000222e-01 8.044932282270000724e+04 -3.793908807949999868e+02 3.493221837300000334e+04 -1.520555023280000029e+01 2.657406546740000053e+01 -5.578197669939999770e+01
6.500000000000000222e-01 8.296721936449999339e+04 2.504559997639999892e+03 3.505833007560000260e+04 -1.508827773690000029e+01 2.670982543539999909e+01 -5.478392756689999743e+01
6.500000000000000222e-01 8.165599981940000725e+04 2.196476559920000000e+03 3.520217630479999934e+04 -1.445459155780000060e+01 2.621733986850000164e+01 -5.567006784520000195e+01
6.500000000000000222e-01 8.398741811060000327e+04 -1.591114692330000025e+03 3.475563485940000101e+04 -1.443740988809999948e+01 2.648610715430000084e+01 -5.591364944200000053e+01
6.500000000000000222e-01 8.459716897919999610e+04 1.607383929320000107e+03 3.336509394089999842e+04 -1.442476076240000005e+01 2.614483612209999919e+01 -5.476558883980000303e+01
6.500000000000000222e-01 8.264928733520000242e+04 1.131339943660000017e+03 3.632396736419999797e+04 -1.472709621999999996e+01 2.761591194180000031e+01 -5.531960870489999849e+01
6.500000000000000222e-01 8.446126477819999855e+04 -1.174098942589999979e+03 3.467034629699999641e+04 -1.476910633049999966e+01 2.687753163889999897e+01 -5.438747140779999967e+01
6.500000000000000222e-01 8.019013389899999311e+04 2.615103922889999808e+02 3.435053581570000097e+04 -1.508851639419999913e+01 2.647674097149999994e+01 -5.636131592920000344e+01
6.500000000000000222e-01 8.335300093090000155e+04 2.384681356550000146e+03 3.509963368520000222e+04 -1.499524877430000025e+01 2.686009855920000078e+01 -5.507740385400000349e+01
6.500000000000000222e-01 8.494008671990000585e+04 6.591405470549999563e+02 3.474715026039999793e+04 -1.466893834849999934e+01 2.646518568089999945e+01 -5.415415456379999881e+01
4.560000000000000000e+04 1.052910416369999984e+04 1.275852070140000023e+03 2.147866208239999833e+04 1.925380302060000020e+02 -6.354095129419999921e+01 1.731231533309999975e+02
6.500000000000000222e-01 1.058799075660000017e+04 1.258575816620000069e+03 2.168252923509999891e+04 1.919120854509999958e+02 -6.298601836699999978e+01 1.738900267239999948e+02
6.500000000000000222e-01 1.047130570470000021e+04 1.328652003169999944e+03 2.127974055210000006e+04 1.916479097270000125e+02 -6.311765775859999650e+01 1.729595464930000048e+02
6.500000000000000222e-01 1.049540431560000070e+04 1.296095629650000092e+03 2.168471383900000001e+04 1.938581856319999872e+02 -6.393975612839999911e+01 1.737064416059999985e+02
6.500000000000000222e-01 1.062290152750000016e+04 1.146422316939999973e+03 2.137329893499999889e+04 1.916848625739999932e+02 -6.267916288770000222e+01 1.724173181989999932e+02
6.500000000000000222e-01 1.063106137110000054e+04 1.132541330969999990e+03 2.141594464380000136e+04 1.919594192840000062e+02 -6.297345203070000252e+01 1.735644819309999889e+02
6.500000000000000222e-01 1.043203460869999981e+04 1.245354352079999899e+03 2.165507587689999855e+04 1.926884413800000004e+02 -6.331212536910000210e+01 1.730590314309999940e+02
6.500000000000000222e-01 1.043852003289999993e+04 1.227870690720000084e+03 2.129196260099999927e+04 1.931455264680000141e+02 -6.338551612719999895e+01 1.721937051049999923e+02
6.500000000000000222e-01 1.064042985240000053e+04 1.267345177899999953e+03 2.131021154480000041e+04 1.912200955760000056e+02 -6.353800010660000197e+01 1.724289933839999946e+02
6.500000000000000222e-01 1.065000338170000032e+04 1.163393262090000007e+03 2.157400921129999915e+04 1.921898758700000087e+02 -6.290493786599999737e+01 1.731413261429999864e+02
6.500000000000000222e-01 1.046491021039999941e+04 1.105638335800000050e+03 2.140798477830000047e+04 1.923290395799999999e+02 -6.268777958660000138e+01 1.725575172789999954e+02
6.500000000000000222e-01 1.057433971439999914e+04 1.155960536549999915e+03 2.162478223920000164e+04 1.921335243089999949e+02 -6.230338827269999769e+01 1.738537533969999913e+02
6.500000000000000222e-01 1.069696669640000073e+04 1.175226154910000105e+03 2.145791878690000158e+04 1.920697798049999960e+02 -6.318391885359999804e+01 1.723845557530000008e+02
6.500000000000000222e-01 1.057927844229999937e+04 1.104592064610000079e+03 2.153315288159999909e+04 1.922284241749999865e+02 -6.273318563229999967e+01 1.729267822669999930e+02
6.500000000000000222e-01 1.058254636840000057e+04 1.138245513309999978e+03 2.163350025649999952e+04 1.931808674950000011e+02 -6.380678458130000053e+01 1.730613647520000029e+02
6.500000000000000222e-01 1.045338951889999953e+04 1.343678848150000022e+03 2.129075209120000000e+04 1.927923418290000086e+02 -6.425004862720000176e+01 1.722381036769999980e+02
6.500000000000000222e-01 1.071758535210000082e+04 1.319566894629999979e+03 2.144209393510000154e+04 1.919250021919999938e+02 -6.366761018119999704e+01 1.725226609919999987e+02
6.500000000000000222e-01 1.048741540449999957e+04 1.458672669840000026e+03 2.154630291990000114e+04 1.927939363190000108e+02 -6.426870681949999664e+01 1.741848743950000085e+02
6.500000000000000222e-01 1.068766394089999994e+04 1.317774090489999935e+03 2.160529565860000002e+04 1.926800587630000052e+02 -6.337458044299999926e+01 1.731470936499999880e+02
6.500000000000000222e-01 1.066764751419999993e+04 1.414845707919999995e+03 2.149739032869999937e+04 1.922498874270000044e+02 -6.399837525609999744e+01 1.736041637270000138e+02
6.500000000000000222e-01 1.056732697460000054e+04 1.458663108899999997e+03 2.155831440989999828e+04 1.924264863379999895e+02 -6.418309050790000470e+01 1.742233578880000096e+02
6.500000000000000222e-01 1.071699681579999924e+04 1.339089442870000084e+03 2.146984187340000062e+04 1.921166838069999869e+02 -6.368972076629999890e+01 1.725661977690000128e+02
6.500000000000000222e-01 1.042460485130000052e+04 1.155565450640000108e+03 2.159519811420000042e+04 1.932319905010000127e+02 -6.270588652240000016e+01 1.738708033020000130e+02
6.500000000000000222e-01 1.034267796490000001e+04 1.254483228739999959e+03 2.140603985420000026e+04 1.928429522940000140e+02 -6.359972428009999845e+01 1.729167324519999909e+02
6.500000000000000222e-01 1.050523962070000016e+04 1.468521662039999910e+03 2.148014910149999923e+04 1.926686726439999973e+02 -6.414813661350000018e+01 1.740341420869999922e+02
6.500000000000000222e-01 1.059584783040000002e+04 1.286503290959999958e+03 2.168184343739999895e+04 1.922863748579999879e+02 -6.356801067250000159e+01 1.737580027980000068e+02
6.500000000000000222e-01 1.045816475549999996e+04 1.096788019329999997e+03 2.144949065849999897e+04 1.924511533710000037e+02 -6.290273405349999791e+01 1.732846448429999953e+02
6.500000000000000222e-01 1.061023875910000061e+04 1.407119127680000020e+03 2.135348448070000086e+04 1.917611080640000125e+02 -6.432202620760000400e+01 1.723931641110000044e+02
6.500000000000000222e-01 1.049708031769999980e+04 1.086544372609999982e+03 2.153791394990000117e+04 1.929826143189999925e+02 -6.324531463440000323e+01 1.728748180419999869e+02
6.500000000000000222e-01 1.070843517910000082e+04 1.227155556149999938e+03 2.155917242880000049e+04 1.926116254179999885e+02 -6.337640177010000286e+01 1.727375913070000024e+02
6.500000000000000222e-01 1.037686109290000059e+04 1.153744863690000102e+03 2.143936191310000140e+04 1.927550005820000081e+02 -6.308306385600000254e+01 1.727336529789999986e+02
6.500000000000000222e-01 1.043700122109999938e+04 1.397359698230000049e+03 2.161121024000000034e+04 1.933196852519999993e+02 -6.427392143449999651e+01 1.740446236070000054e+02
6.500000000000000222e-01 1.060614964529999997e+04 1.343187474889999976e+03 2.130142882010000176e+04 1.927442583490000061e+02 -6.332762066029999914e+01 1.733927551209999933e+02
6.500000000000000222e-01 1.064941198819999954e+04 1.126525554390000025e+03 2.153989808510000148e+04 1.926205027240000049e+02 -6.335413291190000251e+01 1.724829837929999883e+02
6.500000000000000222e-01 1.068926171969999996e+04 1.388354007189999948e+03 2.145234954510000171e+04 1.920945601759999875e+02 -6.389549417170000112e+01 1.725041832340000099e+02
6.500000000000000222e-01 1.061971302810000088e+04 1.442129806809999991e+03 2.143222469170000113e+04 1.922856136190000029e+02 -6.426322992900000486e+01 1.725651602229999924e+02
6.500000000000000222e-01 1.039625625249999939e+04 1.154863169559999960e+03 2.155728726539999843e+04 1.932419683770000063e+02 -6.300090477980000259e+01 1.738056132899999966e+02
6.500000000000000222e-01 1.039186791679999988e+04 1.414403515089999928e+03 2.150138837050000075e+04 1.928336225589999913e+02 -6.382516840569999772e+01 1.720827578580000079e+02
6.500000000000000222e-01 1.064881613140000081e+04 1.130125449780000054e+03 2.156173641770000177e+04 1.924232343319999927e+02 -6.306993405859999768e+01 1.738466865970000015e+02
6.500000000000000222e-01 1.069352300780000041e+04 1.354499054639999940e+03 2.157219025609999881e+04 1.919756413309999914e+02 -6.382107992280000275e+01 1.745133020330000022e+02
6.500000000000000222e-01 1.043176919500000076e+04 1.221458790019999924e+03 2.164922297500000059e+04 1.923164218400000038e+02 -6.358647231829999669e+01 1.728025192929999889e+02
1.390000000000000000e+04 -1.416733493740000085e+04 6.144023571820000143e+03 5.733040831070000422e+03 -2.053852644359999999e+02 1.906038905830000090e+02 -3.586576030730000184e+02
6.500000000000000222e-01 -1.427741302329999962e+04 6.232806006470000284e+03 5.763988168169999881e+03 -2.057223190910000028e+02 1.905446677129999955e+02 -3.587327222870000014e+02
6.500000000000000222e-01 -1.424777333829999952e+04 6.123663577930000429e+03 5.857870395740000276e+03 -2.061660615440000015e+02 1.907526635840000040e+02 -3.586327193739999757e+02
6.500000000000000222e-01 -1.409742831699999988e+04 6.124927595080000174e+03 5.849619460160000017e+03 -2.059922300510000071e+02 1.906994969920000074e+02 -3.588645514070000218e+02
6.500000000000000222e-01 -1.407103977780000059e+04 6.181401728089999779e+03 5.624436280699999770e+03 -2.045717588059999912e+02 1.903986944840000035e+02 -3.585703633940000259e+02
6.500000000000000222e-01 -1.407062487150000015e+04 6.211256387170000380e+03 5.797079791600000135e+03 -2.060362806489999912e+02 1.901623409110000011e+02 -3.584583141069999783e+02
6.500000000000000222e-01 -1.421249637190000067e+04 6.223483823149999807e+03 5.850309983150000335e+03 -2.057412622049999982e+02 1.900534892999999954e+02 -3.579425844720000214e+02
6.500000000000000222e-01 -1.411539957789999971e+04 6.031223576749999665e+03 5.678174916379999559e+03 -2.051245626809999862e+02 1.909546565709999868e+02 -3.585565796259999729e+02
6.500000000000000222e-01 -1.421457968570000048e+04 6.029393607910000355e+03 5.784764933159999600e+03 -2.054378685199999950e+02 1.914749895440000103e+02 -3.581725801719999822e+02
6.500000000000000222e-01 -1.417252312859999984e+04 6.028187992520000080e+03 5.817006194829999913e+03 -2.052720125090000067e+02 1.908227055570000061e+02 -3.588622558069999968e+02
6.500000000000000222e-01 -1.411409971740000037e+04 6.238475680069999726e+03 5.809714735950000431e+03 -2.056717329779999943e+02 1.898286827580000136e+02 -3.585734457059999727e+02
6.500000000000000222e-01 -1.403076888359999975e+04 6.134407348509999792e+03 5.686537916829999631e+03 -2.054317427670000029e+02 1.904297429970000053e+02 -3.596489182230000097e+02
6.500000000000000222e-01 -1.413832654379999985e+04 6.010535363549999602e+03 5.700301249219999590e+03 -2.049657793760000004e+02 1.908512264059999950e+02 -3.583544461700000170e+02
6.500000000000000222e-01 -1.407577385499999946e+04 6.037828954270000395e+03 5.706043920119999711e+03 -2.051560840619999908e+02 1.908649117340000032e+02 -3.591298258940000210e+02
6.500000000000000222e-01 -1.415180474719999984e+04 6.043848512079999637e+03 5.625991079469999931e+03 -2.046311321539999994e+02 1.902765765240000064e+02 -3.584705819659999975e+02
6.500000000000000222e-01 -1.428327455120000013e+04 6.142668925699999818e+03 5.827665970760000164e+03 -2.058369390400000043e+02 1.908485729790000107e+02 -3.584370951000000218e+02
6.500000000000000222e-01 -1.405389470269999947e+04 6.060486592190000010e+03 5.712116674939999939e+03 -2.051590273619999891e+02 1.907211411559999874e+02 -3.585732080619999920e+02
6.500000000000000222e-01 -1.410336421680000058e+04 6.106683008619999782e+03 5.605597765970000182e+03 -2.052372538859999906e+02 1.908418060060000130e+02 -3.591059414900000206e+02
6.500000000000000222e-01 -1.410309888979999960e+04 6.123331650609999997e+03 5.852453800399999636e+03 -2.054398446220000096e+02 1.906230346080000118e+02 -3.591850272419999897e+02
6.500000000000000222e-01 -1.426018151419999958e+04 6.048633620169999631e+03 5.717164868320000096e+03 -2.051531071999999938e+02 1.912090598650000004e+02 -3.585611555689999932e+02
6.500000000000000222e-01 -1.422815373759999966e+04 6.250491757920000055e+03 5.788267215179999766e+03 -2.054919784139999877e+02 1.900623320299999932e+02 -3.582899338110000258e+02
6.500000000000000222e-01 -1.413937630920000083e+04 6.043610592289999659e+03 5.827089691090000088e+03 -2.055513067580000097e+02 1.912777823200000000e+02 -3.584604277760000173e+02
6.500000000000000222e-01 -1.420893642849999924e+04 6.144707847820000097e+03 5.599742353839999851e+03 -2.042729400169999963e+02 1.904977500640000017e+02 -3.587048869899999772e+02
6.500000000000000222e-01 -1.426713463469999988e+04 6.182586252639999657e+03 5.843728535799999918e+03 -2.061710378880000007e+02 1.908955808730000001e+02 -3.585046716940000238e+02
6.500000000000000222e-01 -1.409546993060000023e+04 6.211572363149999546e+03 5.627247109959999761e+03 -2.053122807590000036e+02 1.903321512670000004e+02 -3.588252976019999778e+02
6.500000000000000222e-01 -1.423514013630000045e+04 6.083224848070000007e+03 5.630489398140000048e+03 -2.052589552070000138e+02 1.906377988220000077e+02 -3.581138951269999779e+02
6.500000000000000222e-01 -1.417638538680000056e+04 6.062663244749999649e+03 5.613690906589999940e+03 -2.046115627940000081e+02 1.903426661869999919e+02 -3.585208167850000223e+02
6.500000000000000222e-01 -1.418843844960000024e+04 6.063669531980000102e+03 5.621025172380000186e+03 -2.050745660510000050e+02 1.905430227459999912e+02 -3.583436890830000152e+02
6.500000000000000222e-01 -1.403378563419999955e+04 6.131579699709999659e+03 5.675893479399999705e+03 -2.054191641099999970e+02 1.904442565429999945e+02 -3.596279524880000054e+02
6.500000000000000222e-01 -1.415738405690000036e+04 6.106290209069999946e+03 5.869451124019999952e+03 -2.061150252939999916e+02 1.914988406159999954e+02 -3.585055409490000216e+02
6.500000000000000222e-01 -1.416340030619999925e+04 6.012379434710000169e+03 5.711394987669999864e+03 -2.051789383729999940e+02 1.911095895189999965e+02 -3.582799402200000145e+02
6.500000000000000222e-01 -1.414148001350000050e+04 6.010064237649999995e+03 5.729917031799999677e+03 -2.052134907820000080e+02 1.910823684990000118e+02 -3.594698696259999906e+02
6.500000000000000222e-01 -1.409967684299999928e+04 6.103359861019999698e+03 5.603579578859999856e+03 -2.053330861739999875e+02 1.908612230619999934e+02 -3.593790672349999795e+02
6.500000000000000222e-01 -1.402720237869999983e+04 6.151903803700000026e+03 5.733932344929999999e+03 -2.054660140420000118e+02 1.903791420709999898e+02 -3.586096438220000095e+02
6.500000000000000222e-01 -1.410706656379999913e+04 6.199588628260000405e+03 5.611973867239999890e+03 -2.054450511510000013e+02 1.901051808869999888e+02 -3.590732830250000234e+02
6.500000000000000222e-01 -1.417161211999999978e+04 6.016423647429999619e+03 5.774089000310000301e+03 -2.053675728389999904e+02 1.913718693220000091e+02 -3.581824629980000054e+02
6.500000000000000222e-01 -1.426214345700000013e+04 6.237609085670000240e+03 5.689201756890000070e+03 -2.054879995469999869e+02 1.905289098220000028e+02 -3.577889686589999769e+02
6.500000000000000222e-01 -1.417023829889999979e+04 6.178820523499999581e+03 5.874768516740000450e+03 -2.061009829950000096e+02 1.899955574139999896e+02 -3.583953688760000205e+02
6.500000000000000222e-01 -1.408986960619999991e+04 6.128020510819999799e+03 5.602809472160000041e+03 -2.044104156799999998e+02 1.903063785399999972e+02 -3.587290577699999972e+02
6.500000000000000222e-01 -1.418153516499999932e+04 6.144782282129999658e+03 5.879861739379999563e+03 -2.053625430030000132e+02 1.908853733900000123e+02 -3.585030339639999966e+02
6.500000000000000222e-01 -1.423709848450000027e+04 6.125524815830000080e+03 5.865358017329999711e+03 -2.064271382549999885e+02 1.907174132700000087e+02 -3.586774378370000136e+02
1.190000000000000000e+04 -1.055146237339999971e+04 5.370974764339999638e+03 -1.106995937679999952e+04 -2.445388601790000109e+02 -4.645850048239999808e+01 1.206769593169999979e+02
6.500000000000000222e-01 -1.063104103290000057e+04 5.279729433700000300e+03 -1.103169809669999995e+04 -2.441182817250000028e+02 -4.634186085839999691e+01 1.201997529049999969e+02
6.500000000000000222e-01 -1.063461621600000035e+04 5.284983550320000177e+03 -1.103132116649999989e+04 -2.440079088020000029e+02 -4.597220638990000197e+01 1.211988543810000039e+02
6.500000000000000222e-01 -1.043891972549999991e+04 5.406119691789999706e+03 -1.111147816860000057e+04 -2.448962011060000066e+02 -4.650555387149999831e+01 1.213770288110000024e+02
6.500000000000000222e-01 -1.045419561480000084e+04 5.290096517879999737e+03 -1.108785621670000000e+04 -2.448253214709999952e+02 -4.622606952950000192e+01 1.207452699220000056e+02
6.500000000000000222e-01 -1.056957545369999934e+04 5.459687795509999887e+03 -1.117493815569999970e+04 -2.447635990699999979e+02 -4.697297228989999951e+01 1.197429749020000003e+02
6.500000000000000222e-01 -1.062666539480000029e+04 5.469278362099999867e+03 -1.103859935240000050e+04 -2.443105798859999993e+02 -4.685098518560000258e+01 1.207299942110000046e+02
6.500000000000000222e-01 -1.051235040459999982e+04 5.359587150319999637e+03 -1.093587265809999917e+04 -2.440635603849999882e+02 -4.685696231509999876e+01 1.209690899419999965e+02
6.500000000000000222e-01 -1.066765150519999952e+04 5.346989621589999842e+03 -1.111915089479999915e+04 -2.443056961220000005e+02 -4.612965042719999786e+01 1.205354829099999989e+02
6.500000000000000222e-01 -1.059001374779999969e+04 5.276196581469999728e+03 -1.114863544039999942e+04 -2.445337017129999992e+02 -4.629059425290000007e+01 1.210693450079999991e+02
6.500000000000000222e-01 -1.052686481909999929e+04 5.319765903110000181e+03 -1.094404659580000043e+04 -2.443502233179999905e+02 -4.649998317949999915e+01 1.210500908190000047e+02
6.500000000000000222e-01 -1.064584477300000071e+04 5.289461165120000260e+03 -1.107587494279999919e+04 -2.441818889730000137e+02 -4.605185620310000161e+01 1.211443205249999977e+02
6.500000000000000222e-01 -1.051049236419999943e+04 5.325239351479999641e+03 -1.118406262000000061e+04 -2.446278157639999904e+02 -4.639988940899999648e+01 1.209889470140000043e+02
6.500000000000000222e-01 -1.061110090409999975e+04 5.429259395719999702e+03 -1.097598518119999972e+04 -2.438290597250000076e+02 -4.715607060340000345e+01 1.208961017069999997e+02
6.500000000000000222e-01 -1.048050723719999951e+04 5.473109386199999790e+03 -1.105926034219999929e+04 -2.448926913820000095e+02 -4.687728413490000179e+01 1.201909468150000038e+02
6.500000000000000222e-01 -1.046513955279999936e+04 5.350563362740000230e+03 -1.096420604129999992e+04 -2.447829779939999923e+02 -4.669113805829999819e+01 1.213989887259999989e+02
6.500000000000000222e-01 -1.067352429119999942e+04 5.397816794940000364e+03 -1.110220262460000049e+04 -2.442031792930000051e+02 -4.634063691909999960e+01 1.200922708070000056e+02
6.500000000000000222e-01 -1.046917501830000037e+04 5.390399648470000102e+03 -1.096268033280000054e+04 -2.446019777090000105e+02 -4.711642966840000213e+01 1.211809442840000060e+02
6.500000000000000222e-01 -1.051478888840000036e+04 5.364577361880000353e+03 -1.093427450639999915e+04 -2.436193722769999965e+02 -4.686422033230000039e+01 1.209124296950000002e+02
6.500000000000000222e-01 -1.054591290479999952e+04 5.323452289300000302e+03 -1.093978727480000089e+04 -2.443415399730000104e+02 -4.608663478809999958e+01 1.212074248800000049e+02
6.500000000000000222e-01 -1.055065225909999936e+04 5.496933018339999762e+03 -1.107673955050000041e+04 -2.447012797559999910e+02 -4.692893937889999734e+01 1.207245594129999944e+02
6.500000000000000222e-01 -1.043122704569999951e+04 5.331561897110000245e+03 -1.103176524240000072e+04 -2.447812705629999925e+02 -4.659733840070000355e+01 1.212907821120000023e+02
6.500000000000000222e-01 -1.060462930790000064e+04 5.257483989629999996e+03 -1.104594068159999915e+04 -2.440543041109999933e+02 -4.619822430469999830e+01 1.204849123700000035e+02
6.500000000000000222e-01 -1.045685630130000027e+04 5.448668361830000322e+03 -1.103998389859999952e+04 -2.446799513329999911e+02 -4.688025939789999796e+01 1.202239487199999957e+02
6.500000000000000222e-01 -1.053192040479999923e+04 5.246469026660000054e+03 -1.104674701110000024e+04 -2.444081453940000017e+02 -4.598837476580000327e+01 1.214831255520000042e+02
6.500000000000000222e-01 -1.066729589870000018e+04 5.333031918149999910e+03 -1.104308122899999944e+04 -2.439732238310000128e+02 -4.616768739829999646e+01 1.208866272549999934e+02
6.500000000000000222e-01 -1.063631791510000039e+04 5.431976694639999550e+03 -1.116374009239999941e+04 -2.449804138529999875e+02 -4.607574926449999708e+01 1.205430021560000000e+02
6.500000000000000222e-01 -1.054815858320000007e+04 5.250011482609999803e+03 -1.103610620840000047e+04 -2.444212347129999898e+02 -4.596969056190000202e+01 1.209173669559999951e+02
6.500000000000000222e-01 -1.053286285979999957e+04 5.471027823430000353e+03 -1.116070722419999947e+04 -2.448848278510000114e+02 -4.616959606710000230e+01 1.207511003749999929e+02
6.500000000000000222e-01 -1.062891552439999941e+04 5.475284288969999579e+03 -1.106722894110000016e+04 -2.444918497349999882e+02 -4.667094471730000294e+01 1.196954203330000013e+02
6.500000000000000222e-01 -1.062681864130000031e+04 5.401876811500000258e+03 -1.096943220230000043e+04 -2.443718904479999878e+02 -4.656683590219999758e+01 1.203085581899999994e+02
6.500000000000000222e-01 -1.065943427420000080e+04 5.359374491630000193e+03 -1.100797210900000027e+04 -2.442103902380000022e+02 -4.650586823030000261e+01 1.200689947009999941e+02
6.500000000000000222e-01 -1.060186584989999938e+04 5.317742522669999744e+03 -1.095781028689999948e+04 -2.436941598699999929e+02 -4.608555351399999722e+01 1.212264670919999929e+02
6.500000000000000222e-01 -1.049964212100000077e+04 5.430320602040000267e+03 -1.096304235940000035e+04 -2.441258291810000003e+02 -4.662444474389999982e+01 1.205085683209999985e+02
6.500000000000000222e-01 -1.056062520229999973e+04 5.498678835319999962e+03 -1.106916289750000033e+04 -2.447072190160000105e+02 -4.687263197389999902e+01 1.208863843010000068e+02
6.500000000000000222e-01 -1.066783964329999981e+04 5.380733783269999549e+03 -1.113378564589999951e+04 -2.441824046899999985e+02 -4.617861774179999657e+01 1.198202263350000010e+02
6.500000000000000222e-01 -1.054632667960000072e+04 5.447235729189999802e+03 -1.118290888699999959e+04 -2.447718220239999880e+02 -4.626665096539999666e+01 1.205407411009999947e+02
6.500000000000000222e-01 -1.048283397080000032e+04 5.440002401820000159e+03 -1.115765540879999935e+04 -2.447669545850000077e+02 -4.652810401770000226e+01 1.208362747729999995e+02
6.500000000000000222e-01 -1.061672222510000029e+04 5.311219316030000300e+03 -1.116480895649999911e+04 -2.445609934439999904e+02 -4.549041639720000063e+01 1.202687306239999998e+02
6.500000000000000222e-01 -1.045025132699999995e+04 5.293326680090000082e+03 -1.107859157520000008e+04 -2.448100897889999885e+02 -4.627444330139999806e+01 1.208981381830000004e+02
6.500000000000000222e-01 -1.050250067619999936e+04 5.469029121689999556e+03 -1.114283303519999936e+04 -2.448242787979999946e+02 -4.641006914439999775e+01 1.209112791990000062e+02
