3.450000000000000000e+05 2.599590504870000132e+03 -4.653363192929999968e+03 -7.239275280380000368e+03 -1.296198813039999891e+02 4.628534814620000049e+01 -1.334201282779999964e+01
6.500000000000000222e-01 2.510023447649999980e+03 -4.558980102350000379e+03 -6.968971636979999857e+03 -1.301940418480000119e+02 4.746348987849999901e+01 -1.171549828869999921e+01
6.500000000000000222e-01 2.431032374519999848e+03 -4.773694237759999851e+03 -7.419992327300000397e+03 -1.283851027160000058e+02 4.619933408939999708e+01 -1.282528576600000036e+01
6.500000000000000222e-01 2.785158372639999925e+03 -4.576419878360000439e+03 -7.056895331689999693e+03 -1.307030410229999973e+02 4.686386879349999646e+01 -1.465480086980000074e+01
6.500000000000000222e-01 2.587779720739999902e+03 -4.785830558679999740e+03 -7.510217420510000011e+03 -1.283111153110000089e+02 4.290051040960000250e+01 -1.394846440190000081e+01
6.500000000000000222e-01 2.711679204539999773e+03 -4.852903077930000109e+03 -7.409383477909999783e+03 -1.295515660330000003e+02 4.626605680699999823e+01 -1.481254465129999964e+01
6.500000000000000222e-01 2.689744870649999939e+03 -4.450118749410000419e+03 -7.384468462929999987e+03 -1.308097745970000005e+02 4.318080621939999730e+01 -1.475889683249999962e+01
6.500000000000000222e-01 2.390037192910000158e+03 -4.553470494750000398e+03 -7.372744299699999829e+03 -1.272471749369999969e+02 4.544664549739999870e+01 -1.340075989089999986e+01
6.500000000000000222e-01 2.757723837840000215e+03 -4.496157745520000390e+03 -7.384024049900000136e+03 -1.305475878119999891e+02 4.293179376660000202e+01 -1.468846294449999945e+01
6.500000000000000222e-01 2.379498363470000186e+03 -4.570797728139999890e+03 -7.045353935500000262e+03 -1.290332216719999963e+02 4.801194142749999827e+01 -1.063607040069999954e+01
6.500000000000000222e-01 2.343377618779999921e+03 -4.663180213440000443e+03 -7.130580510879999565e+03 -1.275828625439999939e+02 4.780057050359999948e+01 -9.754751310830000577e+00
6.500000000000000222e-01 2.430168511410000065e+03 -4.798100953770000160e+03 -7.399954847930000142e+03 -1.284926383240000121e+02 4.577289594039999798e+01 -1.226820171059999964e+01
6.500000000000000222e-01 2.660712843539999994e+03 -4.661256634330000452e+03 -6.970065375219999623e+03 -1.324709047309999903e+02 4.845761033109999971e+01 -1.304220048420000033e+01
6.500000000000000222e-01 2.539977430540000114e+03 -4.509887915809999868e+03 -7.470843600049999623e+03 -1.291863883180000130e+02 4.433145016379999959e+01 -1.314303904750000029e+01
6.500000000000000222e-01 2.476906772400000136e+03 -4.609694736139999804e+03 -7.475926813269999911e+03 -1.259942263380000043e+02 4.425745403140000178e+01 -1.424408527509999978e+01
6.500000000000000222e-01 2.733520398919999934e+03 -4.605461372239999946e+03 -7.009306312120000257e+03 -1.321527442519999909e+02 4.742282339329999985e+01 -1.342306071460000005e+01
6.500000000000000222e-01 2.493302627749999829e+03 -4.859319562159999805e+03 -7.397102555469999970e+03 -1.269317992630000020e+02 4.752966049879999844e+01 -1.659388565889999967e+01
6.500000000000000222e-01 2.387140629980000085e+03 -4.727174853069999699e+03 -7.381637538760000098e+03 -1.283592955070000130e+02 4.573107818180000095e+01 -1.138064654639999951e+01
6.500000000000000222e-01 2.594460348189999877e+03 -4.723953375080000114e+03 -6.976185986710000179e+03 -1.314919678569999917e+02 5.074213160730000283e+01 -1.270439550599999912e+01
6.500000000000000222e-01 2.503464152999999897e+03 -4.705061091049999959e+03 -6.973175804299999982e+03 -1.282517039260000047e+02 4.943071728479999649e+01 -1.164036570779999913e+01
6.500000000000000222e-01 2.654751893260000088e+03 -4.595680619640000259e+03 -7.508113528939999924e+03 -1.284801053900000056e+02 4.232609345080000196e+01 -1.406086565400000055e+01
6.500000000000000222e-01 2.401614295760000005e+03 -4.483681531260000156e+03 -7.332223445480000009e+03 -1.290263522559999956e+02 4.603141875360000057e+01 -1.051995921660000022e+01
6.500000000000000222e-01 2.458921491170000081e+03 -4.477303001559999757e+03 -7.384655568830000448e+03 -1.280057018239999991e+02 4.419221877799999731e+01 -1.361155271640000031e+01
6.500000000000000222e-01 2.696800187629999982e+03 -4.489842078880000372e+03 -7.028127988930000356e+03 -1.331893316199999902e+02 4.569734779739999908e+01 -1.075702802320000018e+01
6.500000000000000222e-01 2.809902070000000094e+03 -4.670833949879999636e+03 -7.083513794729999972e+03 -1.322683572939999976e+02 4.667214826859999732e+01 -1.373234572490000005e+01
6.500000000000000222e-01 2.805629847510000218e+03 -4.642754843699999583e+03 -7.077120688189999782e+03 -1.316434086190000130e+02 4.668555760430000134e+01 -1.453940380509999919e+01
6.500000000000000222e-01 2.580799858570000197e+03 -4.855814906880000308e+03 -7.062203256920000058e+03 -1.289709168230000103e+02 4.931440242859999756e+01 -1.267847328100000048e+01
6.500000000000000222e-01 2.471764254520000122e+03 -4.498676933179999651e+03 -7.428229155760000140e+03 -1.295315564940000002e+02 4.600110197010000235e+01 -1.127352310490000065e+01
6.500000000000000222e-01 2.416731735880000087e+03 -4.837058938369999851e+03 -7.301156276820000130e+03 -1.280087078399999996e+02 4.700575543770000309e+01 -1.187419185909999975e+01
6.500000000000000222e-01 2.490853284100000110e+03 -4.409811422779999702e+03 -7.324771230110000033e+03 -1.297811752890000037e+02 4.518794044799999909e+01 -1.164515753639999929e+01
6.500000000000000222e-01 2.464912199419999979e+03 -4.794017002550000143e+03 -7.045420774090000123e+03 -1.303024783509999907e+02 4.740720684699999765e+01 -1.465852730449999974e+01
6.500000000000000222e-01 2.774705714470000203e+03 -4.496981970130000263e+03 -7.112068112470000415e+03 -1.315517508949999979e+02 4.496818384710000061e+01 -1.277086215579999973e+01
6.500000000000000222e-01 2.365668606589999854e+03 -4.731183721180000248e+03 -7.113380447559999993e+03 -1.295233491340000000e+02 4.794801578730000102e+01 -1.438244003940000049e+01
6.500000000000000222e-01 2.334471925010000177e+03 -4.684982716100000289e+03 -7.225873850889999630e+03 -1.277541167760000036e+02 4.717658224729999716e+01 -1.001832719529999949e+01
6.500000000000000222e-01 2.657068991889999779e+03 -4.623063775130000067e+03 -7.521892151959999865e+03 -1.302949837380000133e+02 4.349861409169999860e+01 -1.453938988049999992e+01
6.500000000000000222e-01 2.485590511259999857e+03 -4.400574257709999983e+03 -7.173783242880000216e+03 -1.297339822120000008e+02 4.537564934240000269e+01 -8.972243738750000475e+00
6.500000000000000222e-01 2.586666579830000046e+03 -4.382256942570000319e+03 -7.271688696500000333e+03 -1.306011332619999905e+02 4.486797876930000228e+01 -1.146819551879999999e+01
6.500000000000000222e-01 2.644259524049999982e+03 -4.554159531829999651e+03 -7.483682326909999574e+03 -1.280851440159999868e+02 4.242699610750000261e+01 -1.352566926859999974e+01
6.500000000000000222e-01 2.662667162769999777e+03 -4.548722348579999561e+03 -6.978146509359999982e+03 -1.314104096330000004e+02 4.579745036999999996e+01 -1.192928682620000025e+01
6.500000000000000222e-01 2.465159314240000185e+03 -4.746674826899999971e+03 -7.015589711200000238e+03 -1.298141070050000110e+02 5.007113880229999836e+01 -1.251216367079999969e+01
6.500000000000000222e-01 2.663931203130000085e+03 -4.461345518199999788e+03 -7.030579889309999999e+03 -1.308903879609999876e+02 4.792653948950000142e+01 -1.333590979160000067e+01
4.560000000000000000e+04 8.528415660310000021e+03 1.920101822379999930e+03 1.963657453990000067e+04 1.990508859150000092e+02 -6.243613514909999651e+01 1.877522149579999962e+02
6.500000000000000222e-01 8.583445371949999753e+03 1.793102824340000097e+03 1.979648857389999830e+04 1.996505341859999874e+02 -6.277901979800000021e+01 1.877122963459999880e+02
6.500000000000000222e-01 8.652426227239999207e+03 2.018567272190000040e+03 1.951127004220000163e+04 1.984327451030000020e+02 -6.314293678920000019e+01 1.870826977670000133e+02
6.500000000000000222e-01 8.582468066670000553e+03 1.806765712489999942e+03 1.979986677330000020e+04 1.988389336060000119e+02 -6.145454134079999875e+01 1.886325925879999943e+02
6.500000000000000222e-01 8.329496683290000874e+03 1.906369561859999976e+03 1.960295013140000083e+04 1.993599536309999962e+02 -6.244661388469999963e+01 1.876262824169999988e+02
6.500000000000000222e-01 8.669420206669999970e+03 2.054939093779999894e+03 1.958845989859999827e+04 1.988758345450000036e+02 -6.247149847109999854e+01 1.887884686499999987e+02
6.500000000000000222e-01 8.440198734030000196e+03 2.098983252139999877e+03 1.963886802549999993e+04 1.992896185429999889e+02 -6.288494084399999906e+01 1.874606154829999980e+02
6.500000000000000222e-01 8.499637172909999208e+03 1.957222114539999893e+03 1.983884347680000064e+04 2.000096505859999922e+02 -6.317606146419999646e+01 1.882948409480000009e+02
6.500000000000000222e-01 8.526619975780000459e+03 2.120334121500000037e+03 1.963065817899999820e+04 1.990911456320000070e+02 -6.290690081900000052e+01 1.875447070460000134e+02
6.500000000000000222e-01 8.508573272769999676e+03 1.983557640389999960e+03 1.943846935579999990e+04 1.987978016739999987e+02 -6.316970465469999851e+01 1.872318162770000072e+02
6.500000000000000222e-01 8.440239047720000599e+03 1.917513599959999965e+03 1.944723001799999838e+04 1.991437251419999939e+02 -6.253312052150000255e+01 1.873215522479999890e+02
6.500000000000000222e-01 8.672249524689999816e+03 1.826889578190000066e+03 1.953945817800000077e+04 1.987002572259999909e+02 -6.222834140249999990e+01 1.882702863449999882e+02
6.500000000000000222e-01 8.483728304410000419e+03 1.924557926349999889e+03 1.983834670740000001e+04 1.994151869560000137e+02 -6.234078458900000186e+01 1.879625818419999916e+02
6.500000000000000222e-01 8.456708684530000028e+03 1.763109242709999990e+03 1.974487429160000102e+04 1.997082705649999923e+02 -6.239096679389999878e+01 1.877847988720000103e+02
6.500000000000000222e-01 8.504880591020000793e+03 1.728109193329999925e+03 1.956769813739999881e+04 1.991990122329999906e+02 -6.203588299380000137e+01 1.869126277500000128e+02
6.500000000000000222e-01 8.395734000759999617e+03 1.771594178860000056e+03 1.966498304809999900e+04 1.993822225250000031e+02 -6.208716756759999811e+01 1.883625853389999918e+02
6.500000000000000222e-01 8.619384672969999883e+03 1.761816110949999938e+03 1.956916194209999958e+04 1.985620226759999980e+02 -6.193866239510000327e+01 1.880562833939999905e+02
6.500000000000000222e-01 8.722410518079999747e+03 1.970229524769999898e+03 1.966885807679999925e+04 1.988461142449999954e+02 -6.252004491259999952e+01 1.876386620469999968e+02
6.500000000000000222e-01 8.728303993170000467e+03 1.941400989609999897e+03 1.964705203819999952e+04 1.986708250480000117e+02 -6.244455194110000207e+01 1.881654289269999936e+02
6.500000000000000222e-01 8.442784687179999310e+03 1.795562341509999897e+03 1.949390149939999901e+04 1.995335140249999881e+02 -6.241005926849999952e+01 1.871311868509999954e+02
6.500000000000000222e-01 8.460703662080000868e+03 1.981765207509999982e+03 1.982385464589999901e+04 1.996330928120000010e+02 -6.265463374729999657e+01 1.882394023390000086e+02
6.500000000000000222e-01 8.447108872400000109e+03 2.040332037610000043e+03 1.948622563520000040e+04 1.984774192879999930e+02 -6.204123115880000228e+01 1.880698592930000075e+02
6.500000000000000222e-01 8.654302650339999673e+03 1.796315677790000109e+03 1.952775131419999889e+04 1.987190906490000089e+02 -6.224966001069999777e+01 1.872581201239999871e+02
6.500000000000000222e-01 8.610669291030000750e+03 1.737191318509999974e+03 1.964088422889999856e+04 1.989030646569999874e+02 -6.207134066060000066e+01 1.868282765630000029e+02
6.500000000000000222e-01 8.527867325870000059e+03 2.053012337279999883e+03 1.947686876699999993e+04 1.986190987969999924e+02 -6.189424525390000298e+01 1.880642531180000105e+02
6.500000000000000222e-01 8.690481590249999499e+03 1.803594087530000024e+03 1.968352634129999933e+04 1.990236514279999938e+02 -6.232669070200000050e+01 1.874584649360000128e+02
6.500000000000000222e-01 8.432894794840000031e+03 2.056385876769999868e+03 1.974380712169999970e+04 1.997926203129999863e+02 -6.320807682499999913e+01 1.885231273029999954e+02
6.500000000000000222e-01 8.656554022890000851e+03 1.812927748370000018e+03 1.974405052929999874e+04 1.989517357789999892e+02 -6.210479205000000036e+01 1.874856754379999870e+02
6.500000000000000222e-01 8.660713797349999368e+03 2.001939058409999916e+03 1.950915825219999897e+04 1.989584661199999971e+02 -6.224836051359999800e+01 1.883663382930000125e+02
6.500000000000000222e-01 8.482787117690000741e+03 1.887208686839999928e+03 1.943458999119999862e+04 1.981954860749999909e+02 -6.289110460810000092e+01 1.875795216699999912e+02
6.500000000000000222e-01 8.504040068759999485e+03 1.887951739500000031e+03 1.943160210039999947e+04 1.984640690770000049e+02 -6.281930013800000268e+01 1.875237922439999920e+02
6.500000000000000222e-01 8.346626129399999627e+03 1.864822876740000083e+03 1.970374410519999947e+04 1.991900982250000141e+02 -6.228039265519999645e+01 1.870773539459999881e+02
6.500000000000000222e-01 8.551891130089999933e+03 2.106315619529999822e+03 1.972770787629999904e+04 1.987646324160000120e+02 -6.246340251299999835e+01 1.880636324619999868e+02
6.500000000000000222e-01 8.453434540489999563e+03 2.074748676860000160e+03 1.972934052539999902e+04 1.995201846859999932e+02 -6.280716679980000094e+01 1.873574367109999912e+02
6.500000000000000222e-01 8.641484327349999148e+03 1.763781077130000085e+03 1.968619482140000036e+04 1.989417730289999895e+02 -6.215789880469999673e+01 1.870438235659999862e+02
6.500000000000000222e-01 8.691455502259999776e+03 2.024456683489999932e+03 1.958246786440000142e+04 1.988049424040000019e+02 -6.283151174879999701e+01 1.878526723710000113e+02
6.500000000000000222e-01 8.530251647279999816e+03 2.003710540349999974e+03 1.982901543239999955e+04 1.991332928630000083e+02 -6.159528035670000179e+01 1.877884858870000073e+02
6.500000000000000222e-01 8.675965290329999334e+03 1.803110363669999970e+03 1.969742466459999923e+04 1.986051016209999887e+02 -6.191270567450000328e+01 1.882108798790000037e+02
6.500000000000000222e-01 8.327268874330000472e+03 1.916556594169999926e+03 1.964728514609999911e+04 1.993198163540000110e+02 -6.245256843760000010e+01 1.865696748320000040e+02
6.500000000000000222e-01 8.584170524870000008e+03 2.098212241040000208e+03 1.972764395599999989e+04 1.987476775480000128e+02 -6.233449025800000243e+01 1.878610338610000099e+02
6.500000000000000222e-01 8.716228463629999169e+03 1.950353246339999941e+03 1.970771480879999945e+04 1.986095722469999885e+02 -6.242159599080000021e+01 1.884959311949999972e+02
1.390000000000000000e+04 -1.196654162589999942e+04 4.154705523100000391e+03 9.336888633579999805e+03 -2.249850921309999876e+02 1.983199801590000106e+02 -3.456807179090000091e+02
6.500000000000000222e-01 -1.192445619160000024e+04 4.138226933740000277e+03 9.471296440109999821e+03 -2.258904657900000075e+02 1.986620591969999907e+02 -3.454971520930000111e+02
6.500000000000000222e-01 -1.199569861499999934e+04 4.188047601569999642e+03 9.200472771049999210e+03 -2.250490836650000119e+02 1.986246173650000060e+02 -3.455369307920000210e+02
6.500000000000000222e-01 -1.200461945860000014e+04 4.171800122100000408e+03 9.477140041049999127e+03 -2.247478310140000133e+02 1.980851783399999988e+02 -3.452480710899999963e+02
6.500000000000000222e-01 -1.189210735220000061e+04 4.058684028350000062e+03 9.266712073759999839e+03 -2.251036689839999951e+02 1.988288221290000024e+02 -3.464190507640000192e+02
6.500000000000000222e-01 -1.188887748029999966e+04 4.051412478639999790e+03 9.287437025389999690e+03 -2.249791170729999976e+02 1.986291921069999944e+02 -3.456874564789999908e+02
6.500000000000000222e-01 -1.203910778939999909e+04 4.132122519509999620e+03 9.462277122839999720e+03 -2.254872139430000004e+02 1.985196261339999921e+02 -3.455400312599999779e+02
6.500000000000000222e-01 -1.203077098219999971e+04 4.120875823180000225e+03 9.216508988640000098e+03 -2.241402770939999982e+02 1.984666146140000080e+02 -3.458786274390000131e+02
6.500000000000000222e-01 -1.187523239490000014e+04 4.148475449280000248e+03 9.221960602229999495e+03 -2.252626566810000099e+02 1.982526663550000023e+02 -3.464486011899999767e+02
6.500000000000000222e-01 -1.188125464199999988e+04 4.071970462979999866e+03 9.400440711960000044e+03 -2.253247656439999957e+02 1.986779229590000000e+02 -3.460984333999999762e+02
6.500000000000000222e-01 -1.200786273210000036e+04 4.031151869809999880e+03 9.293495397779999621e+03 -2.249162846769999931e+02 1.989005723010000111e+02 -3.458399066879999850e+02
6.500000000000000222e-01 -1.193416571800000020e+04 4.062421138719999817e+03 9.431818109989999357e+03 -2.255360172370000100e+02 1.991158060479999961e+02 -3.454327499589999775e+02
6.500000000000000222e-01 -1.184551775989999987e+04 4.082146087329999773e+03 9.324453277599999637e+03 -2.250621257909999997e+02 1.984667610429999911e+02 -3.466863745250000193e+02
6.500000000000000222e-01 -1.192988402010000027e+04 4.030404310129999885e+03 9.375220828039999105e+03 -2.252264523970000027e+02 1.988168406700000048e+02 -3.460101937480000061e+02
6.500000000000000222e-01 -1.193733602889999929e+04 4.061778677729999799e+03 9.444437319040000148e+03 -2.249209781330000055e+02 1.981190868639999962e+02 -3.459424169029999803e+02
6.500000000000000222e-01 -1.201798215469999923e+04 4.207221217190000061e+03 9.214701736510000046e+03 -2.244126167889999977e+02 1.978871831280000038e+02 -3.459116723320000233e+02
6.500000000000000222e-01 -1.183005987079999977e+04 4.185157670450000296e+03 9.311760262300000250e+03 -2.251549569860000020e+02 1.981414458049999894e+02 -3.466506236939999894e+02
6.500000000000000222e-01 -1.199911473669999941e+04 4.286323567489999732e+03 9.376586080779999975e+03 -2.250965641900000094e+02 1.978732197749999955e+02 -3.448743560739999907e+02
6.500000000000000222e-01 -1.186000221530000090e+04 4.181749665760000426e+03 9.421583133070000258e+03 -2.251457141040000067e+02 1.983616673770000034e+02 -3.461960811060000083e+02
6.500000000000000222e-01 -1.186834056629999941e+04 4.253463071770000170e+03 9.343017105580000134e+03 -2.251461672679999992e+02 1.979551318430000038e+02 -3.457912424770000257e+02
6.500000000000000222e-01 -1.194075724719999926e+04 4.285377630099999806e+03 9.382786605589999454e+03 -2.252943077710000068e+02 1.978855115880000142e+02 -3.451086610329999758e+02
6.500000000000000222e-01 -1.183261942450000060e+04 4.198766661530000420e+03 9.330846695840000393e+03 -2.251226349579999919e+02 1.981302619170000128e+02 -3.466238536089999798e+02
6.500000000000000222e-01 -1.204656132819999948e+04 4.065745251870000175e+03 9.414807973270000730e+03 -2.248786523429999988e+02 1.989221574629999907e+02 -3.449102002939999920e+02
6.500000000000000222e-01 -1.209741272019999997e+04 4.141065795980000075e+03 9.292084782789999736e+03 -2.247520398339999872e+02 1.983692719260000104e+02 -3.452077653619999751e+02
6.500000000000000222e-01 -1.198438226519999989e+04 4.292130942740000137e+03 9.331286937430000762e+03 -2.249774142709999865e+02 1.979460431960000051e+02 -3.449937565829999926e+02
6.500000000000000222e-01 -1.192210010150000016e+04 4.161934758100000181e+03 9.471853440839999166e+03 -2.256626312260000020e+02 1.982731278269999962e+02 -3.455879650869999864e+02
6.500000000000000222e-01 -1.201402358810000078e+04 4.026735778780000146e+03 9.316919031859999450e+03 -2.249264856480000105e+02 1.987609366789999967e+02 -3.453532221689999915e+02
6.500000000000000222e-01 -1.190200907779999943e+04 4.250831910539999626e+03 9.253216047469999467e+03 -2.251482230420000121e+02 1.977603312560000006e+02 -3.463754327589999775e+02
6.500000000000000222e-01 -1.199321759890000067e+04 4.022153292970000166e+03 9.381077463210000133e+03 -2.248273107949999883e+02 1.985215263409999977e+02 -3.457684548780000000e+02
6.500000000000000222e-01 -1.184395889519999946e+04 4.119328027819999988e+03 9.392220579939999880e+03 -2.250127002250000032e+02 1.983447281480000015e+02 -3.465098820929999874e+02
6.500000000000000222e-01 -1.207336900249999962e+04 4.067574878769999941e+03 9.315993482149999181e+03 -2.248346296720000055e+02 1.986868179129999987e+02 -3.454584067310000250e+02
6.500000000000000222e-01 -1.203967554200000086e+04 4.244302890809999553e+03 9.424202302850000706e+03 -2.249710845650000124e+02 1.978938885759999948e+02 -3.448341590160000010e+02
6.500000000000000222e-01 -1.191061645289999979e+04 4.199321849160000056e+03 9.209889687999999296e+03 -2.242604195520000019e+02 1.984291961259999937e+02 -3.456099823949999745e+02
6.500000000000000222e-01 -1.188456694539999990e+04 4.050054306030000134e+03 9.382077758139999787e+03 -2.249665742930000079e+02 1.983800700529999972e+02 -3.464977515310000058e+02
6.500000000000000222e-01 -1.185158832079999956e+04 4.234349910230000205e+03 9.319699247430000469e+03 -2.251380980079999858e+02 1.980090867739999965e+02 -3.465735924929999783e+02
6.500000000000000222e-01 -1.190127534700000069e+04 4.274437105599999995e+03 9.306755677679999280e+03 -2.250427417450000007e+02 1.978041885270000080e+02 -3.463050241739999819e+02
6.500000000000000222e-01 -1.206564271519999966e+04 4.067640897199999927e+03 9.389531596139999237e+03 -2.247936397420000105e+02 1.987370799089999878e+02 -3.448472677579999868e+02
6.500000000000000222e-01 -1.206603182019999986e+04 4.252683675250000306e+03 9.363727146350000112e+03 -2.251173798560000137e+02 1.982133687049999935e+02 -3.459725477090000254e+02
6.500000000000000222e-01 -1.188316825190000054e+04 4.050360593819999849e+03 9.386591617460000634e+03 -2.250914916540000092e+02 1.985723140510000064e+02 -3.456086901830000215e+02
6.500000000000000222e-01 -1.184907528939999975e+04 4.210456315409999661e+03 9.387359793269999500e+03 -2.254479074850000018e+02 1.980551812500000040e+02 -3.453187648769999782e+02
6.500000000000000222e-01 -1.203632557140000063e+04 4.117754902679999759e+03 9.460013056120000329e+03 -2.257170141210000054e+02 1.983314699329999939e+02 -3.457272880369999939e+02
1.190000000000000000e+04 -7.981148271570000361e+03 5.805031885450000118e+03 -1.221113211849999971e+04 -2.580143029320000210e+02 -3.831978602009999690e+01 1.022398640429999972e+02
6.500000000000000222e-01 -8.079232638010000301e+03 5.888382811319999746e+03 -1.218660506879999957e+04 -2.579302457860000004e+02 -3.837266265539999921e+01 1.013733824560000016e+02
6.500000000000000222e-01 -8.044506557460000295e+03 5.782604919499999596e+03 -1.209627750100000048e+04 -2.579817498340000270e+02 -3.862069488769999737e+01 1.021109270139999978e+02
6.500000000000000222e-01 -7.907486433959999886e+03 5.783409206790000098e+03 -1.209736741289999918e+04 -2.580947803710000130e+02 -3.857634834019999914e+01 1.026873960390000065e+02
6.500000000000000222e-01 -7.903107135350000135e+03 5.843512637939999877e+03 -1.231173917710000023e+04 -2.579546932009999978e+02 -3.806524825439999660e+01 1.025260554829999933e+02
6.500000000000000222e-01 -7.884864792929999567e+03 5.869975495069999852e+03 -1.215131550400000015e+04 -2.584515538859999992e+02 -3.873215631930000313e+01 1.028691734119999950e+02
6.500000000000000222e-01 -8.017152430600000116e+03 5.882442904690000432e+03 -1.211130509349999920e+04 -2.576710341329999778e+02 -3.902857420560000179e+01 1.025794435170000014e+02
6.500000000000000222e-01 -7.936615246839999600e+03 5.697444879890000266e+03 -1.225937336940000023e+04 -2.582189756340000031e+02 -3.800688160410000194e+01 1.028728424730000057e+02
6.500000000000000222e-01 -8.022279228739999780e+03 5.689642941219999557e+03 -1.216600395460000072e+04 -2.578087807659999839e+02 -3.786223594559999839e+01 1.028858593260000021e+02
6.500000000000000222e-01 -7.983466226790000292e+03 5.693243206909999572e+03 -1.212869246070000008e+04 -2.574866623870000240e+02 -3.857780848640000215e+01 1.024638868279999997e+02
6.500000000000000222e-01 -7.927882327360000090e+03 5.898393542159999924e+03 -1.214085252500000024e+04 -2.579269223779999720e+02 -3.906357943089999907e+01 1.024109996440000003e+02
6.500000000000000222e-01 -7.855373184969999784e+03 5.797269387520000237e+03 -1.224104830360000051e+04 -2.584730145049999805e+02 -3.833374551600000046e+01 1.020175330800000069e+02
6.500000000000000222e-01 -7.958517541299999721e+03 5.678900938030000361e+03 -1.224106869940000070e+04 -2.579320204630000148e+02 -3.820674733500000286e+01 1.030076581269999991e+02
6.500000000000000222e-01 -7.898517952590000277e+03 5.703337639590000435e+03 -1.222704064680000010e+04 -2.581171938100000034e+02 -3.816146940189999981e+01 1.025664297999999945e+02
6.500000000000000222e-01 -7.976343163110000205e+03 5.716742926910000278e+03 -1.231098393519999991e+04 -2.579549795670000094e+02 -3.848446270489999677e+01 1.025783837959999971e+02
6.500000000000000222e-01 -8.081331573360000220e+03 5.800407186379999985e+03 -1.212797875290000047e+04 -2.577630813470000248e+02 -3.841856386759999964e+01 1.019862565100000040e+02
6.500000000000000222e-01 -7.878712074250000114e+03 5.725821119950000138e+03 -1.222630911249999917e+04 -2.581593404110000165e+02 -3.823209523210000071e+01 1.031466474009999956e+02
6.500000000000000222e-01 -7.926761299290000352e+03 5.769941970439999750e+03 -1.232315961480000078e+04 -2.586565583490000222e+02 -3.778031755680000003e+01 1.021175863939999999e+02
6.500000000000000222e-01 -7.917232983840000088e+03 5.782480441290000272e+03 -1.209240706080000018e+04 -2.575010933030000047e+02 -3.867754236870000284e+01 1.023123372019999948e+02
6.500000000000000222e-01 -8.068759109319999880e+03 5.711459892330000002e+03 -1.222771174160000010e+04 -2.577725303359999884e+02 -3.792820771390000090e+01 1.020883103710000057e+02
6.500000000000000222e-01 -8.035565274999999929e+03 5.908743134430000282e+03 -1.216726297010000053e+04 -2.576891667219999817e+02 -3.881112921089999901e+01 1.019943792260000066e+02
6.500000000000000222e-01 -7.950505942169999798e+03 5.703229640859999563e+03 -1.212178593320000073e+04 -2.577890279310000210e+02 -3.811588386230000225e+01 1.030400052880000032e+02
6.500000000000000222e-01 -8.033404553819999819e+03 5.809602986459999556e+03 -1.233731350910000037e+04 -2.575629962300000102e+02 -3.806089875760000041e+01 1.016939632440000025e+02
6.500000000000000222e-01 -8.063204020479999599e+03 5.836720001620000403e+03 -1.211238818739999988e+04 -2.580058606059999988e+02 -3.834754719789999911e+01 1.019421771380000052e+02
6.500000000000000222e-01 -7.919018991670000105e+03 5.872187868899999557e+03 -1.230761355729999923e+04 -2.585828140190000113e+02 -3.810749893869999738e+01 1.021230249609999987e+02
6.500000000000000222e-01 -8.048035687849999704e+03 5.750713235680000253e+03 -1.231277499589999934e+04 -2.584081818149999776e+02 -3.812060087369999906e+01 1.024159301180000057e+02
6.500000000000000222e-01 -7.999639368529999956e+03 5.734055359869999847e+03 -1.232312839779999922e+04 -2.579428534890000151e+02 -3.837075705800000236e+01 1.023260736839999936e+02
6.500000000000000222e-01 -8.006580472200000258e+03 5.733145903200000248e+03 -1.231783386579999933e+04 -2.583518288700000198e+02 -3.820180164690000169e+01 1.024805439160000020e+02
6.500000000000000222e-01 -7.858587612330000411e+03 5.794741736109999692e+03 -1.225120439459999943e+04 -2.585172375820000070e+02 -3.829502633909999787e+01 1.020157163690000033e+02
6.500000000000000222e-01 -7.961181308799999897e+03 5.758842222930000389e+03 -1.208311224399999992e+04 -2.580458062100000234e+02 -3.793028393390000019e+01 1.028274431100000044e+02
6.500000000000000222e-01 -7.979473210010000003e+03 5.678223126580000098e+03 -1.223192616869999983e+04 -2.580419671419999759e+02 -3.800632564610000230e+01 1.029786693509999935e+02
6.500000000000000222e-01 -7.957428388229999655e+03 5.675212850359999720e+03 -1.220300116850000086e+04 -2.579140098940000030e+02 -3.813346292869999843e+01 1.020101707919999967e+02
6.500000000000000222e-01 -7.922346359819999634e+03 5.766541793370000050e+03 -1.232228493630000048e+04 -2.587472273800000266e+02 -3.777395845000000207e+01 1.018974104570000065e+02
6.500000000000000222e-01 -7.851262888119999843e+03 5.813609361460000400e+03 -1.220658884949999992e+04 -2.583308130529999858e+02 -3.843401030140000074e+01 1.030245492170000006e+02
6.500000000000000222e-01 -7.928767288760000156e+03 5.863327424449999853e+03 -1.231972126729999945e+04 -2.587629048300000250e+02 -3.831838860389999724e+01 1.018422978130000018e+02
6.500000000000000222e-01 -7.983529978100000335e+03 5.678438845429999674e+03 -1.217437364600000001e+04 -2.578781617959999721e+02 -3.793065778889999962e+01 1.031249649720000008e+02
6.500000000000000222e-01 -8.070292269649999980e+03 5.894931069479999678e+03 -1.226481661960000019e+04 -2.582056405629999745e+02 -3.810361110710000077e+01 1.022176547969999945e+02
6.500000000000000222e-01 -7.973650179410000419e+03 5.840289131909999924e+03 -1.208184171779999997e+04 -2.579546110160000012e+02 -3.923258841319999846e+01 1.025730514939999978e+02
6.500000000000000222e-01 -7.922139414840000427e+03 5.795001976710000235e+03 -1.233014501879999989e+04 -2.579011494769999899e+02 -3.820787927719999999e+01 1.023861777860000046e+02
6.500000000000000222e-01 -7.990040999290000400e+03 5.800360346380000010e+03 -1.207586544160000085e+04 -2.571882484569999860e+02 -3.848003638419999817e+01 1.024993766089999951e+02
6.500000000000000222e-01 -8.032117622300000221e+03 5.784400005339999552e+03 -1.208839285299999938e+04 -2.582124409240000205e+02 -3.866953903819999994e+01 1.021509829289999942e+02
