3.450000000000000000e+05 4.354494954370000414e+03 3.348926232889999937e+03 7.834545311750000110e+03 1.092586477469999977e+02 -2.685654824170000055e+01 -3.916259691020000133e+01
6.500000000000000222e-01 4.628947460030000002e+03 3.196303234500000144e+03 7.438089440280000417e+03 1.055305273050000068e+02 -2.694454295310000091e+01 -4.889437617619999799e+01
6.500000000000000222e-01 4.620358800789999805e+03 3.360437269949999973e+03 7.443749081439999827e+03 1.009681710549999991e+02 -3.142913433560000058e+01 -5.107482826140000043e+01
6.500000000000000222e-01 4.664245827589999863e+03 3.307770041889999902e+03 7.405326263869999821e+03 9.986336706449999667e+01 -3.207098861539999746e+01 -5.326394125619999897e+01
6.500000000000000222e-01 4.417566644339999584e+03 3.403747228100000029e+03 7.632345328489999702e+03 1.054659180969999994e+02 -3.134427519509999982e+01 -4.281998747619999790e+01
6.500000000000000222e-01 4.301002283640000314e+03 3.474933549549999952e+03 7.703252880269999878e+03 1.048981016869999934e+02 -3.050154242829999873e+01 -4.373649322810000228e+01
6.500000000000000222e-01 4.345846891860000142e+03 3.183973734780000086e+03 7.642370670489999611e+03 1.005327377320000011e+02 -3.082799510550000122e+01 -5.052849240959999833e+01
6.500000000000000222e-01 4.544894529920000423e+03 3.248788477290000174e+03 7.423983178999999836e+03 1.023172765839999983e+02 -3.239787746620000064e+01 -5.355902397109999669e+01
6.500000000000000222e-01 4.294515109099999790e+03 3.246850925239999924e+03 7.668308113809999668e+03 1.006300224560000061e+02 -2.949987377700000124e+01 -4.915148448059999708e+01
6.500000000000000222e-01 4.235539825030000429e+03 3.368365236919999916e+03 7.719170356270000411e+03 1.071184954640000058e+02 -3.128563407780000105e+01 -4.394370061899999769e+01
6.500000000000000222e-01 4.362400421860000279e+03 3.328403732350000155e+03 7.622230219289999695e+03 1.001711033830000019e+02 -3.059440797670000123e+01 -4.876080027969999975e+01
6.500000000000000222e-01 4.604260593940000035e+03 3.353494510779999928e+03 7.472080582409999806e+03 9.988241023829999676e+01 -3.167028865210000177e+01 -5.143753557229999984e+01
6.500000000000000222e-01 4.708450041070000225e+03 3.128722615900000164e+03 7.339241350770000281e+03 1.031157885599999986e+02 -3.179026275660000067e+01 -5.362395780429999803e+01
6.500000000000000222e-01 4.549121135170000343e+03 3.156892238540000108e+03 7.428871806660000402e+03 1.012521910990000009e+02 -3.054215235419999885e+01 -5.450911597879999704e+01
6.500000000000000222e-01 4.613093589930000235e+03 3.126088925399999880e+03 7.390510657140000149e+03 1.040561918890000044e+02 -3.274827363520000034e+01 -5.312880477230000054e+01
6.500000000000000222e-01 4.689179660720000356e+03 3.268385091290000219e+03 7.367035877590000382e+03 1.023185368869999934e+02 -3.186283688440000006e+01 -5.236543778749999944e+01
6.500000000000000222e-01 4.482542229720000250e+03 3.443239712869999948e+03 7.451975868509999600e+03 1.054947701939999973e+02 -3.092511873480000162e+01 -4.874376355279999729e+01
6.500000000000000222e-01 4.653760249150000163e+03 3.310166988139999830e+03 7.388874026120000053e+03 9.844124567789999958e+01 -3.211599330659999652e+01 -5.455536736860000246e+01
6.500000000000000222e-01 4.465006618770000387e+03 3.087630570929999976e+03 7.528640503319999880e+03 1.031987786069999942e+02 -3.005226253129999847e+01 -5.184425504560000064e+01
6.500000000000000222e-01 4.200438872040000206e+03 3.234362768880000203e+03 7.736850976290000290e+03 1.089016365319999977e+02 -2.769747014900000082e+01 -4.514604563030000151e+01
6.500000000000000222e-01 4.295638653510000040e+03 3.162312614380000014e+03 7.691579092940000010e+03 1.052573543750000056e+02 -2.789770118470000071e+01 -4.838861149849999777e+01
6.500000000000000222e-01 4.612632159480000155e+03 3.326308802219999961e+03 7.326475949530000435e+03 9.878634700249999412e+01 -3.123057861650000078e+01 -5.661531329999999684e+01
6.500000000000000222e-01 4.493573227500000030e+03 3.170994387579999966e+03 7.482870477100000244e+03 1.018384265140000053e+02 -3.258861804880000079e+01 -5.348586017299999895e+01
6.500000000000000222e-01 4.522397574360000363e+03 3.367244171270000152e+03 7.400429705450000256e+03 1.058392928189999935e+02 -3.173106265890000088e+01 -4.867910931120000129e+01
6.500000000000000222e-01 4.607166345480000018e+03 3.265867532610000126e+03 7.385495598139999856e+03 1.019926955539999938e+02 -3.235197208940000024e+01 -5.375850838360000239e+01
6.500000000000000222e-01 4.655680578090000381e+03 3.280028659770000104e+03 7.359946779210000386e+03 1.003663336879999974e+02 -3.217771135299999941e+01 -5.457413645289999948e+01
6.500000000000000222e-01 4.365217346770000404e+03 3.124102040039999792e+03 7.623892006029999720e+03 1.016902829250000053e+02 -3.135763319369999991e+01 -5.140653876449999871e+01
6.500000000000000222e-01 4.673081594799999948e+03 3.279767983839999943e+03 7.273121334510000452e+03 9.823313466029999574e+01 -3.074369037159999962e+01 -5.843063243790000172e+01
6.500000000000000222e-01 4.510322292410000045e+03 3.316662453490000189e+03 7.525712941779999710e+03 9.925621573620000504e+01 -3.195346052540000059e+01 -5.166843813180000211e+01
6.500000000000000222e-01 4.512283926389999579e+03 3.299989026759999888e+03 7.432006451690000176e+03 1.001857854240000023e+02 -3.118988032360000062e+01 -5.435347426660000281e+01
6.500000000000000222e-01 4.303785755269999754e+03 3.426642521820000184e+03 7.623477560960000119e+03 1.026445384769999976e+02 -2.913769514710000053e+01 -4.968094922619999920e+01
6.500000000000000222e-01 4.509399683710000318e+03 3.351471564410000155e+03 7.503093480860000454e+03 1.029105255940000063e+02 -3.194360085439999963e+01 -5.004687354240000019e+01
6.500000000000000222e-01 4.290349456730000384e+03 3.490087705909999841e+03 7.640183629359999941e+03 1.044501350480000070e+02 -2.953868525729999917e+01 -4.823250116549999689e+01
6.500000000000000222e-01 4.503204738419999558e+03 3.316903001940000195e+03 7.491148565159999634e+03 9.867188167369999974e+01 -3.146646662959999929e+01 -5.289346681069999789e+01
6.500000000000000222e-01 4.270628353289999723e+03 3.268592165080000086e+03 7.600876803330000257e+03 1.101725646149999989e+02 -2.703647309329999970e+01 -4.589321201789999805e+01
6.500000000000000222e-01 4.472659456510000382e+03 3.453309661429999778e+03 7.463354021209999701e+03 1.018199899210000012e+02 -3.008854954199999909e+01 -5.126784663229999950e+01
6.500000000000000222e-01 4.461913867440000104e+03 3.356688612230000217e+03 7.482849889740000435e+03 1.008346823650000061e+02 -3.087965553460000123e+01 -5.258182407249999812e+01
6.500000000000000222e-01 4.367817645049999555e+03 3.145609577820000140e+03 7.623756896369999595e+03 1.031410185630000029e+02 -2.960100366089999824e+01 -5.095037575450000134e+01
6.500000000000000222e-01 4.542859489819999908e+03 3.146502693490000183e+03 7.391946470990000307e+03 1.060967082699999935e+02 -3.366657886139999789e+01 -4.861081170820000352e+01
6.500000000000000222e-01 4.223049751030000152e+03 3.481158208490000106e+03 7.784436996620000173e+03 1.036085413609999932e+02 -2.041052234040000002e+01 -4.065601650749999862e+01
6.500000000000000222e-01 4.481747184279999601e+03 3.407447978579999926e+03 7.636966787940000359e+03 1.028166123820000024e+02 -3.122311331719999927e+01 -4.584124705029999802e+01
6.500000000000000222e-01 4.555136990300000434e+03 3.193586436019999837e+03 7.417828151560000151e+03 1.004063648199999932e+02 -3.117247970080000030e+01 -5.619481107170000200e+01
6.500000000000000222e-01 4.250766001850000066e+03 3.268805498319999970e+03 7.704605844190000425e+03 1.033166961090000058e+02 -2.707010855949999950e+01 -4.843972144250000156e+01
6.500000000000000222e-01 4.490899496160000126e+03 3.062200206869999874e+03 7.506627991569999722e+03 1.026575992279999952e+02 -3.211569041500000310e+01 -5.314949325410000114e+01
6.500000000000000222e-01 4.503126636799999687e+03 3.344768899820000115e+03 7.470592298180000398e+03 1.007616058689999932e+02 -3.152270636540000126e+01 -5.249277661840000064e+01
6.500000000000000222e-01 4.398702169340000182e+03 3.486161485980000180e+03 7.503602764510000270e+03 1.030328846400000060e+02 -2.965668184999999824e+01 -5.123481888309999732e+01
6.500000000000000222e-01 4.415284917779999887e+03 3.346606809710000107e+03 7.560038486770000418e+03 1.016666641359999943e+02 -3.156017422580000087e+01 -5.039640927260000325e+01
6.500000000000000222e-01 4.034731703620000189e+03 3.552526596180000070e+03 8.156602668849999645e+03 1.141493691440000049e+02 -2.489856643759999955e+01 -2.698818372070000038e+01
6.500000000000000222e-01 4.424991683659999580e+03 3.328583654649999971e+03 7.552275326519999908e+03 1.011579432820000051e+02 -3.157878299380000087e+01 -5.092596869580000174e+01
6.500000000000000222e-01 4.482993187189999844e+03 3.072732158700000127e+03 7.515711954280000100e+03 1.037468418130000032e+02 -2.988693748940000106e+01 -5.170538596779999807e+01
6.500000000000000222e-01 4.705782893810000132e+03 3.194271363649999785e+03 7.354248707689999719e+03 1.032292489560000064e+02 -3.202380867819999821e+01 -5.254002550359999901e+01
6.500000000000000222e-01 4.266688233930000024e+03 3.467877488539999831e+03 7.725035570990000451e+03 1.053225988559999990e+02 -3.051706950919999883e+01 -4.462784573169999902e+01
6.500000000000000222e-01 3.927838867410000148e+03 3.796835285090000070e+03 8.737793153029999303e+03 1.128854556760000065e+02 -1.900758670929999994e+01 -1.800746867020000153e+01
6.500000000000000222e-01 4.317978660869999658e+03 3.271245410900000024e+03 7.623765705640000306e+03 1.010174943589999970e+02 -3.012066008140000051e+01 -5.016584897820000322e+01
6.500000000000000222e-01 4.435800015329999951e+03 3.442363627010000073e+03 7.518638898799999879e+03 1.042437418180000037e+02 -3.078200032049999990e+01 -4.848033505659999776e+01
6.500000000000000222e-01 4.398537605540000186e+03 3.262433121600000050e+03 7.601274040889999924e+03 9.969298343920000605e+01 -3.159126493750000009e+01 -5.076710067770000023e+01
6.500000000000000222e-01 4.350855189380000411e+03 3.434061524849999842e+03 7.643973411330000090e+03 1.031296253219999954e+02 -3.090877588680000088e+01 -4.653027202730000056e+01
6.500000000000000222e-01 4.503288336180000442e+03 3.329064341039999817e+03 7.484977336320000177e+03 1.001652713219999953e+02 -3.166669663529999923e+01 -5.245131331919999695e+01
6.500000000000000222e-01 4.446878411620000406e+03 3.372177790530000038e+03 7.513356231320000006e+03 1.018389317710000057e+02 -3.125767666759999841e+01 -5.118498958339999660e+01
6.500000000000000222e-01 4.497823346979999769e+03 3.338060828860000129e+03 7.519541771920000429e+03 1.052920296439999959e+02 -3.209054986609999816e+01 -4.728431116029999970e+01
6.500000000000000222e-01 4.067993368169999940e+03 3.625099673019999955e+03 8.199512401260000843e+03 1.120434423220000042e+02 -2.413807929600000080e+01 -2.805985612379999949e+01
6.500000000000000222e-01 4.661478116049999699e+03 3.304741719640000156e+03 7.272027798539999822e+03 9.792712147589999461e+01 -3.049107406690000133e+01 -5.883410721420000300e+01
6.500000000000000222e-01 4.272692952440000226e+03 3.350185680789999878e+03 7.693500290070000119e+03 1.066241448140000045e+02 -3.236459427839999847e+01 -4.329647280580000057e+01
6.500000000000000222e-01 4.512737690869999824e+03 3.455435529140000199e+03 7.407740113589999964e+03 1.008389708020000057e+02 -3.000902070629999940e+01 -5.314262884250000241e+01
6.500000000000000222e-01 4.505177528379999785e+03 3.351726364220000050e+03 7.425333869799999775e+03 9.999641047549999939e+01 -2.877308651650000115e+01 -5.522704405519999682e+01
6.500000000000000222e-01 4.543885620779999954e+03 3.335325848450000194e+03 7.409180003499999657e+03 9.974632083500000590e+01 -3.144840512469999894e+01 -5.462210898939999737e+01
6.500000000000000222e-01 4.292399474019999616e+03 3.375756937579999885e+03 7.641105632439999681e+03 1.057517687229999979e+02 -3.169613669419999979e+01 -4.414111531359999674e+01
6.500000000000000222e-01 4.646925418560000253e+03 3.318928820669999823e+03 7.289911659710000094e+03 9.818437356510000313e+01 -3.118042623699999893e+01 -5.767442714660000291e+01
6.500000000000000222e-01 4.271067700650000006e+03 3.463918026299999838e+03 7.660964082000000417e+03 1.041791472430000027e+02 -2.922088637259999899e+01 -4.787026748960000333e+01
6.500000000000000222e-01 4.657754929020000418e+03 3.339846709550000014e+03 7.455399404580000009e+03 1.039178780040000021e+02 -3.094651307270000018e+01 -4.792242653939999997e+01
6.500000000000000222e-01 4.085112851500000033e+03 3.437821045990000130e+03 7.991635107639999660e+03 1.115010323970000030e+02 -2.782312262370000155e+01 -3.470082895240000198e+01
6.500000000000000222e-01 4.322195057259999885e+03 3.442625800740000159e+03 7.612873059350000403e+03 1.034564725639999949e+02 -3.030588700479999886e+01 -4.853504664519999778e+01
6.500000000000000222e-01 4.446464655320000020e+03 3.454530911450000076e+03 7.544961240620000353e+03 1.033406932080000047e+02 -3.042528778719999849e+01 -4.750057233630000297e+01
6.500000000000000222e-01 4.297056408270000247e+03 3.384232212450000134e+03 7.737707725039999787e+03 1.052329557289999968e+02 -3.309329302919999805e+01 -4.411707094300000165e+01
6.500000000000000222e-01 4.573400684129999718e+03 3.403972394890000032e+03 7.343389908309999555e+03 9.903972122909999598e+01 -3.048482688169999832e+01 -5.584337769590000278e+01
6.500000000000000222e-01 4.345491627860000335e+03 3.338959910250000121e+03 7.608863221499999781e+03 1.014546542979999941e+02 -3.105797858229999875e+01 -4.936835653429999837e+01
6.500000000000000222e-01 4.284837410969999837e+03 3.346867372119999800e+03 7.653127676959999917e+03 1.077732530990000015e+02 -3.213130244879999964e+01 -4.150511076120000098e+01
6.500000000000000222e-01 4.516481120409999676e+03 3.303533889549999913e+03 7.441562833859999955e+03 1.009218496069999986e+02 -3.174100019349999968e+01 -5.366494143820000318e+01
6.500000000000000222e-01 4.374369362980000005e+03 3.431900712189999922e+03 7.563674968690000242e+03 1.039339379200000053e+02 -3.112788262069999945e+01 -4.957719079649999827e+01
6.500000000000000222e-01 4.475090787510000155e+03 3.428476967770000101e+03 7.540039304599999923e+03 1.024680966239999975e+02 -3.075414922290000064e+01 -4.830751612529999761e+01
6.500000000000000222e-01 4.528788372949999939e+03 3.349257491530000152e+03 7.437715410970000448e+03 1.024875988489999941e+02 -3.176495867919999938e+01 -5.225327136180000309e+01
6.500000000000000222e-01 4.665447994770000150e+03 3.081638191850000112e+03 7.357563452379999944e+03 1.043574339439999932e+02 -3.224845467520000142e+01 -5.293502381630000286e+01
6.500000000000000222e-01 4.710541622779999670e+03 3.212224663840000176e+03 7.316921827060000396e+03 9.943618039659999397e+01 -3.031144068449999907e+01 -5.725883743119999991e+01
6.500000000000000222e-01 3.969063751860000139e+03 3.532686248139999861e+03 8.222259658159999162e+03 1.133930576129999963e+02 -2.426121133539999875e+01 -2.709469482980000166e+01
6.500000000000000222e-01 4.319357226600000104e+03 3.451871368040000107e+03 7.613832997329999671e+03 1.045371021739999975e+02 -3.021159875100000036e+01 -4.514388887650000015e+01
6.500000000000000222e-01 4.337231147129999954e+03 3.432268204500000138e+03 7.657630869810000149e+03 1.033014344900000054e+02 -3.105927613649999941e+01 -4.634685018990000316e+01
6.500000000000000222e-01 4.182669477860000370e+03 3.412759400630000073e+03 7.770665629869999975e+03 1.084666110200000020e+02 -2.777078791159999938e+01 -4.416954871640000135e+01
6.500000000000000222e-01 4.603961839650000002e+03 3.225771647359999861e+03 7.387331134989999555e+03 1.057648378060000027e+02 -3.266078326360000261e+01 -4.977511944260000121e+01
6.500000000000000222e-01 4.308040638370000124e+03 3.212845380409999962e+03 7.624000733789999686e+03 1.106788738439999946e+02 -2.960235378610000012e+01 -4.444601217550000172e+01
6.500000000000000222e-01 4.608062322359999598e+03 3.312178223450000132e+03 7.331466723229999843e+03 9.904804013669999563e+01 -3.124082712719999932e+01 -5.654076792490000258e+01
6.500000000000000222e-01 4.467199501469999632e+03 3.443758789919999799e+03 7.503835146630000054e+03 1.029746186090000037e+02 -3.056693393799999825e+01 -4.920898738620000046e+01
6.500000000000000222e-01 4.514457143470000119e+03 3.160313437620000059e+03 7.456942798869999933e+03 1.010493353210000009e+02 -3.150487740899999878e+01 -5.423803172139999873e+01
6.500000000000000222e-01 4.482151821610000297e+03 3.403314810129999842e+03 7.475968982020000112e+03 1.001149126210000020e+02 -3.035902187710000177e+01 -5.193017127329999738e+01
6.500000000000000222e-01 4.518894396259999667e+03 3.366192974099999901e+03 7.408411585089999789e+03 1.000972186390000047e+02 -3.064213506749999993e+01 -5.445102677100000221e+01
6.500000000000000222e-01 4.544180814919999648e+03 3.219353022809999857e+03 7.419054522039999938e+03 1.002531259349999999e+02 -3.092548262100000045e+01 -5.622388572199999857e+01
6.500000000000000222e-01 4.597313150240000141e+03 3.081698385189999954e+03 7.407222205930000200e+03 1.029586916949999988e+02 -3.207417527530000001e+01 -5.396936741740000087e+01
6.500000000000000222e-01 4.413501208470000165e+03 3.311140409180000006e+03 7.579963674079999691e+03 9.954767891769999721e+01 -3.099930579600000158e+01 -5.054563076619999862e+01
6.500000000000000222e-01 4.443234039339999981e+03 3.489503998069999852e+03 7.488592599540000265e+03 1.034683565469999991e+02 -2.977797264779999864e+01 -4.908411234900000153e+01
6.500000000000000222e-01 4.662030904760000340e+03 3.312198257890000150e+03 7.371679956740000307e+03 9.942594340509999995e+01 -3.193983301609999970e+01 -5.424896981220000214e+01
6.500000000000000222e-01 4.449511363739999979e+03 3.379889090109999870e+03 7.512513587950000328e+03 1.019352381620000045e+02 -3.121085969800000015e+01 -5.100617016329999842e+01
6.500000000000000222e-01 4.464544952260000173e+03 3.485818464880000192e+03 7.467852176719999989e+03 1.042035581850000057e+02 -3.012106532729999842e+01 -4.909613814360000106e+01
1.390000000000000000e+04 -2.950734268140000131e+04 2.344967492069999935e+04 -3.441515884550000192e+04 -9.453327121430000091e+01 1.238752126539999949e+02 -3.213635781859999838e+02
6.500000000000000222e-01 -2.950765535979999913e+04 2.348447688669999843e+04 -3.435241697579999891e+04 -9.445866315979999683e+01 1.239197728649999988e+02 -3.225541222019999736e+02
6.500000000000000222e-01 -2.950907706450000114e+04 2.348031096990000151e+04 -3.441806773660000181e+04 -9.505238781250000102e+01 1.226146980200000058e+02 -3.228740681400000199e+02
6.500000000000000222e-01 -2.960550747000000047e+04 2.349562929739999890e+04 -3.432332394829999976e+04 -9.474886643179999623e+01 1.242488098820000033e+02 -3.221263603229999717e+02
6.500000000000000222e-01 -2.957250654299999951e+04 2.341555621679999967e+04 -3.434617842930000188e+04 -9.477910790139999619e+01 1.236217323999999991e+02 -3.224294342989999791e+02
6.500000000000000222e-01 -2.968787459989999843e+04 2.352370454339999924e+04 -3.437696177789999638e+04 -9.484819460839999294e+01 1.247871519170000028e+02 -3.217730700679999813e+02
6.500000000000000222e-01 -2.955286914249999973e+04 2.349022711029999846e+04 -3.434911714870000287e+04 -9.464187420380000049e+01 1.242384795349999962e+02 -3.224629445799999985e+02
6.500000000000000222e-01 -2.951567674579999948e+04 2.347733552879999843e+04 -3.441976696890000312e+04 -9.492023068310000156e+01 1.224366239210000060e+02 -3.228375191599999994e+02
6.500000000000000222e-01 -2.962162779349999983e+04 2.348923379710000154e+04 -3.434660501459999796e+04 -9.533120707630000368e+01 1.237271434390000024e+02 -3.223210599079999952e+02
6.500000000000000222e-01 -2.956689323829999921e+04 2.347273738719999892e+04 -3.429339720400000078e+04 -9.440508769839999559e+01 1.238804414119999961e+02 -3.218692545040000255e+02
6.500000000000000222e-01 -2.957207361880000099e+04 2.347057275139999911e+04 -3.435052029700000276e+04 -9.467661317719999658e+01 1.241305576900000034e+02 -3.224519135819999747e+02
6.500000000000000222e-01 -2.944375219099999958e+04 2.338686238850000154e+04 -3.442642362049999792e+04 -9.448683000789999653e+01 1.241196910879999962e+02 -3.224709757460000219e+02
6.500000000000000222e-01 -2.952478820659999838e+04 2.341213536989999920e+04 -3.437810249250000197e+04 -9.539927785250000625e+01 1.229102874959999951e+02 -3.224082869979999941e+02
6.500000000000000222e-01 -2.957777789610000036e+04 2.343881039840000085e+04 -3.430412591129999782e+04 -9.466992577530000119e+01 1.234583732840000039e+02 -3.219862194070000214e+02
6.500000000000000222e-01 -2.951292012800000157e+04 2.350141036280000117e+04 -3.435920511870000337e+04 -9.458771385759999362e+01 1.239311521270000043e+02 -3.225687280669999950e+02
6.500000000000000222e-01 -2.956254503679999834e+04 2.352476641129999916e+04 -3.436492550769999798e+04 -9.495239036700000668e+01 1.240183099380000016e+02 -3.225208313190000240e+02
6.500000000000000222e-01 -2.951202502810000078e+04 2.349594541029999891e+04 -3.439336936129999958e+04 -9.484207356609999806e+01 1.234334091599999965e+02 -3.228286049150000281e+02
6.500000000000000222e-01 -2.961952112449999913e+04 2.352014704920000077e+04 -3.434963326809999853e+04 -9.537418291340000565e+01 1.244707355320000062e+02 -3.223949208129999988e+02
6.500000000000000222e-01 -2.968438522290000037e+04 2.354810617730000013e+04 -3.434752167329999793e+04 -9.560993462090000605e+01 1.242832399790000011e+02 -3.223220822810000072e+02
6.500000000000000222e-01 -2.968669691709999825e+04 2.346656110529999933e+04 -3.435634393439999985e+04 -9.539360299950000410e+01 1.242998071110000069e+02 -3.223474626510000007e+02
6.500000000000000222e-01 -2.950200879260000147e+04 2.340071766170000046e+04 -3.438192849849999766e+04 -9.550262754460000281e+01 1.231133236440000047e+02 -3.222631067059999737e+02
6.500000000000000222e-01 -2.960580567570000130e+04 2.350554878960000133e+04 -3.434696779429999879e+04 -9.528533628840000347e+01 1.243775519849999966e+02 -3.223648594339999818e+02
6.500000000000000222e-01 -2.950232723210000040e+04 2.341738984759999948e+04 -3.440117236840000260e+04 -9.587370384679999802e+01 1.237280987000000039e+02 -3.225371584559999860e+02
6.500000000000000222e-01 -2.971875024860000121e+04 2.354264615110000159e+04 -3.434758872580000025e+04 -9.528037808489999350e+01 1.244788738409999951e+02 -3.218771173530000169e+02
6.500000000000000222e-01 -2.952977366170000096e+04 2.341357944159999897e+04 -3.437606844390000333e+04 -9.535705393780000350e+01 1.232923296019999952e+02 -3.225129708110000024e+02
6.500000000000000222e-01 -2.966117394250000143e+04 2.345396405379999851e+04 -3.436157769389999885e+04 -9.512681333829999630e+01 1.243200294539999931e+02 -3.223337825009999733e+02
6.500000000000000222e-01 -2.943997908599999937e+04 2.338314433730000019e+04 -3.444516051480000169e+04 -9.436302114410000286e+01 1.243782582829999939e+02 -3.223269765669999742e+02
6.500000000000000222e-01 -2.953055319930000041e+04 2.347740808530000140e+04 -3.435942247499999939e+04 -9.467193434269999841e+01 1.243819028529999997e+02 -3.225733670019999977e+02
6.500000000000000222e-01 -2.955106868459999896e+04 2.350004229489999852e+04 -3.437543412260000332e+04 -9.486002103190000412e+01 1.236517937910000029e+02 -3.226235872020000102e+02
6.500000000000000222e-01 -2.965082569000000149e+04 2.351300924529999975e+04 -3.434792601930000092e+04 -9.562277945850000549e+01 1.235508046770000021e+02 -3.221432728679999968e+02
6.500000000000000222e-01 -2.962238232090000020e+04 2.348873057179999887e+04 -3.436785148540000228e+04 -9.488496841440000651e+01 1.247462871200000052e+02 -3.223407777229999738e+02
6.500000000000000222e-01 -2.949470431939999980e+04 2.344737514459999875e+04 -3.439014508090000163e+04 -9.489643116679999935e+01 1.238000961599999954e+02 -3.233376125269999761e+02
6.500000000000000222e-01 -2.959043039340000178e+04 2.353889963300000090e+04 -3.434081480849999934e+04 -9.505974933839999608e+01 1.247108164039999991e+02 -3.223063527799999974e+02
6.500000000000000222e-01 -2.957187324670000089e+04 2.347416051059999882e+04 -3.436082049289999850e+04 -9.486543209949999778e+01 1.240969080459999958e+02 -3.225508095769999954e+02
6.500000000000000222e-01 -2.953497671469999841e+04 2.350917660189999879e+04 -3.435701156749999791e+04 -9.448791395130000126e+01 1.250680203919999940e+02 -3.221865513170000099e+02
6.500000000000000222e-01 -2.951320086520000041e+04 2.344788864969999850e+04 -3.442405962400000135e+04 -9.358691376039999454e+01 1.263746568530000047e+02 -3.232931106240000076e+02
6.500000000000000222e-01 -2.962670905679999851e+04 2.351180740539999897e+04 -3.435036646369999653e+04 -9.540500318479999464e+01 1.243835880010000068e+02 -3.223991859750000231e+02
6.500000000000000222e-01 -2.937830446959999972e+04 2.337277891900000031e+04 -3.444623670529999799e+04 -9.428907303350000291e+01 1.238070595129999987e+02 -3.221031578349999904e+02
6.500000000000000222e-01 -2.964808281989999887e+04 2.350870252339999934e+04 -3.427062449750000087e+04 -9.464425464190000525e+01 1.240770709800000020e+02 -3.211943241399999920e+02
6.500000000000000222e-01 -2.958811506730000110e+04 2.345322115929999927e+04 -3.434810468940000283e+04 -9.481169456950000551e+01 1.240188618309999953e+02 -3.223964085750000095e+02
6.500000000000000222e-01 -2.956028849700000137e+04 2.347793413389999841e+04 -3.438220193840000138e+04 -9.474320324699999674e+01 1.242990813750000001e+02 -3.227414535990000104e+02
6.500000000000000222e-01 -2.968380662179999854e+04 2.357516354439999850e+04 -3.438066232440000022e+04 -9.576406703829999856e+01 1.240722089350000061e+02 -3.223692231690000085e+02
6.500000000000000222e-01 -2.972267639169999893e+04 2.353191263139999865e+04 -3.439769184369999857e+04 -9.519510795899999778e+01 1.246663249599999972e+02 -3.220192690740000216e+02
6.500000000000000222e-01 -2.946692184310000084e+04 2.341751109139999971e+04 -3.439539899929999956e+04 -9.524233121689999848e+01 1.240745891010000008e+02 -3.222687872829999947e+02
6.500000000000000222e-01 -2.950463420520000000e+04 2.341509591789999831e+04 -3.441741559889999917e+04 -9.567266303990000154e+01 1.237393590629999949e+02 -3.229336207509999781e+02
6.500000000000000222e-01 -2.955449452279999969e+04 2.349667355339999995e+04 -3.430039789429999655e+04 -9.408070262520000426e+01 1.248524308519999977e+02 -3.216094992590000174e+02
6.500000000000000222e-01 -2.956209209800000099e+04 2.351296135530000174e+04 -3.436279315469999710e+04 -9.431709177860000182e+01 1.252355504709999963e+02 -3.220158287479999899e+02
6.500000000000000222e-01 -2.949924664119999943e+04 2.347429005999999936e+04 -3.433513855670000339e+04 -9.404996506220000185e+01 1.249910640230000070e+02 -3.219107920779999858e+02
6.500000000000000222e-01 -2.948824769929999820e+04 2.344212471780000124e+04 -3.440176782890000322e+04 -9.529686415850000003e+01 1.239433131720000034e+02 -3.233851695249999807e+02
6.500000000000000222e-01 -2.966274680290000106e+04 2.353748760029999903e+04 -3.442419627020000189e+04 -9.543392994869999768e+01 1.235438654010000050e+02 -3.221421486560000176e+02
6.500000000000000222e-01 -2.956432728109999880e+04 2.351888034939999852e+04 -3.434416659030000301e+04 -9.482472519899999952e+01 1.244804983439999972e+02 -3.223752974590000235e+02
6.500000000000000222e-01 -2.957344815889999882e+04 2.341543149300000005e+04 -3.434653629760000331e+04 -9.477476515109999866e+01 1.235875617469999952e+02 -3.223543976899999848e+02
6.500000000000000222e-01 -2.938033500360000107e+04 2.337730242060000091e+04 -3.447337595889999648e+04 -9.431082671510000637e+01 1.238231923160000036e+02 -3.223087158899999736e+02
6.500000000000000222e-01 -2.966391535690000092e+04 2.348020586030000050e+04 -3.434393137820000265e+04 -9.556016353610000635e+01 1.241290263100000004e+02 -3.223490045749999808e+02
6.500000000000000222e-01 -2.949205508629999895e+04 2.342416642910000155e+04 -3.443891289569999935e+04 -9.615981353809999632e+01 1.231830067260000021e+02 -3.220717862210000249e+02
6.500000000000000222e-01 -2.959912453939999978e+04 2.354532523639999999e+04 -3.436527220349999698e+04 -9.518624094480000508e+01 1.241738576599999959e+02 -3.224874035550000144e+02
6.500000000000000222e-01 -2.956949728410000171e+04 2.344218703440000172e+04 -3.431157991629999742e+04 -9.456107210819999409e+01 1.235013607599999972e+02 -3.220285218480000253e+02
6.500000000000000222e-01 -2.949461739289999969e+04 2.344834776849999980e+04 -3.445210290689999965e+04 -9.427330125480000333e+01 1.257399979430000059e+02 -3.212900399179999908e+02
6.500000000000000222e-01 -2.944898427209999863e+04 2.341054067840000062e+04 -3.439492531929999677e+04 -9.525978635740000300e+01 1.237611292389999988e+02 -3.218403966270000183e+02
6.500000000000000222e-01 -2.937678674469999896e+04 2.339118608669999958e+04 -3.452097790869999881e+04 -9.472045754120000538e+01 1.230898670100000061e+02 -3.220186934540000152e+02
6.500000000000000222e-01 -2.947199804090000180e+04 2.339964107140000124e+04 -3.437919117759999790e+04 -9.546786919189999310e+01 1.231286948179999996e+02 -3.218236330789999897e+02
6.500000000000000222e-01 -2.961321704769999997e+04 2.342647959540000011e+04 -3.433973667849999765e+04 -9.537391817190000154e+01 1.234108573559999940e+02 -3.222566002870000261e+02
6.500000000000000222e-01 -2.951985518360000060e+04 2.349235694380000132e+04 -3.437701368450000155e+04 -9.472677287659999479e+01 1.236456680440000042e+02 -3.227558440399999995e+02
6.500000000000000222e-01 -2.959291102899999896e+04 2.343569690640000044e+04 -3.435456984080000257e+04 -9.533894585870000071e+01 1.236211116239999939e+02 -3.223926967229999718e+02
6.500000000000000222e-01 -2.951475508489999993e+04 2.342970636709999962e+04 -3.437370406450000155e+04 -9.452216636519999327e+01 1.239387172760000055e+02 -3.228877243160000035e+02
6.500000000000000222e-01 -2.965795159589999821e+04 2.356404433929999868e+04 -3.439534480539999640e+04 -9.562134903019999399e+01 1.238895258259999963e+02 -3.224026403330000221e+02
6.500000000000000222e-01 -2.949467951549999998e+04 2.340298262790000081e+04 -3.437936269049999828e+04 -9.449960367399999939e+01 1.239688837639999974e+02 -3.226900725660000262e+02
6.500000000000000222e-01 -2.967007039399999849e+04 2.352166258039999957e+04 -3.432030320960000245e+04 -9.470403308279999521e+01 1.243682576789999956e+02 -3.212655714030000240e+02
6.500000000000000222e-01 -2.960392225550000148e+04 2.350426295119999850e+04 -3.432375114880000183e+04 -9.474509253360000116e+01 1.243524621180000054e+02 -3.221451515050000012e+02
6.500000000000000222e-01 -2.957337980619999871e+04 2.353244124210000155e+04 -3.432164643819999765e+04 -9.455385345800000607e+01 1.250999070539999991e+02 -3.219365092350000168e+02
6.500000000000000222e-01 -2.960454484779999984e+04 2.346755570939999961e+04 -3.434818334399999731e+04 -9.478580244290000678e+01 1.230533512030000054e+02 -3.217200397529999805e+02
6.500000000000000222e-01 -2.954891452729999946e+04 2.352023493809999854e+04 -3.433750807540000096e+04 -9.463820027799999934e+01 1.243105085079999981e+02 -3.223343419639999752e+02
6.500000000000000222e-01 -2.944430152820000148e+04 2.343143124959999841e+04 -3.437232958040000085e+04 -9.477701882680000267e+01 1.245198232099999984e+02 -3.217834843649999925e+02
6.500000000000000222e-01 -2.942497777290000158e+04 2.338895103780000136e+04 -3.444432369769999787e+04 -9.449428956180000228e+01 1.240689329540000045e+02 -3.224108033300000216e+02
6.500000000000000222e-01 -2.954381620950000070e+04 2.350482082520000040e+04 -3.434251851529999840e+04 -9.458399962149999851e+01 1.242725027310000030e+02 -3.223994914919999815e+02
6.500000000000000222e-01 -2.970385306879999916e+04 2.352270276770000055e+04 -3.435185818260000087e+04 -9.524300503950000518e+01 1.244044491859999937e+02 -3.220628925940000045e+02
6.500000000000000222e-01 -2.962651354670000001e+04 2.349300723339999968e+04 -3.434104452119999769e+04 -9.509337194750000322e+01 1.241470010940000037e+02 -3.223146373939999876e+02
6.500000000000000222e-01 -2.968818435509999836e+04 2.351812848039999881e+04 -3.435390263569999661e+04 -9.503861192920000178e+01 1.248244304539999945e+02 -3.220093539229999919e+02
6.500000000000000222e-01 -2.965825796120000086e+04 2.352022979699999996e+04 -3.428083787609999854e+04 -9.454223252820000312e+01 1.245236431320000037e+02 -3.208840431070000250e+02
6.500000000000000222e-01 -2.957407650500000091e+04 2.346517351200000121e+04 -3.441497313739999663e+04 -9.469451537630000360e+01 1.226681711429999950e+02 -3.221291212460000111e+02
6.500000000000000222e-01 -2.958330809660000159e+04 2.342863835689999905e+04 -3.433586703480000142e+04 -9.487493310140000347e+01 1.236675806270000066e+02 -3.223055203110000093e+02
6.500000000000000222e-01 -2.963431335279999985e+04 2.349847210819999964e+04 -3.433862029720000282e+04 -9.512588202080000599e+01 1.241564692879999967e+02 -3.222870413159999998e+02
6.500000000000000222e-01 -2.961320163759999923e+04 2.344719230099999913e+04 -3.434500627659999736e+04 -9.522108982929999854e+01 1.236308972509999933e+02 -3.223453182569999740e+02
6.500000000000000222e-01 -2.954574589280000146e+04 2.352255378159999964e+04 -3.431769859960000031e+04 -9.446282720349999806e+01 1.245081358770000008e+02 -3.221303616540000121e+02
6.500000000000000222e-01 -2.959738163960000020e+04 2.351701411999999982e+04 -3.435198174909999943e+04 -9.508212054099999477e+01 1.241725100620000006e+02 -3.224286862989999918e+02
6.500000000000000222e-01 -2.950566086279999945e+04 2.346776048269999956e+04 -3.437783693769999809e+04 -9.466742157189999318e+01 1.236427122660000038e+02 -3.229848016880000046e+02
6.500000000000000222e-01 -2.962714893460000167e+04 2.348783347470000081e+04 -3.427135641259999829e+04 -9.474624563289999912e+01 1.237169814549999955e+02 -3.214864180480000186e+02
6.500000000000000222e-01 -2.956526684849999947e+04 2.343657392800000162e+04 -3.434646282020000217e+04 -9.477120139800000231e+01 1.235132181580000008e+02 -3.224145277850000184e+02
6.500000000000000222e-01 -2.959171256540000104e+04 2.342635220699999991e+04 -3.431917425509999885e+04 -9.521050863950000576e+01 1.228558910900000001e+02 -3.218655726669999808e+02
6.500000000000000222e-01 -2.959612455169999885e+04 2.350711444969999866e+04 -3.435136624049999955e+04 -9.512738950019999606e+01 1.243232262100000014e+02 -3.224183860069999810e+02
6.500000000000000222e-01 -2.945312942439999824e+04 2.341198790949999966e+04 -3.439561905039999692e+04 -9.509958009119999645e+01 1.240072147040000061e+02 -3.221055719660000136e+02
6.500000000000000222e-01 -2.955510575650000101e+04 2.343916779830000087e+04 -3.437790971439999703e+04 -9.514189749470000379e+01 1.237016877660000063e+02 -3.226985198360000027e+02
6.500000000000000222e-01 -2.949701940390000163e+04 2.344134253529999842e+04 -3.444578639799999655e+04 -9.614306614570000420e+01 1.227203780880000039e+02 -3.217833915680000132e+02
6.500000000000000222e-01 -2.955181591009999829e+04 2.350587036440000156e+04 -3.430113907550000295e+04 -9.411742553829999736e+01 1.250603162489999960e+02 -3.215292922309999994e+02
6.500000000000000222e-01 -2.956851825029999964e+04 2.340058547360000011e+04 -3.434438240850000147e+04 -9.475037853230000451e+01 1.235752372420000000e+02 -3.223538557630000128e+02
6.500000000000000222e-01 -2.969315947859999869e+04 2.350752000369999951e+04 -3.434685000969999965e+04 -9.543597622510000633e+01 1.243753690709999944e+02 -3.222869018700000083e+02
6.500000000000000222e-01 -2.962866380239999853e+04 2.348222386040000129e+04 -3.432916736720000335e+04 -9.545063556969999752e+01 1.230425196369999981e+02 -3.217191792450000207e+02
6.500000000000000222e-01 -2.957870684389999951e+04 2.344477045960000032e+04 -3.436908901019999757e+04 -9.533856086000000118e+01 1.231007164480000000e+02 -3.223717300060000071e+02
6.500000000000000222e-01 -2.957441147310000088e+04 2.343602344499999890e+04 -3.437938825850000285e+04 -9.422461975349999364e+01 1.246029809110000031e+02 -3.223058378179999863e+02
6.500000000000000222e-01 -2.953524575380000169e+04 2.344301816029999827e+04 -3.436430685079999967e+04 -9.456515989780000098e+01 1.238748481110000057e+02 -3.227260736320000092e+02
6.500000000000000222e-01 -2.959695758869999918e+04 2.342484613389999868e+04 -3.433182552620000206e+04 -9.532685839600000577e+01 1.230480369240000016e+02 -3.220765346129999784e+02
3.690000000000000000e+05 2.794998882890000118e+02 -1.296997995279999941e+03 1.088984374270000011e+01 4.036599520400000074e+01 2.368305618800000047e+02 1.350026505920000091e+02
6.500000000000000222e-01 3.174258952320000162e+02 -6.195275272259999610e+02 4.704186293729999875e+02 5.393666507759999718e+01 2.711387084250000044e+02 -6.426968120380000471e+01
6.500000000000000222e-01 7.833066190190000100e+01 -2.188403037340000083e+03 -4.717800956570000039e+02 4.822615094790000256e+01 1.742911215819999882e+02 9.307376186870000367e+01
6.500000000000000222e-01 4.012892528009999751e+02 -3.388176214200000231e+02 4.188063579989999994e+02 3.296535496629999784e+01 2.832407718449999834e+02 -8.176385938859999669e+01
6.500000000000000222e-01 4.062511312120000184e+02 9.121493057829999529e+00 3.901356937919999837e+02 2.936078499139999920e+01 2.930548700520000125e+02 -8.038767855129999873e+01
6.500000000000000222e-01 4.352486650710000049e+02 3.765739258610000206e+02 1.282857022800000095e+02 7.406336904449999814e+00 2.768508101429999897e+02 -1.476392723849999982e+02
6.500000000000000222e-01 -6.956953715250000414e+01 -2.288221633449999899e+03 -1.522523846569999932e+02 6.096243284770000059e+01 1.664929945769999904e+02 1.122253662260000056e+02
6.500000000000000222e-01 3.993049780800000121e+02 -3.609690447419999941e+02 4.402479276579999805e+02 3.044590026770000080e+01 2.841325717170000189e+02 -7.054308084619999875e+01
6.500000000000000222e-01 4.011071237250000081e+02 -3.584228185499999881e+02 4.244658992000000239e+02 3.355642024840000204e+01 2.824885874739999849e+02 -7.998928192220000710e+01
6.500000000000000222e-01 3.850466109139999844e+02 1.235788406700000008e+00 2.773193624670000190e+02 3.768340103239999905e+01 2.917076620990000038e+02 -1.210983788890000028e+02
6.500000000000000222e-01 3.368779967759999749e+02 -3.145219666219999795e+02 4.629467478160000269e+02 5.300833822450000099e+01 2.892866627220000169e+02 -3.589650293140000059e+01
6.500000000000000222e-01 2.619485375159999876e+02 -6.687616776370000480e+02 4.725354179070000100e+02 6.234316188510000245e+01 2.671982747740000264e+02 -6.741656204519999562e+01
6.500000000000000222e-01 3.887033972410000047e+02 4.672150348289999897e+02 3.073075084920000108e+02 -6.415408731780000373e+00 2.819392188319999946e+02 -1.000525963900000050e+02
6.500000000000000222e-01 4.172245159240000021e+02 3.053864738440000224e+02 1.293253638609999996e+02 9.929753646560000035e+00 2.811185314479999988e+02 -1.490610099589999891e+02
6.500000000000000222e-01 3.885949108469999942e+02 -9.218444612160000418e+01 4.740024195810000265e+02 1.219768251559999905e+00 2.969970138950000091e+02 -1.242627023710000067e+01
6.500000000000000222e-01 3.293874252699999943e+02 -4.513298794130000147e+02 4.110968872299999930e+02 5.479685674030000087e+01 2.777049299349999956e+02 -8.857743693000000462e+01
6.500000000000000222e-01 3.814151369439999826e+02 -9.183217365669999310e+01 2.623554917440000054e+02 4.075855253230000130e+01 2.882392931100000055e+02 -1.303769073130000038e+02
6.500000000000000222e-01 4.012763995579999801e+02 -3.264085022140000092e+02 3.996622379529999876e+02 3.783704930100000041e+01 2.825542964680000182e+02 -9.119438587569999299e+01
6.500000000000000222e-01 3.427174883789999740e+02 -4.506866385939999873e+02 4.197193355580000116e+02 5.363593362670000175e+01 2.777216207989999930e+02 -8.426351821510000661e+01
6.500000000000000222e-01 4.117848436059999813e+02 2.113427154739999878e+02 2.692983404749999750e+02 3.160507213349999844e+00 2.883167792950000035e+02 -1.209422518610000026e+02
6.500000000000000222e-01 3.743216333560000066e+02 -5.054337884010000153e+02 4.510176451639999868e+02 4.812240222100000153e+01 2.754173479980000252e+02 -7.328029685410000127e+01
6.500000000000000222e-01 3.501192582900000048e+02 -8.109659976090000555e+02 5.208738385489999700e+02 5.069466822799999761e+01 2.639469009989999790e+02 -1.449805241780000031e+01
6.500000000000000222e-01 3.350150152040000080e+02 -5.869227640079999446e+02 4.786029455679999955e+02 4.537362914989999751e+01 2.746564474570000129e+02 -5.554909387339999682e+01
6.500000000000000222e-01 3.448786082529999817e+02 -5.736356084239999973e+02 4.751110433260000150e+02 4.450345472019999704e+01 2.749209194179999827e+02 -5.870465410799999972e+01
6.500000000000000222e-01 3.299997287929999743e+02 -3.051703139910000004e+02 3.474868378790000065e+02 5.402499897450000077e+01 2.827175572940000166e+02 -1.102526509249999975e+02
6.500000000000000222e-01 3.957999241069999812e+02 -1.739999828630000138e+02 3.113981732579999857e+02 3.893502901050000276e+01 2.857970059279999759e+02 -1.188097361530000029e+02
6.500000000000000222e-01 7.161034255069999688e+01 -2.193850980230000005e+03 -1.204450987129999930e+02 5.498245420970000197e+01 1.755395580789999883e+02 1.154618640799999980e+02
6.500000000000000222e-01 4.059665298310000026e+02 3.466977690879999727e+02 2.072091252349999877e+02 9.677109563169999928e-01 2.828910901489999787e+02 -1.321645112539999900e+02
6.500000000000000222e-01 3.834449545730000182e+02 -7.180145840119999434e+01 3.355989888240000028e+02 2.652061403300000109e+01 2.921569917900000064e+02 -1.041843769860000037e+02
6.500000000000000222e-01 3.771767201540000087e+02 -9.902278766509999741e+01 2.520245300930000099e+02 4.399986710030000125e+01 2.874198927489999846e+02 -1.336058501249999892e+02
6.500000000000000222e-01 3.176979683480000176e+02 -3.206737631880000094e+02 3.867576197309999770e+02 6.561995151280000016e+01 2.836395938759999922e+02 -8.910431449610000243e+01
6.500000000000000222e-01 4.066921067279999988e+02 -3.263476380409999820e+02 4.150267736010000021e+02 3.345946215170000215e+01 2.836497433409999758e+02 -8.365016802879999602e+01
6.500000000000000222e-01 5.082173090719999919e+01 -2.493722779759999867e+03 -8.839007566760000145e+02 4.350938914479999653e+01 1.448172921679999945e+02 1.158243536190000000e+01
6.500000000000000222e-01 3.442024919520000026e+02 -2.495759900909999942e+02 3.369807123819999788e+02 5.706065562399999891e+01 2.851399859570000217e+02 -1.091348760019999986e+02
6.500000000000000222e-01 3.628141232149999951e+02 -2.606605916490000254e+02 3.372217467410000040e+02 5.045568334680000078e+01 2.836747657689999755e+02 -1.114900825999999938e+02
6.500000000000000222e-01 3.832552728320000028e+02 -1.035565252850000064e+02 2.879050398800000039e+02 3.417809055480000069e+01 2.884211174519999759e+02 -1.254165592399999980e+02
6.500000000000000222e-01 3.248026810609999870e+02 -6.422478785140000355e+02 4.787213180649999913e+02 5.621445549410000098e+01 2.694061194739999792e+02 -6.019963615099999998e+01
6.500000000000000222e-01 3.828172439049999980e+02 -2.582983847230000265e+02 3.801507463670000107e+02 4.531194469670000302e+01 2.857791692139999782e+02 -9.415357207879999635e+01
6.500000000000000222e-01 3.671824451609999755e+02 -2.037464830540000094e+02 3.398310175699999718e+02 4.700109212200000286e+01 2.879742309920000025e+02 -1.066246173899999974e+02
6.500000000000000222e-01 4.157395072759999834e+02 2.210732971630000065e+02 4.727209385020000241e+02 -1.498575035860000071e+01 2.904934535379999829e+02 -1.976349976890000093e+01
6.500000000000000222e-01 -1.302822343709999870e+02 -2.596630101100000047e+03 -3.183137822369999981e+02 5.744674734470000033e+01 1.413141967269999952e+02 9.737903661519999332e+01
6.500000000000000222e-01 2.932854507760000047e+02 -9.336556328850000455e+02 5.332778539570000476e+02 6.020029831520000130e+01 2.555225753679999912e+02 -2.646194608129999892e+01
6.500000000000000222e-01 3.818768955549999760e+02 -3.220733195639999735e+02 3.886973160969999981e+02 4.165480654129999749e+01 2.829680888240000058e+02 -9.458498357579999549e+01
6.500000000000000222e-01 4.073918394180000178e+02 2.384216014719999919e+02 1.687097593679999932e+02 2.606564163670000056e+01 2.848514839819999906e+02 -1.427838212819999910e+02
6.500000000000000222e-01 3.049324613819999854e+02 -5.381988795600000230e+02 4.399768907779999836e+02 5.860757813240000047e+01 2.738109399819999794e+02 -7.556497759030000338e+01
6.500000000000000222e-01 3.514457951269999967e+02 -2.911264231289999884e+02 3.591456778410000084e+02 5.228284110210000080e+01 2.843937317169999801e+02 -1.027833181719999942e+02
6.500000000000000222e-01 3.655235728810000069e+02 -4.505268155850000085e+02 4.318970351820000246e+02 4.929758623170000220e+01 2.780937058279999974e+02 -7.917489512139999874e+01
6.500000000000000222e-01 4.095721412809999720e+02 -1.257717831119999943e+02 3.588139072800000235e+02 2.700291582010000013e+01 2.902329079780000143e+02 -9.905668724900000655e+01
6.500000000000000222e-01 3.813013925590000213e+02 -4.294339549509999756e+02 4.261999886969999807e+02 4.951476687480000294e+01 2.775556922540000073e+02 -8.376778914809999321e+01
6.500000000000000222e-01 3.826213912009999945e+02 -1.328065709500000082e+02 3.273530853049999791e+02 5.105275245720000044e+01 2.872107385690000001e+02 -1.113301490909999956e+02
6.500000000000000222e-01 -2.862993877889999794e+02 -2.762640268569999989e+03 -2.562167225260000123e+02 5.930267557900000241e+01 1.268871270479999964e+02 9.873902884669999480e+01
6.500000000000000222e-01 4.324692784430000074e+02 4.259008115909999788e+02 1.184319224470000051e+02 5.442978603030000251e+00 2.747104342480000128e+02 -1.474794381780000094e+02
6.500000000000000222e-01 3.667325962059999824e+02 -1.170981338990000040e+02 3.077824490269999842e+02 3.835417518810000104e+01 2.897962939309999797e+02 -1.176012128969999964e+02
6.500000000000000222e-01 3.878086049109999749e+02 -2.799134992219999845e+02 3.650472908120000284e+02 4.143119091999999881e+01 2.834292908499999726e+02 -1.031063991639999955e+02
6.500000000000000222e-01 2.949829027650000057e+02 -4.247654749420000257e+02 4.389859531939999897e+02 6.784531368659999373e+01 2.813862983039999790e+02 -6.242725718519999845e+01
6.500000000000000222e-01 3.350275893099999962e+02 -2.076904784680000091e+02 3.697719779010000138e+02 5.888142979279999878e+01 2.895363557439999909e+02 -9.051449713709999401e+01
6.500000000000000222e-01 -1.060929979809999963e+02 -2.316057414729999891e+03 8.241613324329999557e+01 6.222882653770000161e+01 1.684971625139999958e+02 1.081822503660000052e+02
6.500000000000000222e-01 2.827023588920000066e+02 -5.475572757659999752e+02 4.738425970580000239e+02 6.528395027839999898e+01 2.778250605389999919e+02 -3.720935102410000184e+01
6.500000000000000222e-01 3.325676781220000180e+02 -4.527830927389999829e+02 4.796904519579999828e+02 4.886521369529999959e+01 2.857131031779999830e+02 -1.384272112509999930e+00
6.500000000000000222e-01 3.022491523130000246e+02 -4.576170719909999889e+02 4.366590991410000129e+02 6.776596860360000107e+01 2.779865789649999783e+02 -7.065409345470000346e+01
6.500000000000000222e-01 3.071323772270000063e+02 -4.368877878010000018e+02 3.935059939270000200e+02 6.048854541829999931e+01 2.772183398839999882e+02 -9.576826926260000050e+01
6.500000000000000222e-01 3.682374059680000187e+02 -3.276783931850000045e+02 3.817428221509999844e+02 4.674902795010000034e+01 2.827665430189999825e+02 -9.679300889200000313e+01
6.500000000000000222e-01 3.786036161490000040e+02 -1.034954092299999928e+01 2.169459227670000132e+02 3.528496845440000129e+01 2.886435027030000242e+02 -1.418709613769999862e+02
6.500000000000000222e-01 3.862004583159999811e+02 -5.157841242170000129e+01 2.993775740240000118e+02 3.748465597940000293e+01 2.914291185870000049e+02 -1.159671701550000051e+02
6.500000000000000222e-01 7.677472804809999829e+00 -2.240713165340000160e+03 -1.670094523950000109e+02 5.745681905480000040e+01 1.710854463660000135e+02 1.128019457590000059e+02
6.500000000000000222e-01 3.787743026420000092e+02 -2.119542173240000125e+02 3.384820765850000157e+02 4.436394657249999796e+01 2.860484177640000212e+02 -1.083190052700000052e+02
6.500000000000000222e-01 3.927268451429999914e+02 8.123769315180000206e+01 2.190700939369999958e+02 2.320361617849999902e+01 2.885199715539999943e+02 -1.398171224200000040e+02
6.500000000000000222e-01 -1.107769538879999942e+02 -2.025638825450000013e+03 3.176820940279999945e+02 6.879112462720000565e+01 1.907791006889999892e+02 8.249958368500000461e+01
6.500000000000000222e-01 4.123999390750000202e+02 -1.477664566329999900e+02 3.133759890649999988e+02 3.373816216320000194e+01 2.862648826500000041e+02 -1.178824323139999990e+02
6.500000000000000222e-01 3.836541883830000188e+02 -1.641047536499999921e+02 3.840470394989999932e+02 4.124931613879999759e+01 2.902178377280000063e+02 -8.489220475659999465e+01
6.500000000000000222e-01 3.715283383350000008e+02 -4.023771698410000113e+02 4.170584295819999738e+02 4.675225966779999709e+01 2.803911226349999879e+02 -8.415130337850000330e+01
6.500000000000000222e-01 4.071566887490000113e+02 3.210547541590000264e+02 2.562035024589999921e+02 -8.731071749770000223e-02 2.854426460590000261e+02 -1.203659172560000030e+02
6.500000000000000222e-01 4.105628714210000112e+02 3.384449642160000167e+02 4.787819183389999722e+01 5.737112060170000305e+00 2.761555734369999868e+02 -1.612744702530000040e+02
6.500000000000000222e-01 4.147136775870000065e+02 -1.715825040809999891e+01 2.345009772770000041e+02 2.907234053739999879e+01 2.870678537780000283e+02 -1.369993042259999925e+02
6.500000000000000222e-01 2.983324606140000128e+02 -5.191602722970000059e+02 4.738808920089999788e+02 6.094138221320000071e+01 2.800420402490000242e+02 -3.452689507099999844e+01
6.500000000000000222e-01 4.057273712049999972e+02 -3.005937900019999915e+02 4.095342345390000105e+02 3.239465918490000007e+01 2.848675680210000110e+02 -8.476750613139999757e+01
6.500000000000000222e-01 3.183398037979999913e+02 -4.703242647850000253e+02 4.255609793849999960e+02 6.103054513360000044e+01 2.768601730120000184e+02 -7.964290059600000404e+01
6.500000000000000222e-01 3.789904471930000227e+02 -2.318895337829999903e+02 3.423668039689999887e+02 4.528611947040000274e+01 2.854270369409999830e+02 -1.087032580500000023e+02
6.500000000000000222e-01 4.159320109029999912e+02 3.579332088070000282e+02 1.007019695430000041e+02 8.363330967540000271e-01 2.775396163139999999e+02 -1.531445566790000044e+02
6.500000000000000222e-01 3.982114664599999969e+02 -3.158339118050000138e+01 2.291919161620000125e+02 3.465104768159999793e+01 2.876134672300000261e+02 -1.383306670800000120e+02
6.500000000000000222e-01 3.806543359529999861e+02 -4.139435584280000171e+02 4.236117341849999889e+02 4.530661378530000150e+01 2.795290377960000114e+02 -8.257101775510000152e+01
6.500000000000000222e-01 4.098765308430000118e+02 8.608926631010000108e+01 2.413105983190000075e+02 2.254441802479999879e+01 2.895587662280000245e+02 -1.309688729330000001e+02
6.500000000000000222e-01 1.080792745569999980e+01 -2.137233100079999986e+03 -2.223698901040000120e+00 5.944256329459999932e+01 1.811988580549999881e+02 1.155406325109999983e+02
6.500000000000000222e-01 4.191764810949999855e+02 4.843307282139999757e+02 1.536684203240000102e+02 5.623214781839999787e+00 2.741976527450000276e+02 -1.391505400359999953e+02
6.500000000000000222e-01 4.164996677130000080e+02 4.465292681949999860e+02 2.070191680300000030e+02 1.472212631989999965e+00 2.782489082960000246e+02 -1.288203914110000028e+02
6.500000000000000222e-01 3.695963213350000274e+02 -2.631824193430000136e+01 3.407197427539999808e+02 4.818724155379999985e+01 2.926145357820000186e+02 -9.862964924530000133e+01
6.500000000000000222e-01 1.690776945279999950e+02 -2.164338443929999812e+03 -4.848319977269999868e+02 4.271132577779999906e+01 1.724570779029999983e+02 9.028416043279999315e+01
6.500000000000000222e-01 4.159849628819999907e+02 5.142828428819999544e+02 1.341310509340000010e+02 -2.408858930910000140e+00 2.724388576189999753e+02 -1.413135486040000046e+02
6.500000000000000222e-01 3.764178766539999970e+02 -3.728865616520000117e+02 4.122302417610000020e+02 4.467474990619999886e+01 2.820641551040000081e+02 -8.473931531069999323e+01
6.500000000000000222e-01 3.432980585610000048e+02 -3.246739349569999717e+02 3.651748230540000009e+02 5.621043617149999960e+01 2.820578251530000102e+02 -1.021785802490000066e+02
6.500000000000000222e-01 3.868414943760000142e+02 8.145032747599999823e+01 3.917579098720000275e+02 2.753604154010000116e+01 2.953697206720000281e+02 -7.361261737920000314e+01
6.500000000000000222e-01 3.991696737429999757e+02 -9.204000251479999406e+01 3.388519704639999759e+02 2.656065441089999979e+01 2.908243072610000013e+02 -1.056750670969999959e+02
6.500000000000000222e-01 4.014373188970000115e+02 1.571463087760000121e+02 2.886352213549999988e+02 8.833533151270000161e+00 2.901390271579999762e+02 -1.173596637609999931e+02
6.500000000000000222e-01 4.017213386070000070e+02 -3.642208271250000280e+02 4.330157271790000095e+02 3.188890292969999862e+01 2.829051875010000003e+02 -7.510399507210000536e+01
6.500000000000000222e-01 3.862685823300000152e+02 -1.124918906670000069e+02 3.309901269850000176e+02 3.071720525019999926e+01 2.904510722840000199e+02 -1.074317598079999954e+02
6.500000000000000222e-01 -1.301025970329999950e+02 -2.441559832550000010e+03 -2.686248148989999862e+01 6.118581360999999674e+01 1.569826710300000059e+02 1.109243705140000031e+02
6.500000000000000222e-01 3.888384905830000093e+02 -3.353881372349999879e+01 2.557322606099999973e+02 4.105953517649999895e+01 2.891038758020000046e+02 -1.299028366869999900e+02
6.500000000000000222e-01 4.221284822069999905e+02 2.663464315069999770e+02 1.847660029589999908e+02 8.771254245399999760e+00 2.836643394769999986e+02 -1.374935699080000120e+02
6.500000000000000222e-01 3.965834813910000207e+02 -1.557245711640000074e+01 2.506819020789999968e+02 2.722131099170000113e+01 2.889615132779999840e+02 -1.334744984159999888e+02
6.500000000000000222e-01 3.985896632339999996e+02 1.491951577849999921e+02 2.051913019339999948e+02 3.450502074330000113e+01 2.878796936900000105e+02 -1.372557139680000091e+02
6.500000000000000222e-01 -2.075542371820000085e+02 -2.445034788710000157e+03 -8.147604155630000733e+00 6.610207680000000607e+01 1.541449063889999991e+02 1.111519885299999970e+02
