3.450000000000000000e+05 4.588601500290000331e+03 -5.141229986209999879e+03 -6.508659714630000053e+03 -1.040717258100000038e+02 1.137846712480000022e+01 -7.171723117380000190e+01
6.500000000000000222e-01 4.502466445230000318e+03 -5.054557021689999601e+03 -6.251559717170000113e+03 -1.037940832970000002e+02 1.112835055609999912e+01 -7.164951997160000019e+01
6.500000000000000222e-01 4.417289868339999884e+03 -5.261406107339999835e+03 -6.702563740509999661e+03 -1.049978875580000022e+02 1.141638737829999961e+01 -7.079624743280000132e+01
6.500000000000000222e-01 4.773457776109999941e+03 -5.071247886770000150e+03 -6.303013253109999823e+03 -1.029102009390000063e+02 1.165085947949999934e+01 -7.303083665900000199e+01
6.500000000000000222e-01 4.566698919020000176e+03 -5.225242586960000153e+03 -6.780676057859999673e+03 -1.042579629009999991e+02 9.028840072579999543e+00 -7.116861564270000429e+01
6.500000000000000222e-01 4.702841362739999568e+03 -5.343080181420000372e+03 -6.671152757599999859e+03 -1.045108878940000068e+02 1.168992100610000051e+01 -7.121382044499999608e+01
6.500000000000000222e-01 4.693913492659999974e+03 -4.903530558190000193e+03 -6.625521657799999957e+03 -1.046539132500000022e+02 1.037816161780000002e+01 -7.369232338969999319e+01
6.500000000000000222e-01 4.354096535990000120e+03 -5.033982626300000447e+03 -6.631487535709999975e+03 -1.034215791160000038e+02 1.125090036699999985e+01 -7.304446009359999437e+01
6.500000000000000222e-01 4.754687757509999756e+03 -4.944747592560000157e+03 -6.630769706269999915e+03 -1.041090570490000005e+02 1.008219818180000082e+01 -7.308559123679999914e+01
6.500000000000000222e-01 4.363441815180000049e+03 -5.076663708760000191e+03 -6.344133582350000324e+03 -1.039478379279999984e+02 1.176307269309999981e+01 -7.087679610530000218e+01
6.500000000000000222e-01 4.310648629469999833e+03 -5.165941437640000004e+03 -6.450188353040000038e+03 -1.034731330329999963e+02 1.161072105440000080e+01 -6.936854719049999574e+01
6.500000000000000222e-01 4.418133130090000122e+03 -5.276912660439999854e+03 -6.692635636089999934e+03 -1.050945740020000017e+02 1.080948242030000017e+01 -7.015556261099999347e+01
6.500000000000000222e-01 4.684457214459999705e+03 -5.172592040939999606e+03 -6.242329597459999604e+03 -1.052884902189999963e+02 1.204517307499999923e+01 -7.149484928350000246e+01
6.500000000000000222e-01 4.530026113529999748e+03 -4.981440114740000354e+03 -6.739415914399999565e+03 -1.046212904040000069e+02 1.135356406640000060e+01 -7.211891025209999384e+01
6.500000000000000222e-01 4.419352851800000280e+03 -5.074475772460000371e+03 -6.727919282369999564e+03 -1.021929853139999977e+02 1.058892081609999991e+01 -7.305514267130000405e+01
6.500000000000000222e-01 4.747889020149999851e+03 -5.105346720880000248e+03 -6.275398405459999594e+03 -1.045221113559999964e+02 1.172140975009999941e+01 -7.186050986610000280e+01
6.500000000000000222e-01 4.452284873489999882e+03 -5.364793281739999657e+03 -6.621571431370000028e+03 -1.032431022049999996e+02 1.213653611059999982e+01 -7.391490486440000041e+01
6.500000000000000222e-01 4.373718449680000049e+03 -5.206506330250000246e+03 -6.683920510709999689e+03 -1.050322903510000003e+02 1.090521330920000054e+01 -6.989795977289999485e+01
6.500000000000000222e-01 4.607694561539999995e+03 -5.269720539640000425e+03 -6.255842125299999680e+03 -1.050430364850000018e+02 1.381240375940000042e+01 -7.096114631400000405e+01
6.500000000000000222e-01 4.467697117489999982e+03 -5.227557570830000259e+03 -6.265238469320000149e+03 -1.024724238900000017e+02 1.234006284900000061e+01 -7.062801723020000111e+01
6.500000000000000222e-01 4.629267137159999947e+03 -5.033949511099999654e+03 -6.769205276779999622e+03 -1.035468814390000034e+02 9.455964581570000860e+00 -7.212684472569999627e+01
6.500000000000000222e-01 4.392373339050000141e+03 -4.975894660320000185e+03 -6.636310221900000215e+03 -1.048085620749999975e+02 1.209950835489999932e+01 -7.048344308229999911e+01
6.500000000000000222e-01 4.430409735160000309e+03 -4.942006157640000310e+03 -6.638347797489999721e+03 -1.035385992199999947e+02 1.064560173589999970e+01 -7.342100610839999320e+01
6.500000000000000222e-01 4.729054590609999650e+03 -4.966782966980000310e+03 -6.332028467959999944e+03 -1.055701410639999978e+02 1.076568979229999989e+01 -7.003927378660000613e+01
6.500000000000000222e-01 4.825917464199999813e+03 -5.161024685649999810e+03 -6.352023770179999701e+03 -1.046665414040000002e+02 1.134940183870000041e+01 -7.129896888550000256e+01
6.500000000000000222e-01 4.810489621050000096e+03 -5.133576340349999555e+03 -6.330075960619999933e+03 -1.039554835670000017e+02 1.138472375789999980e+01 -7.234073751360000415e+01
6.500000000000000222e-01 4.558670512339999732e+03 -5.376788583010000366e+03 -6.349719536610000432e+03 -1.034385225740000038e+02 1.231237068539999946e+01 -7.016796186409999336e+01
6.500000000000000222e-01 4.470268488059999981e+03 -4.995733000999999604e+03 -6.725168151040000339e+03 -1.052669637609999995e+02 1.270482069620000054e+01 -7.058850684630000671e+01
6.500000000000000222e-01 4.395343333929999972e+03 -5.329617054420000386e+03 -6.600123226450000402e+03 -1.044656512060000040e+02 1.121422514420000027e+01 -6.976763640720000126e+01
6.500000000000000222e-01 4.487057616500000222e+03 -4.892081735640000261e+03 -6.608749808489999850e+03 -1.046905373630000042e+02 1.176779452559999939e+01 -7.171671346370000322e+01
6.500000000000000222e-01 4.468914052170000105e+03 -5.281834944189999987e+03 -6.291368666450000092e+03 -1.050612323569999944e+02 1.024984266899999952e+01 -7.314165715090000219e+01
6.500000000000000222e-01 4.778140504689999943e+03 -4.966867807100000391e+03 -6.386622482789999594e+03 -1.038465051950000060e+02 1.062038027550000052e+01 -7.156613033680000058e+01
6.500000000000000222e-01 4.363638580509999883e+03 -5.232104772790000425e+03 -6.358805155770000056e+03 -1.051002822479999992e+02 1.120686200769999985e+01 -7.351841139270000269e+01
6.500000000000000222e-01 4.308703170879999561e+03 -5.181338802790000045e+03 -6.544085395529999914e+03 -1.041360847929999949e+02 1.147293243520000061e+01 -6.931528693539999608e+01
6.500000000000000222e-01 4.662603241959999650e+03 -5.080517235659999642e+03 -6.777391341239999747e+03 -1.053965448090000052e+02 1.055644060150000030e+01 -7.228235286289999806e+01
6.500000000000000222e-01 4.476392720980000377e+03 -4.879271738809999988e+03 -6.498496688090000134e+03 -1.040930062430000049e+02 1.121275974769999983e+01 -6.949580763310000009e+01
6.500000000000000222e-01 4.588691151240000181e+03 -4.859811690909999925e+03 -6.559299875059999977e+03 -1.045754539429999994e+02 1.155885628939999954e+01 -7.141045229350000056e+01
6.500000000000000222e-01 4.611289156200000434e+03 -4.994618103349999728e+03 -6.750690331869999682e+03 -1.030497446260000061e+02 9.607292391019999656e+00 -7.194654476220000561e+01
6.500000000000000222e-01 4.666486059720000412e+03 -5.020909640849999960e+03 -6.262338616009999896e+03 -1.039673880069999967e+02 1.007898440449999988e+01 -7.122789247869999940e+01
6.500000000000000222e-01 4.459818396030000258e+03 -5.279661332009999569e+03 -6.295428563489999760e+03 -1.044868891349999984e+02 1.293352564179999931e+01 -7.120945304270000520e+01
6.500000000000000222e-01 4.659122538059999897e+03 -4.974885962010000185e+03 -6.288040039149999757e+03 -1.034649633349999931e+02 1.277202024199999997e+01 -7.297319817279999654e+01
4.560000000000000000e+04 5.079111855439999999e+03 2.945295625270000073e+03 1.622937912820000020e+04 2.096552530200000035e+02 -5.851073558990000123e+01 2.174225259309999956e+02
6.500000000000000222e-01 5.124658378109999830e+03 2.826428354229999968e+03 1.639132750519999900e+04 2.101808106379999970e+02 -5.915415450639999762e+01 2.172089356660000021e+02
6.500000000000000222e-01 5.211020994559999963e+03 3.053907425360000161e+03 1.611586765600000035e+04 2.093548735969999939e+02 -5.898747431780000028e+01 2.166949578400000007e+02
6.500000000000000222e-01 5.137302612010000303e+03 2.817667465049999919e+03 1.637917437009999958e+04 2.093853383560000054e+02 -5.782659913420000208e+01 2.181307482699999980e+02
6.500000000000000222e-01 4.877194278959999792e+03 2.931657159400000182e+03 1.619586215400000037e+04 2.096761952939999958e+02 -5.850691072130000236e+01 2.175470272290000082e+02
6.500000000000000222e-01 5.220985146830000303e+03 3.078654795360000207e+03 1.616498671009999998e+04 2.097474527219999914e+02 -5.828462698700000288e+01 2.183120863249999957e+02
6.500000000000000222e-01 4.988213831039999604e+03 3.128877268619999995e+03 1.623637296690000039e+04 2.097182838800000013e+02 -5.859892920480000100e+01 2.171449287050000123e+02
6.500000000000000222e-01 5.036315152950000083e+03 2.994784972909999851e+03 1.642383701880000081e+04 2.103446226089999982e+02 -5.924088383729999663e+01 2.177811528070000122e+02
6.500000000000000222e-01 5.076836319310000363e+03 3.150345189759999812e+03 1.622749386319999940e+04 2.096672575620000032e+02 -5.858947768739999873e+01 2.171371674270000085e+02
6.500000000000000222e-01 5.062130501200000253e+03 3.019528837410000051e+03 1.603856053640000027e+04 2.095703254599999923e+02 -5.902972269869999877e+01 2.170974628369999948e+02
6.500000000000000222e-01 4.988830873789999714e+03 2.943763225690000127e+03 1.604505215800000042e+04 2.098035834439999974e+02 -5.852401487870000096e+01 2.172849081820000094e+02
6.500000000000000222e-01 5.226062346040000193e+03 2.849920355889999882e+03 1.612380252490000021e+04 2.096613403199999937e+02 -5.846694549509999916e+01 2.179247462559999917e+02
6.500000000000000222e-01 5.030562715639999624e+03 2.948581887350000216e+03 1.642874729759999900e+04 2.097366391749999934e+02 -5.848040752600000047e+01 2.174733574679999890e+02
6.500000000000000222e-01 4.998021115229999850e+03 2.790149896580000132e+03 1.633689487440000084e+04 2.100975347350000106e+02 -5.879619585060000020e+01 2.174829657090000126e+02
6.500000000000000222e-01 5.052632136440000068e+03 2.749329656649999833e+03 1.617345023369999944e+04 2.098549421900000027e+02 -5.845778793499999892e+01 2.167486369030000048e+02
6.500000000000000222e-01 4.942589149739999812e+03 2.793149472189999869e+03 1.624611483659999976e+04 2.097650879070000087e+02 -5.844333204050000319e+01 2.182096979080000096e+02
6.500000000000000222e-01 5.176379876650000369e+03 2.781044799020000028e+03 1.615671789200000057e+04 2.094164539010000112e+02 -5.831505677580000224e+01 2.177592535560000044e+02
6.500000000000000222e-01 5.274507835159999559e+03 2.996360625840000012e+03 1.626565891449999981e+04 2.097162401669999952e+02 -5.853862184289999959e+01 2.170476354140000126e+02
6.500000000000000222e-01 5.283016925869999795e+03 2.966639515580000079e+03 1.623475869000000057e+04 2.095857674490000022e+02 -5.850929891020000184e+01 2.176051577350000059e+02
6.500000000000000222e-01 4.985094327789999625e+03 2.821757838890000130e+03 1.609498725100000047e+04 2.101568504029999929e+02 -5.865761143809999822e+01 2.170915676920000124e+02
6.500000000000000222e-01 5.004077993330000027e+03 3.010134562920000008e+03 1.640942980019999959e+04 2.099248256699999899e+02 -5.867207383320000247e+01 2.177684644109999965e+02
6.500000000000000222e-01 5.007238102790000084e+03 3.056554898599999888e+03 1.607212894670000060e+04 2.091066777860000059e+02 -5.781999961689999878e+01 2.179366914039999870e+02
6.500000000000000222e-01 5.207987014809999891e+03 2.820106112699999812e+03 1.612885910340000009e+04 2.096542310050000140e+02 -5.854007240109999799e+01 2.169493352220000020e+02
6.500000000000000222e-01 5.162731564939999771e+03 2.759184631139999965e+03 1.624959086620000016e+04 2.096519350449999877e+02 -5.851909221780000081e+01 2.164676645700000108e+02
6.500000000000000222e-01 5.084552049740000257e+03 3.066630775250000170e+03 1.606353451040000073e+04 2.093829920660000141e+02 -5.765875753889999800e+01 2.178508218569999997e+02
6.500000000000000222e-01 5.239962931000000026e+03 2.829009885609999856e+03 1.628275581469999997e+04 2.098462418340000113e+02 -5.866507132880000341e+01 2.169506513780000034e+02
6.500000000000000222e-01 4.973355337830000281e+03 3.092620444820000102e+03 1.632390620110000054e+04 2.101084233269999970e+02 -5.903461549499999705e+01 2.181392621619999943e+02
6.500000000000000222e-01 5.208154891170000155e+03 2.834626929300000029e+03 1.634297555959999954e+04 2.096608228380000014e+02 -5.844991788109999931e+01 2.169514605679999875e+02
6.500000000000000222e-01 5.210261607630000071e+03 3.022494363920000069e+03 1.609200329740000052e+04 2.099044728490000011e+02 -5.813428141530000204e+01 2.179994143909999877e+02
6.500000000000000222e-01 5.046625838250000015e+03 2.919942481820000012e+03 1.602828704119999929e+04 2.089571778760000029e+02 -5.893532644110000263e+01 2.175157891270000050e+02
6.500000000000000222e-01 5.063079411759999857e+03 2.919482578350000040e+03 1.602639821999999913e+04 2.092586544890000084e+02 -5.886503196360000345e+01 2.174418808929999898e+02
6.500000000000000222e-01 4.897805938270000297e+03 2.888264390620000086e+03 1.630676858039999934e+04 2.094332544929999926e+02 -5.846779057039999827e+01 2.168831783830000006e+02
6.500000000000000222e-01 5.108073193379999793e+03 3.129450167649999912e+03 1.631668755509999937e+04 2.092912809370000105e+02 -5.822737896009999758e+01 2.175389475020000134e+02
6.500000000000000222e-01 4.998170973749999575e+03 3.103961792940000123e+03 1.632928193710000050e+04 2.098748525510000036e+02 -5.860616332059999678e+01 2.169483147429999974e+02
6.500000000000000222e-01 5.192918832209999891e+03 2.786967145309999978e+03 1.629192326669999966e+04 2.096898492109999950e+02 -5.857386030589999848e+01 2.165968856089999974e+02
6.500000000000000222e-01 5.243906050579999828e+03 3.054707651430000169e+03 1.617490184650000083e+04 2.097138544350000018e+02 -5.870149766680000170e+01 2.173602301839999882e+02
6.500000000000000222e-01 5.081259291039999880e+03 3.014068560900000193e+03 1.642291505410000173e+04 2.095299680450000039e+02 -5.760348189119999773e+01 2.172275725940000086e+02
6.500000000000000222e-01 5.232698744059999626e+03 2.821627152110000225e+03 1.628389532630000031e+04 2.094070176520000075e+02 -5.826301156609999765e+01 2.177110416749999899e+02
6.500000000000000222e-01 4.876113794629999575e+03 2.941928012880000097e+03 1.625843687429999954e+04 2.095759961320000002e+02 -5.851492139730000019e+01 2.164303245739999966e+02
6.500000000000000222e-01 5.140244829260000188e+03 3.119336368790000051e+03 1.632029877579999993e+04 2.093246342719999973e+02 -5.812064491990000192e+01 2.173049895769999864e+02
6.500000000000000222e-01 5.272646795509999720e+03 2.975218755710000096e+03 1.629019570410000051e+04 2.094432817839999927e+02 -5.849080391910000287e+01 2.178867949529999919e+02
1.390000000000000000e+04 -7.950967802649999612e+03 7.455668190779999804e+02 1.491976236050000080e+04 -2.486427910849999989e+02 2.042314075479999929e+02 -3.148816095990000008e+02
6.500000000000000222e-01 -7.896529967469999974e+03 7.242546216460000323e+02 1.505020439679999981e+04 -2.492044901099999947e+02 2.044711867370000107e+02 -3.146380488020000143e+02
6.500000000000000222e-01 -7.976207816950000051e+03 7.724238751399999501e+02 1.478151518949999991e+04 -2.490373005600000056e+02 2.046796965929999885e+02 -3.147572948420000216e+02
6.500000000000000222e-01 -7.995800662990000092e+03 7.672426834059999692e+02 1.505385909440000069e+04 -2.481151527899999962e+02 2.039483398989999898e+02 -3.146188304670000093e+02
6.500000000000000222e-01 -7.872999006039999585e+03 6.423452108660000022e+02 1.485979992280000079e+04 -2.488941267989999915e+02 2.045542572520000135e+02 -3.153565192830000115e+02
6.500000000000000222e-01 -7.872209459120000247e+03 6.386739165809999577e+02 1.486810398759999953e+04 -2.487351059959999873e+02 2.043315383970000028e+02 -3.146215300970000044e+02
6.500000000000000222e-01 -8.017186466070000279e+03 7.212156057800000326e+02 1.504429239919999964e+04 -2.489247364000000005e+02 2.042677942869999868e+02 -3.149474893029999976e+02
6.500000000000000222e-01 -8.026423273989999871e+03 7.096844471650000514e+02 1.480380887819999953e+04 -2.481542369039999869e+02 2.043226721249999969e+02 -3.151717300880000039e+02
6.500000000000000222e-01 -7.853062946559999546e+03 7.394353180800000018e+02 1.481562357180000072e+04 -2.490995805089999919e+02 2.042577648319999923e+02 -3.153723455539999918e+02
6.500000000000000222e-01 -7.861350909589999901e+03 6.585891777939999656e+02 1.498814092879999953e+04 -2.487878737329999979e+02 2.043718065539999884e+02 -3.150777050890000055e+02
6.500000000000000222e-01 -7.991683769549999852e+03 6.149808153870000069e+02 1.487914658710000003e+04 -2.487679194129999871e+02 2.044855957350000040e+02 -3.150485448869999914e+02
6.500000000000000222e-01 -7.910935939230000258e+03 6.423430830690000448e+02 1.500933760369999982e+04 -2.489895476039999949e+02 2.047374390850000054e+02 -3.145361598000000072e+02
6.500000000000000222e-01 -7.828724107729999560e+03 6.714455510080000522e+02 1.492131610639999963e+04 -2.486601844319999941e+02 2.042497191170000121e+02 -3.155595310830000244e+02
6.500000000000000222e-01 -7.910614132429999700e+03 6.157238190130000248e+02 1.496218228869999984e+04 -2.488138609629999962e+02 2.043919650960000070e+02 -3.150689723340000228e+02
6.500000000000000222e-01 -7.924765276660000382e+03 6.584887067500000057e+02 1.503078615879999961e+04 -2.483435827419999953e+02 2.037521621889999892e+02 -3.150809505899999863e+02
6.500000000000000222e-01 -8.009566057529999853e+03 8.037654464160000316e+02 1.480277525799999967e+04 -2.483728201760000047e+02 2.039846985060000009e+02 -3.152200887669999929e+02
6.500000000000000222e-01 -7.812074099700000261e+03 7.774795649630000298e+02 1.490828776540000035e+04 -2.487186979249999865e+02 2.042116805839999927e+02 -3.155402331899999808e+02
6.500000000000000222e-01 -7.982960193369999615e+03 8.822129433220000010e+02 1.494735628209999959e+04 -2.486382097720000104e+02 2.040923596629999963e+02 -3.142417978270000276e+02
6.500000000000000222e-01 -7.844247626180000225e+03 7.712650836980000122e+02 1.501121623240000008e+04 -2.484898984799999937e+02 2.043419277499999964e+02 -3.152058857289999878e+02
6.500000000000000222e-01 -7.851249663769999643e+03 8.477830134260000250e+02 1.492630325869999979e+04 -2.486516104000000098e+02 2.041709394579999923e+02 -3.148227614830000221e+02
6.500000000000000222e-01 -7.921718899350000356e+03 8.807997200879999582e+02 1.495628991769999993e+04 -2.487661076939999987e+02 2.041267691040000045e+02 -3.143409858269999972e+02
6.500000000000000222e-01 -7.815641175509999812e+03 7.911059998219999443e+02 1.492709546199999932e+04 -2.486377397519999874e+02 2.042233526709999865e+02 -3.155378226230000109e+02
6.500000000000000222e-01 -8.033441111350000028e+03 6.492937527750000299e+02 1.498592555870000069e+04 -2.484809533709999982e+02 2.045170904109999981e+02 -3.142798912299999756e+02
6.500000000000000222e-01 -8.084063333639999655e+03 7.318288872660000379e+02 1.486958718749999935e+04 -2.486408058179999898e+02 2.042089546919999918e+02 -3.146879546280000000e+02
6.500000000000000222e-01 -7.969413216169999941e+03 8.863109252089999472e+02 1.490375591170000007e+04 -2.486076471860000083e+02 2.042129571730000066e+02 -3.143120815369999832e+02
6.500000000000000222e-01 -7.898174296520000098e+03 7.539635415530000273e+02 1.505242649929999970e+04 -2.489618243920000111e+02 2.041504275480000103e+02 -3.147437639809999723e+02
6.500000000000000222e-01 -7.998059859740000320e+03 6.131483603049999829e+02 1.489448079289999987e+04 -2.487390060049999931e+02 2.043242205580000075e+02 -3.145816614340000115e+02
6.500000000000000222e-01 -7.882875905949999833e+03 8.481364102879999791e+02 1.484692654000000039e+04 -2.488834835940000119e+02 2.040073374010000009e+02 -3.154443782420000275e+02
6.500000000000000222e-01 -7.980401129089999813e+03 6.129181139510000094e+02 1.496530785800000012e+04 -2.484668059939999978e+02 2.040537754089999964e+02 -3.149819493900000111e+02
6.500000000000000222e-01 -7.829619625250000354e+03 7.102454670199999782e+02 1.498641443869999966e+04 -2.484359309540000140e+02 2.041884634099999971e+02 -3.154356894960000091e+02
6.500000000000000222e-01 -8.058876466519999667e+03 6.546333851189999677e+02 1.489681697209999948e+04 -2.486778795460000140e+02 2.043297530410000036e+02 -3.148507481949999942e+02
6.500000000000000222e-01 -8.026184190060000219e+03 8.412644345090000115e+02 1.499496417230000043e+04 -2.484593862899999976e+02 2.039582115800000111e+02 -3.142953553080000120e+02
6.500000000000000222e-01 -7.905075636219999978e+03 7.863334245730000021e+02 1.479053464519999943e+04 -2.481560583019999910e+02 2.045512830670000142e+02 -3.146549188729999855e+02
6.500000000000000222e-01 -7.870174239339999986e+03 6.420431238730000132e+02 1.497651080829999955e+04 -2.484855304639999929e+02 2.040331491759999949e+02 -3.154753292589999774e+02
6.500000000000000222e-01 -7.834210041649999766e+03 8.279749007729999448e+02 1.491569956160000038e+04 -2.486787890720000007e+02 2.041935440659999870e+02 -3.155478057849999800e+02
6.500000000000000222e-01 -7.885173516939999899e+03 8.708061791420000191e+02 1.489950402059999942e+04 -2.486420508470000073e+02 2.040798041410000110e+02 -3.154146214040000018e+02
6.500000000000000222e-01 -8.053343186799999785e+03 6.542074263920000021e+02 1.495996865749999961e+04 -2.484709349560000078e+02 2.043455173609999918e+02 -3.142521754269999974e+02
6.500000000000000222e-01 -8.048865632469999582e+03 8.439176989540000022e+02 1.495420340589999978e+04 -2.487416683650000095e+02 2.043109011759999873e+02 -3.154743532059999893e+02
6.500000000000000222e-01 -7.866724814590000278e+03 6.391217582189999575e+02 1.496594987930000025e+04 -2.486098636389999967e+02 2.042230290489999902e+02 -3.145766356579999865e+02
6.500000000000000222e-01 -7.827642048030000296e+03 8.041838517950000096e+02 1.496203094880000026e+04 -2.488604121539999880e+02 2.041446927009999968e+02 -3.142925358549999828e+02
6.500000000000000222e-01 -8.010453496959999939e+03 7.102837426139999479e+02 1.504502781030000006e+04 -2.491579170370000043e+02 2.040495893439999975e+02 -3.151168072529999904e+02
1.190000000000000000e+04 -3.490704975860000104e+03 6.325504945540000335e+03 -1.364737193880000086e+04 -2.723840603909999913e+02 -2.310432356440000135e+01 6.729012599189999833e+01
6.500000000000000222e-01 -3.588666209020000224e+03 6.408476209249999556e+03 -1.361061366210000051e+04 -2.725037586550000128e+02 -2.299545638120000035e+01 6.668847002760000464e+01
6.500000000000000222e-01 -3.551662923679999949e+03 6.307333973920000062e+03 -1.353002960910000002e+04 -2.726897889179999765e+02 -2.329285563490000044e+01 6.709510369480000236e+01
6.500000000000000222e-01 -3.415122729990000153e+03 6.306529296740000063e+03 -1.353878071780000028e+04 -2.724943986600000017e+02 -2.316038474719999840e+01 6.745317427589999681e+01
6.500000000000000222e-01 -3.416725691529999949e+03 6.359947951570000441e+03 -1.375304999959999986e+04 -2.719705505950000202e+02 -2.289630509870000097e+01 6.763598378429999514e+01
6.500000000000000222e-01 -3.388321091220000199e+03 6.394761318099999698e+03 -1.359717469669999991e+04 -2.726434001169999988e+02 -2.320944869910000108e+01 6.781579459690000533e+01
6.500000000000000222e-01 -3.530917724630000066e+03 6.412288065669999924e+03 -1.355416819969999960e+04 -2.722233944430000179e+02 -2.349809783179999911e+01 6.772478729799999542e+01
6.500000000000000222e-01 -3.443578370700000050e+03 6.215082101150000199e+03 -1.370453769199999988e+04 -2.724773068979999948e+02 -2.308802694630000119e+01 6.772460614729999406e+01
6.500000000000000222e-01 -3.533195424389999971e+03 6.204251673329999903e+03 -1.361179943719999937e+04 -2.724183450020000237e+02 -2.286361924499999887e+01 6.775644099599999493e+01
6.500000000000000222e-01 -3.499888878029999887e+03 6.218953125820000423e+03 -1.356653210919999947e+04 -2.720779172370000083e+02 -2.345956725639999974e+01 6.723997203599999750e+01
6.500000000000000222e-01 -3.439411566740000126e+03 6.428329852959999698e+03 -1.357998818939999910e+04 -2.722234295449999877e+02 -2.348205499399999852e+01 6.747077131989999543e+01
6.500000000000000222e-01 -3.359768195560000095e+03 6.317693211679999877e+03 -1.367176588959999935e+04 -2.725195009369999752e+02 -2.309375656019999923e+01 6.688166607649999662e+01
6.500000000000000222e-01 -3.469534021429999939e+03 6.200106085329999587e+03 -1.368848164159999942e+04 -2.722837812390000067e+02 -2.330847698450000038e+01 6.785066729029999522e+01
6.500000000000000222e-01 -3.407356570660000216e+03 6.222717340819999663e+03 -1.366627637870000035e+04 -2.723464446990000170e+02 -2.313958349749999854e+01 6.732958256439999900e+01
6.500000000000000222e-01 -3.487932929990000048e+03 6.242942272100000082e+03 -1.375255289730000004e+04 -2.722117541200000232e+02 -2.362306737529999978e+01 6.759661168910000129e+01
6.500000000000000222e-01 -3.592115349619999961e+03 6.322107923890000166e+03 -1.356070856049999929e+04 -2.724935473259999981e+02 -2.313663824369999844e+01 6.709728171129999907e+01
6.500000000000000222e-01 -3.387370131919999949e+03 6.245890389670000332e+03 -1.367537855889999992e+04 -2.723222964579999825e+02 -2.315527936719999857e+01 6.792250178480000500e+01
6.500000000000000222e-01 -3.427877067259999876e+03 6.283168927030000305e+03 -1.375688979479999944e+04 -2.727470659489999889e+02 -2.279630265349999974e+01 6.713455037699999650e+01
6.500000000000000222e-01 -3.434551731659999859e+03 6.307297998619999817e+03 -1.352762077069999941e+04 -2.719466131579999910e+02 -2.325742142969999904e+01 6.709145614679999881e+01
6.500000000000000222e-01 -3.580515756530000090e+03 6.227861821489999784e+03 -1.366154370030000064e+04 -2.723774717480000049e+02 -2.300656588860000085e+01 6.713638009109999416e+01
6.500000000000000222e-01 -3.549660778680000021e+03 6.435296123129999614e+03 -1.360132404739999947e+04 -2.721823709920000169e+02 -2.332732304239999976e+01 6.726980539400000225e+01
6.500000000000000222e-01 -3.462398220550000133e+03 6.220738169350000135e+03 -1.356889325129999997e+04 -2.723028922369999805e+02 -2.295712874599999864e+01 6.776684405819999313e+01
6.500000000000000222e-01 -3.551516965270000128e+03 6.327691089799999645e+03 -1.376625232180000057e+04 -2.718575833859999875e+02 -2.308363106250000030e+01 6.697850217479999912e+01
6.500000000000000222e-01 -3.570225355149999814e+03 6.356223862720000398e+03 -1.354444044869999925e+04 -2.726924603869999828e+02 -2.294857273910000117e+01 6.706282120049999662e+01
6.500000000000000222e-01 -3.421928057250000165e+03 6.388809741539999777e+03 -1.374265295049999986e+04 -2.726121638399999938e+02 -2.287241938320000045e+01 6.729071802580000394e+01
6.500000000000000222e-01 -3.551044764629999918e+03 6.270647274670000115e+03 -1.375307130540000071e+04 -2.727875328220000029e+02 -2.324090220909999971e+01 6.759445957299999463e+01
6.500000000000000222e-01 -3.511314668129999973e+03 6.258321982239999670e+03 -1.376109977980000076e+04 -2.722219412239999770e+02 -2.350630463170000084e+01 6.741947180699999365e+01
6.500000000000000222e-01 -3.511188478349999968e+03 6.254582691679999698e+03 -1.375841910859999916e+04 -2.726472830000000158e+02 -2.334069512740000008e+01 6.757216427429999328e+01
6.500000000000000222e-01 -3.362317396360000203e+03 6.314724734229999740e+03 -1.368197888600000078e+04 -2.725559975140000120e+02 -2.308064995359999827e+01 6.689077759849999438e+01
6.500000000000000222e-01 -3.468341202690000046e+03 6.271735982530000001e+03 -1.352719135210000059e+04 -2.726052210029999969e+02 -2.259337869830000045e+01 6.761333077989999651e+01
6.500000000000000222e-01 -3.488140016819999801e+03 6.196101684539999951e+03 -1.367904690630000005e+04 -2.724535189329999980e+02 -2.311286945930000059e+01 6.783850331909999909e+01
6.500000000000000222e-01 -3.468088150099999893e+03 6.194643644929999937e+03 -1.363311852010000075e+04 -2.723399541169999907e+02 -2.316447499350000072e+01 6.678727406960000224e+01
6.500000000000000222e-01 -3.421974553189999824e+03 6.279669937640000171e+03 -1.375217911789999926e+04 -2.728316552539999975e+02 -2.278979761509999946e+01 6.689895256929999334e+01
6.500000000000000222e-01 -3.357782333040000140e+03 6.334995295560000159e+03 -1.365424183099999937e+04 -2.724022392030000219e+02 -2.311131295530000074e+01 6.788364982779999934e+01
6.500000000000000222e-01 -3.428594454709999809e+03 6.383849142660000325e+03 -1.375013667750000059e+04 -2.727995142400000077e+02 -2.312052613770000065e+01 6.702220455890000039e+01
6.500000000000000222e-01 -3.494015247190000082e+03 6.194276884750000136e+03 -1.362354245319999973e+04 -2.723930552639999974e+02 -2.294492059059999889e+01 6.792578049259999773e+01
6.500000000000000222e-01 -3.576541110629999821e+03 6.411501181890000225e+03 -1.370368032780000067e+04 -2.726148478119999936e+02 -2.285753391669999957e+01 6.762004571939999664e+01
6.500000000000000222e-01 -3.482675300249999964e+03 6.373602907020000202e+03 -1.352307672289999937e+04 -2.724835571869999740e+02 -2.370356245949999874e+01 6.753903282800000341e+01
6.500000000000000222e-01 -3.436292379999999866e+03 6.315060695180000039e+03 -1.376887397029999920e+04 -2.719638542150000262e+02 -2.317988396779999860e+01 6.746679642990000048e+01
6.500000000000000222e-01 -3.511255117719999816e+03 6.321816645140000219e+03 -1.351547602550000011e+04 -2.718107466129999921e+02 -2.305292913030000079e+01 6.741207485040000336e+01
6.500000000000000222e-01 -3.535514504730000226e+03 6.309716728639999928e+03 -1.352257211819999975e+04 -2.728995353209999735e+02 -2.331380806359999980e+01 6.710657967480000252e+01
