3.450000000000000000e+05 -3.825169763230000171e+03 5.312987153630000421e+02 -9.928618296419999751e+02 -2.791239538920000030e+01 1.301054383469999891e+02 2.906254764000000250e+02
6.500000000000000222e-01 -3.742156772079999882e+03 4.335349052349999965e+02 -9.668167957919999935e+02 -2.298308359370000176e+01 1.262308729779999936e+02 2.933544437439999797e+02
6.500000000000000222e-01 -3.688521951459999855e+03 7.332454300770000373e+02 -4.821271041210000021e+02 -8.487850533379999618e+00 1.333785952670000086e+02 3.034279726550000191e+02
6.500000000000000222e-01 -3.679743096029999833e+03 7.840138570809999692e+02 -3.581933167170000161e+02 -3.774944236840000134e+00 1.314981862850000027e+02 3.066516907530000253e+02
6.500000000000000222e-01 -3.771203417159999844e+03 6.331125494990000107e+02 -8.682073486970000431e+02 -2.194421333489999881e+01 1.368546878829999969e+02 2.913863101140000254e+02
6.500000000000000222e-01 -3.772042603039999904e+03 6.749242143520000354e+02 -6.584008751469999652e+02 -1.996619335480000146e+01 1.347704439009999930e+02 2.973396920320000163e+02
6.500000000000000222e-01 -3.724853596840000137e+03 8.284439555919999520e+02 -3.414424127809999732e+02 -9.710745552180000573e+00 1.256069796449999956e+02 3.075766800119999971e+02
6.500000000000000222e-01 -3.795218242439999813e+03 7.985830945720000500e+02 -3.586001600820000021e+02 -6.038117239720000029e+00 1.281631905810000092e+02 3.036420249739999804e+02
6.500000000000000222e-01 -3.751095241859999987e+03 8.120722568449999699e+02 -3.647902625500000227e+02 -1.116472714450000048e+01 1.263155679780000042e+02 3.063229294010000103e+02
6.500000000000000222e-01 -3.787094247040000027e+03 6.493613005729999941e+02 -7.019270708809999633e+02 -2.345852274370000146e+01 1.323299693490000095e+02 2.966486928279999802e+02
6.500000000000000222e-01 -3.687764912709999862e+03 7.581316076599999860e+02 -4.233204207590000010e+02 -1.232885855089999971e+01 1.302108004549999976e+02 3.059488344019999886e+02
6.500000000000000222e-01 -3.664247729870000057e+03 7.785267435230000501e+02 -3.898268300909999766e+02 -5.978003093719999939e+00 1.327915565499999957e+02 3.063204867329999956e+02
6.500000000000000222e-01 -3.768860194649999812e+03 6.764019737080000141e+02 -6.155323753630000283e+02 -1.042479873399999946e+01 1.275877489140000023e+02 2.996424453249999829e+02
6.500000000000000222e-01 -3.735239980960000139e+03 7.185652295979999735e+02 -3.997150239950000241e+02 -8.503887591839999871e+00 1.248786200570000062e+02 3.063184742770000071e+02
6.500000000000000222e-01 -3.829349723929999982e+03 7.460578642420000506e+02 -5.515271202090000315e+02 -9.770737638820000015e+00 1.268800216369999987e+02 2.991181053909999719e+02
6.500000000000000222e-01 -3.738600378879999880e+03 7.027563959039999872e+02 -5.616317194570000311e+02 -9.187677508209999289e+00 1.315053170729999863e+02 3.005273627459999943e+02
6.500000000000000222e-01 -3.835041614029999891e+03 6.525992553739999948e+02 -6.541492426190000060e+02 -1.597600483739999966e+01 1.342589702159999945e+02 2.947346003829999859e+02
6.500000000000000222e-01 -3.643779895000000124e+03 8.062008662580000191e+02 -2.676488371600000278e+02 -1.477212961550000037e+00 1.310176526189999890e+02 3.094190159139999992e+02
6.500000000000000222e-01 -3.776552842630000214e+03 6.959226356660000192e+02 -5.432386219840000194e+02 -1.399237440409999955e+01 1.232065293210000050e+02 3.028372528990000205e+02
6.500000000000000222e-01 -3.827283024989999831e+03 6.380371733429999495e+02 -7.825701457540000092e+02 -2.716768517879999933e+01 1.255520713460000053e+02 2.958993066749999912e+02
6.500000000000000222e-01 -3.825157946840000022e+03 7.025852027040000394e+02 -5.691939407759999767e+02 -1.798799577520000170e+01 1.227560029459999953e+02 3.016835100920000059e+02
6.500000000000000222e-01 -3.674602635969999938e+03 7.650247487200000478e+02 -2.228892328999999961e+02 -1.916794726590000053e+00 1.292814790220000134e+02 3.095506923300000039e+02
6.500000000000000222e-01 -3.788134360009999909e+03 8.365661653680000427e+02 -3.162891191940000226e+02 -5.644427340440000052e+00 1.258095967440000038e+02 3.053536384920000160e+02
6.500000000000000222e-01 -3.822711205040000095e+03 6.142582892599999695e+02 -8.051595826340000031e+02 -1.876080308859999946e+01 1.349491295429999980e+02 2.910299968740000054e+02
6.500000000000000222e-01 -3.771126485480000156e+03 7.761900064799999654e+02 -3.931181274599999824e+02 -5.897550161669999902e+00 1.294599092960000064e+02 3.033680685730000164e+02
6.500000000000000222e-01 -3.711357783219999874e+03 7.755462252679999438e+02 -3.495390985239999964e+02 -3.902212412859999979e+00 1.301722691219999888e+02 3.059375373269999727e+02
6.500000000000000222e-01 -3.770623630510000112e+03 8.421440035760000455e+02 -3.327911089599999741e+02 -8.871003908400000526e+00 1.236879316090000032e+02 3.067644003959999850e+02
6.500000000000000222e-01 -3.664392209449999882e+03 7.410519283600000335e+02 -1.895665077630000042e+02 -4.244456797590000219e-02 1.273550985690000061e+02 3.111263742470000011e+02
6.500000000000000222e-01 -3.663181778539999868e+03 8.265798455440000225e+02 -3.033997739829999887e+02 -5.265342687879999595e+00 1.308350458589999903e+02 3.084107077689999983e+02
6.500000000000000222e-01 -3.718313981379999859e+03 7.788282225210000433e+02 -2.714967069119999792e+02 -5.127436760180000164e+00 1.282733721220000120e+02 3.078618005019999941e+02
6.500000000000000222e-01 -3.795865329459999884e+03 7.032352991359999805e+02 -3.083261812260000170e+02 -1.112758447430000075e+01 1.277787016219999998e+02 3.064868893999999955e+02
6.500000000000000222e-01 -3.779881104409999807e+03 7.708876605970000355e+02 -4.671769809140000120e+02 -9.702446111049999544e+00 1.318708211059999940e+02 3.012348192869999934e+02
6.500000000000000222e-01 -3.830880313019999903e+03 7.217266779579999820e+02 -3.660665308330000016e+02 -1.267634467210000082e+01 1.302929987329999904e+02 3.032811825580000118e+02
6.500000000000000222e-01 -3.646785160389999874e+03 8.041134747690000495e+02 -2.769138059819999853e+02 -5.189971648650000269e+00 1.301595626220000099e+02 3.095714959470000167e+02
6.500000000000000222e-01 -3.843249236050000036e+03 5.510381908800000019e+02 -8.875921557970000322e+02 -3.102544466189999994e+01 1.249599590469999981e+02 2.922478100270000141e+02
6.500000000000000222e-01 -3.735531530669999938e+03 7.025756344239999862e+02 -4.187678991369999721e+02 -1.062765348799999998e+01 1.325316270820000000e+02 3.035912045000000035e+02
6.500000000000000222e-01 -3.731949242270000013e+03 7.701406636740000522e+02 -3.073052388059999771e+02 -7.158614169529999849e+00 1.295843897949999928e+02 3.066108477120000089e+02
6.500000000000000222e-01 -3.808380339559999811e+03 7.661131581890000461e+02 -3.994894125079999867e+02 -1.139293326159999964e+01 1.226495932050000022e+02 3.053152171469999985e+02
6.500000000000000222e-01 -3.814887907060000089e+03 6.269098646569999573e+02 -9.566867433649999839e+02 -2.089364978320000077e+01 1.335300006729999893e+02 2.872227430010000262e+02
6.500000000000000222e-01 -3.761491519249999783e+03 6.682271916820000115e+02 -5.455559488579999652e+02 -1.866361218480000161e+01 1.270105242470000064e+02 3.027558269180000252e+02
6.500000000000000222e-01 -3.732896465849999913e+03 7.480387269069999547e+02 -5.751812978210000438e+02 -1.307953596579999989e+01 1.345217610789999867e+02 3.003532608250000067e+02
6.500000000000000222e-01 -3.750233420489999844e+03 7.998038470320000215e+02 -1.893129782469999896e+02 -1.725472586980000056e+00 1.241419222640000015e+02 3.094815011009999921e+02
6.500000000000000222e-01 -3.753616112979999798e+03 7.640492183919999434e+02 -4.939608151549999775e+02 -1.639913614929999852e+01 1.264081282740000063e+02 3.039369533240000010e+02
6.500000000000000222e-01 -3.796763119530000040e+03 8.002161728449999600e+02 -4.130434847170000126e+02 -8.719440572830000846e+00 1.232659317709999982e+02 3.043119458689999988e+02
6.500000000000000222e-01 -3.724967340940000213e+03 7.876720309800000450e+02 -3.246566613179999763e+02 -6.438084287839999753e+00 1.303813569049999899e+02 3.061099919389999968e+02
6.500000000000000222e-01 -3.805074302410000200e+03 7.207398324099999627e+02 -3.259656178129999944e+02 -9.410398764849999154e+00 1.307719137230000115e+02 3.040582456099999717e+02
6.500000000000000222e-01 -3.762542534549999800e+03 8.034363565569999537e+02 -3.451567461280000089e+02 -8.411869792359999209e+00 1.299304880550000121e+02 3.049030294070000195e+02
6.500000000000000222e-01 -3.868529513320000206e+03 4.410690597650000200e+02 -1.365400922280000032e+03 -4.181072204819999882e+01 1.351365247610000040e+02 2.787214345660000276e+02
6.500000000000000222e-01 -3.746346775269999853e+03 8.097251858529999708e+02 -3.258726222529999745e+02 -7.716458485479999574e+00 1.295304405320000001e+02 3.058357450299999982e+02
6.500000000000000222e-01 -3.785418276519999836e+03 6.710405822530000250e+02 -5.970199521929999946e+02 -1.516761955419999985e+01 1.229806262479999930e+02 3.015147177690000149e+02
6.500000000000000222e-01 -3.766836361690000103e+03 6.858981958130000294e+02 -6.249493018150000125e+02 -1.044164522990000066e+01 1.298671650940000006e+02 2.987742310259999954e+02
6.500000000000000222e-01 -3.802874989890000052e+03 7.127043127980000463e+02 -5.523991837180000175e+02 -1.784280086329999904e+01 1.328523067090000040e+02 2.995405095699999833e+02
6.500000000000000222e-01 -3.894529129359999843e+03 5.430045903999999837e+02 -9.983978242890000274e+02 -3.577338409539999731e+01 1.339821174100000007e+02 2.946938806480000039e+02
6.500000000000000222e-01 -3.787528550290000112e+03 8.041673073800000111e+02 -3.058085428800000045e+02 -9.133086335959999857e+00 1.258742651729999977e+02 3.064234682779999730e+02
6.500000000000000222e-01 -3.803204788649999955e+03 6.950573444909999807e+02 -5.593747499830000152e+02 -1.444038723399999924e+01 1.334249042220000092e+02 2.982699163170000247e+02
6.500000000000000222e-01 -3.696607850920000146e+03 8.370062304809999887e+02 -3.007753846759999874e+02 -7.423403717840000304e+00 1.282758242090000067e+02 3.082628921169999785e+02
6.500000000000000222e-01 -3.763681705500000135e+03 7.337682695419999845e+02 -5.082107284379999896e+02 -1.464097849080000024e+01 1.329163018499999964e+02 3.011989232600000150e+02
6.500000000000000222e-01 -3.703278196300000218e+03 8.015517637630000536e+02 -3.096633025699999848e+02 -5.909725902569999967e+00 1.302695714440000074e+02 3.071039383319999843e+02
6.500000000000000222e-01 -3.762791577049999887e+03 7.787203342609999481e+02 -3.529426050559999908e+02 -8.331568633819999903e+00 1.304569309739999881e+02 3.045425713770000016e+02
6.500000000000000222e-01 -3.824293808700000227e+03 7.015054151320000528e+02 -7.006822124130000020e+02 -1.581022366320000039e+01 1.334778672520000100e+02 2.943690582629999994e+02
6.500000000000000222e-01 -3.832565332870000020e+03 4.908026300889999902e+02 -1.158222079829999984e+03 -3.757648438110000200e+01 1.357960147979999874e+02 2.852035765159999983e+02
6.500000000000000222e-01 -3.661242514479999954e+03 7.463366577420000567e+02 -1.376020120039999881e+02 1.182707631840000051e+00 1.271831471450000066e+02 3.119413533119999897e+02
6.500000000000000222e-01 -3.804986338600000181e+03 6.694968921070000079e+02 -7.200010997140000200e+02 -2.219345845449999999e+01 1.331765999890000103e+02 2.950537709930000005e+02
6.500000000000000222e-01 -3.715040026430000125e+03 7.079848505950000117e+02 -3.442711453869999900e+02 -7.932445082150000104e+00 1.320671585439999944e+02 3.057526317059999883e+02
6.500000000000000222e-01 -3.711550784030000159e+03 7.020119397720000052e+02 -2.214503060170000026e+02 -5.058319194320000101e+00 1.265942421219999972e+02 3.102642983459999755e+02
6.500000000000000222e-01 -3.703828952469999876e+03 7.904375241559999949e+02 -2.464305758950000040e+02 -3.611451272340000074e+00 1.295150352720000058e+02 3.082546686669999758e+02
6.500000000000000222e-01 -3.797218710510000165e+03 6.435338532270000087e+02 -7.526294338760000073e+02 -2.252807224849999912e+01 1.340231187889999944e+02 2.940062065849999726e+02
6.500000000000000222e-01 -3.659701395659999889e+03 7.615234456739999587e+02 -1.922681082990000050e+02 -4.055130889940000150e-01 1.289412193349999995e+02 3.105463163900000154e+02
6.500000000000000222e-01 -3.804204782960000102e+03 6.860334304040000006e+02 -4.072876509349999878e+02 -1.472015046099999935e+01 1.297074272229999963e+02 3.037672801190000200e+02
6.500000000000000222e-01 -3.732659906609999780e+03 6.260815213319999657e+02 -7.789585349660000020e+02 -1.554270873960000010e+01 1.347917329279999876e+02 2.952308879349999984e+02
6.500000000000000222e-01 -3.865717456509999920e+03 5.856125329449999981e+02 -1.036873110120000092e+03 -3.489899720879999734e+01 1.335403242149999983e+02 2.857156461889999832e+02
6.500000000000000222e-01 -3.803249559620000127e+03 7.320319981019999886e+02 -3.947117253559999881e+02 -1.253901909780000068e+01 1.305636578820000011e+02 3.031502146899999843e+02
6.500000000000000222e-01 -3.747374304339999981e+03 6.769997704539999859e+02 -6.054809999889999972e+02 -1.573389340950000026e+01 1.347167312159999994e+02 2.986662685860000011e+02
6.500000000000000222e-01 -3.813910075480000160e+03 7.820572950759999458e+02 -5.237098699240000315e+02 -1.532670972050000024e+01 1.321837499899999955e+02 2.997710803410000153e+02
6.500000000000000222e-01 -3.675858838629999809e+03 7.409714605469999924e+02 -2.292608110650000128e+02 -3.282757613089999804e+00 1.305569136070000127e+02 3.092264167650000104e+02
6.500000000000000222e-01 -3.764905459770000107e+03 7.830478554060000533e+02 -3.558530382370000211e+02 -1.033663726370000013e+01 1.289655419400000085e+02 3.052205729190000056e+02
6.500000000000000222e-01 -3.793785579010000220e+03 5.983063153790000115e+02 -9.577728764370000363e+02 -2.785439444669999887e+01 1.375022673809999958e+02 2.871773710819999792e+02
6.500000000000000222e-01 -3.744740036510000209e+03 7.965235147480000251e+02 -2.945733085969999934e+02 -5.253376405330000054e+00 1.288817967329999874e+02 3.063283413720000112e+02
6.500000000000000222e-01 -3.841140532320000148e+03 7.743633899879999944e+02 -3.597278689780000036e+02 -9.794975251629999491e+00 1.305873839760000124e+02 3.022092205719999924e+02
6.500000000000000222e-01 -3.728613363399999798e+03 7.102965285190000486e+02 -5.451824365620000208e+02 -1.333739461200000065e+01 1.341464001939999946e+02 3.007467350620000275e+02
6.500000000000000222e-01 -3.784084976969999843e+03 7.679862463480000088e+02 -3.935436477119999950e+02 -7.650408522340000239e+00 1.307354717620000031e+02 3.027403057079999940e+02
6.500000000000000222e-01 -3.808727331900000081e+03 6.781505287459999636e+02 -6.838250973100000465e+02 -1.267278114720000026e+01 1.267590153109999989e+02 2.970128439509999794e+02
6.500000000000000222e-01 -3.691939484359999824e+03 7.185603380019999804e+02 -2.656058294110000020e+02 -1.448422997380000021e+00 1.257045930480000067e+02 3.101864690730000120e+02
6.500000000000000222e-01 -3.864329145489999974e+03 4.686300517679999871e+02 -1.275798906709999983e+03 -4.155398883640000207e+01 1.331937816580000060e+02 2.820575941129999933e+02
6.500000000000000222e-01 -3.760032893319999857e+03 6.203371113109999442e+02 -7.218922953359999610e+02 -2.173862419230000143e+01 1.347793807090000087e+02 2.956913315580000017e+02
6.500000000000000222e-01 -3.771749930429999949e+03 7.413465012980000211e+02 -4.964834310379999920e+02 -1.452431601630000024e+01 1.326601553399999887e+02 3.013329045959999917e+02
6.500000000000000222e-01 -3.824424111490000087e+03 6.081604092950000222e+02 -6.841614349090000360e+02 -2.517340481980000177e+01 1.292027872650000120e+02 2.977552806840000130e+02
6.500000000000000222e-01 -3.834343704869999783e+03 6.553465744190000350e+02 -8.004895714460000136e+02 -1.621997927929999861e+01 1.320905995690000054e+02 2.918154175299999906e+02
6.500000000000000222e-01 -3.817953573799999958e+03 5.904020556990000159e+02 -9.131153569690000040e+02 -3.214100440970000250e+01 1.299333561349999968e+02 2.905910044280000193e+02
6.500000000000000222e-01 -3.683872676580000189e+03 7.637299657219999744e+02 -2.328664401400000088e+02 -2.295937342899999845e+00 1.288799348109999983e+02 3.092323803419999990e+02
6.500000000000000222e-01 -3.756590392510000129e+03 6.981559838379999974e+02 -5.257305051670000466e+02 -1.318264214989999950e+01 1.336597262950000129e+02 3.003473421069999745e+02
6.500000000000000222e-01 -3.743849882569999863e+03 7.789368055359999516e+02 -3.423080842769999776e+02 -6.906363261280000110e+00 1.252670971400000042e+02 3.067256054200000221e+02
6.500000000000000222e-01 -3.679428212809999877e+03 7.312605441419999579e+02 -3.671385250079999878e+02 -8.931657693840000078e+00 1.317465125479999983e+02 3.066075931930000138e+02
6.500000000000000222e-01 -3.710226280939999924e+03 7.522674428349999971e+02 -2.699944327229999885e+02 -5.323682285740000353e+00 1.295748759269999937e+02 3.078503659759999778e+02
6.500000000000000222e-01 -3.746417073579999851e+03 7.959825765589999946e+02 -1.710458920069999920e+02 -1.534021038769999956e+00 1.243995714779999986e+02 3.098083995680000271e+02
6.500000000000000222e-01 -3.791794895819999965e+03 7.407967704210000193e+02 -5.017590940530000125e+02 -9.352330825259999258e+00 1.248805036769999930e+02 3.020957494529999963e+02
6.500000000000000222e-01 -3.670303172999999788e+03 7.888561133309999605e+02 -3.500090837239999928e+02 -9.134609568249999256e+00 1.298132604129999947e+02 3.078776041680000048e+02
6.500000000000000222e-01 -3.763469239839999773e+03 6.513519188389999499e+02 -5.613966241829999717e+02 -1.521300324010000082e+01 1.341764229240000077e+02 2.992342443850000109e+02
6.500000000000000222e-01 -3.670308813789999931e+03 7.744432436390000021e+02 -3.362896814740000195e+02 -3.487150986370000094e+00 1.312901040710000018e+02 3.072783537049999723e+02
6.500000000000000222e-01 -3.762220448800000213e+03 7.724880640500000482e+02 -3.669710089519999769e+02 -8.708721754220000832e+00 1.307851227410000092e+02 3.042084065689999761e+02
6.500000000000000222e-01 -3.790329514269999891e+03 6.513286407289999715e+02 -5.866050941969999712e+02 -1.517738160580000084e+01 1.344077194179999992e+02 2.976878726080000206e+02
1.390000000000000000e+04 -2.136972579659999974e+04 1.351496000020000065e+04 -9.878632564179999463e+03 -1.375061863990000006e+02 1.542766105419999860e+02 -3.563709287600000266e+02
6.500000000000000222e-01 -2.137236840450000091e+04 1.353584459939999942e+04 -9.749296358330000658e+03 -1.375515788030000124e+02 1.545918188610000072e+02 -3.570455389159999982e+02
6.500000000000000222e-01 -2.133936915629999930e+04 1.357744888600000013e+04 -9.791684719580000092e+03 -1.378871326439999905e+02 1.541908013270000026e+02 -3.573500268750000259e+02
6.500000000000000222e-01 -2.144369498649999878e+04 1.353100586739999926e+04 -9.742780549330000213e+03 -1.379799112649999984e+02 1.547111839229999930e+02 -3.567650097960000153e+02
6.500000000000000222e-01 -2.140671102610000162e+04 1.350284204599999975e+04 -9.747461785519999466e+03 -1.380683896820000029e+02 1.539541082039999935e+02 -3.569958570779999718e+02
6.500000000000000222e-01 -2.152212011060000077e+04 1.352457838830000037e+04 -9.820908767509999961e+03 -1.379639690930000029e+02 1.550888413179999930e+02 -3.564408218359999978e+02
6.500000000000000222e-01 -2.139812321349999911e+04 1.352218131609999909e+04 -9.748867708670000866e+03 -1.378661820990000137e+02 1.548110618729999999e+02 -3.570092525219999970e+02
6.500000000000000222e-01 -2.134442281179999918e+04 1.358253676679999990e+04 -9.794854551590000483e+03 -1.379402912879999974e+02 1.541014035819999890e+02 -3.573268618500000002e+02
6.500000000000000222e-01 -2.141766810500000065e+04 1.356171001509999951e+04 -9.751951445979999335e+03 -1.385291248020000126e+02 1.542498634519999996e+02 -3.569479370189999941e+02
6.500000000000000222e-01 -2.143049116480000157e+04 1.353393091889999960e+04 -9.731356681310000567e+03 -1.376208080819999964e+02 1.543877787350000119e+02 -3.565074585699999830e+02
6.500000000000000222e-01 -2.141249145439999847e+04 1.351411156569999912e+04 -9.749772744010000679e+03 -1.379604145739999979e+02 1.546123242470000037e+02 -3.570266788270000120e+02
6.500000000000000222e-01 -2.131846323140000095e+04 1.344641421620000074e+04 -9.808086059749999549e+03 -1.373165843760000087e+02 1.542428603900000041e+02 -3.574713335499999971e+02
6.500000000000000222e-01 -2.132154600059999939e+04 1.355790941080000084e+04 -9.803796685810000781e+03 -1.383541267800000014e+02 1.532790771349999943e+02 -3.565189483390000191e+02
6.500000000000000222e-01 -2.142099039740000080e+04 1.353273614000000089e+04 -9.733566974639999898e+03 -1.379105330090000052e+02 1.539238564780000047e+02 -3.566262282580000260e+02
6.500000000000000222e-01 -2.136844144940000115e+04 1.354910765639999954e+04 -9.752887662450000789e+03 -1.376627276670000128e+02 1.546726796529999888e+02 -3.570953420280000046e+02
6.500000000000000222e-01 -2.138829657660000157e+04 1.356913646730000073e+04 -9.757106008810000276e+03 -1.380847718420000092e+02 1.547093137029999923e+02 -3.571280422460000068e+02
6.500000000000000222e-01 -2.135128182069999821e+04 1.356590021940000042e+04 -9.772702436670000679e+03 -1.378352295349999963e+02 1.544475353969999958e+02 -3.572720084700000029e+02
6.500000000000000222e-01 -2.141327194059999965e+04 1.353762734450000062e+04 -9.749553241929999785e+03 -1.385677225860000021e+02 1.550042107740000006e+02 -3.570246418500000232e+02
6.500000000000000222e-01 -2.146390441400000054e+04 1.358171500639999977e+04 -9.753012142120000135e+03 -1.387100928000000124e+02 1.547495096799999885e+02 -3.569329251359999944e+02
6.500000000000000222e-01 -2.147825768890000109e+04 1.350315324479999981e+04 -9.758168390240000008e+03 -1.386188014319999979e+02 1.546237150540000016e+02 -3.570161306129999730e+02
6.500000000000000222e-01 -2.130402092180000182e+04 1.353696259690000079e+04 -9.805347763379999378e+03 -1.382128488179999977e+02 1.533334703179999963e+02 -3.566624910369999952e+02
6.500000000000000222e-01 -2.140483662990000084e+04 1.352990294890000041e+04 -9.749746225499999127e+03 -1.385074572579999881e+02 1.549037124580000011e+02 -3.569824033549999740e+02
6.500000000000000222e-01 -2.129507933490000141e+04 1.352803843159999997e+04 -9.815538552759999220e+03 -1.382304088530000001e+02 1.536434732369999949e+02 -3.567846104920000130e+02
6.500000000000000222e-01 -2.152257260920000044e+04 1.356491179519999969e+04 -9.785914981249999983e+03 -1.383601463779999960e+02 1.548300714449999873e+02 -3.564747057349999864e+02
6.500000000000000222e-01 -2.132560986069999853e+04 1.353255309619999935e+04 -9.787944098800000575e+03 -1.384341173610000055e+02 1.535771013659999937e+02 -3.567489562540000065e+02
6.500000000000000222e-01 -2.147091398629999821e+04 1.348943970280000030e+04 -9.763867933699999412e+03 -1.383847955990000003e+02 1.546302590919999886e+02 -3.570219225289999940e+02
6.500000000000000222e-01 -2.132197143860000142e+04 1.342382838509999965e+04 -9.832933127829999648e+03 -1.372295441299999936e+02 1.544673666189999892e+02 -3.574612901599999759e+02
6.500000000000000222e-01 -2.137383199059999970e+04 1.349838877599999978e+04 -9.758716510189999099e+03 -1.378921727949999934e+02 1.549455485219999957e+02 -3.569876489060000040e+02
6.500000000000000222e-01 -2.138079533829999855e+04 1.356803478820000055e+04 -9.763939086020000104e+03 -1.380358336459999862e+02 1.544011553509999999e+02 -3.571585864929999730e+02
6.500000000000000222e-01 -2.142809755980000045e+04 1.359826318039999933e+04 -9.765722427119999338e+03 -1.387417570130000115e+02 1.540809233839999877e+02 -3.567782310250000251e+02
6.500000000000000222e-01 -2.144841249479999897e+04 1.349031878870000037e+04 -9.770948337589999937e+03 -1.381728561360000072e+02 1.551269457639999985e+02 -3.569995268669999859e+02
6.500000000000000222e-01 -2.134808049369999935e+04 1.351745112379999955e+04 -9.765640217689999190e+03 -1.376317788089999965e+02 1.542834247259999927e+02 -3.572428683420000084e+02
6.500000000000000222e-01 -2.140811088050000035e+04 1.353697774810000010e+04 -9.747454762900000787e+03 -1.382292154540000126e+02 1.552917317550000007e+02 -3.569305143700000258e+02
6.500000000000000222e-01 -2.139770778430000064e+04 1.351882513990000007e+04 -9.754144908829999622e+03 -1.381570430129999920e+02 1.546153100200000097e+02 -3.570946885070000008e+02
6.500000000000000222e-01 -2.139163244889999987e+04 1.347876320929999929e+04 -9.780525553339999533e+03 -1.377355967750000048e+02 1.556239548499999898e+02 -3.566369625780000092e+02
6.500000000000000222e-01 -2.132364054490000126e+04 1.351384410120000030e+04 -9.791467729739999413e+03 -1.382126391950000084e+02 1.540602661979999937e+02 -3.571298707359999867e+02
6.500000000000000222e-01 -2.141755295480000132e+04 1.353656149139999980e+04 -9.749765042000000903e+03 -1.386182097690000035e+02 1.548907809940000107e+02 -3.570335657370000035e+02
6.500000000000000222e-01 -2.126312805149999986e+04 1.344505668689999948e+04 -9.848277656370000841e+03 -1.371839383749999968e+02 1.541806953079999971e+02 -3.573380347429999802e+02
6.500000000000000222e-01 -2.149536294540000017e+04 1.355732112059999963e+04 -9.757575559040000371e+03 -1.378078448249999894e+02 1.545130187219999982e+02 -3.558106429320000075e+02
6.500000000000000222e-01 -2.141844762320000154e+04 1.350751239349999923e+04 -9.749390573999999106e+03 -1.381098663969999905e+02 1.544384395859999870e+02 -3.570113329530000215e+02
6.500000000000000222e-01 -2.138982250130000102e+04 1.350523930509999991e+04 -9.766653937380000571e+03 -1.381310979909999901e+02 1.548484208360000025e+02 -3.571732558830000244e+02
6.500000000000000222e-01 -2.145475016500000129e+04 1.362349545629999920e+04 -9.782566953499999727e+03 -1.387701194889999954e+02 1.545685608480000042e+02 -3.569911834650000060e+02
6.500000000000000222e-01 -2.153347449680000136e+04 1.354267607060000046e+04 -9.824501163130000350e+03 -1.382546089939999945e+02 1.549437341670000023e+02 -3.566645757960000083e+02
6.500000000000000222e-01 -2.129686608759999945e+04 1.348081966280000051e+04 -9.804975594019999335e+03 -1.378570220880000079e+02 1.542699767549999876e+02 -3.570010875639999881e+02
6.500000000000000222e-01 -2.131577667020000081e+04 1.354233079770000040e+04 -9.801758938450000642e+03 -1.379715561630000025e+02 1.533934403430000089e+02 -3.570890055269999834e+02
6.500000000000000222e-01 -2.144137650510000094e+04 1.348751486760000080e+04 -9.757920416049999403e+03 -1.373236747109999953e+02 1.553111782100000084e+02 -3.562434764610000002e+02
6.500000000000000222e-01 -2.142733867440000176e+04 1.347355385860000024e+04 -9.794445119859999977e+03 -1.376678602929999897e+02 1.557022166970000114e+02 -3.565637701900000138e+02
6.500000000000000222e-01 -2.139225675190000038e+04 1.345605849820000003e+04 -9.778238562779999484e+03 -1.372187318549999873e+02 1.553986788199999864e+02 -3.564205524540000170e+02
6.500000000000000222e-01 -2.133691236790000039e+04 1.351368829240000014e+04 -9.772809636030000547e+03 -1.376166014540000049e+02 1.542336648430000139e+02 -3.573024241040000106e+02
6.500000000000000222e-01 -2.145735578790000000e+04 1.362487821260000055e+04 -9.840053846299999350e+03 -1.384289064820000021e+02 1.540174970550000069e+02 -3.568472805360000280e+02
6.500000000000000222e-01 -2.139831812839999839e+04 1.353247122549999949e+04 -9.747269411190000028e+03 -1.380094123840000009e+02 1.550847417690000043e+02 -3.569753386439999758e+02
6.500000000000000222e-01 -2.140517343110000002e+04 1.350361085099999946e+04 -9.748161104529999648e+03 -1.380821018469999899e+02 1.539696188899999925e+02 -3.570341340209999998e+02
6.500000000000000222e-01 -2.126450319780000063e+04 1.344879513140000017e+04 -9.859422679749999588e+03 -1.371705989810000119e+02 1.541824151760000063e+02 -3.575756972130000122e+02
6.500000000000000222e-01 -2.144324880489999850e+04 1.352676679440000044e+04 -9.746271054909999293e+03 -1.387844306009999968e+02 1.545413051900000028e+02 -3.569991741329999968e+02
6.500000000000000222e-01 -2.129789480009999897e+04 1.355884836999999970e+04 -9.831492783679999775e+03 -1.378240542080000068e+02 1.534614040970000133e+02 -3.572950283100000206e+02
6.500000000000000222e-01 -2.140890465730000142e+04 1.358160957710000002e+04 -9.758065476379999382e+03 -1.382959953529999950e+02 1.547933833149999998e+02 -3.571267022700000098e+02
6.500000000000000222e-01 -2.142069974559999901e+04 1.353280964479999966e+04 -9.738643169290000515e+03 -1.377970458400000098e+02 1.539708255369999961e+02 -3.566581402690000004e+02
6.500000000000000222e-01 -2.138553425119999883e+04 1.341586577910000051e+04 -9.874279990510000061e+03 -1.371717579710000052e+02 1.551843262200000026e+02 -3.571385077209999963e+02
6.500000000000000222e-01 -2.127441906670000026e+04 1.349051818090000052e+04 -9.827329427569999098e+03 -1.378954183319999913e+02 1.540855722869999909e+02 -3.567775725060000127e+02
6.500000000000000222e-01 -2.123311943270000120e+04 1.351379519099999925e+04 -9.926609871439999552e+03 -1.374842703799999981e+02 1.535414617479999890e+02 -3.573597804969999743e+02
6.500000000000000222e-01 -2.128106010930000048e+04 1.352725086310000006e+04 -9.820826652510000713e+03 -1.380922454699999946e+02 1.534698981459999914e+02 -3.565621332000000052e+02
6.500000000000000222e-01 -2.140363564609999958e+04 1.352613126849999935e+04 -9.749422943330000635e+03 -1.386496190819999867e+02 1.538265575110000043e+02 -3.568954517399999986e+02
6.500000000000000222e-01 -2.136346435600000041e+04 1.355558586570000080e+04 -9.762165562500000306e+03 -1.378189397200000030e+02 1.544854971659999876e+02 -3.571873531890000208e+02
6.500000000000000222e-01 -2.138442283269999825e+04 1.351989187769999990e+04 -9.756896671489999790e+03 -1.386332316639999931e+02 1.540462198470000033e+02 -3.569797020770000131e+02
6.500000000000000222e-01 -2.137039746240000022e+04 1.349924405429999933e+04 -9.758678883880000285e+03 -1.377118568749999952e+02 1.542123477289999869e+02 -3.571713473340000178e+02
6.500000000000000222e-01 -2.143901811219999945e+04 1.362454177639999943e+04 -9.793752061479999611e+03 -1.386300516009999910e+02 1.544222613729999978e+02 -3.570574770900000203e+02
6.500000000000000222e-01 -2.135939430519999951e+04 1.347664382630000000e+04 -9.765420123120000426e+03 -1.375629830700000014e+02 1.540946909449999964e+02 -3.572254476109999928e+02
6.500000000000000222e-01 -2.151413749150000149e+04 1.355084279609999976e+04 -9.802009755850000147e+03 -1.378280309669999895e+02 1.547404693629999883e+02 -3.558978268710000066e+02
6.500000000000000222e-01 -2.144294949619999898e+04 1.353108029100000022e+04 -9.741988685399999667e+03 -1.379428977649999979e+02 1.548572524349999924e+02 -3.567623863239999764e+02
6.500000000000000222e-01 -2.142704099670000141e+04 1.350341437269999915e+04 -9.755525193470000886e+03 -1.377595803609999905e+02 1.556153657659999965e+02 -3.565539853550000089e+02
6.500000000000000222e-01 -2.143890777959999832e+04 1.358896466420000070e+04 -9.797619502460000149e+03 -1.379859849929999882e+02 1.535762928499999873e+02 -3.563437584110000103e+02
6.500000000000000222e-01 -2.139775793139999951e+04 1.354528298200000063e+04 -9.743437333739999303e+03 -1.377886095039999930e+02 1.549436016479999978e+02 -3.569399838360000103e+02
6.500000000000000222e-01 -2.130036762280000039e+04 1.345372426540000015e+04 -9.813094136820000131e+03 -1.375523146159999897e+02 1.548392781100000093e+02 -3.566199549820000243e+02
6.500000000000000222e-01 -2.129936276820000057e+04 1.344806029970000054e+04 -9.826376061360000676e+03 -1.372885499139999865e+02 1.542813597679999873e+02 -3.575336933350000095e+02
6.500000000000000222e-01 -2.139559576979999838e+04 1.353286860420000085e+04 -9.745501756170000590e+03 -1.377581593419999990e+02 1.548885434629999907e+02 -3.569718687019999948e+02
6.500000000000000222e-01 -2.150925453370000105e+04 1.355032482119999986e+04 -9.775955313369999203e+03 -1.383641610399999990e+02 1.547609425240000007e+02 -3.566809834779999733e+02
6.500000000000000222e-01 -2.143960470060000080e+04 1.353626825699999972e+04 -9.746492790250000326e+03 -1.383113571000000093e+02 1.546132035770000073e+02 -3.569520861920000243e+02
6.500000000000000222e-01 -2.150750375340000028e+04 1.351559948740000073e+04 -9.781175736179999149e+03 -1.381993957990000013e+02 1.551565228599999955e+02 -3.566552178439999921e+02
6.500000000000000222e-01 -2.151326730319999842e+04 1.353747022250000009e+04 -9.790309142440000869e+03 -1.376967915239999911e+02 1.549085818009999969e+02 -3.555113718549999930e+02
6.500000000000000222e-01 -2.140351571360000162e+04 1.360449713789999987e+04 -9.832123755380000148e+03 -1.380839188019999995e+02 1.534719546770000136e+02 -3.568199035989999857e+02
6.500000000000000222e-01 -2.140988011769999866e+04 1.350981832550000036e+04 -9.743031355679999251e+03 -1.381577722339999923e+02 1.540692100450000055e+02 -3.569353448190000222e+02
6.500000000000000222e-01 -2.144544449209999948e+04 1.354098409139999967e+04 -9.746041489299999739e+03 -1.383339999910000131e+02 1.546239922020000108e+02 -3.569218150379999770e+02
6.500000000000000222e-01 -2.141474699959999998e+04 1.352956881550000071e+04 -9.748486138860000210e+03 -1.384965135330000123e+02 1.540738818350000088e+02 -3.569851548770000136e+02
6.500000000000000222e-01 -2.140739596660000097e+04 1.353451604360000056e+04 -9.737533451839999543e+03 -1.376240436749999958e+02 1.551049945839999964e+02 -3.567534531090000200e+02
6.500000000000000222e-01 -2.141236880830000155e+04 1.355459635560000061e+04 -9.749915310709999176e+03 -1.382621483069999897e+02 1.547490177480000000e+02 -3.570493024940000168e+02
6.500000000000000222e-01 -2.135807227269999930e+04 1.353421046980000028e+04 -9.760341754900000524e+03 -1.376926560180000081e+02 1.543985221099999876e+02 -3.571854666319999865e+02
6.500000000000000222e-01 -2.146640892890000032e+04 1.356184996669999964e+04 -9.736654007159999310e+03 -1.379320841539999947e+02 1.541933950080000102e+02 -3.561150571119999881e+02
6.500000000000000222e-01 -2.139887569989999974e+04 1.352773696329999984e+04 -9.749066302780000115e+03 -1.380469177909999985e+02 1.539616713499999889e+02 -3.569741339889999949e+02
6.500000000000000222e-01 -2.139539420899999823e+04 1.356402439840000079e+04 -9.758223426959999415e+03 -1.384305941149999910e+02 1.533551824820000036e+02 -3.564827339039999856e+02
6.500000000000000222e-01 -2.140676770100000067e+04 1.353445424629999980e+04 -9.750476844740000161e+03 -1.383415834470000050e+02 1.548757171270000015e+02 -3.570333487450000121e+02
6.500000000000000222e-01 -2.128946841389999827e+04 1.347632015839999985e+04 -9.811042670689999795e+03 -1.377810879179999972e+02 1.542681216549999874e+02 -3.569737426639999853e+02
6.500000000000000222e-01 -2.135539690989999872e+04 1.351881532300000072e+04 -9.771221989679999751e+03 -1.384910584410000070e+02 1.541218253860000118e+02 -3.570208564789999741e+02
6.500000000000000222e-01 -2.130358817469999849e+04 1.357336313949999931e+04 -9.834606201959999453e+03 -1.378467660860000024e+02 1.536821975990000055e+02 -3.574221181699999761e+02
6.500000000000000222e-01 -2.143644910810000147e+04 1.348109099729999980e+04 -9.764535716619999221e+03 -1.373534360170000070e+02 1.555239878449999935e+02 -3.561638098070000069e+02
6.500000000000000222e-01 -2.140395106039999882e+04 1.349183381790000021e+04 -9.747316232110000783e+03 -1.380457433999999921e+02 1.538964169879999986e+02 -3.570097131620000255e+02
6.500000000000000222e-01 -2.148334624830000030e+04 1.353684276680000039e+04 -9.754283744329999536e+03 -1.386038792319999970e+02 1.547549955490000002e+02 -3.569166217169999982e+02
6.500000000000000222e-01 -2.141714651840000079e+04 1.360395945620000020e+04 -9.778097920930000328e+03 -1.385917401119999965e+02 1.535939334029999941e+02 -3.563523347199999876e+02
6.500000000000000222e-01 -2.136794427300000098e+04 1.356230089760000010e+04 -9.777880055999999968e+03 -1.386305289610000102e+02 1.536807524529999966e+02 -3.568428255929999864e+02
6.500000000000000222e-01 -2.144158312429999933e+04 1.345498654300000089e+04 -9.787072061880000547e+03 -1.376506294710000020e+02 1.548087788180000075e+02 -3.569580949529999998e+02
6.500000000000000222e-01 -2.138266696740000043e+04 1.350895010519999960e+04 -9.754213721599999189e+03 -1.378522650689999978e+02 1.542972167780000063e+02 -3.571162428480000131e+02
6.500000000000000222e-01 -2.139134402469999986e+04 1.354957577200000014e+04 -9.755692310790000192e+03 -1.385713980349999872e+02 1.535176658590000045e+02 -3.566909832140000276e+02
3.690000000000000000e+05 1.424034788850000041e+03 1.652739101339999934e+03 7.298986885369999982e+02 6.192905645209999932e+01 1.551235941959999991e+02 -2.959104710089999912e+01
6.500000000000000222e-01 1.578281547170000067e+03 1.799863238010000032e+03 1.981022169109999993e+02 5.860402172290000067e+01 1.417426551700000061e+02 -9.684850880790000360e+01
6.500000000000000222e-01 1.430794673590000002e+03 1.679736296739999943e+03 7.676071832229999927e+02 6.970708791520000602e+01 1.651421720140000104e+02 -2.205286988279999960e+01
6.500000000000000222e-01 1.547263782479999918e+03 1.833759054809999952e+03 2.031812882080000122e+02 4.989421980550000058e+01 1.398277865830000053e+02 -9.792132673439999735e+01
6.500000000000000222e-01 1.633105007859999887e+03 1.846029206209999984e+03 3.478749688930000161e+02 4.835425468220000056e+01 1.272282651689999966e+02 -8.718914886359999628e+01
6.500000000000000222e-01 1.676099033590000090e+03 1.907794613410000011e+03 7.666019808750000664e+01 4.196831192380000175e+01 1.178877332339999953e+02 -1.063373906180000006e+02
6.500000000000000222e-01 1.440684560969999893e+03 1.401351718469999923e+03 6.918466165309999951e+02 8.894048053679999555e+01 1.740900773109999875e+02 -1.974922264570000152e+01
6.500000000000000222e-01 1.526013566399999945e+03 1.872269313700000112e+03 2.462050153689999945e+02 4.714082870090000199e+01 1.395353691390000108e+02 -9.470727266740000516e+01
6.500000000000000222e-01 1.548643900999999914e+03 1.831633295860000089e+03 2.021920378240000105e+02 5.005146830350000187e+01 1.401242274290000012e+02 -9.803781351230000496e+01
6.500000000000000222e-01 1.663668929220000109e+03 1.897021174010000095e+03 1.603770892489999937e+02 4.976567689979999898e+01 1.240152221809999986e+02 -9.988636662330000604e+01
6.500000000000000222e-01 1.635478497029999971e+03 1.771161839269999973e+03 4.458877075699999750e+02 5.777659516629999814e+01 1.319875087650000012e+02 -7.450833898679999834e+01
6.500000000000000222e-01 1.572773810299999923e+03 1.791886934549999978e+03 1.655123220090000018e+02 6.282521637149999805e+01 1.418752779540000120e+02 -9.867483470419999492e+01
6.500000000000000222e-01 1.534636246130000018e+03 1.975003974369999924e+03 3.949014904599999909e+02 3.619040017510000240e+01 1.200421199339999987e+02 -8.419541067309999960e+01
6.500000000000000222e-01 1.649212307419999888e+03 1.934413701689999925e+03 6.204183406620000341e+01 4.279697049490000182e+01 1.193550058170000057e+02 -1.053896514719999971e+02
6.500000000000000222e-01 1.403025878140000032e+03 1.919207873139999947e+03 5.339718263920000254e+02 3.908072946789999946e+01 1.362559727350000003e+02 -6.638545033939999485e+01
6.500000000000000222e-01 1.622085317690000011e+03 1.825488023630000043e+03 1.159516960079999990e+02 5.726817095460000218e+01 1.355895255879999866e+02 -1.021618182999999931e+02
6.500000000000000222e-01 1.662913282579999986e+03 1.856736966830000028e+03 1.828905670640000025e+01 5.265324890099999777e+01 1.268791077139999999e+02 -1.053599101989999980e+02
6.500000000000000222e-01 1.605274789609999971e+03 1.830843551879999950e+03 1.326381020420000141e+02 5.091593706590000323e+01 1.361729379379999898e+02 -1.028414827299999956e+02
6.500000000000000222e-01 1.627820121720000088e+03 1.796966345640000100e+03 1.475022081920000119e+02 5.781448183869999724e+01 1.366729881269999964e+02 -1.006892110170000052e+02
6.500000000000000222e-01 1.540404477379999889e+03 1.965344540410000036e+03 2.154043646549999949e+02 3.860274915440000143e+01 1.259761156019999930e+02 -9.859809793879999518e+01
6.500000000000000222e-01 1.628428203570000051e+03 1.785803785580000067e+03 1.613052599600000008e+02 5.557803323889999803e+01 1.387086504760000025e+02 -1.008834690780000045e+02
6.500000000000000222e-01 1.578192594899999904e+03 1.670006465769999977e+03 3.841042102700000100e+02 6.196103910469999931e+01 1.491690037850000010e+02 -7.909480599840000536e+01
6.500000000000000222e-01 1.516162381959999948e+03 1.830394268009999905e+03 2.609080278069999963e+02 5.439509164500000082e+01 1.439348241090000045e+02 -9.207903702490000342e+01
6.500000000000000222e-01 1.529214029799999935e+03 1.834901909989999922e+03 2.404752011799999991e+02 5.367486890109999820e+01 1.430883883850000018e+02 -9.410946509629999923e+01
6.500000000000000222e-01 1.624030936090000068e+03 1.846366651340000089e+03 4.638816636290000162e+01 5.684733996229999775e+01 1.318345493580000038e+02 -1.047046823210000071e+02
6.500000000000000222e-01 1.643307162300000073e+03 1.824314117240000087e+03 3.898509524669999848e+01 5.269655172880000293e+01 1.311683577480000054e+02 -1.060200120909999981e+02
6.500000000000000222e-01 1.413778898130000016e+03 1.443981447200000048e+03 6.897341555460000109e+02 8.162315922380000188e+01 1.751211838330000035e+02 -2.141021183950000051e+01
6.500000000000000222e-01 1.564657404840000027e+03 1.974408143829999972e+03 2.121282629259999908e+02 3.848978340970000289e+01 1.217662948629999988e+02 -9.876222824270000444e+01
6.500000000000000222e-01 1.526898719540000002e+03 1.888531968129999996e+03 2.435176796469999942e+02 4.802088361749999734e+01 1.339545618690000026e+02 -9.388393715329999623e+01
6.500000000000000222e-01 1.680045043630000009e+03 1.834861048940000046e+03 -1.020912105789999913e+01 5.456936670649999854e+01 1.264471249850000021e+02 -1.054222457240000068e+02
6.500000000000000222e-01 1.694674326309999969e+03 1.788548795619999964e+03 2.136037791869999865e+02 6.093434585340000353e+01 1.296025116090000040e+02 -9.544328024239999309e+01
6.500000000000000222e-01 1.575762758459999986e+03 1.851335079019999966e+03 1.799732903489999956e+02 4.870713399129999743e+01 1.373021948820000091e+02 -9.994373488780000514e+01
6.500000000000000222e-01 1.270183811419999984e+03 1.332909962039999982e+03 8.550573774590000085e+02 8.504262302559999398e+01 1.803527292539999962e+02 2.648577330539999863e+01
6.500000000000000222e-01 1.684548803989999897e+03 1.820930716580000080e+03 1.041769889509999985e+02 5.767365898020000259e+01 1.287569981249999955e+02 -1.023447441299999952e+02
6.500000000000000222e-01 1.655868586800000003e+03 1.801912496200000078e+03 6.607897450870000000e+01 5.704420560410000007e+01 1.318391380589999926e+02 -1.045608491179999930e+02
6.500000000000000222e-01 1.604634734609999896e+03 1.894649075790000097e+03 2.697667847079999959e+01 4.928499973310000115e+01 1.290691994809999983e+02 -1.061079120999999930e+02
6.500000000000000222e-01 1.611697995929999934e+03 1.750203664899999922e+03 2.111414353319999861e+02 6.086467568479999812e+01 1.421285982310000122e+02 -9.610059688900000197e+01
6.500000000000000222e-01 1.652938153849999935e+03 1.826942893989999902e+03 1.689033973909999986e+02 5.318613404860000315e+01 1.317480005989999938e+02 -1.000839313080000039e+02
6.500000000000000222e-01 1.655729621169999973e+03 1.866187983649999978e+03 1.332538937909999959e+02 5.274749700139999931e+01 1.287988864630000023e+02 -1.012881144020000050e+02
6.500000000000000222e-01 1.479821311539999897e+03 1.815810057980000011e+03 5.610359055469999703e+02 3.991626995619999718e+01 1.330937446179999881e+02 -6.425992343570000287e+01
6.500000000000000222e-01 1.386500993780000044e+03 1.334982252100000096e+03 7.024843303579999656e+02 9.319547902159999353e+01 1.830833343619999880e+02 -1.099108748349999942e+01
6.500000000000000222e-01 1.623963677019999977e+03 1.689984984109999914e+03 2.795161821089999989e+02 6.494606111740000642e+01 1.475305647819999990e+02 -8.988345108830000640e+01
6.500000000000000222e-01 1.602191009039999926e+03 1.831904708799999980e+03 1.309491572640000072e+02 5.268230296720000183e+01 1.357546428500000104e+02 -1.023601034400000032e+02
6.500000000000000222e-01 1.691030785910000077e+03 1.896237791080000079e+03 1.236070411390000032e+02 4.812343012979999912e+01 1.187452949500000017e+02 -1.024846334279999951e+02
6.500000000000000222e-01 1.587700224339999977e+03 1.759803494629999932e+03 1.994370261370000037e+02 6.242057873390000111e+01 1.410733600160000094e+02 -9.593702566339999294e+01
6.500000000000000222e-01 1.656152957719999904e+03 1.841801945160000059e+03 1.112523517569999996e+02 5.535695969849999898e+01 1.307496598969999866e+02 -1.022811307829999947e+02
6.500000000000000222e-01 1.629666528190000008e+03 1.799105404899999940e+03 1.633347214400000098e+02 5.569572691119999774e+01 1.370406942760000106e+02 -1.003112142150000068e+02
6.500000000000000222e-01 1.588901366629999984e+03 1.901501725439999973e+03 1.918306268249999960e+02 4.546655182939999662e+01 1.312845058130000098e+02 -9.903406863200000032e+01
6.500000000000000222e-01 1.661870630610000035e+03 1.772861274970000068e+03 1.229658793339999932e+02 5.609643454780000127e+01 1.359139627550000000e+02 -1.035572806419999949e+02
6.500000000000000222e-01 1.715003734279999890e+03 1.796103832219999958e+03 1.277364508999999941e+02 5.598556217069999974e+01 1.264214108510000045e+02 -1.029266894980000018e+02
6.500000000000000222e-01 1.365194483900000023e+03 1.286000194859999965e+03 6.669759973320000199e+02 1.011539116369999931e+02 1.879166984679999928e+02 -1.385324366719999922e+01
6.500000000000000222e-01 1.668531150049999951e+03 1.918692235790000041e+03 9.859417829890000462e+01 4.110113659940000019e+01 1.169791028749999953e+02 -1.057229601319999972e+02
6.500000000000000222e-01 1.588288040279999905e+03 1.894731408740000006e+03 1.100970781810000005e+02 5.077360240440000183e+01 1.300935900929999889e+02 -1.029307292870000055e+02
6.500000000000000222e-01 1.617379727430000003e+03 1.815362487630000032e+03 9.570835283339999933e+01 5.348538990349999978e+01 1.348421544789999871e+02 -1.042293303400000042e+02
6.500000000000000222e-01 1.674791537999999946e+03 1.763751305620000039e+03 3.195528330000000210e+02 6.260560003549999664e+01 1.323485130219999917e+02 -8.602983909050000477e+01
6.500000000000000222e-01 1.677328066510000099e+03 1.828398944459999939e+03 2.677857384079999861e+02 5.744989057189999926e+01 1.274618569910000048e+02 -9.111202361819999851e+01
6.500000000000000222e-01 1.434360053039999912e+03 1.453842938669999967e+03 6.185252926699999989e+02 8.828487433120000105e+01 1.765183889779999902e+02 -3.273950015679999836e+01
6.500000000000000222e-01 1.637676040280000052e+03 1.739562784080000029e+03 3.963529251090000116e+02 6.341571033470000174e+01 1.366776642979999963e+02 -7.731161291029999916e+01
6.500000000000000222e-01 1.591956558769999901e+03 1.730910715940000046e+03 5.262769883519999894e+02 5.888954506849999859e+01 1.370879853520000040e+02 -6.321381209989999661e+01
6.500000000000000222e-01 1.688428278099999943e+03 1.751545333450000044e+03 2.464451639270000101e+02 6.304750998360000125e+01 1.331939818159999902e+02 -9.311449979479999683e+01
6.500000000000000222e-01 1.634169816350000019e+03 1.811027299739999989e+03 8.596867269739999529e+01 6.012689870039999818e+01 1.344808629059999987e+02 -1.031045394230000056e+02
6.500000000000000222e-01 1.627069987139999967e+03 1.830905400829999962e+03 1.184338312309999992e+02 5.417049827499999992e+01 1.339978017009999860e+02 -1.026261217840000057e+02
6.500000000000000222e-01 1.645448601289999942e+03 1.886005730200000016e+03 -3.007790787649999942e+01 5.114751426809999657e+01 1.250089473759999947e+02 -1.054154483920000018e+02
6.500000000000000222e-01 1.651516378199999963e+03 1.896244148570000107e+03 1.561372634960000028e+02 4.937880356750000033e+01 1.257939921279999993e+02 -1.002796871559999943e+02
6.500000000000000222e-01 1.431962240430000065e+03 1.440009412160000011e+03 6.986241800660000081e+02 8.416160579489999805e+01 1.737024859100000072e+02 -1.961607103580000100e+01
6.500000000000000222e-01 1.631198762199999919e+03 1.801054209449999917e+03 1.325381909930000006e+02 5.563514604880000292e+01 1.333028640450000069e+02 -1.015868419300000056e+02
6.500000000000000222e-01 1.600290406780000012e+03 1.922454838599999903e+03 3.133551655129999958e+01 4.650872817380000157e+01 1.253538943509999939e+02 -1.062683215179999934e+02
6.500000000000000222e-01 1.486009461449999890e+03 1.550393672129999914e+03 5.490229532280000058e+02 8.522762985120000678e+01 1.678411715720000075e+02 -4.768255208939999790e+01
6.500000000000000222e-01 1.641261490430000094e+03 1.835100052810000079e+03 4.536925926899999695e+01 5.029593448600000016e+01 1.309604182840000135e+02 -1.063322946090000016e+02
6.500000000000000222e-01 1.617005599050000001e+03 1.790028199690000065e+03 3.129110538570000131e+02 5.477354197750000253e+01 1.334134171890000005e+02 -8.729098252219999665e+01
6.500000000000000222e-01 1.625347988949999944e+03 1.823611787520000007e+03 1.537374701519999860e+02 5.390717066820000269e+01 1.357551477359999978e+02 -1.008707340290000047e+02
6.500000000000000222e-01 1.552997788290000017e+03 1.973666915810000091e+03 2.665406240570000023e+02 3.768949897120000259e+01 1.228145891589999934e+02 -9.478980740030000618e+01
6.500000000000000222e-01 1.650973190590000058e+03 1.931960628999999926e+03 -8.928988424089999398e+01 4.323365553930000260e+01 1.179540407899999934e+02 -1.046478229840000012e+02
6.500000000000000222e-01 1.663000032250000004e+03 1.841820328080000081e+03 -2.105350799629999869e+01 4.996750092359999940e+01 1.269975776760000059e+02 -1.065794612020000045e+02
6.500000000000000222e-01 1.624720887720000064e+03 1.752761960360000103e+03 4.123387905060000094e+02 6.146319326300000085e+01 1.367166741530000138e+02 -7.580203241200000264e+01
6.500000000000000222e-01 1.570876538839999967e+03 1.860718987729999981e+03 1.884011390249999920e+02 4.814851199499999979e+01 1.367666077439999981e+02 -9.929572706529999948e+01
6.500000000000000222e-01 1.650196532250000018e+03 1.767059754149999890e+03 1.879906611440000006e+02 6.134965659990000120e+01 1.360848965030000102e+02 -9.739537344549999887e+01
6.500000000000000222e-01 1.652989428710000084e+03 1.831199937330000012e+03 8.865682063090000042e+01 5.372667729199999798e+01 1.309955559960000073e+02 -1.040359000840000050e+02
6.500000000000000222e-01 1.615057109889999992e+03 1.956664290050000091e+03 2.213069506449999935e+01 3.990345915139999988e+01 1.195666113390000049e+02 -1.067369384569999937e+02
6.500000000000000222e-01 1.670814077989999987e+03 1.844268964919999917e+03 -2.320245678110000043e+01 5.180297896550000303e+01 1.261320154000000002e+02 -1.059110760829999975e+02
6.500000000000000222e-01 1.624222617840000112e+03 1.811648708610000085e+03 1.510576872039999898e+02 5.379251475110000058e+01 1.366759018369999978e+02 -1.013836257640000014e+02
6.500000000000000222e-01 1.635015698160000056e+03 1.913767419130000007e+03 1.065672866689999978e+02 4.553201642669999671e+01 1.245436582119999969e+02 -1.036133024159999962e+02
6.500000000000000222e-01 1.447590594430000010e+03 1.469764481579999938e+03 6.655880391109999437e+02 8.312688919880000071e+01 1.717807842919999928e+02 -2.708236330260000102e+01
6.500000000000000222e-01 1.636854174929999999e+03 1.936168394519999993e+03 1.997321056460000079e+02 4.052593654190000194e+01 1.164131936090000039e+02 -1.008736546610000033e+02
6.500000000000000222e-01 1.610076609590000089e+03 1.945725755810000010e+03 2.538188076659999979e+02 3.891807373569999839e+01 1.185700984019999993e+02 -9.662792936389999454e+01
6.500000000000000222e-01 1.678890406819999953e+03 1.832944846879999886e+03 2.974433101120000060e+02 5.458736707420000300e+01 1.245383329320000030e+02 -8.987487901199999385e+01
6.500000000000000222e-01 1.289828939709999986e+03 1.457029696750000085e+03 7.786201996449999569e+02 7.429527839050000182e+01 1.781474429090000058e+02 -1.618793054770000017e+00
6.500000000000000222e-01 1.612590067119999958e+03 1.962841908590000003e+03 1.872025848840000037e+02 3.758298906190000110e+01 1.167614617309999971e+02 -1.013682875110000055e+02
6.500000000000000222e-01 1.621413569999999936e+03 1.839852516590000050e+03 1.637788087280000013e+02 5.252885806260000123e+01 1.350219503099999940e+02 -1.002315368950000050e+02
6.500000000000000222e-01 1.664420477269999992e+03 1.802511935210000047e+03 1.023658751410000036e+02 5.834212846749999670e+01 1.319761035900000081e+02 -1.027748889289999994e+02
6.500000000000000222e-01 1.613483671570000070e+03 1.876881166469999926e+03 4.185896422719999919e+02 4.768557410279999687e+01 1.247311431100000050e+02 -7.930057198980000521e+01
6.500000000000000222e-01 1.568839585859999943e+03 1.906884908700000096e+03 1.818382899309999914e+02 4.601234874520000062e+01 1.314080622300000130e+02 -9.954137228070000276e+01
6.500000000000000222e-01 1.526464608550000094e+03 1.958324818340000093e+03 2.193453940960000068e+02 4.046393792819999646e+01 1.273642002680000047e+02 -9.843986244990000500e+01
6.500000000000000222e-01 1.532894944440000017e+03 1.837001066430000037e+03 2.306758948140000030e+02 4.931387825190000029e+01 1.409003988700000036e+02 -9.570804403479999678e+01
6.500000000000000222e-01 1.555172885729999962e+03 1.866030252009999913e+03 2.000783661090000010e+02 4.989830814790000346e+01 1.341093317659999968e+02 -9.716924823009999557e+01
6.500000000000000222e-01 1.418682087400000000e+03 1.396806141069999967e+03 6.382242249009999568e+02 9.148608878929999833e+01 1.799619173030000070e+02 -2.716770546869999947e+01
6.500000000000000222e-01 1.690170140429999947e+03 1.852355872500000032e+03 6.568092921039999510e+01 5.254299644360000343e+01 1.246707020470000060e+02 -1.044200997530000024e+02
6.500000000000000222e-01 1.605057223490000069e+03 1.856787980220000009e+03 1.920554551380000134e+02 4.644424090460000087e+01 1.267769561770000024e+02 -9.827443316289999586e+01
6.500000000000000222e-01 1.610972041870000112e+03 1.905450455529999999e+03 1.512391221550000076e+01 4.734130605259999669e+01 1.272194609820000011e+02 -1.062776371820000065e+02
6.500000000000000222e-01 1.700978799799999933e+03 1.874089076389999946e+03 1.314769073440000113e+02 5.074952911049999926e+01 1.201588461209999963e+02 -1.018444636079999981e+02
6.500000000000000222e-01 1.460320322230000102e+03 1.346758919209999931e+03 6.263970170210000106e+02 9.731286741259999928e+01 1.778732042549999903e+02 -3.059232484209999825e+01
