3.450000000000000000e+05 2.599988179410000157e+03 -4.653505189659999814e+03 -7.239234330420000333e+03 -1.296163730110000074e+02 4.627906859229999981e+01 -1.335353326999999979e+01
6.500000000000000222e-01 2.510422883449999972e+03 -4.559125713280000127e+03 -6.968935676850000164e+03 -1.301904419010000140e+02 4.745694019870000346e+01 -1.172738296800000057e+01
6.500000000000000222e-01 2.431426261279999835e+03 -4.773835970610000004e+03 -7.419952962749999642e+03 -1.283819749699999875e+02 4.619309378079999817e+01 -1.283665908829999935e+01
6.500000000000000222e-01 2.785559369770000103e+03 -4.576563649959999566e+03 -7.056850354060000427e+03 -1.306991234699999893e+02 4.685751913560000048e+01 -1.466639822209999977e+01
6.500000000000000222e-01 2.588173380319999978e+03 -4.785962170769999830e+03 -7.510174610179999945e+03 -1.283078333420000092e+02 4.289441559920000202e+01 -1.395966452649999923e+01
6.500000000000000222e-01 2.712076669709999805e+03 -4.853045015599999715e+03 -7.409338016800000332e+03 -1.295480862649999949e+02 4.625982991320000082e+01 -1.482366481540000080e+01
6.500000000000000222e-01 2.690146195669999997e+03 -4.450251221769999574e+03 -7.384423165690000133e+03 -1.308061666360000004e+02 4.317492301469999916e+01 -1.477049656410000011e+01
6.500000000000000222e-01 2.390427588229999856e+03 -4.553609918410000319e+03 -7.372703169059999709e+03 -1.272440110870000041e+02 4.544054721130000019e+01 -1.341243991099999988e+01
6.500000000000000222e-01 2.758124358389999998e+03 -4.496289453890000004e+03 -7.383978968899999927e+03 -1.305439026919999890e+02 4.292588656179999873e+01 -1.469996721689999930e+01
6.500000000000000222e-01 2.379894238129999849e+03 -4.570945021769999585e+03 -7.045321287030000349e+03 -1.290298589180000022e+02 4.800542761530000035e+01 -1.064797174259999935e+01
6.500000000000000222e-01 2.343769043960000090e+03 -4.663326858589999574e+03 -7.130550566519999848e+03 -1.275796481900000003e+02 4.779406504829999847e+01 -9.766493062629999500e+00
6.500000000000000222e-01 2.430562728089999837e+03 -4.798241378230000009e+03 -7.399917192580000119e+03 -1.284895079560000113e+02 4.576661055860000005e+01 -1.227956020160000072e+01
6.500000000000000222e-01 2.661119264790000216e+03 -4.661405295339999611e+03 -6.970025345170000037e+03 -1.324671336650000057e+02 4.845102574919999938e+01 -1.305384123069999980e+01
6.500000000000000222e-01 2.540373775349999960e+03 -4.510023918359999698e+03 -7.470803260329999830e+03 -1.291830593329999886e+02 4.432554765489999937e+01 -1.315460603460000044e+01
6.500000000000000222e-01 2.477293323599999894e+03 -4.609830511420000221e+03 -7.475883095440000034e+03 -1.259910192650000056e+02 4.425144319040000340e+01 -1.425558234310000039e+01
6.500000000000000222e-01 2.733925843900000018e+03 -4.605606858639999700e+03 -7.009265113559999918e+03 -1.321488754940000092e+02 4.741636869309999724e+01 -1.343468955410000021e+01
6.500000000000000222e-01 2.493692055569999866e+03 -4.859465376340000148e+03 -7.397051628760000312e+03 -1.269285997810000026e+02 4.752333997080000216e+01 -1.660513806870000053e+01
6.500000000000000222e-01 2.387534437570000136e+03 -4.727315149259999998e+03 -7.381602606309999828e+03 -1.283561960700000100e+02 4.572482151970000075e+01 -1.139212502790000059e+01
6.500000000000000222e-01 2.594863766219999889e+03 -4.724109045010000045e+03 -6.976146993129999828e+03 -1.314883186499999965e+02 5.073546963860000147e+01 -1.271599858599999955e+01
6.500000000000000222e-01 2.503857629780000025e+03 -4.705212737380000362e+03 -6.973140074949999871e+03 -1.282481727299999932e+02 4.942403666850000121e+01 -1.165206402049999923e+01
6.500000000000000222e-01 2.655146071050000046e+03 -4.595810469639999610e+03 -7.508070373509999627e+03 -1.284766743289999908e+02 4.232018590959999926e+01 -1.407224332720000071e+01
6.500000000000000222e-01 2.402010149639999781e+03 -4.483822749169999952e+03 -7.332191153310000118e+03 -1.290231209789999980e+02 4.602534365809999883e+01 -1.053173720650000078e+01
6.500000000000000222e-01 2.459314213520000067e+03 -4.477438576749999811e+03 -7.384613791419999870e+03 -1.280024237289999860e+02 4.418623140969999952e+01 -1.362326894449999948e+01
6.500000000000000222e-01 2.697208812939999916e+03 -4.489982271629999559e+03 -7.028094969699999638e+03 -1.331854863590000093e+02 4.569101088179999692e+01 -1.076881647949999987e+01
6.500000000000000222e-01 2.810307869730000220e+03 -4.670977133270000195e+03 -7.083471647499999563e+03 -1.322644563469999923e+02 4.666574801979999876e+01 -1.374379456439999991e+01
6.500000000000000222e-01 2.806033729799999946e+03 -4.642898068229999808e+03 -7.077076064769999903e+03 -1.316394982340000013e+02 4.667917570209999667e+01 -1.455089227690000087e+01
6.500000000000000222e-01 2.581195542089999890e+03 -4.855966196389999823e+03 -7.062164343030000055e+03 -1.289673934079999924e+02 4.930771826470000008e+01 -1.268987164780000043e+01
6.500000000000000222e-01 2.472161658429999989e+03 -4.498818058269999710e+03 -7.428194551780000438e+03 -1.295282915029999913e+02 4.599514306759999727e+01 -1.128517481289999935e+01
6.500000000000000222e-01 2.417124467799999820e+03 -4.837203145090000362e+03 -7.301119830329999786e+03 -1.280055550980000021e+02 4.699931344680000223e+01 -1.188557450939999960e+01
6.500000000000000222e-01 2.491251453589999983e+03 -4.409950052979999782e+03 -7.324735485729999709e+03 -1.297777895389999969e+02 4.518195731170000329e+01 -1.165696844600000048e+01
6.500000000000000222e-01 2.465311968250000064e+03 -4.794162440580000293e+03 -7.045375784959999692e+03 -1.302990843949999942e+02 4.740051803850000312e+01 -1.467008740470000028e+01
6.500000000000000222e-01 2.775109315520000109e+03 -4.497119925900000453e+03 -7.112028914769999574e+03 -1.315478548410000030e+02 4.496197516739999855e+01 -1.278252370879999944e+01
6.500000000000000222e-01 2.366065985199999886e+03 -4.731330818540000109e+03 -7.113336305279999578e+03 -1.295201162220000128e+02 4.794143351740000014e+01 -1.439409628579999989e+01
6.500000000000000222e-01 2.334863875770000050e+03 -4.685127446950000376e+03 -7.225843097940000007e+03 -1.277509870359999979e+02 4.717016739569999828e+01 -1.002998326370000015e+01
6.500000000000000222e-01 2.657468737889999829e+03 -4.623197222509999847e+03 -7.521847528510000302e+03 -1.302915681069999891e+02 4.349269591640000243e+01 -1.455072243939999943e+01
6.500000000000000222e-01 2.485988535800000136e+03 -4.400713463609999963e+03 -7.173755699080000340e+03 -1.297305009949999999e+02 4.536949654539999699e+01 -8.984179697929999264e+00
6.500000000000000222e-01 2.587067264759999944e+03 -4.382394591160000346e+03 -7.271653495110000222e+03 -1.305975707249999971e+02 4.486199919749999765e+01 -1.148001366049999916e+01
6.500000000000000222e-01 2.644652490039999975e+03 -4.554289691429999948e+03 -7.483640813379999599e+03 -1.280816966909999906e+02 4.242110112120000309e+01 -1.353712161079999987e+01
6.500000000000000222e-01 2.663070330240000203e+03 -4.548862848200000371e+03 -6.978109893519999787e+03 -1.314065993629999980e+02 4.579098195379999936e+01 -1.194106521430000001e+01
6.500000000000000222e-01 2.465557584730000144e+03 -4.746828438079999614e+03 -7.015551307230000020e+03 -1.298106757939999909e+02 5.006445713610000325e+01 -1.252380198920000076e+01
6.500000000000000222e-01 2.664332775129999845e+03 -4.461492550150000170e+03 -7.030538957769999797e+03 -1.308865801469999894e+02 4.792021838050000326e+01 -1.334775702800000019e+01
9.810000000000000000e+05 8.275950124959999812e+04 3.103967781869999953e+01 3.456979164709999895e+04 -1.205069977239999979e+01 2.648084987369999865e+01 -5.372887464019999726e+01
6.500000000000000222e-01 8.330297613819999970e+04 -1.387290482800000063e+03 3.650648133970000345e+04 -1.122623081260000077e+01 2.562754193940000036e+01 -5.411265923279999868e+01
6.500000000000000222e-01 8.433909101960000407e+04 1.331669644190000099e+03 3.321693722980000166e+04 -1.235270837290000046e+01 2.581954726760000085e+01 -5.457631817930000295e+01
6.500000000000000222e-01 8.345783552249999775e+04 -1.497971294930000113e+03 3.635718430649999937e+04 -1.228333987769999958e+01 2.741244679949999963e+01 -5.285847775810000115e+01
6.500000000000000222e-01 8.034263086590000603e+04 -1.318913472499999955e+02 3.416780288779999682e+04 -1.226405230199999963e+01 2.650476946999999939e+01 -5.361673699309999819e+01
6.500000000000000222e-01 8.445674464960000478e+04 1.624304072140000017e+03 3.379669706679999945e+04 -1.179993036269999962e+01 2.674847801390000157e+01 -5.244673576430000139e+01
6.500000000000000222e-01 8.167132304400000430e+04 2.226027037389999805e+03 3.465400109849999717e+04 -1.206893868390000080e+01 2.630400322730000084e+01 -5.417071762869999674e+01
6.500000000000000222e-01 8.224503540170000633e+04 6.257125032709999459e+02 3.689184315010000137e+04 -1.109530805490000027e+01 2.545960267670000121e+01 -5.343110812430000323e+01
6.500000000000000222e-01 8.273216896049999923e+04 2.482627234680000129e+03 3.454829004960000020e+04 -1.204266368959999944e+01 2.631040969929999918e+01 -5.414015370429999763e+01
6.500000000000000222e-01 8.255582649009999295e+04 9.210115586580000127e+02 3.229074889199999961e+04 -1.226060422109999948e+01 2.578900584330000001e+01 -5.401859974580000312e+01
6.500000000000000222e-01 8.167751792810000188e+04 1.304592942680000078e+01 3.236727114849999998e+04 -1.202830655450000030e+01 2.649494475039999841e+01 -5.379014847930000087e+01
6.500000000000000222e-01 8.451782731900000363e+04 -1.109256793040000048e+03 3.330656059239999740e+04 -1.191414593210000028e+01 2.657606677369999915e+01 -5.289706652859999991e+01
6.500000000000000222e-01 8.217897433450000244e+04 6.996632328830000347e+01 3.695193950380000024e+04 -1.191190856439999912e+01 2.649399886770000023e+01 -5.384361914010000305e+01
6.500000000000000222e-01 8.178755669959999796e+04 -1.822434966210000084e+03 3.585423257780000131e+04 -1.149360509339999936e+01 2.613602043419999887e+01 -5.374762666069999995e+01
6.500000000000000222e-01 8.244156540690000111e+04 -2.311757427269999880e+03 3.390457456839999941e+04 -1.182180881929999927e+01 2.662383203090000094e+01 -5.456717706559999925e+01
6.500000000000000222e-01 8.112521373190000304e+04 -1.788002050540000027e+03 3.476585431570000219e+04 -1.204022175879999956e+01 2.662671507610000177e+01 -5.272025814039999858e+01
6.500000000000000222e-01 8.392449349839999923e+04 -1.933328479860000016e+03 3.370055479740000010e+04 -1.228064059599999958e+01 2.679835693560000109e+01 -5.315403929379999681e+01
6.500000000000000222e-01 8.509785288510000100e+04 6.415129022700000405e+02 3.500576008739999816e+04 -1.174552444879999946e+01 2.641524648009999865e+01 -5.419637044670000137e+01
6.500000000000000222e-01 8.520016624160000356e+04 2.861083310750000237e+02 3.463404980459999933e+04 -1.192114866770000070e+01 2.646695443810000015e+01 -5.341567445319999763e+01
6.500000000000000222e-01 8.163148317629999656e+04 -1.444882907339999974e+03 3.296500159529999655e+04 -1.153189873060000004e+01 2.634969724749999997e+01 -5.407714432710000096e+01
6.500000000000000222e-01 8.186105250269999669e+04 8.066794522960000222e+02 3.671956053260000044e+04 -1.169870053940000076e+01 2.622095023139999981e+01 -5.345236398309999970e+01
6.500000000000000222e-01 8.190105435839999700e+04 1.358172318500000074e+03 3.268786697999999888e+04 -1.293381999500000035e+01 2.739661427660000115e+01 -5.294784741450000354e+01
6.500000000000000222e-01 8.430157360970000445e+04 -1.465344117869999991e+03 3.337132759169999918e+04 -1.193943747840000036e+01 2.648683682700000119e+01 -5.421258374429999805e+01
6.500000000000000222e-01 8.376047961949999444e+04 -2.193856396870000026e+03 3.481619168910000008e+04 -1.194352491050000076e+01 2.651763293120000142e+01 -5.496751056210000286e+01
6.500000000000000222e-01 8.282511497979999695e+04 1.477895284929999889e+03 3.258585535979999986e+04 -1.247785343089999976e+01 2.760916263880000088e+01 -5.302713234360000172e+01
6.500000000000000222e-01 8.468398136689999956e+04 -1.358556465870000011e+03 3.521058573259999685e+04 -1.159340721459999912e+01 2.629144168370000045e+01 -5.432858962230000088e+01
6.500000000000000222e-01 8.149212589840000146e+04 1.794465747790000023e+03 3.569558815009999671e+04 -1.152532825609999989e+01 2.571991443570000158e+01 -5.291032406779999775e+01
6.500000000000000222e-01 8.430438114959999803e+04 -1.292429242350000095e+03 3.593012645609999890e+04 -1.185385675520000071e+01 2.657166714159999898e+01 -5.438823110069999700e+01
6.500000000000000222e-01 8.432743070420000004e+04 9.523446499919999724e+02 3.292593917579999834e+04 -1.162536500060000044e+01 2.697738456040000088e+01 -5.280075047500000096e+01
6.500000000000000222e-01 8.237301178179999988e+04 -2.698687587030000259e+02 3.216617282269999851e+04 -1.310015438699999990e+01 2.595072916210000002e+01 -5.343852907800000196e+01
6.500000000000000222e-01 8.256857369419999304e+04 -2.756869149180000136e+02 3.214399812050000037e+04 -1.267767842529999989e+01 2.604464408850000012e+01 -5.352992571450000270e+01
6.500000000000000222e-01 8.059097192719999293e+04 -6.509346415909999450e+02 3.549630554200000188e+04 -1.251318398369999940e+01 2.655481993500000115e+01 -5.458636797980000210e+01
6.500000000000000222e-01 8.310808584580000024e+04 2.231116846209999949e+03 3.561257346159999724e+04 -1.247692353689999933e+01 2.679064139400000144e+01 -5.365837891889999867e+01
6.500000000000000222e-01 8.179020870709999872e+04 1.928109927920000018e+03 3.576527086170000257e+04 -1.180812227540000059e+01 2.628983704399999866e+01 -5.450401690689999867e+01
6.500000000000000222e-01 8.412173647659999551e+04 -1.861556869569999890e+03 3.532159801770000195e+04 -1.184665605050000003e+01 2.642742772889999969e+01 -5.482172321769999712e+01
6.500000000000000222e-01 8.473126372250000713e+04 1.339878438980000055e+03 3.391956659129999753e+04 -1.181532707550000083e+01 2.619397449719999926e+01 -5.372144422480000259e+01
6.500000000000000222e-01 8.278658500599999388e+04 8.488775028070000417e+02 3.688349343100000260e+04 -1.213991994579999911e+01 2.764929040910000069e+01 -5.415639230640000079e+01
6.500000000000000222e-01 8.459902961899999355e+04 -1.448615922519999913e+03 3.522078240099999675e+04 -1.218919213240000055e+01 2.683325082640000048e+01 -5.330993356209999945e+01
6.500000000000000222e-01 8.033045672010000271e+04 -9.158484246249999572e+00 3.492057510509999702e+04 -1.237074310340000061e+01 2.648091502069999947e+01 -5.517153268469999716e+01
6.500000000000000222e-01 8.349297886069999367e+04 2.109726794830000017e+03 3.565692521700000361e+04 -1.239607742099999932e+01 2.693610304479999940e+01 -5.396129547710000196e+01
6.500000000000000222e-01 8.507690609809999296e+04 3.885260169690000112e+02 3.529525513089999731e+04 -1.210425008430000027e+01 2.648199566659999959e+01 -5.308710532970000173e+01
4.560000000000000000e+04 8.527804977809999400e+03 1.920293342709999934e+03 1.963599854000000050e+04 1.990528540459999931e+02 -6.243569629880000349e+01 1.877569350439999880e+02
6.500000000000000222e-01 8.593435060629999498e+03 1.897523114209999903e+03 1.983250657990000036e+04 1.983602562899999953e+02 -6.191945241700000224e+01 1.884243201710000051e+02
6.500000000000000222e-01 8.478743452900000193e+03 1.968442445720000023e+03 1.943829161400000157e+04 1.982350564259999999e+02 -6.194588199140000029e+01 1.876872503040000026e+02
6.500000000000000222e-01 8.481291142539999782e+03 1.944595052549999991e+03 1.983631530629999907e+04 2.002354384749999952e+02 -6.283170855830000079e+01 1.882920734200000084e+02
6.500000000000000222e-01 8.629672723620000397e+03 1.782662581179999961e+03 1.953793136040000172e+04 1.983312063330000115e+02 -6.169632552779999912e+01 1.870378294250000124e+02
6.500000000000000222e-01 8.635096482709999691e+03 1.771879736899999898e+03 1.956892062730000180e+04 1.985922538030000055e+02 -6.200792870939999801e+01 1.881711382830000048e+02
6.500000000000000222e-01 8.429996544409999842e+03 1.887652913829999989e+03 1.981305778120000105e+04 1.990425596649999989e+02 -6.224794693890000019e+01 1.876913029449999897e+02
6.500000000000000222e-01 8.430796686870000485e+03 1.870845770209999955e+03 1.945822075960000075e+04 1.997005170349999901e+02 -6.230338289619999870e+01 1.869472442260000093e+02
6.500000000000000222e-01 8.651752137900000889e+03 1.911748037809999914e+03 1.947471638430000166e+04 1.979070006890000002e+02 -6.243014242320000307e+01 1.870503565569999864e+02
6.500000000000000222e-01 8.652068647169999167e+03 1.801938905250000062e+03 1.973156656550000116e+04 1.987450770350000084e+02 -6.192301852949999841e+01 1.876921235030000048e+02
6.500000000000000222e-01 8.465749604819999149e+03 1.742135304319999932e+03 1.957076534080000056e+04 1.988433007250000060e+02 -6.173857319540000077e+01 1.872618347670000105e+02
6.500000000000000222e-01 8.577380054220000602e+03 1.788399933879999935e+03 1.977491811640000014e+04 1.986094554480000056e+02 -6.133130313720000260e+01 1.884318968389999895e+02
6.500000000000000222e-01 8.699804798729999675e+03 1.816515284959999917e+03 1.962320466529999976e+04 1.987158294989999945e+02 -6.217933062699999880e+01 1.869390186470000117e+02
6.500000000000000222e-01 8.581077563610000652e+03 1.741650398989999985e+03 1.969263421290000042e+04 1.987575239509999960e+02 -6.180415274690000160e+01 1.875328129199999978e+02
6.500000000000000222e-01 8.574909975669999767e+03 1.786073883260000002e+03 1.979180663060000006e+04 1.996492324900000028e+02 -6.283747121790000278e+01 1.876263016730000004e+02
6.500000000000000222e-01 8.449242223659999581e+03 1.994960862780000070e+03 1.945664805020000131e+04 1.993543832800000075e+02 -6.305977342509999772e+01 1.869717205819999890e+02
6.500000000000000222e-01 8.721814168770000833e+03 1.965120060669999930e+03 1.960606378089999998e+04 1.985888143409999884e+02 -6.252604741799999744e+01 1.870568647530000135e+02
6.500000000000000222e-01 8.483856393000000025e+03 2.109719582369999898e+03 1.969284452220000094e+04 1.992372472200000004e+02 -6.299562305900000325e+01 1.888044686069999898e+02
6.500000000000000222e-01 8.684748593300000721e+03 1.960412721039999951e+03 1.976302699859999848e+04 1.992292656550000061e+02 -6.225071023080000288e+01 1.876501809110000067e+02
6.500000000000000222e-01 8.668890492619999350e+03 2.063346012320000227e+03 1.965027621870000075e+04 1.988466333949999978e+02 -6.276955253330000062e+01 1.881428390510000099e+02
6.500000000000000222e-01 8.567282027929999458e+03 2.108869263560000036e+03 1.970470354389999920e+04 1.989193767680000065e+02 -6.291719537080000180e+01 1.887943313080000109e+02
6.500000000000000222e-01 8.719355148950000512e+03 1.984790858650000018e+03 1.963340830310000092e+04 1.987625760990000003e+02 -6.253276176079999971e+01 1.870914114189999964e+02
6.500000000000000222e-01 8.416868350930000815e+03 1.792068961919999992e+03 1.974471389339999951e+04 1.996151295230000073e+02 -6.172226187070000236e+01 1.885398140089999970e+02
6.500000000000000222e-01 8.338700980479999998e+03 1.899557521010000073e+03 1.956485648909999873e+04 1.992676876230000005e+02 -6.249956324589999923e+01 1.876784406959999956e+02
6.500000000000000222e-01 8.502724509179999586e+03 2.118248836159999883e+03 1.962819141200000013e+04 1.991594480439999870e+02 -6.285761361189999974e+01 1.886630064180000090e+02
6.500000000000000222e-01 8.597451452470000731e+03 1.931269701319999967e+03 1.983320342180000080e+04 1.987368928180000012e+02 -6.247439422379999741e+01 1.882855984800000044e+02
6.500000000000000222e-01 8.457886983270000201e+03 1.735533951090000073e+03 1.960487007040000026e+04 1.989397483150000028e+02 -6.196365192990000281e+01 1.879822767429999999e+02
6.500000000000000222e-01 8.616283858849999888e+03 2.058886752819999856e+03 1.951839865609999833e+04 1.983957558440000071e+02 -6.308309323539999980e+01 1.870040804250000122e+02
6.500000000000000222e-01 8.491480651289999514e+03 1.728853211469999906e+03 1.969771167419999983e+04 1.994482589659999974e+02 -6.231922314180000200e+01 1.875247045940000135e+02
6.500000000000000222e-01 8.706001144519999798e+03 1.870205330270000104e+03 1.972103802799999903e+04 1.992043808870000134e+02 -6.233109115100000253e+01 1.872523050009999963e+02
6.500000000000000222e-01 8.373743751660000271e+03 1.794036296709999988e+03 1.960015581480000037e+04 1.991884252659999959e+02 -6.208404541430000023e+01 1.874743344370000102e+02
6.500000000000000222e-01 8.428406681309999840e+03 2.048765313750000132e+03 1.975911612759999844e+04 1.996942263800000035e+02 -6.306231002380000206e+01 1.886776877199999944e+02
6.500000000000000222e-01 8.602009338109999590e+03 1.985083186909999995e+03 1.945597857419999855e+04 1.994062896709999961e+02 -6.214792690400000197e+01 1.880363701869999886e+02
6.500000000000000222e-01 8.647013559600000008e+03 1.769789319799999930e+03 1.970413991549999992e+04 1.991874153029999945e+02 -6.239703851350000008e+01 1.870440639560000022e+02
6.500000000000000222e-01 8.691899528719999580e+03 2.035913824709999972e+03 1.961647256120000020e+04 1.987292930309999974e+02 -6.268896104419999915e+01 1.870447094829999912e+02
6.500000000000000222e-01 8.620588475829999879e+03 2.093162782890000017e+03 1.959553031289999853e+04 1.988812461269999972e+02 -6.299862157369999949e+01 1.871446564009999918e+02
6.500000000000000222e-01 8.388417242179999448e+03 1.794363854660000015e+03 1.970733746759999849e+04 1.996249687410000035e+02 -6.201260296249999726e+01 1.885017991640000048e+02
6.500000000000000222e-01 8.388126739100000123e+03 2.061084011200000077e+03 1.966908193179999944e+04 1.992297675910000123e+02 -6.258620644820000223e+01 1.867696086269999967e+02
6.500000000000000222e-01 8.648489718079999875e+03 1.770467451830000073e+03 1.971206884559999889e+04 1.989807494210000129e+02 -6.211006859180000106e+01 1.884021952379999902e+02
6.500000000000000222e-01 8.697679864829999133e+03 2.001513850869999942e+03 1.971593559299999833e+04 1.985524154770000109e+02 -6.265829841450000259e+01 1.890209435429999871e+02
6.500000000000000222e-01 8.433512832340000386e+03 1.866663877380000031e+03 1.980981339479999951e+04 1.986750059830000055e+02 -6.254240154099999671e+01 1.874372824620000131e+02
1.390000000000000000e+04 -1.196585139689999960e+04 4.154096948770000381e+03 9.337949100350000663e+03 -2.249905720449999933e+02 1.983218693279999911e+02 -3.456759675010000024e+02
6.500000000000000222e-01 -1.207331179499999962e+04 4.243444189380000353e+03 9.370483698750000258e+03 -2.251784039279999945e+02 1.982814247850000129e+02 -3.459233982119999951e+02
6.500000000000000222e-01 -1.203921485079999911e+04 4.133027581110000028e+03 9.462460510689999865e+03 -2.255916442209999957e+02 1.983151099350000095e+02 -3.456574037299999986e+02
6.500000000000000222e-01 -1.189029882050000015e+04 4.134161335220000183e+03 9.455595236249999289e+03 -2.254722180500000093e+02 1.983846639779999919e+02 -3.456859481280000068e+02
6.500000000000000222e-01 -1.187710121559999970e+04 4.192600145970000085e+03 9.228399119269999574e+03 -2.243290658029999918e+02 1.983037419759999977e+02 -3.455601919110000040e+02
6.500000000000000222e-01 -1.186302575109999998e+04 4.225096722569999656e+03 9.399193395000000237e+03 -2.255272134809999898e+02 1.980247843809999893e+02 -3.453292190189999928e+02
6.500000000000000222e-01 -1.200858107510000082e+04 4.239139268939999965e+03 9.447933697050000774e+03 -2.251121865119999939e+02 1.977879763169999876e+02 -3.449841559710000070e+02
6.500000000000000222e-01 -1.191560591000000022e+04 4.038144648599999982e+03 9.281651621589999195e+03 -2.249137879129999931e+02 1.985790951760000098e+02 -3.454852539089999937e+02
6.500000000000000222e-01 -1.201247315750000053e+04 4.031730976270000156e+03 9.384488602040000842e+03 -2.250555394909999904e+02 1.989602617330000101e+02 -3.451551141900000061e+02
6.500000000000000222e-01 -1.197226673940000001e+04 4.037075703349999912e+03 9.423369045729999925e+03 -2.248508225330000130e+02 1.983286762680000095e+02 -3.457660214769999811e+02
6.500000000000000222e-01 -1.191052235760000076e+04 4.255759408609999809e+03 9.413321276410000792e+03 -2.251087438870000028e+02 1.976887045839999928e+02 -3.455125557229999913e+02
6.500000000000000222e-01 -1.182818854210000063e+04 4.145596935909999956e+03 9.300825867589999689e+03 -2.251458675309999933e+02 1.982687784709999903e+02 -3.465031327880000163e+02
6.500000000000000222e-01 -1.194025600359999953e+04 4.018803716410000106e+03 9.301714292869999554e+03 -2.247350062719999926e+02 1.984194398390000060e+02 -3.452887167079999813e+02
6.500000000000000222e-01 -1.187579559110000082e+04 4.045507233670000005e+03 9.314991903899999670e+03 -2.249112572090000128e+02 1.985178083399999878e+02 -3.459829840539999850e+02
6.500000000000000222e-01 -1.195684249699999964e+04 4.057596888670000226e+03 9.229100225509999291e+03 -2.244692983809999873e+02 1.979256140360000131e+02 -3.454977956170000084e+02
6.500000000000000222e-01 -1.207803675320000002e+04 4.151003047999999580e+03 9.430673042829999758e+03 -2.252781712990000074e+02 1.984235469909999949e+02 -3.455432243600000106e+02
6.500000000000000222e-01 -1.185397014490000038e+04 4.069387772109999787e+03 9.315270413370000824e+03 -2.248980482640000105e+02 1.984228343279999933e+02 -3.454057000920000178e+02
6.500000000000000222e-01 -1.190223642140000084e+04 4.113959596650000094e+03 9.215106903429999875e+03 -2.250692204689999869e+02 1.986254066170000101e+02 -3.461066241959999843e+02
6.500000000000000222e-01 -1.190164681320000091e+04 4.133400185100000272e+03 9.461734466170000815e+03 -2.249128888920000122e+02 1.982974192959999868e+02 -3.460143048150000027e+02
6.500000000000000222e-01 -1.206072628780000014e+04 4.053573041520000061e+03 9.321522852910000438e+03 -2.248301988649999998e+02 1.987212400120000098e+02 -3.456688280500000019e+02
6.500000000000000222e-01 -1.202652402020000045e+04 4.265755306510000082e+03 9.389862362210000356e+03 -2.249204964319999931e+02 1.978575295530000062e+02 -3.454084432259999744e+02
6.500000000000000222e-01 -1.193631257460000052e+04 4.047633431530000053e+03 9.429109995139999228e+03 -2.251195966049999981e+02 1.988235861420000106e+02 -3.453163338260000046e+02
6.500000000000000222e-01 -1.201804050880000068e+04 4.155701485569999932e+03 9.206034253969999554e+03 -2.240446648850000031e+02 1.982508208509999861e+02 -3.458886104110000019e+02
6.500000000000000222e-01 -1.205872880670000086e+04 4.190146820250000019e+03 9.447357496810000157e+03 -2.255636392160000128e+02 1.985289055730000030e+02 -3.455974043059999872e+02
6.500000000000000222e-01 -1.189418171219999931e+04 4.223349725109999781e+03 9.234038366900000256e+03 -2.250299326679999865e+02 1.982605935029999955e+02 -3.458589340610000136e+02
6.500000000000000222e-01 -1.203412939449999976e+04 4.093398056019999785e+03 9.230599216180000440e+03 -2.250357875850000084e+02 1.982710996030000103e+02 -3.452727404679999950e+02
6.500000000000000222e-01 -1.198168249610000021e+04 4.075688326970000162e+03 9.217587459520000266e+03 -2.244423822459999940e+02 1.980034048109999958e+02 -3.456020148970000037e+02
6.500000000000000222e-01 -1.198907034260000000e+04 4.074717336090000117e+03 9.223161620799999582e+03 -2.248935426040000038e+02 1.981908878479999885e+02 -3.454350595089999842e+02
6.500000000000000222e-01 -1.183125166630000058e+04 4.142625241529999585e+03 9.290027502200000526e+03 -2.251502830389999872e+02 1.982825611899999956e+02 -3.464928647070000238e+02
6.500000000000000222e-01 -1.194914329709999947e+04 4.107808358559999760e+03 9.472026179129999946e+03 -2.255713561549999895e+02 1.990959804469999881e+02 -3.453850889579999830e+02
6.500000000000000222e-01 -1.196328176539999913e+04 4.018155903469999885e+03 9.312167990649999410e+03 -2.249246373979999873e+02 1.986501543889999937e+02 -3.452404985320000037e+02
6.500000000000000222e-01 -1.194110641949999990e+04 4.016089907189999849e+03 9.342598513760000060e+03 -2.249332635089999997e+02 1.986258830300000113e+02 -3.463806193550000216e+02
6.500000000000000222e-01 -1.189754087240000081e+04 4.110443797160000031e+03 9.215842570720000367e+03 -2.251694895550000126e+02 1.986431197439999892e+02 -3.463712596199999894e+02
6.500000000000000222e-01 -1.182464782190000005e+04 4.163592987609999909e+03 9.337429533820000870e+03 -2.251068938539999920e+02 1.982229823629999999e+02 -3.454376340489999961e+02
6.500000000000000222e-01 -1.190429717359999995e+04 4.213775179879999996e+03 9.221404866760000004e+03 -2.251875316910000038e+02 1.980169905129999961e+02 -3.461260437029999935e+02
6.500000000000000222e-01 -1.197001348429999962e+04 4.019692837269999927e+03 9.373642351279999275e+03 -2.250225414980000096e+02 1.988782319679999944e+02 -3.451075489099999913e+02
6.500000000000000222e-01 -1.205991189330000088e+04 4.248097519670000111e+03 9.286309247110000797e+03 -2.250535127649999936e+02 1.983269989339999881e+02 -3.450211515720000079e+02
6.500000000000000222e-01 -1.196253413750000072e+04 4.195244467000000441e+03 9.476501347949999399e+03 -2.254843050929999890e+02 1.976907648289999884e+02 -3.453339500239999893e+02
6.500000000000000222e-01 -1.189724100290000024e+04 4.140551730250000219e+03 9.208466287459999876e+03 -2.242336561740000036e+02 1.981338694529999884e+02 -3.457316273000000137e+02
6.500000000000000222e-01 -1.198128352769999947e+04 4.152435193000000254e+03 9.482669108320000305e+03 -2.247638380600000119e+02 1.985130304040000055e+02 -3.454386863450000078e+02
6.500000000000000222e-01 -1.202590761349999957e+04 4.135206328799999937e+03 9.470303565379999782e+03 -2.258441033219999952e+02 1.982879391600000076e+02 -3.456817038930000194e+02
1.190000000000000000e+04 -7.980356862659999933e+03 5.805149680249999619e+03 -1.221144571859999996e+04 -2.580178903600000240e+02 -3.831716766379999939e+01 1.022339608310000045e+02
6.500000000000000222e-01 -8.063420194700000138e+03 5.713436801109999578e+03 -1.216849005799999941e+04 -2.577632126699999731e+02 -3.833932181609999645e+01 1.017853994740000019e+02
6.500000000000000222e-01 -8.068136504199999763e+03 5.714907322570000360e+03 -1.217836988670000028e+04 -2.576488097820000007e+02 -3.797132887880000141e+01 1.027934851379999941e+02
6.500000000000000222e-01 -7.864960780399999749e+03 5.840363201490000392e+03 -1.225950211400000080e+04 -2.582092227740000112e+02 -3.828711870040000065e+01 1.028196923790000028e+02
6.500000000000000222e-01 -7.880373481100000390e+03 5.722240683590000117e+03 -1.222905037540000012e+04 -2.582542979469999977e+02 -3.815361454010000131e+01 1.021081812399999933e+02
6.500000000000000222e-01 -7.997082181929999933e+03 5.898972609759999614e+03 -1.230742421450000074e+04 -2.580704924770000162e+02 -3.880334385970000000e+01 1.014165475700000059e+02
6.500000000000000222e-01 -8.057730141359999834e+03 5.906889559449999979e+03 -1.218152610169999934e+04 -2.578277432190000127e+02 -3.859540632449999720e+01 1.024634361229999939e+02
6.500000000000000222e-01 -7.945266369099999793e+03 5.797263268400000015e+03 -1.207994392979999975e+04 -2.576997567860000231e+02 -3.859931476770000103e+01 1.024404018940000043e+02
6.500000000000000222e-01 -8.098805806909999774e+03 5.778512574149999637e+03 -1.225991925389999960e+04 -2.578200030059999790e+02 -3.812831666080000304e+01 1.022353791230000013e+02
6.500000000000000222e-01 -8.019101938329999939e+03 5.709735701810000137e+03 -1.229407436740000048e+04 -2.579882938060000015e+02 -3.836332690199999718e+01 1.026168383830000010e+02
6.500000000000000222e-01 -7.956742377200000192e+03 5.754144447360000413e+03 -1.208888912499999969e+04 -2.580083155020000163e+02 -3.831189412330000010e+01 1.025079863459999956e+02
6.500000000000000222e-01 -8.077872496789999786e+03 5.720372341450000022e+03 -1.222247829760000059e+04 -2.577684757829999853e+02 -3.808576781299999681e+01 1.027640061759999952e+02
6.500000000000000222e-01 -7.939266971459999695e+03 5.759457503880000331e+03 -1.232834710210000048e+04 -2.579503773199999728e+02 -3.838877142609999993e+01 1.024772062530000056e+02
6.500000000000000222e-01 -8.046584488020000208e+03 5.869964793619999909e+03 -1.212033976679999978e+04 -2.574418598130000078e+02 -3.889343514690000347e+01 1.025723877249999987e+02
6.500000000000000222e-01 -7.906260772390000056e+03 5.910579378890000044e+03 -1.219568877350000002e+04 -2.582739643630000046e+02 -3.854241957299999655e+01 1.017341439079999930e+02
6.500000000000000222e-01 -7.891037620789999892e+03 5.786574875459999930e+03 -1.211231517460000032e+04 -2.583478775749999841e+02 -3.844136184839999970e+01 1.028016871760000015e+02
6.500000000000000222e-01 -8.105734874400000081e+03 5.831091403039999932e+03 -1.223867281139999977e+04 -2.577174293969999894e+02 -3.825867633779999721e+01 1.018382293749999974e+02
6.500000000000000222e-01 -7.897020684529999926e+03 5.830483665890000339e+03 -1.210875961199999983e+04 -2.581490083869999808e+02 -3.881179268969999896e+01 1.026245915760000003e+02
6.500000000000000222e-01 -7.952231177370000296e+03 5.802293600799999695e+03 -1.207781330870000056e+04 -2.572593535049999787e+02 -3.860033173539999751e+01 1.023938034859999959e+02
6.500000000000000222e-01 -7.975800370279999697e+03 5.753633078220000243e+03 -1.208637652759999946e+04 -2.580167434470000103e+02 -3.790476931420000284e+01 1.026913399630000043e+02
6.500000000000000222e-01 -7.978324064890000045e+03 5.935062237340000138e+03 -1.221921017380000012e+04 -2.580952716549999764e+02 -3.862063621840000138e+01 1.023842651570000015e+02
6.500000000000000222e-01 -7.857673680199999581e+03 5.766915583789999801e+03 -1.217851129840000067e+04 -2.582412891129999934e+02 -3.840907180730000192e+01 1.026477711790000029e+02
6.500000000000000222e-01 -8.037784536299999672e+03 5.689858935070000371e+03 -1.218538384650000080e+04 -2.576728745049999816e+02 -3.822378816780000221e+01 1.020198999649999934e+02
6.500000000000000222e-01 -7.884655212589999792e+03 5.886193313769999804e+03 -1.217648432900000080e+04 -2.580841545160000123e+02 -3.854969458250000258e+01 1.017138980630000020e+02
6.500000000000000222e-01 -7.961696220320000066e+03 5.676577951319999556e+03 -1.219583744289999959e+04 -2.579717450179999787e+02 -3.799270241400000003e+01 1.029100542249999961e+02
6.500000000000000222e-01 -8.101282162399999834e+03 5.764756104930000220e+03 -1.218735887659999935e+04 -2.575961425500000246e+02 -3.812760116110000297e+01 1.025656570200000033e+02
6.500000000000000222e-01 -8.061258935660000134e+03 5.862457436790000429e+03 -1.230472734459999992e+04 -2.583596030080000219e+02 -3.797982534669999666e+01 1.022754834889999955e+02
6.500000000000000222e-01 -7.977669769959999940e+03 5.679911757910000233e+03 -1.217953453319999971e+04 -2.580127841679999960e+02 -3.796910141920000115e+01 1.023664422220000034e+02
6.500000000000000222e-01 -7.959200536070000453e+03 5.901888729960000092e+03 -1.230327080999999998e+04 -2.581731894409999768e+02 -3.796175231389999993e+01 1.023797281239999961e+02
6.500000000000000222e-01 -8.058313666299999568e+03 5.911126465970000027e+03 -1.219962128139999913e+04 -2.579755600290000075e+02 -3.842882014420000303e+01 1.014378123329999966e+02
6.500000000000000222e-01 -8.056567356890000156e+03 5.836774339229999896e+03 -1.210774672520000058e+04 -2.580230009379999956e+02 -3.834553140730000109e+01 1.019740295879999934e+02
6.500000000000000222e-01 -8.090847388449999926e+03 5.794190527740000107e+03 -1.214392392420000033e+04 -2.578624489580000159e+02 -3.839121588470000290e+01 1.017520821060000031e+02
6.500000000000000222e-01 -8.038297668879999947e+03 5.748203757090000181e+03 -1.210499968129999979e+04 -2.573897418199999834e+02 -3.796133399010000176e+01 1.027908589059999969e+02
6.500000000000000222e-01 -7.932360186269999758e+03 5.865204037180000341e+03 -1.210263080470000023e+04 -2.576776847639999914e+02 -3.828666675929999741e+01 1.020273491909999990e+02
6.500000000000000222e-01 -7.988158508620000248e+03 5.936230281400000422e+03 -1.221335981759999959e+04 -2.581167922540000177e+02 -3.856381389829999762e+01 1.025594993849999952e+02
6.500000000000000222e-01 -8.100447086070000296e+03 5.812574335100000098e+03 -1.226738789949999955e+04 -2.576615529929999866e+02 -3.814109162740000158e+01 1.015504474269999946e+02
6.500000000000000222e-01 -7.973850837279999723e+03 5.879368922360000397e+03 -1.232333810389999962e+04 -2.580559290699999906e+02 -3.811368982529999982e+01 1.021731180679999937e+02
6.500000000000000222e-01 -7.910435317780000332e+03 5.874559615090000079e+03 -1.230062466929999937e+04 -2.580391424669999765e+02 -3.832639779929999690e+01 1.023748278989999960e+02
6.500000000000000222e-01 -8.045631539130000419e+03 5.736485888490000434e+03 -1.230237653750000027e+04 -2.580012638169999946e+02 -3.754607559890000346e+01 1.018772699900000021e+02
6.500000000000000222e-01 -7.876548590719999993e+03 5.725894659640000100e+03 -1.222133178620000035e+04 -2.582452939570000012e+02 -3.818804700209999936e+01 1.022575333230000041e+02
6.500000000000000222e-01 -7.929437468269999954e+03 5.902188391880000381e+03 -1.228680606989999978e+04 -2.581132368730000053e+02 -3.817067096030000073e+01 1.024954177340000001e+02
