3.450000000000000000e+05 4.539991879000000154e+03 -5.136038333649999913e+03 -6.542449412920000213e+03 -1.048322668809999954e+02 1.224167719269999921e+01 -7.039303765239999677e+01
6.500000000000000222e-01 4.453993460249999771e+03 -5.049488919090000309e+03 -6.285324474070000178e+03 -1.045823548479999943e+02 1.202533664359999932e+01 -7.029615632910000045e+01
6.500000000000000222e-01 4.368239745199999561e+03 -5.256195460500000081e+03 -6.735920616970000083e+03 -1.057041669200000058e+02 1.227898351950000055e+01 -6.947315245910000669e+01
6.500000000000000222e-01 4.725398605039999893e+03 -5.065930073819999961e+03 -6.337418148720000318e+03 -1.037255278269999934e+02 1.251956273220000071e+01 -7.171583361540000112e+01
6.500000000000000222e-01 4.517995273479999923e+03 -5.221146452789999785e+03 -6.814204627289999735e+03 -1.049774607789999976e+02 9.866420832050000200e+00 -6.985982816909999826e+01
6.500000000000000222e-01 4.654020166039999822e+03 -5.337738463210000191e+03 -6.704698223389999839e+03 -1.052515883119999955e+02 1.254431815160000063e+01 -6.993326188330000548e+01
6.500000000000000222e-01 4.645032968399999845e+03 -4.898802375590000338e+03 -6.660237922190000063e+03 -1.054315235749999999e+02 1.119043645710000057e+01 -7.235215008469999987e+01
6.500000000000000222e-01 4.305789299349999965e+03 -5.028851238690000173e+03 -6.665904936359999738e+03 -1.041441848019999981e+02 1.210277917860000052e+01 -7.168076619529999505e+01
6.500000000000000222e-01 4.706061870909999925e+03 -4.940157268529999783e+03 -6.665199633270000049e+03 -1.048906028440000000e+02 1.089405286699999920e+01 -7.175854741860000274e+01
6.500000000000000222e-01 4.314893447329999617e+03 -5.071298434690000249e+03 -6.377537723649999862e+03 -1.047037144509999962e+02 1.266047279240000023e+01 -6.951132251559999986e+01
6.500000000000000222e-01 4.262318393260000448e+03 -5.160646211399999629e+03 -6.482883876910000254e+03 -1.042016468300000014e+02 1.250672718510000081e+01 -6.801279059520000203e+01
6.500000000000000222e-01 4.369037683759999709e+03 -5.271986411130000306e+03 -6.725692217669999991e+03 -1.058009635180000032e+02 1.167511229840000020e+01 -6.883445106419999604e+01
6.500000000000000222e-01 4.635283342929999890e+03 -5.167092258229999970e+03 -6.276014980250000008e+03 -1.060918497130000020e+02 1.294129384710000075e+01 -7.018135890930000187e+01
6.500000000000000222e-01 4.481156262530000276e+03 -4.976255350780000299e+03 -6.773395492540000305e+03 -1.053584132980000021e+02 1.217208532389999931e+01 -7.077243153050000046e+01
6.500000000000000222e-01 4.371618830960000196e+03 -5.069651797440000337e+03 -6.762338473410000006e+03 -1.029101155740000024e+02 1.142728956750000080e+01 -7.170788204529999632e+01
6.500000000000000222e-01 4.699074725260000378e+03 -5.099996677610000006e+03 -6.309254928170000312e+03 -1.053349621159999998e+02 1.260007361559999950e+01 -7.054633257880000485e+01
6.500000000000000222e-01 4.404057283350000034e+03 -5.359247601779999968e+03 -6.656387568279999869e+03 -1.039554859699999980e+02 1.301803503300000031e+01 -7.260812694259999489e+01
6.500000000000000222e-01 4.324653048320000380e+03 -5.201535700720000023e+03 -6.716858878469999581e+03 -1.057388413820000039e+02 1.176779952100000060e+01 -6.856187506169999324e+01
6.500000000000000222e-01 4.558633235420000346e+03 -5.263394364110000424e+03 -6.289276710289999755e+03 -1.058267743610000053e+02 1.472342595059999937e+01 -6.965202030419999346e+01
6.500000000000000222e-01 4.419839590919999864e+03 -5.221923020170000200e+03 -6.298521444799999699e+03 -1.032400866419999943e+02 1.325688760709999947e+01 -6.929586725890000309e+01
6.500000000000000222e-01 4.580899751709999691e+03 -5.029651929599999676e+03 -6.803185446079999565e+03 -1.042894312969999930e+02 1.026936335469999939e+01 -7.079997087750000162e+01
6.500000000000000222e-01 4.343417031289999613e+03 -4.970364311559999805e+03 -6.669527822469999592e+03 -1.055403140819999948e+02 1.294153770630000011e+01 -6.911620675589999507e+01
6.500000000000000222e-01 4.382049411349999900e+03 -4.937156526460000350e+03 -6.672941900980000355e+03 -1.042774767300000036e+02 1.148031996209999939e+01 -7.205403235449999499e+01
6.500000000000000222e-01 4.679750113469999633e+03 -4.961878487400000267e+03 -6.365034452939999937e+03 -1.063848485810000000e+02 1.162259160570000027e+01 -6.870446962180000128e+01
6.500000000000000222e-01 4.777033194929999809e+03 -5.155846258149999812e+03 -6.385613610440000230e+03 -1.054747189939999998e+02 1.221725174010000003e+01 -7.000362060649999307e+01
6.500000000000000222e-01 4.761939372879999610e+03 -5.128382148509999752e+03 -6.364155065549999563e+03 -1.047667654939999977e+02 1.225369426690000019e+01 -7.103943589799999359e+01
6.500000000000000222e-01 4.510356789909999861e+03 -5.371164180259999739e+03 -6.382780760159999772e+03 -1.041957200330000006e+02 1.322508609309999983e+01 -6.886985130809999589e+01
6.500000000000000222e-01 4.421095709479999641e+03 -4.989916307090000373e+03 -6.758431599210000059e+03 -1.059970373470000027e+02 1.353126234229999980e+01 -6.923614932889999807e+01
6.500000000000000222e-01 4.346543341049999981e+03 -5.324503719749999618e+03 -6.632998542039999847e+03 -1.051756493000000034e+02 1.209980141249999974e+01 -6.844895201030000464e+01
6.500000000000000222e-01 4.438159108580000066e+03 -4.886705637260000003e+03 -6.642545311900000343e+03 -1.054445263060000002e+02 1.259675737549999930e+01 -7.034867289800000378e+01
6.500000000000000222e-01 4.419843267309999646e+03 -5.277179134500000146e+03 -6.325827693760000329e+03 -1.058208758109999934e+02 1.116850201809999987e+01 -7.181817686040000126e+01
6.500000000000000222e-01 4.729642459100000451e+03 -4.962029913430000306e+03 -6.420342352820000087e+03 -1.046602603829999936e+02 1.146555486980000005e+01 -7.023912541270000531e+01
6.500000000000000222e-01 4.314548216369999864e+03 -5.227000739869999961e+03 -6.393443150709999827e+03 -1.058414542130000058e+02 1.211888760549999944e+01 -7.217629866090000235e+01
6.500000000000000222e-01 4.260060231229999772e+03 -5.176106076979999671e+03 -6.576754443040000297e+03 -1.048519404369999961e+02 1.235724919639999975e+01 -6.796417090360000657e+01
6.500000000000000222e-01 4.613368849090000367e+03 -5.075703744139999799e+03 -6.811442245600000206e+03 -1.061389111900000017e+02 1.137164157680000010e+01 -7.096547242069999584e+01
6.500000000000000222e-01 4.427776381900000160e+03 -4.874157731500000409e+03 -6.531253785359999711e+03 -1.048605032680000022e+02 1.205632679910000071e+01 -6.812098631700000340e+01
6.500000000000000222e-01 4.539848580760000004e+03 -4.854532776240000203e+03 -6.592950972159999765e+03 -1.053514437580000020e+02 1.238298033759999939e+01 -7.004912532749999343e+01
6.500000000000000222e-01 4.563155409699999836e+03 -4.990250066769999648e+03 -6.784587456260000181e+03 -1.037950912660000000e+02 1.041986061749999948e+01 -7.061185086790000298e+01
6.500000000000000222e-01 4.617932963500000369e+03 -5.016329883649999829e+03 -6.295902859410000019e+03 -1.047786615400000017e+02 1.095693873409999952e+01 -6.989121272559999909e+01
6.500000000000000222e-01 4.411015949309999996e+03 -5.273748397579999619e+03 -6.328982234129999597e+03 -1.052452981929999964e+02 1.385211612069999987e+01 -6.988439614540000377e+01
6.500000000000000222e-01 4.610804853769999681e+03 -4.969044574440000360e+03 -6.322422445289999814e+03 -1.042758185459999964e+02 1.364132452249999972e+01 -7.162945351780000180e+01
4.560000000000000000e+04 5.218565229670000008e+03 2.906530193309999959e+03 1.637441758289999962e+04 2.094057858310000029e+02 -5.864351947259999775e+01 2.166130382510000061e+02
6.500000000000000222e-01 5.264459597789999862e+03 2.787229983360000006e+03 1.653621849799999836e+04 2.099327799939999863e+02 -5.927745985039999965e+01 2.164035584490000019e+02
6.500000000000000222e-01 5.350279773659999591e+03 3.014829307599999993e+03 1.626042308679999951e+04 2.090957548190000068e+02 -5.912774426600000055e+01 2.158874878329999945e+02
6.500000000000000222e-01 5.276576020270000299e+03 2.779350924060000125e+03 1.652467834690000018e+04 2.091363533370000027e+02 -5.794954818459999757e+01 2.173252852010000140e+02
6.500000000000000222e-01 5.016656950130000041e+03 2.892895029570000133e+03 1.634098834829999942e+04 2.094365982859999917e+02 -5.864025821319999920e+01 2.167309341540000105e+02
6.500000000000000222e-01 5.360504138299999795e+03 3.040043646749999880e+03 1.631061453009999968e+04 2.094893399919999979e+02 -5.842557864340000151e+01 2.175067499259999977e+02
6.500000000000000222e-01 5.127705955860000358e+03 3.090058478660000219e+03 1.638122573170000032e+04 2.094746748750000052e+02 -5.874285883839999656e+01 2.163359034160000078e+02
6.500000000000000222e-01 5.176221909969999615e+03 2.955533444570000029e+03 1.656910640760000024e+04 2.101028125130000035e+02 -5.937390250339999653e+01 2.169766722679999873e+02
6.500000000000000222e-01 5.216296894639999664e+03 3.111533067679999931e+03 1.637233997789999921e+04 2.094187900590000027e+02 -5.873438643040000073e+01 2.163306097809999926e+02
6.500000000000000222e-01 5.201530115259999548e+03 2.980423349810000218e+03 1.618338967740000044e+04 2.093168256740000004e+02 -5.916980541699999918e+01 2.162831282880000003e+02
6.500000000000000222e-01 5.128383690990000105e+03 2.904991733920000115e+03 1.619000803570000062e+04 2.095538670939999975e+02 -5.865982687460000022e+01 2.164676166449999926e+02
6.500000000000000222e-01 5.365525798040000154e+03 2.811182274199999938e+03 1.626917748539999957e+04 2.094007106420000071e+02 -5.859489368730000081e+01 2.171150537979999910e+02
6.500000000000000222e-01 5.170065484579999975e+03 2.909834246569999777e+03 1.657381263140000010e+04 2.094950941049999926e+02 -5.861074810150000047e+01 2.166681865989999949e+02
6.500000000000000222e-01 5.137764874100000270e+03 2.751189433909999934e+03 1.648197273929999938e+04 2.098545884449999903e+02 -5.891862915299999770e+01 2.166721759099999929e+02
6.500000000000000222e-01 5.192219079219999912e+03 2.710594711570000072e+03 1.631804605400000037e+04 2.096044664629999943e+02 -5.857984105260000263e+01 2.159340306210000051e+02
6.500000000000000222e-01 5.082112234360000002e+03 2.754424869999999828e+03 1.639168016070000158e+04 2.095227415210000004e+02 -5.856741401749999909e+01 2.173948884719999910e+02
6.500000000000000222e-01 5.315678994160000002e+03 2.742405427440000039e+03 1.630198336820000077e+04 2.091590936020000129e+02 -5.843864446389999756e+01 2.169481154800000127e+02
6.500000000000000222e-01 5.414005810970000311e+03 2.957576878379999926e+03 1.641044266950000019e+04 2.094576900980000005e+02 -5.867301247780000040e+01 2.162452435669999886e+02
6.500000000000000222e-01 5.422429147599999851e+03 2.927874845159999950e+03 1.637991437869999936e+04 2.093258001769999908e+02 -5.864233927240000099e+01 2.168017621900000051e+02
6.500000000000000222e-01 5.124881242319999728e+03 2.782893468799999937e+03 1.623981437790000018e+04 2.099081429309999862e+02 -5.878536581310000031e+01 2.162738491119999935e+02
6.500000000000000222e-01 5.143705251989999852e+03 2.971261607370000092e+03 1.655469165309999880e+04 2.096844269789999942e+02 -5.880636769920000262e+01 2.169629757390000009e+02
6.500000000000000222e-01 5.146327611949999664e+03 3.018253850099999909e+03 1.621751500359999955e+04 2.088573047060000079e+02 -5.796209918499999958e+01 2.171224236189999885e+02
6.500000000000000222e-01 5.347445225159999609e+03 2.781318551299999854e+03 1.627358631799999966e+04 2.093945798070000137e+02 -5.866630204780000213e+01 2.161387627420000115e+02
6.500000000000000222e-01 5.302185062599999583e+03 2.720407904749999943e+03 1.639399485429999913e+04 2.093977478609999991e+02 -5.864021486880000111e+01 2.156583855970000059e+02
6.500000000000000222e-01 5.223827260760000172e+03 3.028436960739999904e+03 1.620886234370000057e+04 2.091292585550000069e+02 -5.780123473889999985e+01 2.170386166790000004e+02
6.500000000000000222e-01 5.379546671819999574e+03 2.790137456139999813e+03 1.642747725469999932e+04 2.095892154979999873e+02 -5.878955328180000350e+01 2.161454208209999877e+02
6.500000000000000222e-01 5.113104974650000258e+03 3.053510135120000086e+03 1.646941716699999961e+04 2.098677909790000058e+02 -5.917511619369999920e+01 2.173317880639999942e+02
6.500000000000000222e-01 5.347613557360000414e+03 2.795896942379999928e+03 1.648769570670000030e+04 2.094071298940000077e+02 -5.857401866930000267e+01 2.161470574159999956e+02
6.500000000000000222e-01 5.349886152349999975e+03 2.983982576289999997e+03 1.623742712759999995e+04 2.096445889530000102e+02 -5.827307342449999794e+01 2.171909061259999874e+02
6.500000000000000222e-01 5.185618299370000386e+03 2.880897101970000222e+03 1.617339622559999953e+04 2.087038237840000079e+02 -5.906966241930000194e+01 2.166992376750000062e+02
6.500000000000000222e-01 5.202272611080000388e+03 2.880483850560000064e+03 1.617145809729999928e+04 2.090043236019999995e+02 -5.899929684460000345e+01 2.166257409160000122e+02
6.500000000000000222e-01 5.037105970329999764e+03 2.849525467899999967e+03 1.645144941689999905e+04 2.091952962720000073e+02 -5.859689203829999826e+01 2.160701718809999932e+02
6.500000000000000222e-01 5.247283356660000209e+03 3.090876707769999939e+03 1.646179701850000129e+04 2.090435149079999917e+02 -5.836954212940000275e+01 2.167354015349999941e+02
6.500000000000000222e-01 5.137765861689999838e+03 3.065136183250000158e+03 1.647400062830000024e+04 2.096330685750000100e+02 -5.874720786440000353e+01 2.161417418059999989e+02
6.500000000000000222e-01 5.332397439659999691e+03 2.748154186360000040e+03 1.643641060199999993e+04 2.094353496790000122e+02 -5.869591319970000143e+01 2.157900005669999928e+02
6.500000000000000222e-01 5.383403126780000093e+03 3.015818642839999939e+03 1.631989657640000041e+04 2.094546629829999915e+02 -5.884077063819999864e+01 2.165553797780000025e+02
6.500000000000000222e-01 5.220625909540000066e+03 2.975905123959999855e+03 1.656781558710000172e+04 2.092858938310000099e+02 -5.773756150349999672e+01 2.164245175119999942e+02
6.500000000000000222e-01 5.371990581770000063e+03 2.783021672500000022e+03 1.642912227569999959e+04 2.091504149019999943e+02 -5.838703488449999668e+01 2.169055593120000083e+02
6.500000000000000222e-01 5.015508693429999767e+03 2.903159948970000187e+03 1.640281831049999892e+04 2.093381363389999876e+02 -5.864799604969999791e+01 2.156160988970000005e+02
6.500000000000000222e-01 5.279477915079999548e+03 3.080833363790000021e+03 1.646525220329999865e+04 2.090752164810000124e+02 -5.826203690439999860e+01 2.165022417149999967e+02
6.500000000000000222e-01 5.411963090960000045e+03 2.936465924910000012e+03 1.643553651420000097e+04 2.091854521520000105e+02 -5.862359681809999756e+01 2.170847468949999950e+02
1.390000000000000000e+04 -8.093159108339999875e+03 8.621803739629999654e+02 1.474049809669999922e+04 -2.482148493839999901e+02 2.041802810179999881e+02 -3.156866085999999996e+02
6.500000000000000222e-01 -8.039037938860000395e+03 8.410044823980000501e+02 1.487107659600000079e+04 -2.487845908360000067e+02 2.044219484639999962e+02 -3.154423860239999726e+02
6.500000000000000222e-01 -8.118628125819999696e+03 8.892940961560000233e+02 1.460232556230000046e+04 -2.486019989419999945e+02 2.046261287050000135e+02 -3.155643539170000054e+02
6.500000000000000222e-01 -8.137688444399999753e+03 8.836952540790000512e+02 1.487473977019999984e+04 -2.476916640359999917e+02 2.038967309889999910e+02 -3.154184085640000035e+02
6.500000000000000222e-01 -8.015333707079999840e+03 7.591401475989999881e+02 1.468026811369999996e+04 -2.484662097320000100e+02 2.045091590369999892e+02 -3.161671526580000204e+02
6.500000000000000222e-01 -8.014453231999999844e+03 7.553416163370000049e+02 1.468899166019999939e+04 -2.483076459959999909e+02 2.042867489369999987e+02 -3.154320160940000051e+02
6.500000000000000222e-01 -8.159537021299999651e+03 8.378492856569999958e+02 1.486498524469999938e+04 -2.484998006529999941e+02 2.042190387740000119e+02 -3.157465468369999826e+02
6.500000000000000222e-01 -8.168339765880000414e+03 8.263490894789999857e+02 1.462438059389999944e+04 -2.477178417689999890e+02 2.042734002400000008e+02 -3.159762926519999837e+02
6.500000000000000222e-01 -7.995515632499999811e+03 8.560637209340000027e+02 1.463608459679999942e+04 -2.486706479179999860e+02 2.042061712670000020e+02 -3.161845312629999967e+02
6.500000000000000222e-01 -8.003621762179999678e+03 7.752804667640000389e+02 1.480876468080000086e+04 -2.483664014850000115e+02 2.043263087919999919e+02 -3.158855824030000008e+02
6.500000000000000222e-01 -8.133948174840000320e+03 7.317358345110000073e+02 1.469978722820000075e+04 -2.483361369989999901e+02 2.044426439259999881e+02 -3.158533235250000075e+02
6.500000000000000222e-01 -8.053322398889999931e+03 7.592426774260000002e+02 1.483026884600000085e+04 -2.485670316229999912e+02 2.046931802349999998e+02 -3.153412932510000246e+02
6.500000000000000222e-01 -7.970922959290000108e+03 7.880674646549999807e+02 1.474166749270000037e+04 -2.482369591609999873e+02 2.042029769620000081e+02 -3.163705448410000258e+02
6.500000000000000222e-01 -8.052901322650000111e+03 7.324254304549999688e+02 1.478281065689999923e+04 -2.483891187289999891e+02 2.043491833870000107e+02 -3.158754471650000255e+02
6.500000000000000222e-01 -8.066782652679999956e+03 7.748262795770000366e+02 1.485140526200000022e+04 -2.479215206709999961e+02 2.037070571099999938e+02 -3.158848752029999787e+02
6.500000000000000222e-01 -8.151607065240000338e+03 9.202397968709999532e+02 1.462331981629999973e+04 -2.479373033470000109e+02 2.039293979320000005e+02 -3.160249393949999899e+02
6.500000000000000222e-01 -7.954306367459999819e+03 8.940827332889999752e+02 1.472865098700000090e+04 -2.482958340799999917e+02 2.041580670710000049e+02 -3.163517605010000011e+02
6.500000000000000222e-01 -8.125148885159999736e+03 9.987509190600000011e+02 1.476845580169999994e+04 -2.482107173189999969e+02 2.040328794010000024e+02 -3.150438238039999987e+02
6.500000000000000222e-01 -7.986347513159999835e+03 8.879424370729999509e+02 1.483176647279999997e+04 -2.480704546080000057e+02 2.042893766720000031e+02 -3.160133691180000142e+02
6.500000000000000222e-01 -7.993444014349999634e+03 9.643648955569999544e+02 1.474707473559999926e+04 -2.482282449989999975e+02 2.041130793510000103e+02 -3.156315872470000272e+02
6.500000000000000222e-01 -8.063979268709999815e+03 9.973573006889999988e+02 1.477733397060000061e+04 -2.483414263960000028e+02 2.040672388170000033e+02 -3.151456027140000060e+02
6.500000000000000222e-01 -7.957826852590000271e+03 9.077162125139999489e+02 1.474745938899999965e+04 -2.482156393189999903e+02 2.041689872180000123e+02 -3.163486350460000267e+02
6.500000000000000222e-01 -8.175540005859999837e+03 7.660677652980000403e+02 1.480700096049999956e+04 -2.480525948890000052e+02 2.044725803810000002e+02 -3.150799745209999969e+02
6.500000000000000222e-01 -8.226257133080000131e+03 8.484292551209999829e+02 1.469043186919999971e+04 -2.482053042279999886e+02 2.041587996149999924e+02 -3.154880760739999914e+02
6.500000000000000222e-01 -8.111585232329999599e+03 1.002917875370000047e+03 1.472481692579999981e+04 -2.481786940179999874e+02 2.041528877689999888e+02 -3.151157688600000029e+02
6.500000000000000222e-01 -8.040543699140000172e+03 8.705311048080000091e+02 1.487323820180000075e+04 -2.485420435780000048e+02 2.040993576820000044e+02 -3.155478260709999745e+02
6.500000000000000222e-01 -8.140307553409999855e+03 7.298112140570000292e+02 1.471538744349999979e+04 -2.483077012070000080e+02 2.042814827809999940e+02 -3.153857706410000219e+02
6.500000000000000222e-01 -8.025205036639999889e+03 9.646249243009999645e+02 1.466734472880000067e+04 -2.484551450509999881e+02 2.039490780780000136e+02 -3.162537557989999755e+02
6.500000000000000222e-01 -8.122491393139999673e+03 7.294265985130000445e+02 1.478598416630000065e+04 -2.480394570930000100e+02 2.040113431579999883e+02 -3.157851649890000090e+02
6.500000000000000222e-01 -7.971688971929999752e+03 8.268335133010000391e+02 1.480683452330000000e+04 -2.480157708520000028e+02 2.041396041980000007e+02 -3.162448113489999741e+02
6.500000000000000222e-01 -8.201090298260000054e+03 7.713005678849999640e+02 1.471756845210000029e+04 -2.482444042630000069e+02 2.042845431739999924e+02 -3.156517916689999765e+02
6.500000000000000222e-01 -8.168270452169999771e+03 9.577246815839999954e+02 1.481603065830000014e+04 -2.480322561419999943e+02 2.039017328090000092e+02 -3.150945167489999790e+02
6.500000000000000222e-01 -8.046991302720000022e+03 9.031307242660000156e+02 1.461140483069999937e+04 -2.477240827619999948e+02 2.044966711639999914e+02 -3.154650511269999811e+02
6.500000000000000222e-01 -8.012272865699999784e+03 7.585406154720000131e+02 1.479690759699999944e+04 -2.480631025559999898e+02 2.039886694630000079e+02 -3.162832066579999832e+02
6.500000000000000222e-01 -7.976419770120000067e+03 9.445691320119999546e+02 1.473605770429999939e+04 -2.482555249739999965e+02 2.041368238340000119e+02 -3.163578317860000197e+02
6.500000000000000222e-01 -8.027363615219999701e+03 9.873366829899999857e+02 1.471993750999999975e+04 -2.482161386319999963e+02 2.040204265369999916e+02 -3.162224428480000142e+02
6.500000000000000222e-01 -8.195437332819999938e+03 7.708836220570000251e+02 1.478106019659999947e+04 -2.480406244940000136e+02 2.043006320499999902e+02 -3.150519439749999719e+02
6.500000000000000222e-01 -8.191114308940000228e+03 9.605793643780000366e+02 1.477459729530000004e+04 -2.483117280429999880e+02 2.042540550310000071e+02 -3.162734734489999937e+02
6.500000000000000222e-01 -8.008894688970000061e+03 7.557275609839999788e+02 1.478686032209999939e+04 -2.481871237400000041e+02 2.041786595990000137e+02 -3.153848775060000094e+02
6.500000000000000222e-01 -7.969954380760000276e+03 9.207495289400000047e+02 1.478310471370000050e+04 -2.484395185490000131e+02 2.040897458139999969e+02 -3.151017680439999822e+02
6.500000000000000222e-01 -8.152937025360000007e+03 8.267925591450000411e+02 1.486562411299999985e+04 -2.487332396950000089e+02 2.040015326259999995e+02 -3.159162081119999925e+02
3.690000000000000000e+05 2.694323107910000090e+03 7.869519759549999662e+02 -7.618612083440000333e+02 -7.423578876599999887e+01 2.231685601570000088e+01 -7.029038834819999693e+01
6.500000000000000222e-01 2.583296780430000126e+03 8.776214999049999506e+02 -7.277712225220000164e+02 -7.534397620580000421e+01 2.108616663229999943e+01 -7.258741628410000146e+01
6.500000000000000222e-01 2.619228417960000115e+03 7.639913104339999563e+02 -6.361152445110000144e+02 -7.801894235689999846e+01 2.096330833829999918e+01 -7.185618680950000225e+01
6.500000000000000222e-01 2.774666654780000044e+03 7.661030834370000093e+02 -6.439339985359999901e+02 -7.610738267569999493e+01 2.245867588049999952e+01 -7.185939905530000260e+01
6.500000000000000222e-01 2.785112306680000074e+03 8.279629112650000025e+02 -8.743310206139999536e+02 -7.000711968660000650e+01 2.359321154350000072e+01 -6.884038686179999900e+01
6.500000000000000222e-01 2.804703055920000224e+03 8.617460730589999685e+02 -7.028336187720000225e+02 -7.546253317929999582e+01 2.130134850499999999e+01 -6.968713780260000590e+01
6.500000000000000222e-01 2.650163053839999975e+03 8.755653750320000199e+02 -6.544093697230000544e+02 -7.447754578699999684e+01 1.860305762590000001e+01 -6.876711896359999798e+01
6.500000000000000222e-01 2.746167808839999907e+03 6.674974146299999802e+02 -8.193651388279999992e+02 -7.422913811210000290e+01 2.423344115849999980e+01 -6.798730060479999793e+01
6.500000000000000222e-01 2.644527344260000064e+03 6.579647902089999434e+02 -7.159157640890000494e+02 -7.582639355909999779e+01 2.496944874220000088e+01 -6.731723752690000140e+01
6.500000000000000222e-01 2.685329721380000137e+03 6.662951465569999527e+02 -6.746322464029999537e+02 -7.442908317049999312e+01 2.174212415290000067e+01 -7.116024997229999371e+01
6.500000000000000222e-01 2.753140749409999898e+03 8.941899892540000110e+02 -6.877480210109999916e+02 -7.353026472550000392e+01 1.911857839649999846e+01 -7.110301927250000631e+01
6.500000000000000222e-01 2.839301986829999805e+03 7.797056780579999895e+02 -7.968062023339999769e+02 -7.395665374760000077e+01 2.321032197890000148e+01 -7.409142856850000669e+01
6.500000000000000222e-01 2.719251424649999990e+03 6.480980967660000260e+02 -7.995680420219999860e+02 -7.364961396820000061e+01 2.313809152230000166e+01 -6.704689275490000000e+01
6.500000000000000222e-01 2.787565754239999933e+03 6.753644371410000531e+02 -7.837566923849999512e+02 -7.384474924680000640e+01 2.396384659119999938e+01 -7.093994135330000006e+01
6.500000000000000222e-01 2.701496466099999907e+03 6.904338716659999591e+02 -8.725084733359999518e+02 -7.219577295930000105e+01 2.094749076349999939e+01 -6.774218816110000319e+01
6.500000000000000222e-01 2.577501248539999779e+03 7.817660439950000182e+02 -6.681398976709999715e+02 -7.663841707459999952e+01 2.139961658600000050e+01 -7.078728660509999315e+01
6.500000000000000222e-01 2.810567547300000115e+03 7.005093002139999498e+02 -7.862717732290000185e+02 -7.341374347539999690e+01 2.367231024210000001e+01 -6.806411041769999315e+01
6.500000000000000222e-01 2.761859676869999930e+03 7.455949490499999683e+02 -8.848086767930000178e+02 -7.446373339660000568e+01 2.502788618570000168e+01 -7.109403041679999546e+01
6.500000000000000222e-01 2.759987672650000150e+03 7.654951359079999520e+02 -6.363265294670000003e+02 -7.344847363290000430e+01 2.183429449520000176e+01 -7.370086156809999522e+01
6.500000000000000222e-01 2.593635405389999960e+03 6.813938727199999903e+02 -7.770277801199999885e+02 -7.492602422669999385e+01 2.375131944159999975e+01 -6.938489057859999320e+01
6.500000000000000222e-01 2.631134293359999901e+03 9.027602517059999627e+02 -7.109973827300000266e+02 -7.347133614649999345e+01 1.920093293780000110e+01 -7.031902977599999360e+01
6.500000000000000222e-01 2.724317108629999893e+03 6.751633035419999942e+02 -6.710820538200000556e+02 -7.538571378289999814e+01 2.451707829820000129e+01 -6.892139378919999615e+01
6.500000000000000222e-01 2.636280263589999777e+03 7.892880831559999706e+02 -8.943300529619999679e+02 -6.991497744420000515e+01 2.237065560659999974e+01 -7.018919118479999497e+01
6.500000000000000222e-01 2.599267643140000018e+03 8.214887180440000520e+02 -6.516663655739999967e+02 -7.760813196070000686e+01 2.197923826490000110e+01 -7.163260993590000680e+01
6.500000000000000222e-01 2.770806907900000169e+03 8.596551918269999533e+02 -8.674388852820000011e+02 -7.340538812890000031e+01 2.330367299179999918e+01 -7.067938021049999975e+01
6.500000000000000222e-01 2.623641341519999969e+03 7.251258987879999722e+02 -8.715998811169999954e+02 -7.537549183769999672e+01 2.225578812719999888e+01 -6.681833514109999328e+01
6.500000000000000222e-01 2.675589532899999995e+03 7.085468413270000383e+02 -8.836742982010000560e+02 -7.214134633989999656e+01 2.126336787119999983e+01 -6.830826743030000614e+01
6.500000000000000222e-01 2.669986336169999959e+03 7.066538908789999596e+02 -8.786866762490000156e+02 -7.445796087470000657e+01 2.216204328650000122e+01 -6.748097059580000234e+01
6.500000000000000222e-01 2.836172403089999989e+03 7.766337910470000452e+02 -8.077539510269999710e+02 -7.403495166310000286e+01 2.332169779230000017e+01 -7.391449295430000177e+01
6.500000000000000222e-01 2.713118705469999895e+03 7.353090055010000015e+02 -6.281336852140000246e+02 -7.735668963969999368e+01 2.558481908410000116e+01 -7.037879479560000107e+01
6.500000000000000222e-01 2.695959130390000155e+03 6.461960475949999818e+02 -7.889934521220000079e+02 -7.480043285940000430e+01 2.411754123900000124e+01 -6.689105804349999573e+01
6.500000000000000222e-01 2.718822835250000026e+03 6.440705298569999968e+02 -7.534593724269999484e+02 -7.471999136339999836e+01 2.390167935799999910e+01 -7.316602735540000424e+01
6.500000000000000222e-01 2.767206603099999938e+03 7.419126773210000465e+02 -8.829133423179999909e+02 -7.495139978049999741e+01 2.512640909379999954e+01 -7.244292837849999955e+01
6.500000000000000222e-01 2.842781384160000016e+03 7.982987404860000424e+02 -7.645012683579999475e+02 -7.354637597260000348e+01 2.286119002739999928e+01 -6.903659399180000378e+01
6.500000000000000222e-01 2.761012156830000094e+03 8.509267388849999634e+02 -8.790171781630000396e+02 -7.433723420939999471e+01 2.205097740980000154e+01 -7.192789820529999645e+01
6.500000000000000222e-01 2.688852797619999819e+03 6.463600142860000233e+02 -7.273455176520000123e+02 -7.536147121039999774e+01 2.489681222820000173e+01 -6.687891539400000340e+01
6.500000000000000222e-01 2.597551544479999848e+03 8.830657650099999501e+02 -8.169636868019999838e+02 -7.452540006879999623e+01 2.209643940309999977e+01 -6.701083391349999374e+01
6.500000000000000222e-01 2.699527229289999923e+03 8.312124483249999685e+02 -6.244773886589999847e+02 -7.628912529389999975e+01 1.827975144230000026e+01 -7.083830141510000544e+01
6.500000000000000222e-01 2.763367038100000173e+03 7.751955518050000364e+02 -8.933857804880000231e+02 -7.005295681159999788e+01 2.261066274590000091e+01 -6.925892435080000098e+01
6.500000000000000222e-01 2.675867735339999854e+03 7.832655317129999730e+02 -6.173339156529999627e+02 -7.327445728969999550e+01 2.223063897060000116e+01 -7.115953825110000253e+01
6.500000000000000222e-01 2.634341143780000039e+03 7.664396060799999759e+02 -6.283397450429999935e+02 -7.914015411760000518e+01 2.089261552709999847e+01 -7.216166167129999565e+01
