3.450000000000000000e+05 4.848220214150000174e+03 -5.163414010729999973e+03 -6.315053528559999904e+03 -9.912940518370000120e+01 5.981727896229999786e+00 -7.982528300250000086e+01
6.500000000000000222e-01 5.029532335619999685e+03 -5.345776981029999661e+03 -6.191548545689999628e+03 -9.983520879900000011e+01 6.687987063209999583e+00 -7.959316243649999478e+01
6.500000000000000222e-01 4.688475044609999713e+03 -5.277430889000000207e+03 -6.108013794700000290e+03 -9.782953587180000454e+01 5.967781991269999864e+00 -7.895139448099999413e+01
6.500000000000000222e-01 4.653055285149999690e+03 -5.237979674279999927e+03 -6.120800004970000373e+03 -9.820255501260000131e+01 6.668799052899999857e+00 -7.848078115020000212e+01
6.500000000000000222e-01 4.776991654360000211e+03 -5.427511092529999587e+03 -6.234040919809999650e+03 -9.907643541299999868e+01 6.708662542949999974e+00 -7.767723388049999755e+01
6.500000000000000222e-01 4.929486938840000221e+03 -5.306009132639999734e+03 -6.081716498089999732e+03 -9.866484036529999457e+01 5.806729813129999584e+00 -7.928019944300000077e+01
6.500000000000000222e-01 4.893603382700000111e+03 -5.061358938759999546e+03 -6.052548386860000392e+03 -9.817056234970000617e+01 7.760020028719999630e+00 -8.070751799020000306e+01
6.500000000000000222e-01 4.739829386809999960e+03 -5.114017937120000170e+03 -6.055833013200000096e+03 -1.003365210869999942e+02 6.405589303920000255e+00 -8.055198767269999394e+01
6.500000000000000222e-01 4.924104657130000305e+03 -5.072277148610000040e+03 -6.055593622600000344e+03 -9.873644004300000176e+01 7.539545043530000434e+00 -8.045840463519999730e+01
6.500000000000000222e-01 5.004770420689999810e+03 -5.207756950189999770e+03 -6.080725647860000208e+03 -9.829206668390000345e+01 5.546168278129999685e+00 -8.022982726150000587e+01
6.500000000000000222e-01 4.900737245710000025e+03 -5.158704448610000327e+03 -6.034690191900000173e+03 -9.700180466330000684e+01 6.184127095440000055e+00 -8.022903593910000097e+01
6.500000000000000222e-01 4.701544317539999611e+03 -5.280991443480000271e+03 -6.100471265129999665e+03 -9.761997291820000555e+01 6.685384557269999917e+00 -7.844607465660000400e+01
6.500000000000000222e-01 4.596134459959999731e+03 -5.079550345419999758e+03 -6.211113751310000225e+03 -9.918425173519999305e+01 5.847797715049999567e+00 -8.058730484359999480e+01
6.500000000000000222e-01 4.770986950599999545e+03 -4.947245838830000139e+03 -6.145671818859999803e+03 -9.837255724919999977e+01 5.554032498859999833e+00 -8.056230023770000059e+01
6.500000000000000222e-01 4.647639128269999674e+03 -5.084220569500000238e+03 -6.128293131329999596e+03 -1.005302225150000055e+02 6.542399697199999586e+00 -8.154869472430000599e+01
6.500000000000000222e-01 4.620109961670000303e+03 -5.213483281730000272e+03 -6.151216414530000293e+03 -9.882929709219999381e+01 5.767653740480000124e+00 -7.972232569329999308e+01
6.500000000000000222e-01 4.792101248480000322e+03 -5.255020628010000109e+03 -6.050775817650000135e+03 -1.003097643750000003e+02 4.279566372729999735e+00 -8.067740895510000598e+01
6.500000000000000222e-01 4.676100286070000038e+03 -5.215431549830000222e+03 -6.093575030500000139e+03 -9.752650034469999696e+01 6.546019007159999958e+00 -7.841381007980000106e+01
6.500000000000000222e-01 4.808786152190000394e+03 -4.915774903800000175e+03 -6.179025418969999919e+03 -9.868497780299999533e+01 6.250237419920000370e+00 -8.140815176860000690e+01
6.500000000000000222e-01 5.044803090700000212e+03 -5.024513874569999643e+03 -6.161933497390000412e+03 -9.859477886749999698e+01 6.896395942689999892e+00 -8.145990794930000334e+01
6.500000000000000222e-01 4.934604495300000053e+03 -4.918742022149999684e+03 -6.196490494280000348e+03 -9.970919066300000111e+01 7.112842085789999658e+00 -8.077096764709999377e+01
6.500000000000000222e-01 4.748394853519999742e+03 -5.079424168960000316e+03 -6.061352083990000210e+03 -9.786686558569999761e+01 4.836090817249999674e+00 -7.933004635119999648e+01
6.500000000000000222e-01 4.770530034960000194e+03 -5.065502965650000078e+03 -6.058613511339999604e+03 -1.001717390240000043e+02 7.343903740300000038e+00 -8.078888112529999432e+01
6.500000000000000222e-01 4.739088520559999779e+03 -5.296902348980000170e+03 -6.087776261490000252e+03 -9.977179071060000126e+01 4.342518326739999601e+00 -8.105536544730000514e+01
6.500000000000000222e-01 4.693415986189999785e+03 -5.150630470869999954e+03 -6.075771161390000088e+03 -9.981453163800000539e+01 6.112907584930000304e+00 -8.021858202619999645e+01
6.500000000000000222e-01 4.668339820209999743e+03 -5.169657733840000219e+03 -6.093721472770000219e+03 -9.869315726150000501e+01 6.035482382239999666e+00 -7.943994500639999501e+01
6.500000000000000222e-01 4.868576202870000088e+03 -5.009983264919999783e+03 -6.075411171939999804e+03 -9.936650907940000366e+01 8.141568343550000364e+00 -8.093125028679999389e+01
6.500000000000000222e-01 4.710151309640000363e+03 -4.993202819879999879e+03 -6.132436587289999807e+03 -9.786909474029999956e+01 4.581733645789999976e+00 -7.868218130360000373e+01
6.500000000000000222e-01 4.779271305969999958e+03 -5.230903898090000439e+03 -6.046585686379999970e+03 -9.751870040939999740e+01 7.167632890610000196e+00 -7.911456528950000688e+01
6.500000000000000222e-01 4.810930722430000060e+03 -5.070903820129999986e+03 -6.047779927980000139e+03 -9.854420248489999778e+01 5.547709612720000294e+00 -7.992719207419999350e+01
6.500000000000000222e-01 4.991640109050000319e+03 -4.995368050220000441e+03 -6.134567772809999951e+03 -1.001996098829999937e+02 5.048409985020000157e+00 -7.808572781649999683e+01
6.500000000000000222e-01 4.759315790470000138e+03 -5.246475310519999766e+03 -6.057021276610000314e+03 -9.983078718759999504e+01 6.485663341749999589e+00 -7.989115314299999682e+01
6.500000000000000222e-01 4.991504379220000374e+03 -5.105349444430000403e+03 -6.075299543600000106e+03 -1.009198625679999992e+02 5.277530116240000346e+00 -7.859011159339999608e+01
6.500000000000000222e-01 4.807299243010000282e+03 -5.169299016379999557e+03 -6.032786527389999719e+03 -9.691656934930000489e+01 6.291495602890000427e+00 -7.949894316850000564e+01
6.500000000000000222e-01 5.056453700590000153e+03 -4.995745029409999916e+03 -6.215505816619999678e+03 -9.836994227990000184e+01 5.954879299379999935e+00 -8.122460435989999894e+01
6.500000000000000222e-01 4.850144118219999655e+03 -5.167909714849999546e+03 -6.029816948929999853e+03 -9.839898730749999345e+01 4.248555955399999640e+00 -7.985797050639999384e+01
6.500000000000000222e-01 4.848447598679999828e+03 -5.112282866819999981e+03 -6.034394708030000402e+03 -9.872780269860000146e+01 5.501526426979999940e+00 -7.981102675350000197e+01
6.500000000000000222e-01 4.880277596259999882e+03 -4.924195368560000134e+03 -6.162966104310000446e+03 -1.000775161349999962e+02 7.267665811419999677e+00 -8.030227340150000259e+01
6.500000000000000222e-01 4.718445459479999954e+03 -5.371417304159999730e+03 -6.169187281290000101e+03 -1.001441457070000070e+02 6.422645183170000216e+00 -8.052531182020000244e+01
6.500000000000000222e-01 4.989965671599999951e+03 -5.005849580719999722e+03 -6.124094122370000150e+03 -9.799575702040000635e+01 5.561519109869999866e+00 -8.038596744139999828e+01
6.500000000000000222e-01 4.761300211110000419e+03 -5.369837688929999786e+03 -6.138367373840000255e+03 -9.884795954060000156e+01 7.494233723429999827e+00 -7.808892463189999944e+01
6.500000000000000222e-01 4.768416991090000010e+03 -4.951980504570000448e+03 -6.140952588920000380e+03 -9.986464272599999958e+01 6.380980992689999631e+00 -7.907650874300000510e+01
6.500000000000000222e-01 4.967793536819999645e+03 -5.064428628409999874e+03 -6.075704549629999747e+03 -9.810079026450000583e+01 7.369873199839999778e+00 -8.093849214809999637e+01
6.500000000000000222e-01 4.762917149859999881e+03 -4.976106320390000292e+03 -6.117511038229999940e+03 -9.982867832940000596e+01 7.463034849909999657e+00 -8.146931066770000029e+01
6.500000000000000222e-01 4.801205880079999588e+03 -5.166593595839999580e+03 -6.033693684670000039e+03 -9.871338023289999342e+01 5.983505120020000234e+00 -7.975959290389999978e+01
6.500000000000000222e-01 4.915812637600000016e+03 -5.100048014410000178e+03 -6.045239085049999630e+03 -1.004348489500000028e+02 4.431986037449999749e+00 -7.913165808179999772e+01
6.500000000000000222e-01 4.852979331800000182e+03 -5.173020947019999767e+03 -6.029976562290000402e+03 -9.949719436460000566e+01 6.649355144390000305e+00 -7.980034517400000027e+01
6.500000000000000222e-01 5.024486043799999607e+03 -5.366853084309999758e+03 -6.220572208919999866e+03 -9.877437382109999930e+01 5.552550910049999899e+00 -8.191784834710000496e+01
6.500000000000000222e-01 4.848202634180000132e+03 -5.161844224970000141e+03 -6.029779354149999563e+03 -9.914934707140000114e+01 6.710391712239999862e+00 -7.982922756959999333e+01
6.500000000000000222e-01 4.790838170369999716e+03 -4.905487555839999914e+03 -6.207512540810000246e+03 -9.877971604219999335e+01 6.136004455690000192e+00 -8.145678833050000378e+01
6.500000000000000222e-01 4.592349535319999632e+03 -5.167721437369999876e+03 -6.188976326379999591e+03 -9.929486531720000642e+01 5.963715836879999621e+00 -8.019157467479999468e+01
6.500000000000000222e-01 4.972807977110000138e+03 -5.244397335669999848e+03 -6.071530614799999967e+03 -9.969431447079999487e+01 6.196149507470000373e+00 -7.909648134450000612e+01
6.500000000000000222e-01 5.124703239659999781e+03 -5.181763483120000274e+03 -6.247198885439999685e+03 -9.906754135479999945e+01 5.945082688940000359e+00 -7.993582898670000247e+01
6.500000000000000222e-01 4.918369483020000189e+03 -5.031655578369999603e+03 -6.071943235269999604e+03 -9.995356228570000212e+01 7.009906675839999934e+00 -7.991789318630000594e+01
6.500000000000000222e-01 4.837927270209999733e+03 -5.238145765229999597e+03 -6.039929848560000210e+03 -9.975740739469999596e+01 4.938895401509999949e+00 -8.023175646660000382e+01
6.500000000000000222e-01 4.861859444159999839e+03 -5.148228472429999783e+03 -6.030506186360000356e+03 -9.791238895460000435e+01 7.474250995160000244e+00 -7.996291669849999550e+01
6.500000000000000222e-01 4.900439529950000178e+03 -5.251330256010000085e+03 -6.048730987279999681e+03 -9.894702019560000394e+01 6.088041529329999868e+00 -7.950775896339999349e+01
6.500000000000000222e-01 4.798053283379999812e+03 -5.176555455570000049e+03 -6.034528305800000453e+03 -9.826845572210000057e+01 6.324370821219999605e+00 -7.964301739139999370e+01
6.500000000000000222e-01 4.841357876529999885e+03 -5.164131834830000116e+03 -6.029858486219999577e+03 -9.945743789959999503e+01 5.941145728020000405e+00 -7.983340051150000249e+01
6.500000000000000222e-01 4.734506123950000074e+03 -5.310342436339999949e+03 -6.098570359330000429e+03 -1.003443577259999984e+02 6.316121444760000259e+00 -8.036398112540000227e+01
6.500000000000000222e-01 5.036917990910000299e+03 -5.326151517090000198e+03 -6.176152584749999733e+03 -9.810150440850000564e+01 5.028958515660000295e+00 -8.111897570540000402e+01
6.500000000000000222e-01 4.728806524980000177e+03 -4.978005741750000197e+03 -6.134089543869999943e+03 -9.800350853199999790e+01 4.470426000779999853e+00 -7.825573804820000134e+01
6.500000000000000222e-01 4.947302207179999641e+03 -5.259625261539999883e+03 -6.065433871889999864e+03 -9.893034099209999965e+01 5.804896212440000092e+00 -8.041705410039999435e+01
6.500000000000000222e-01 4.835309606589999930e+03 -5.134686595430000125e+03 -6.031518925829999716e+03 -9.817391462480000541e+01 3.907466041739999785e+00 -7.957782278199999837e+01
6.500000000000000222e-01 4.860100022450000324e+03 -4.931560102829999778e+03 -6.149263134779999746e+03 -9.853519084500000247e+01 4.276119356819999773e+00 -7.834289912810000089e+01
6.500000000000000222e-01 4.786664833849999923e+03 -5.118937978539999676e+03 -6.040068734729999960e+03 -9.847422077859999945e+01 5.588943674620000301e+00 -7.950306645249999349e+01
6.500000000000000222e-01 4.923478915009999582e+03 -5.268088013560000036e+03 -6.060567182759999923e+03 -9.863101708080000662e+01 5.112765469110000183e+00 -8.064805993560000275e+01
6.500000000000000222e-01 4.727064726820000033e+03 -5.059391750380000303e+03 -6.078654424579999613e+03 -9.769288026239999567e+01 4.672465823359999604e+00 -7.902407623450000074e+01
6.500000000000000222e-01 5.014923786260000270e+03 -5.066037823110000318e+03 -6.105025872629999867e+03 -9.995358189620000644e+01 4.959935589759999708e+00 -7.858477986319999786e+01
6.500000000000000222e-01 4.628502274559999933e+03 -5.337026847369999814e+03 -6.260588594040000316e+03 -9.869710209139999790e+01 6.040923145429999863e+00 -7.802616551430000413e+01
6.500000000000000222e-01 4.702189984740000000e+03 -5.405115494409999883e+03 -6.274564221290000205e+03 -9.880809821169999907e+01 5.896682674810000080e+00 -7.862517002229999719e+01
6.500000000000000222e-01 4.952614552449999792e+03 -5.130410112939999635e+03 -6.051621594309999637e+03 -1.000908457259999977e+02 5.416010083009999754e+00 -7.931950403560000495e+01
6.500000000000000222e-01 4.828733453550000377e+03 -5.282895689080000011e+03 -6.056735480749999624e+03 -9.829376157570000316e+01 4.956340712190000275e+00 -7.990274700140000164e+01
6.500000000000000222e-01 4.912382750910000141e+03 -5.288562104489999911e+03 -6.066850098629999593e+03 -1.003663864610000047e+02 7.726131609850000359e+00 -7.916224791519999826e+01
6.500000000000000222e-01 4.795717990039999677e+03 -5.090404378150000412e+03 -6.044319472449999921e+03 -9.774971542730000351e+01 4.153176944340000176e+00 -7.917149051580000219e+01
6.500000000000000222e-01 4.910995756850000362e+03 -5.121511642679999568e+03 -6.039940384720000111e+03 -9.927653306370000053e+01 6.419814560049999841e+00 -7.988283747459999518e+01
6.500000000000000222e-01 4.838030858099999932e+03 -5.433101068879999730e+03 -6.222593338159999803e+03 -9.867265439979999542e+01 6.125084113039999778e+00 -7.813621424240000124e+01
6.500000000000000222e-01 4.789960326030000033e+03 -5.116465890249999575e+03 -6.039761904019999747e+03 -9.925763817760000052e+01 6.017501820659999723e+00 -7.999150379939999311e+01
6.500000000000000222e-01 4.892092239859999609e+03 -5.162687013480000132e+03 -6.033169623449999563e+03 -1.013806577090000047e+02 5.944697093430000301e+00 -7.947484694509999770e+01
6.500000000000000222e-01 4.805409422450000420e+03 -5.282897611719999986e+03 -6.059564342229999966e+03 -9.815738930790000438e+01 5.511607719429999719e+00 -7.963029469360000689e+01
6.500000000000000222e-01 4.766186802639999769e+03 -5.176045653639999728e+03 -6.042116209540000455e+03 -9.999634559550000290e+01 5.748220707589999812e+00 -8.011869333360000667e+01
6.500000000000000222e-01 4.607141715650000151e+03 -5.068766894409999622e+03 -6.195442074040000080e+03 -9.973350402629999678e+01 6.120652211260000364e+00 -8.160676770950000503e+01
6.500000000000000222e-01 4.658769725379999727e+03 -4.962072434929999872e+03 -6.244669572429999789e+03 -9.860932882849999714e+01 5.439860300880000388e+00 -7.783529660179999610e+01
6.500000000000000222e-01 5.087824211430000105e+03 -5.279520315210000263e+03 -6.212617843019999782e+03 -9.848706733759999565e+01 5.709397784580000135e+00 -8.189871715510000172e+01
6.500000000000000222e-01 4.918936517940000158e+03 -5.256974041319999742e+03 -6.054996719040000244e+03 -9.773780015949999722e+01 4.286161450039999821e+00 -8.052903717259999894e+01
6.500000000000000222e-01 4.910220134049999615e+03 -5.247480386610000096e+03 -6.049586631379999744e+03 -9.919270394170000316e+01 6.262288138269999749e+00 -7.942060450259999982e+01
6.500000000000000222e-01 5.081390478330000406e+03 -5.076474233519999871e+03 -6.175565456790000098e+03 -9.915648714040000300e+01 5.531591998949999756e+00 -7.916343290989999559e+01
6.500000000000000222e-01 4.640298031330000413e+03 -5.261352389620000395e+03 -6.146055721030000313e+03 -1.003530822470000032e+02 5.856626876159999995e+00 -8.120364603310000007e+01
6.500000000000000222e-01 5.053171928949999710e+03 -5.176238861210000323e+03 -6.117027931890000218e+03 -9.756784454239999604e+01 5.891680807730000247e+00 -8.145628753920000520e+01
6.500000000000000222e-01 4.749645885140000246e+03 -5.067736282099999698e+03 -6.065028143800000180e+03 -9.802698825699999929e+01 4.893085924640000250e+00 -7.946634840829999291e+01
6.500000000000000222e-01 4.824639836960000139e+03 -5.240035959439999715e+03 -6.041271020150000368e+03 -9.873753829659999326e+01 4.849806319259999832e+00 -7.999865770280000277e+01
6.500000000000000222e-01 4.783746097430000191e+03 -4.998641685409999809e+03 -6.091274646169999869e+03 -9.880067655199999876e+01 6.333567116740000280e+00 -8.077457159390000641e+01
6.500000000000000222e-01 4.842686692489999587e+03 -5.160058380360000228e+03 -6.029848446199999671e+03 -9.717940913479999665e+01 4.799113478309999792e+00 -7.977354307359999552e+01
6.500000000000000222e-01 4.822652970420000202e+03 -5.081760243810000247e+03 -6.042908718730000146e+03 -9.834149131709999381e+01 4.769856832140000336e+00 -7.962193724029999942e+01
6.500000000000000222e-01 4.785075556560000223e+03 -4.950041041110000151e+03 -6.136535890279999876e+03 -9.982520934400000101e+01 6.171489254019999926e+00 -7.889096761669999580e+01
6.500000000000000222e-01 4.683815485709999848e+03 -5.000209255490000032e+03 -6.148562951480000265e+03 -9.960249173900000130e+01 6.448736437700000046e+00 -8.145791852930000232e+01
6.500000000000000222e-01 4.867350106740000228e+03 -5.159018897140000263e+03 -6.030451087759999609e+03 -9.698152069580000045e+01 6.463792799780000209e+00 -7.997661961480000059e+01
6.500000000000000222e-01 4.860014860600000247e+03 -5.213879584229999637e+03 -6.034522012809999978e+03 -9.855271325280000383e+01 3.762027552879999792e+00 -8.023206470620000630e+01
6.500000000000000222e-01 4.669202953429999980e+03 -5.206211694679999709e+03 -6.097097116099999766e+03 -9.784623810909999975e+01 6.039145863669999947e+00 -7.888585779689999811e+01
6.500000000000000222e-01 4.839363218929999675e+03 -5.172503362800000104e+03 -6.030057464659999823e+03 -9.940068345970000507e+01 5.849280819629999684e+00 -7.983799652890000687e+01
6.500000000000000222e-01 4.833278074519999791e+03 -5.231919402380000065e+03 -6.038525839349999842e+03 -9.926317307409999557e+01 3.853523211080000177e+00 -8.030719720640000503e+01
1.390000000000000000e+04 -7.312703212030000032e+03 2.235941497320000053e+02 1.571780691200000001e+04 -2.509866435360000025e+02 2.043808752319999940e+02 -3.098926017960000081e+02
6.500000000000000222e-01 -7.321202551630000016e+03 2.207329109000000074e+02 1.586053501010000036e+04 -2.503980955989999870e+02 2.045833642229999896e+02 -3.098533661870000060e+02
6.500000000000000222e-01 -7.270684061099999781e+03 2.727483989510000129e+02 1.584536076800000046e+04 -2.505862230449999970e+02 2.047842768239999884e+02 -3.101816406180000172e+02
6.500000000000000222e-01 -7.363075697360000049e+03 2.184169804500000112e+02 1.585155123930000082e+04 -2.508391502460000027e+02 2.044192104519999873e+02 -3.098284652039999969e+02
6.500000000000000222e-01 -7.314981473570000162e+03 2.409001734070000111e+02 1.585974720410000009e+04 -2.509496036810000135e+02 2.038570782639999948e+02 -3.098230723159999798e+02
6.500000000000000222e-01 -7.443354415410000001e+03 2.026057783569999913e+02 1.577204238710000027e+04 -2.511420435729999951e+02 2.043917349129999934e+02 -3.102003428439999766e+02
6.500000000000000222e-01 -7.321374211889999970e+03 1.990389500590000011e+02 1.585842551450000065e+04 -2.507917746319999992e+02 2.045620341599999961e+02 -3.098380236830000172e+02
6.500000000000000222e-01 -7.273085712340000100e+03 2.830370384930000114e+02 1.584169691210000019e+04 -2.506198353110000028e+02 2.047540215639999985e+02 -3.102002785029999927e+02
6.500000000000000222e-01 -7.302594497850000153e+03 2.682846606279999833e+02 1.585327760099999978e+04 -2.511999571210000113e+02 2.044572128799999859e+02 -3.098538648400000284e+02
6.500000000000000222e-01 -7.378028449049999836e+03 2.426328631760000007e+02 1.584359195179999915e+04 -2.504467830080000113e+02 2.042055672840000113e+02 -3.096027043390000131e+02
6.500000000000000222e-01 -7.330262359929999548e+03 2.087452890319999881e+02 1.585895549720000054e+04 -2.509134354050000013e+02 2.043204896720000079e+02 -3.098911194560000126e+02
6.500000000000000222e-01 -7.267146688189999622e+03 1.655984059419999994e+02 1.584033377549999932e+04 -2.506255179620000035e+02 2.039266847979999966e+02 -3.102247046400000272e+02
6.500000000000000222e-01 -7.215880797789999633e+03 3.101212752499999965e+02 1.577772529050000048e+04 -2.512235723230000133e+02 2.042477132239999946e+02 -3.093245797179999954e+02
6.500000000000000222e-01 -7.348538122689999909e+03 2.695172020470000120e+02 1.584841574740000033e+04 -2.506587441910000109e+02 2.039520413710000071e+02 -3.096326765360000195e+02
6.500000000000000222e-01 -7.310744171960000131e+03 2.249771401110000113e+02 1.586079636939999909e+04 -2.504668115670000077e+02 2.047496218999999940e+02 -3.099032944879999718e+02
6.500000000000000222e-01 -7.303923946529999739e+03 2.403536039010000138e+02 1.585955944509999972e+04 -2.507923985410000114e+02 2.048817745940000066e+02 -3.099613360540000144e+02
6.500000000000000222e-01 -7.283856292069999654e+03 2.493012691339999947e+02 1.585549763300000086e+04 -2.505719726179999896e+02 2.048098481620000086e+02 -3.100602842380000084e+02
6.500000000000000222e-01 -7.287310571689999961e+03 1.980775954529999865e+02 1.585621158939999987e+04 -2.514301978519999921e+02 2.048265833190000080e+02 -3.097298620770000070e+02
6.500000000000000222e-01 -7.340857207709999784e+03 2.591968384740000033e+02 1.585342231130000073e+04 -2.513148731779999991e+02 2.047614497980000010e+02 -3.099993583720000174e+02
6.500000000000000222e-01 -7.349498799619999772e+03 2.061185825050000062e+02 1.585489237700000012e+04 -2.515262450589999901e+02 2.041060751070000094e+02 -3.100742394519999721e+02
6.500000000000000222e-01 -7.204637139270000262e+03 2.882171121910000124e+02 1.578561054080000031e+04 -2.511574704239999960e+02 2.041776283190000072e+02 -3.093860900810000203e+02
6.500000000000000222e-01 -7.281427604669999710e+03 1.971091215719999923e+02 1.585481828049999967e+04 -2.514134937299999990e+02 2.047377864389999900e+02 -3.097136294890000272e+02
6.500000000000000222e-01 -7.191586875349999900e+03 2.592912669950000009e+02 1.578495067000000017e+04 -2.512561363799999867e+02 2.043658217839999907e+02 -3.094617317500000127e+02
6.500000000000000222e-01 -7.425211382049999884e+03 2.515859370720000072e+02 1.580153329350000058e+04 -2.511792133840000076e+02 2.044812531430000035e+02 -3.100677241579999759e+02
6.500000000000000222e-01 -7.209191145839999990e+03 2.717968012609999846e+02 1.580390854949999994e+04 -2.513522537880000129e+02 2.042325929600000052e+02 -3.093796786920000272e+02
6.500000000000000222e-01 -7.356098161500000060e+03 1.943244753129999935e+02 1.585089297420000003e+04 -2.513831826450000051e+02 2.040242093429999954e+02 -3.101059957319999967e+02
6.500000000000000222e-01 -7.271279269650000060e+03 1.340726930179999954e+02 1.582135255999999936e+04 -2.507494220659999939e+02 2.039177969259999941e+02 -3.103338603380000222e+02
6.500000000000000222e-01 -7.288115054509999936e+03 1.662496015899999975e+02 1.584648776039999939e+04 -2.509978500070000109e+02 2.046171539810000013e+02 -3.096847309280000218e+02
6.500000000000000222e-01 -7.300589999210000315e+03 2.584282332270000211e+02 1.585597923970000011e+04 -2.507333842840000102e+02 2.046986493789999884e+02 -3.100123349759999769e+02
6.500000000000000222e-01 -7.304573058640000454e+03 3.100139111670000034e+02 1.583146104030000060e+04 -2.513005450699999983e+02 2.045828645160000008e+02 -3.098141353039999899e+02
6.500000000000000222e-01 -7.344262770909999745e+03 1.592349662960000103e+02 1.584155514509999921e+04 -2.513086881099999914e+02 2.044411859349999929e+02 -3.100058994359999929e+02
6.500000000000000222e-01 -7.287754658930000005e+03 2.221040018740000050e+02 1.585861559280000074e+04 -2.505409601979999934e+02 2.043497623250000004e+02 -3.099710002929999746e+02
6.500000000000000222e-01 -7.305181268719999935e+03 1.786865151560000129e+02 1.585337409149999985e+04 -2.511596012830000006e+02 2.050102469079999992e+02 -3.097058968239999786e+02
6.500000000000000222e-01 -7.299914428220000445e+03 2.078174204599999939e+02 1.585936706620000041e+04 -2.510594620669999983e+02 2.044542091689999950e+02 -3.098920992039999760e+02
6.500000000000000222e-01 -7.309463535480000246e+03 1.101262240270000063e+02 1.580479121959999975e+04 -2.511751832669999942e+02 2.048819605310000043e+02 -3.094725724400000217e+02
6.500000000000000222e-01 -7.219380974210000204e+03 2.266750541979999980e+02 1.582612682429999950e+04 -2.512047533960000010e+02 2.043835357229999943e+02 -3.097127192169999716e+02
6.500000000000000222e-01 -7.287599133149999943e+03 2.042532820140000069e+02 1.585726103169999988e+04 -2.514791917169999920e+02 2.047590156969999953e+02 -3.097496413299999745e+02
6.500000000000000222e-01 -7.215860213670000121e+03 1.581189364829999988e+02 1.580018509819999963e+04 -2.507018451529999936e+02 2.041382425730000136e+02 -3.101155947920000244e+02
6.500000000000000222e-01 -7.435293025709999711e+03 2.633732319939999797e+02 1.577978350139999930e+04 -2.507132615040000019e+02 2.042687221570000133e+02 -3.093707885979999901e+02
6.500000000000000222e-01 -7.322672495169999820e+03 2.127292919070000039e+02 1.586005424479999965e+04 -2.510561863149999908e+02 2.042067060599999877e+02 -3.099104823119999992e+02
6.500000000000000222e-01 -7.289295418210000207e+03 1.801561028209999904e+02 1.585203413240000009e+04 -2.511666767499999935e+02 2.045572328050000124e+02 -3.098959304399999724e+02
6.500000000000000222e-01 -7.334098776619999626e+03 3.036196904820000100e+02 1.583438254450000022e+04 -2.512609711039999922e+02 2.049686807500000043e+02 -3.102073195090000013e+02
6.500000000000000222e-01 -7.439172109670000282e+03 2.280297465509999881e+02 1.578442281729999922e+04 -2.512703512699999919e+02 2.043880652809999958e+02 -3.104373150960000203e+02
6.500000000000000222e-01 -7.209211757389999548e+03 1.837658798170000125e+02 1.580811174670000037e+04 -2.511207903279999982e+02 2.043761439140000107e+02 -3.095955545250000114e+02
6.500000000000000222e-01 -7.236991907620000347e+03 2.921105503890000250e+02 1.581793201709999994e+04 -2.507945628230000068e+02 2.041425868579999872e+02 -3.098592384849999917e+02
6.500000000000000222e-01 -7.396737892389999615e+03 1.464325522860000035e+02 1.580403913230000035e+04 -2.506325458379999986e+02 2.045025406169999940e+02 -3.094471148179999886e+02
6.500000000000000222e-01 -7.349756087020000450e+03 1.071492097680000057e+02 1.579209954859999925e+04 -2.511883146179999926e+02 2.047666613620000078e+02 -3.096515173600000139e+02
6.500000000000000222e-01 -7.345211732480000137e+03 1.083491751730000061e+02 1.579599596089999977e+04 -2.507592000790000100e+02 2.045291534270000113e+02 -3.094262889190000010e+02
6.500000000000000222e-01 -7.276868887450000329e+03 2.205789153290000115e+02 1.585622130789999937e+04 -2.505483085710000069e+02 2.043352156809999940e+02 -3.100043880499999887e+02
6.500000000000000222e-01 -7.361879071199999998e+03 3.416859909190000053e+02 1.578174271849999968e+04 -2.510763775220000014e+02 2.046257526059999918e+02 -3.104687805859999798e+02
6.500000000000000222e-01 -7.311952043530000083e+03 1.882099966190000089e+02 1.585636784769999940e+04 -2.509205026790000090e+02 2.048453573639999945e+02 -3.097540957840000146e+02
6.500000000000000222e-01 -7.315538727150000341e+03 2.400564686769999980e+02 1.585983749800000078e+04 -2.509236409929999922e+02 2.038522604689999866e+02 -3.098254701120000050e+02
6.500000000000000222e-01 -7.220199168170000121e+03 1.618726431949999949e+02 1.580772461289999956e+04 -2.506406756519999988e+02 2.041473301510000056e+02 -3.103948901329999899e+02
6.500000000000000222e-01 -7.303762354409999716e+03 2.242330483220000019e+02 1.586053528449999976e+04 -2.515915040090000048e+02 2.043387231229999941e+02 -3.098545812539999815e+02
6.500000000000000222e-01 -7.232403836170000432e+03 2.978857009139999832e+02 1.580991831789999924e+04 -2.506313124399999879e+02 2.043738536220000128e+02 -3.101853278109999792e+02
6.500000000000000222e-01 -7.312110705199999757e+03 2.474318487470000036e+02 1.585881453049999982e+04 -2.509462237660000028e+02 2.049753223159999891e+02 -3.099973893839999732e+02
6.500000000000000222e-01 -7.356006843049999588e+03 2.669682647579999752e+02 1.584701688499999909e+04 -2.505764989600000092e+02 2.039702750540000125e+02 -3.097046767570000156e+02
6.500000000000000222e-01 -7.334582992390000072e+03 9.292276941820000502e+01 1.577163999669999976e+04 -2.510097553159999961e+02 2.041245346960000120e+02 -3.104899292210000112e+02
6.500000000000000222e-01 -7.184371323080000366e+03 1.990122564179999927e+02 1.577593085059999976e+04 -2.512152519210000037e+02 2.044477422870000112e+02 -3.094346745770000098e+02
6.500000000000000222e-01 -7.173836139150000236e+03 2.480111918570000000e+02 1.574171255059999930e+04 -2.508996787799999879e+02 2.044058715810000137e+02 -3.104628249670000173e+02
6.500000000000000222e-01 -7.186085213119999935e+03 2.681524440439999921e+02 1.576714428319999934e+04 -2.511848145460000126e+02 2.042975469659999987e+02 -3.092920456460000196e+02
6.500000000000000222e-01 -7.274222939899999801e+03 2.642624441980000256e+02 1.584940134170000056e+04 -2.514267074020000052e+02 2.040138522459999990e+02 -3.096497017519999986e+02
6.500000000000000222e-01 -7.295927243740000449e+03 2.409182519430000013e+02 1.585876853020000090e+04 -2.505811173650000114e+02 2.047083273449999865e+02 -3.099812822100000176e+02
6.500000000000000222e-01 -7.252591302290000385e+03 2.412412492210000039e+02 1.584636380070000087e+04 -2.514955492709999874e+02 2.042030307400000027e+02 -3.096229662709999957e+02
6.500000000000000222e-01 -7.302917393759999868e+03 2.155258984460000136e+02 1.586025295980000010e+04 -2.506495568240000011e+02 2.041073224419999974e+02 -3.099343739349999964e+02
6.500000000000000222e-01 -7.327974250240000401e+03 3.114805913619999842e+02 1.582958573020000040e+04 -2.511411613299999885e+02 2.049361732229999973e+02 -3.102854999279999788e+02
6.500000000000000222e-01 -7.298234556420000445e+03 2.045370982659999868e+02 1.585880060769999909e+04 -2.506063500820000058e+02 2.038926223219999940e+02 -3.099881418809999900e+02
6.500000000000000222e-01 -7.449972941689999971e+03 2.458709311190000051e+02 1.575116109859999960e+04 -2.509167510860000050e+02 2.043508872619999863e+02 -3.096913965250000160e+02
6.500000000000000222e-01 -7.365786805589999858e+03 2.113440164019999941e+02 1.585003323979999914e+04 -2.508064870240000062e+02 2.044804865160000134e+02 -3.097964856070000224e+02
6.500000000000000222e-01 -7.351176726540000345e+03 1.350975147610000136e+02 1.582335249320000003e+04 -2.509821854639999970e+02 2.049085562600000117e+02 -3.095228415739999832e+02
6.500000000000000222e-01 -7.369329026479999811e+03 3.391133882920000246e+02 1.578026136020000013e+04 -2.507422919800000045e+02 2.041168782029999988e+02 -3.098041999750000173e+02
6.500000000000000222e-01 -7.330396964870000375e+03 2.083054231280000010e+02 1.585889171410000017e+04 -2.505744019070000093e+02 2.047892319339999858e+02 -3.097961729959999957e+02
6.500000000000000222e-01 -7.226032002730000386e+03 1.265997748810000019e+02 1.577723693939999976e+04 -2.511331874889999938e+02 2.045484535390000076e+02 -3.093124979120000262e+02
6.500000000000000222e-01 -7.249320189400000345e+03 1.613661038470000051e+02 1.582988723220000065e+04 -2.506437778879999883e+02 2.040445782529999974e+02 -3.102929494410000189e+02
6.500000000000000222e-01 -7.328471154910000223e+03 2.017714579739999863e+02 1.585825931510000009e+04 -2.506481470020000017e+02 2.046921441840000000e+02 -3.098033944370000086e+02
6.500000000000000222e-01 -7.408812654520000251e+03 2.419815858819999903e+02 1.582209791210000003e+04 -2.511791685709999911e+02 2.043760363089999998e+02 -3.101257442479999895e+02
6.500000000000000222e-01 -7.336596631649999836e+03 2.283557178890000046e+02 1.585872592210000039e+04 -2.510992030049999926e+02 2.044201105729999881e+02 -3.099087450399999852e+02
6.500000000000000222e-01 -7.410544557359999999e+03 1.874108963159999917e+02 1.581563113580000027e+04 -2.512496574840000108e+02 2.044250924339999926e+02 -3.100742055860000050e+02
6.500000000000000222e-01 -7.454750623719999567e+03 2.238461294710000118e+02 1.573436604140000054e+04 -2.509162198719999992e+02 2.043807053619999863e+02 -3.092888783349999926e+02
6.500000000000000222e-01 -7.327843753739999556e+03 3.499014390680000020e+02 1.578314425269999992e+04 -2.507958138820000045e+02 2.043413308300000040e+02 -3.102296663070000022e+02
6.500000000000000222e-01 -7.312467528350000066e+03 2.377375094669999953e+02 1.586011518749999959e+04 -2.510401828640000019e+02 2.039841417750000119e+02 -3.098485725439999783e+02
6.500000000000000222e-01 -7.341814352639999925e+03 2.322402749770000128e+02 1.585755497619999915e+04 -2.511055440289999865e+02 2.044428042749999861e+02 -3.099109727239999756e+02
6.500000000000000222e-01 -7.296743534199999885e+03 2.533741052750000051e+02 1.585676797980000083e+04 -2.512749500369999964e+02 2.041345821380000132e+02 -3.097965864980000106e+02
6.500000000000000222e-01 -7.349806174770000325e+03 1.914763872350000042e+02 1.585213321220000034e+04 -2.505485150000000090e+02 2.047925199160000034e+02 -3.096725145479999810e+02
6.500000000000000222e-01 -7.313509294499999669e+03 2.293046852299999898e+02 1.586070014300000003e+04 -2.510200587840000139e+02 2.047433177849999879e+02 -3.099082171470000162e+02
6.500000000000000222e-01 -7.296192561150000074e+03 2.291783489270000018e+02 1.585975038870000026e+04 -2.505347546499999964e+02 2.045102451060000135e+02 -3.099489044879999824e+02
6.500000000000000222e-01 -7.398716090599999916e+03 2.832548864199999912e+02 1.581524466980000034e+04 -2.506635899849999873e+02 2.041669253860000026e+02 -3.094270023209999749e+02
6.500000000000000222e-01 -7.313813743360000444e+03 2.579870581239999865e+02 1.585661480090000077e+04 -2.508361762119999980e+02 2.040576769449999972e+02 -3.098483294960000194e+02
6.500000000000000222e-01 -7.288718836560000454e+03 3.247955833949999942e+02 1.581596369980000054e+04 -2.511172298490000117e+02 2.039794736620000037e+02 -3.094242929650000065e+02
6.500000000000000222e-01 -7.297509737229999701e+03 2.028436551759999986e+02 1.585848495130000083e+04 -2.512217153080000003e+02 2.047230735550000134e+02 -3.098019640109999955e+02
6.500000000000000222e-01 -7.205912372929999947e+03 1.793402205110000125e+02 1.580200336009999955e+04 -2.510941760100000124e+02 2.043691822950000017e+02 -3.095900270689999729e+02
6.500000000000000222e-01 -7.231886235089999900e+03 2.307161965100000032e+02 1.583557629740000084e+04 -2.514249666039999909e+02 2.043597123540000098e+02 -3.096005747049999854e+02
6.500000000000000222e-01 -7.238087432930000432e+03 2.955270839519999981e+02 1.581634560450000026e+04 -2.506119775040000093e+02 2.046047910179999860e+02 -3.103378623940000125e+02
6.500000000000000222e-01 -7.386223034839999855e+03 1.262195244690000067e+02 1.579240418700000009e+04 -2.507722761629999866e+02 2.046383643419999885e+02 -3.093415839410000103e+02
6.500000000000000222e-01 -7.313308389290000378e+03 2.352664272030000063e+02 1.586033805650000068e+04 -2.509469543499999986e+02 2.037357426499999917e+02 -3.098401685160000056e+02
6.500000000000000222e-01 -7.361630851439999788e+03 2.258651345369999888e+02 1.585216711509999914e+04 -2.513853580679999880e+02 2.043925423020000096e+02 -3.100407250100000169e+02
6.500000000000000222e-01 -7.305196796490000452e+03 3.446728896070000019e+02 1.579353885980000086e+04 -2.512111965949999899e+02 2.043551055789999964e+02 -3.095143054889999803e+02
6.500000000000000222e-01 -7.243662021039999672e+03 2.953297963329999902e+02 1.582046676970000044e+04 -2.513719577319999985e+02 2.043441047260000119e+02 -3.096030946870000093e+02
6.500000000000000222e-01 -7.370315189670000109e+03 1.531686891589999959e+02 1.582813755130000027e+04 -2.509626766730000043e+02 2.039598900409999942e+02 -3.101252765799999906e+02
6.500000000000000222e-01 -7.306767637629999626e+03 2.190959556089999865e+02 1.586062242460000016e+04 -2.507494573349999882e+02 2.042054003499999908e+02 -3.099092756179999810e+02
6.500000000000000222e-01 -7.271432129990000249e+03 3.013287867569999889e+02 1.583052673909999976e+04 -2.512881709840000042e+02 2.040158309599999882e+02 -3.095076956149999887e+02
3.690000000000000000e+05 2.863976852169999802e+03 7.035541413839999905e+02 -4.991786486579999860e+02 -3.661658740149999858e+01 3.239798496830000119e+01 -1.019500082710000015e+02
6.500000000000000222e-01 2.895866136499999811e+03 7.606521891690000530e+02 -3.667588801320000016e+02 -3.827014561450000230e+01 3.228086406559999944e+01 -1.013073063020000006e+02
6.500000000000000222e-01 2.959075186739999936e+03 7.628234598989999995e+02 -4.029728107029999933e+02 -3.506797551009999836e+01 3.370252688979999789e+01 -1.043623433190000043e+02
6.500000000000000222e-01 2.874839078649999919e+03 7.421463842040000145e+02 -3.570352019480000081e+02 -3.574418058319999858e+01 3.541694967330000310e+01 -1.028397839670000025e+02
6.500000000000000222e-01 2.814197493699999995e+03 5.769088136919999670e+02 -4.417758172220000006e+02 -3.751464255230000333e+01 3.380073851710000099e+01 -1.010272022129999954e+02
6.500000000000000222e-01 2.778227680420000070e+03 6.146212666610000497e+02 -4.182457631890000016e+02 -3.651449717639999903e+01 3.407607924380000242e+01 -1.000282334240000068e+02
6.500000000000000222e-01 2.977929017049999857e+03 6.417193765849999636e+02 -4.284434057230000121e+02 -3.573655118410000142e+01 3.162404078499999827e+01 -1.024337311240000048e+02
6.500000000000000222e-01 2.838616954359999909e+03 7.723600084250000464e+02 -3.709806110100000183e+02 -3.822534875259999865e+01 3.468101279940000126e+01 -1.026009929450000016e+02
6.500000000000000222e-01 2.873643089350000082e+03 7.405726825140000074e+02 -3.565311808079999878e+02 -3.589740206390000310e+01 3.552441687379999991e+01 -1.027953084520000004e+02
6.500000000000000222e-01 2.835462175120000211e+03 6.773595169699999587e+02 -3.566554454330000112e+02 -3.875138429239999738e+01 3.018577620059999944e+01 -1.027858347309999942e+02
6.500000000000000222e-01 2.861802259539999795e+03 5.667176176200000555e+02 -4.436525689869999951e+02 -3.547499576679999933e+01 3.123722326240000058e+01 -1.019965230450000035e+02
6.500000000000000222e-01 2.890621919069999876e+03 8.172081676069999503e+02 -4.087081487919999745e+02 -3.696046176179999776e+01 3.033464873590000010e+01 -9.936561396870000351e+01
6.500000000000000222e-01 2.750297955510000065e+03 6.803001434279999557e+02 -4.078086938220000093e+02 -3.839262086869999990e+01 3.190987534370000134e+01 -1.043864451299999985e+02
6.500000000000000222e-01 2.789500065310000082e+03 6.880735031469999967e+02 -3.725861264800000185e+02 -3.665603260820000031e+01 3.203659668550000106e+01 -1.021536798970000035e+02
6.500000000000000222e-01 2.762308696730000065e+03 8.023451454869999679e+02 -4.577536285400000224e+02 -3.745826662139999996e+01 3.323149768729999920e+01 -1.033269699509999953e+02
6.500000000000000222e-01 2.876198954370000138e+03 7.530201514029999998e+02 -3.605574284819999775e+02 -3.785981602569999893e+01 3.092164756869999920e+01 -1.011243172089999973e+02
6.500000000000000222e-01 2.842617599730000165e+03 7.211051849220000349e+02 -3.540998706830000060e+02 -3.519908306920000030e+01 3.117163438769999928e+01 -1.016855863340000070e+02
6.500000000000000222e-01 2.864088962209999863e+03 7.031078668410000319e+02 -3.514901356220000253e+02 -3.729402770309999937e+01 3.510999678120000311e+01 -1.019412796109999988e+02
6.500000000000000222e-01 2.888933836180000071e+03 7.094805676529999801e+02 -3.537340370929999835e+02 -3.657708249889999763e+01 3.224710715940000227e+01 -1.019336940959999964e+02
6.500000000000000222e-01 2.763958604200000082e+03 7.493514833450000197e+02 -4.006339270560000045e+02 -3.769865077789999930e+01 3.325293834360000034e+01 -1.024643586340000070e+02
6.500000000000000222e-01 2.892088311349999913e+03 6.708826601759999448e+02 -3.579185028599999896e+02 -3.876131502490000003e+01 3.484220549690000013e+01 -1.010862925760000053e+02
6.500000000000000222e-01 2.952835718450000059e+03 5.906136606479999500e+02 -4.651102130319999901e+02 -3.734137393689999840e+01 3.322253050129999963e+01 -9.943890344679999771e+01
6.500000000000000222e-01 2.873406874740000148e+03 8.208004080040000190e+02 -4.098674161590000153e+02 -3.799742621930000297e+01 3.255504809739999672e+01 -1.004534322190000069e+02
6.500000000000000222e-01 2.866522188569999798e+03 8.037492292959999531e+02 -3.907048074179999730e+02 -3.814588744099999928e+01 3.296933945319999992e+01 -1.010865377880000011e+02
6.500000000000000222e-01 2.842874442989999807e+03 7.976964317030000302e+02 -3.873572459079999817e+02 -3.522804566800000003e+01 2.951187391479999889e+01 -1.002432887169999987e+02
6.500000000000000222e-01 2.857637401689999933e+03 7.000568647139999712e+02 -3.516669913690000158e+02 -3.415052895040000180e+01 3.369421600100000092e+01 -1.018140928459999941e+02
6.500000000000000222e-01 2.977870533469999828e+03 6.908922321860000011e+02 -4.060120557849999727e+02 -3.486393463830000172e+01 3.210879341870000303e+01 -1.039876985140000016e+02
6.500000000000000222e-01 2.757994140989999778e+03 7.241371340270000019e+02 -3.984011017629999856e+02 -3.723042239530000330e+01 3.228794995559999848e+01 -1.029303775639999969e+02
6.500000000000000222e-01 2.859151745170000140e+03 8.006470390990000396e+02 -3.879950339999999755e+02 -3.526135856900000221e+01 3.218875870589999977e+01 -1.030057090640000013e+02
6.500000000000000222e-01 2.848834143239999776e+03 7.107524115090000123e+02 -3.524442222740000261e+02 -3.389851907900000327e+01 3.106969299500000048e+01 -1.016148604800000044e+02
6.500000000000000222e-01 2.878882584569999835e+03 6.253597526979999657e+02 -3.747778233710000109e+02 -3.506814241090000195e+01 3.000351790350000059e+01 -1.026309108260000045e+02
6.500000000000000222e-01 2.854141145820000020e+03 7.232603879949999737e+02 -3.531408749909999756e+02 -3.804199745209999861e+01 3.527460249189999786e+01 -1.024383617740000005e+02
6.500000000000000222e-01 2.869400555079999776e+03 8.171936912400000210e+02 -4.050046354279999719e+02 -3.550988911240000334e+01 3.297158204469999987e+01 -1.038896609370000021e+02
6.500000000000000222e-01 2.869744214689999808e+03 6.802615129450000495e+02 -3.534518508389999738e+02 -3.575617436659999981e+01 3.020177954109999874e+01 -1.022511794320000007e+02
6.500000000000000222e-01 2.873535560469999837e+03 7.024161003039999969e+02 -3.518034656369999880e+02 -3.353064499580000302e+01 3.202347457310000323e+01 -1.021524682080000019e+02
6.500000000000000222e-01 2.808073384350000197e+03 7.959434528750000482e+02 -3.984258520660000045e+02 -3.609184077599999796e+01 3.117667895840000014e+01 -9.974041778209999620e+01
6.500000000000000222e-01 2.916345331729999998e+03 7.002462587479999456e+02 -3.611253659270000185e+02 -3.780408960079999758e+01 3.253280095630000091e+01 -1.015220626020000054e+02
6.500000000000000222e-01 2.865539854239999841e+03 6.499649355589999686e+02 -3.615637415580000038e+02 -3.771703858240000073e+01 3.330805810239999687e+01 -1.020264363910000043e+02
6.500000000000000222e-01 2.857051859539999896e+03 6.988071816729999455e+02 -3.517282520389999831e+02 -3.885733302490000085e+01 3.076871780249999944e+01 -1.021085140929999966e+02
6.500000000000000222e-01 2.937819554610000068e+03 6.003835053420000349e+02 -4.235798142310000003e+02 -3.716782436860000161e+01 3.276101481140000260e+01 -1.033164226100000036e+02
6.500000000000000222e-01 2.972282825830000093e+03 6.793641151589999936e+02 -4.017272899530000245e+02 -3.671516358990000128e+01 3.269320220880000250e+01 -1.022454381400000045e+02
6.500000000000000222e-01 2.951155535440000222e+03 6.679817314499999839e+02 -3.853955679869999926e+02 -3.850719792449999801e+01 3.302330417929999840e+01 -1.000396513660000011e+02
6.500000000000000222e-01 2.865203483599999799e+03 7.255176687099999526e+02 -3.531368482880000101e+02 -3.611390291789999907e+01 3.375960687410000105e+01 -1.022163830169999983e+02
6.500000000000000222e-01 2.808287480389999928e+03 6.364329419550000466e+02 -3.799916230609999843e+02 -3.597485256419999899e+01 3.064126525309999849e+01 -1.025294271310000056e+02
6.500000000000000222e-01 2.915176844460000211e+03 7.884834191669999655e+02 -3.897360281780000264e+02 -3.582800643809999741e+01 3.029311939809999998e+01 -1.010811266350000039e+02
6.500000000000000222e-01 2.867437696919999780e+03 7.094226954209999576e+02 -3.516466479270000036e+02 -3.776844712180000130e+01 3.071671221049999900e+01 -1.018544633620000042e+02
6.500000000000000222e-01 2.886749653490000128e+03 6.814025229039999658e+02 -3.549468424180000170e+02 -3.798797497529999845e+01 3.374393365680000301e+01 -1.016634350730000023e+02
6.500000000000000222e-01 2.830254598510000051e+03 7.171182174870000381e+02 -3.560321011600000247e+02 -3.955181993490000281e+01 3.361915526229999784e+01 -1.027348004090000018e+02
6.500000000000000222e-01 2.887179231359999903e+03 6.341935872880000034e+02 -3.708709257900000011e+02 -3.754289487799999847e+01 3.512158016379999737e+01 -1.003266738039999950e+02
6.500000000000000222e-01 2.850813629950000177e+03 5.862647529839999834e+02 -4.103978085950000150e+02 -3.540952550669999965e+01 3.281482671650000071e+01 -9.999683144479999442e+01
6.500000000000000222e-01 2.979572496539999975e+03 7.360009661110000252e+02 -4.131730722140000012e+02 -3.762740385059999682e+01 3.173623529529999843e+01 -1.000564027380000027e+02
6.500000000000000222e-01 2.767556233920000068e+03 6.164824787850000121e+02 -4.289383570740000096e+02 -3.647333288579999788e+01 3.378522605770000098e+01 -9.994572308950000661e+01
6.500000000000000222e-01 2.809792247310000221e+03 7.952994383069999458e+02 -3.969097007710000184e+02 -3.494462968780000267e+01 3.050746624350000147e+01 -1.013040380569999996e+02
6.500000000000000222e-01 2.871178655359999993e+03 7.103232828320000181e+02 -3.518205088509999996e+02 -3.465071945670000275e+01 3.406589100339999732e+01 -1.021224315390000044e+02
6.500000000000000222e-01 2.888684649220000210e+03 6.036771605940000427e+02 -3.932247809350000125e+02 -3.493051848609999865e+01 3.006208917520000057e+01 -1.028137188830000071e+02
6.500000000000000222e-01 2.863292829229999825e+03 6.315009079809999548e+02 -3.702601772070000266e+02 -3.635116044789999989e+01 2.930759272010000061e+01 -1.035141897569999969e+02
6.500000000000000222e-01 2.934146108039999945e+03 7.365139001500000404e+02 -3.734724895219999894e+02 -3.437547216160000119e+01 3.281069987850000302e+01 -1.031803202170000020e+02
6.500000000000000222e-01 2.915866386000000148e+03 6.241056642260000444e+02 -3.860083152309999832e+02 -3.469601991910000294e+01 2.991709622640000177e+01 -1.035677366689999985e+02
6.500000000000000222e-01 2.926651749690000088e+03 6.131170927599999914e+02 -4.006641519109999763e+02 -3.481597712669999822e+01 3.015657342309999933e+01 -1.039013180200000050e+02
6.500000000000000222e-01 2.894255532919999951e+03 6.046795827700000245e+02 -3.937313548879999985e+02 -3.515188728900000115e+01 3.113514360010000104e+01 -1.016515987079999945e+02
6.500000000000000222e-01 2.875250746679999793e+03 7.675629396799999995e+02 -3.665593376360000093e+02 -3.595029773110000093e+01 2.957708454770000017e+01 -1.010383876220000019e+02
6.500000000000000222e-01 2.868330041900000197e+03 7.153994407500000534e+02 -3.520295839830000091e+02 -3.689129451579999852e+01 3.262529863280000342e+01 -1.019468416450000063e+02
6.500000000000000222e-01 2.810773716579999927e+03 7.811084698590000244e+02 -3.853065225199999873e+02 -3.469461411270000184e+01 2.992684119560000156e+01 -1.001982285020000063e+02
6.500000000000000222e-01 2.838619504560000223e+03 6.889016481349999594e+02 -3.544222395539999866e+02 -3.924458321430000041e+01 3.076047656229999916e+01 -1.025816872420000010e+02
6.500000000000000222e-01 2.960803684150000208e+03 6.702555750149999767e+02 -3.927461409410000215e+02 -3.497703742579999897e+01 3.201437629259999795e+01 -1.038974505059999984e+02
6.500000000000000222e-01 2.896875500990000091e+03 7.047719359870000062e+02 -3.552053716429999781e+02 -3.344641677719999961e+01 3.251843677160000112e+01 -1.026760861570000003e+02
6.500000000000000222e-01 2.775368479679999837e+03 7.954242988040000455e+02 -4.248783181449999802e+02 -3.515787290450000313e+01 3.090060179729999845e+01 -9.935059018360000493e+01
6.500000000000000222e-01 2.905030225770000015e+03 8.214055976560000545e+02 -4.201991362320000007e+02 -3.542085439339999908e+01 3.060964618939999937e+01 -1.012146074209999966e+02
6.500000000000000222e-01 2.851024242309999863e+03 6.851148281069999939e+02 -3.532186190730000135e+02 -3.540873787190000144e+01 3.472670217459999975e+01 -1.015580821629999946e+02
6.500000000000000222e-01 2.926031108130000121e+03 6.715077761700000565e+02 -3.690463759269999855e+02 -3.451628712280000144e+01 3.143482359949999960e+01 -1.033704000160000049e+02
6.500000000000000222e-01 2.876938615569999911e+03 6.970080080259999704e+02 -3.522050134709999725e+02 -3.872788012219999843e+01 3.341752219309999816e+01 -1.017058681609999979e+02
6.500000000000000222e-01 2.764327368119999846e+03 7.130741168219999508e+02 -3.905901639560000262e+02 -3.842658117850000110e+01 3.267006530630000327e+01 -1.035246327259999930e+02
6.500000000000000222e-01 2.767955005859999801e+03 7.556830717620000542e+02 -3.998081889499999875e+02 -3.459958346970000065e+01 3.126095347809999936e+01 -9.954157231499999625e+01
6.500000000000000222e-01 2.838917410130000007e+03 6.873677893660000109e+02 -3.545337905210000145e+02 -3.395878027749999717e+01 3.391932680499999719e+01 -1.013265859899999981e+02
6.500000000000000222e-01 2.909609247270000196e+03 6.266117644849999806e+02 -3.816641228889999979e+02 -3.524690656960000013e+01 3.011565340570000160e+01 -1.039349736119999932e+02
6.500000000000000222e-01 2.848910330260000137e+03 7.295874390830000493e+02 -3.545848177350000014e+02 -3.804847549269999973e+01 3.496800848539999862e+01 -1.025993682010000043e+02
6.500000000000000222e-01 2.903729128359999777e+03 6.816531570719999991e+02 -3.586360855809999748e+02 -3.467360547079999833e+01 3.115713925689999897e+01 -1.025264949440000066e+02
6.500000000000000222e-01 2.862869607229999929e+03 6.894838497870000538e+02 -3.521653515869999751e+02 -3.626894683329999935e+01 3.260794911450000200e+01 -1.019002281559999972e+02
6.500000000000000222e-01 2.762595227599999816e+03 7.347853810980000162e+02 -3.964241622380000081e+02 -3.607556462539999842e+01 3.253001329069999770e+01 -1.008992336080000030e+02
6.500000000000000222e-01 2.840030435680000210e+03 7.037997345359999599e+02 -3.534438983950000193e+02 -3.383099395290000189e+01 3.236670124439999796e+01 -1.014926958860000070e+02
6.500000000000000222e-01 2.879424283949999790e+03 6.854430879679999862e+02 -3.534203720219999809e+02 -3.832510977940000174e+01 3.435057440540000329e+01 -1.015937987009999972e+02
6.500000000000000222e-01 2.815834836429999996e+03 6.995843004470000324e+02 -3.596125521430000163e+02 -3.789072963200000288e+01 3.221183200709999994e+01 -1.024185150170000043e+02
6.500000000000000222e-01 2.964665241990000141e+03 6.784222923119999678e+02 -3.940960767000000260e+02 -3.446837057780000180e+01 3.170955700249999865e+01 -1.039301367850000020e+02
6.500000000000000222e-01 2.737813674559999981e+03 6.285668288580000080e+02 -4.826903440329999739e+02 -3.630454397649999976e+01 3.258753980150000018e+01 -9.869231981359999395e+01
6.500000000000000222e-01 2.758387052170000061e+03 6.314213613169999917e+02 -4.252884274599999799e+02 -3.741804151520000232e+01 3.319887288519999657e+01 -1.019507133179999983e+02
6.500000000000000222e-01 2.834669177750000017e+03 5.896887301460000117e+02 -4.098039489020000019e+02 -3.528488574720000059e+01 3.039430225019999909e+01 -1.026759860260000039e+02
6.500000000000000222e-01 2.913820160960000067e+03 8.310508282609999924e+02 -4.437498834169999782e+02 -3.636093345420000134e+01 3.371183330739999917e+01 -1.049421633139999983e+02
6.500000000000000222e-01 2.746196206059999895e+03 6.527254276300000129e+02 -4.259921070510000050e+02 -3.693031565999999799e+01 3.305275284110000200e+01 -1.014952171820000046e+02
6.500000000000000222e-01 2.870873144180000054e+03 7.014699239789999865e+02 -3.516652397529999803e+02 -3.951972320889999679e+01 3.326365259699999655e+01 -1.018010317530000037e+02
6.500000000000000222e-01 2.878278356259999782e+03 6.932678899940000292e+02 -3.525438348330000053e+02 -3.494684742590000326e+01 3.114433872709999918e+01 -1.021693286250000057e+02
6.500000000000000222e-01 2.819651238999999805e+03 6.063168748220000452e+02 -3.972362010620000206e+02 -3.799681188950000177e+01 3.095060753679999976e+01 -1.041875650759999985e+02
6.500000000000000222e-01 2.816604991600000176e+03 7.519432979270000033e+02 -3.679288678280000227e+02 -3.712531948990000075e+01 3.293376066209999919e+01 -1.028787932679999955e+02
6.500000000000000222e-01 2.746211156859999846e+03 7.796110843569999815e+02 -4.527169327380000254e+02 -3.657624617630000330e+01 3.252827768670000097e+01 -1.002194705680000055e+02
6.500000000000000222e-01 2.873937045010000020e+03 7.494280174210000496e+02 -3.591483281260000240e+02 -3.613016067920000296e+01 3.555535501479999994e+01 -1.029770050599999962e+02
6.500000000000000222e-01 2.877893437900000208e+03 7.817602931159999571e+02 -3.746706766830000106e+02 -3.509753979890000153e+01 3.238962677060000317e+01 -1.027810672460000063e+02
6.500000000000000222e-01 2.980019023949999792e+03 7.179993065370000522e+02 -4.089696680359999732e+02 -3.704335469019999749e+01 3.213536100049999789e+01 -1.011491467169999936e+02
6.500000000000000222e-01 2.844394088479999937e+03 6.629076018690000183e+02 -3.585497654079999847e+02 -3.586030581949999885e+01 3.133256355609999844e+01 -1.020243051460000032e+02
6.500000000000000222e-01 2.925506141960000150e+03 7.479286713139999847e+02 -3.724618139290000158e+02 -3.538866734909999678e+01 3.185087874479999925e+01 -1.022419688150000070e+02
6.500000000000000222e-01 2.803857304579999891e+03 7.803633817209999961e+02 -3.882818984379999847e+02 -3.617576885689999955e+01 3.162082549470000004e+01 -1.002210815319999995e+02
6.500000000000000222e-01 2.821080527990000064e+03 6.277022540010000284e+02 -3.799372751139999878e+02 -3.565571210609999753e+01 3.047114688639999969e+01 -1.024680374959999938e+02
6.500000000000000222e-01 2.978375637940000161e+03 6.163453212849999545e+02 -4.657175051930000222e+02 -3.689960605779999980e+01 3.256038391839999946e+01 -9.920665988570000593e+01
