3.450000000000000000e+05 4.793333895069999926e+03 -5.159825940839999930e+03 -6.358596688169999652e+03 -1.001916402439999985e+02 7.119470372880000397e+00 -7.813440624320000438e+01
6.500000000000000222e-01 4.974250124870000036e+03 -5.341793031119999796e+03 -6.234979351349999888e+03 -1.009245001719999948e+02 7.851733599430000154e+00 -7.796227140729999405e+01
6.500000000000000222e-01 4.634305833299999904e+03 -5.273832073870000386e+03 -6.151073104629999762e+03 -9.888831171760000416e+01 7.176893099529999986e+00 -7.725062182540000322e+01
6.500000000000000222e-01 4.598681433630000356e+03 -5.233995596439999645e+03 -6.163596643109999604e+03 -9.925804532770000321e+01 7.874330656689999763e+00 -7.676680536630000518e+01
6.500000000000000222e-01 4.722141515090000212e+03 -5.423507604149999679e+03 -6.276409552899999653e+03 -1.001116967220000049e+02 7.903849028519999820e+00 -7.602068980859999670e+01
6.500000000000000222e-01 4.874847494470000129e+03 -5.302504046340000059e+03 -6.124968610889999582e+03 -9.976215778290000458e+01 6.996386396700000176e+00 -7.762462257480000005e+01
6.500000000000000222e-01 4.839228926710000451e+03 -5.056784096739999768e+03 -6.096573656730000039e+03 -9.929636358160000498e+01 8.925503787120000254e+00 -7.900053718419999882e+01
6.500000000000000222e-01 4.684269683880000230e+03 -5.110182771699999648e+03 -6.099768175000000156e+03 -1.014313868729999939e+02 7.596263182899999578e+00 -7.882784292419999872e+01
6.500000000000000222e-01 4.869417716169999949e+03 -5.067824431310000364e+03 -6.099483561490000284e+03 -9.986501452989999450e+01 8.702455994099999259e+00 -7.875885455120000245e+01
6.500000000000000222e-01 4.950330419849999998e+03 -5.204401099720000275e+03 -6.124499669699999686e+03 -9.941223671129999673e+01 6.713956938009999931e+00 -7.856932675369999686e+01
6.500000000000000222e-01 4.847008567650000259e+03 -5.154993584759999976e+03 -6.078456743419999839e+03 -9.812029485339999724e+01 7.365790949510000019e+00 -7.854106799010000373e+01
6.500000000000000222e-01 4.647489779860000453e+03 -5.276997186610000426e+03 -6.143252882669999963e+03 -9.868176986020000641e+01 7.894870765540000335e+00 -7.674798732120000011e+01
6.500000000000000222e-01 4.541221521020000182e+03 -5.076027043989999584e+03 -6.255061268460000065e+03 -1.002329682010000056e+02 7.020745796679999984e+00 -7.883606140240000570e+01
6.500000000000000222e-01 4.716506998449999628e+03 -4.943891391160000239e+03 -6.189606583130000217e+03 -9.947606783729999336e+01 6.700084978439999617e+00 -7.881480969279999726e+01
6.500000000000000222e-01 4.591978946999999607e+03 -5.080311902579999696e+03 -6.172772230229999877e+03 -1.016010179419999986e+02 7.725822512339999726e+00 -7.980466837439999495e+01
6.500000000000000222e-01 4.565392839320000348e+03 -5.209997043520000261e+03 -6.194694591929999660e+03 -9.987697805499999504e+01 6.967869810129999841e+00 -7.799890502300000605e+01
6.500000000000000222e-01 4.736558214880000378e+03 -5.252353016400000342e+03 -6.094789219880000019e+03 -1.013970341929999961e+02 5.484399377939999987e+00 -7.898884911269999520e+01
6.500000000000000222e-01 4.622096049650000168e+03 -5.211515269499999704e+03 -6.136334549670000342e+03 -9.859297935189999862e+01 7.751006690199999660e+00 -7.669889166720000162e+01
6.500000000000000222e-01 4.754133136530000229e+03 -4.912040826849999576e+03 -6.223426639889999933e+03 -9.979207109339999704e+01 7.381085622989999706e+00 -7.966251037210000163e+01
6.500000000000000222e-01 4.990192930250000245e+03 -5.020425806430000193e+03 -6.206378866949999974e+03 -9.972800631529999293e+01 8.019282878340000309e+00 -7.977497157109999648e+01
6.500000000000000222e-01 4.879383076920000349e+03 -4.914537089729999934e+03 -6.240546655619999910e+03 -1.008321361480000036e+02 8.226723557190000591e+00 -7.904856873580000354e+01
6.500000000000000222e-01 4.694194559309999931e+03 -5.076455472220000047e+03 -6.104612820819999797e+03 -9.896633499360000030e+01 6.019879333189999571e+00 -7.760119587719999856e+01
6.500000000000000222e-01 4.715058484909999606e+03 -5.061153738779999912e+03 -6.102678222069999720e+03 -1.012767628309999992e+02 8.523497692590000341e+00 -7.906098135240000602e+01
6.500000000000000222e-01 4.683846919820000039e+03 -5.294198790039999949e+03 -6.131997740619999604e+03 -1.008395495550000049e+02 5.552138339989999949e+00 -7.936636381399999607e+01
6.500000000000000222e-01 4.638147795380000389e+03 -5.146954778369999985e+03 -6.119522462500000074e+03 -1.008942100409999938e+02 7.310372122050000421e+00 -7.849382275450000179e+01
6.500000000000000222e-01 4.613691830579999987e+03 -5.166024131129999660e+03 -6.137043729490000260e+03 -9.976355053000000339e+01 7.235093186370000318e+00 -7.771497029830000258e+01
6.500000000000000222e-01 4.813543359180000152e+03 -5.005200473789999705e+03 -6.119556214049999653e+03 -1.004904447119999986e+02 9.298406941779999713e+00 -7.921074846039999784e+01
6.500000000000000222e-01 4.655952005180000015e+03 -4.990379791510000359e+03 -6.175334913689999667e+03 -9.896001742289999470e+01 5.744196215009999662e+00 -7.693220660539999756e+01
6.500000000000000222e-01 4.725265485679999983e+03 -5.226645461799999794e+03 -6.089736337549999917e+03 -9.860782564199999456e+01 8.371408523119999501e+00 -7.741919648660000064e+01
6.500000000000000222e-01 4.756353827889999593e+03 -5.067544655839999905e+03 -6.091371988269999747e+03 -9.965690418629999670e+01 6.725384001420000146e+00 -7.820737416119999352e+01
6.500000000000000222e-01 4.936145724570000311e+03 -4.992296311779999996e+03 -6.177150383999999576e+03 -1.013332837949999998e+02 6.178332158689999964e+00 -7.638575631359999818e+01
6.500000000000000222e-01 4.704037971789999574e+03 -5.242591924219999783e+03 -6.100599669960000028e+03 -1.009129742180000022e+02 7.691990334149999775e+00 -7.819541831319999403e+01
6.500000000000000222e-01 4.935613832369999727e+03 -5.102144620039999609e+03 -6.118164856880000116e+03 -1.020510430049999968e+02 6.433856550429999821e+00 -7.690873086029999683e+01
6.500000000000000222e-01 4.753621503680000387e+03 -5.165525650720000158e+03 -6.076147174230000019e+03 -9.801978862250000191e+01 7.486146143150000043e+00 -7.779667494689999785e+01
6.500000000000000222e-01 5.001968536069999573e+03 -4.992179492039999786e+03 -6.259821010229999956e+03 -9.949875688250000394e+01 7.062961972430000124e+00 -7.953773191080000515e+01
6.500000000000000222e-01 4.795647804080000242e+03 -5.165263055190000159e+03 -6.073377235580000161e+03 -9.950936533549999297e+01 5.438568446319999694e+00 -7.816286708910000414e+01
6.500000000000000222e-01 4.793768696129999626e+03 -5.108948118119999890e+03 -6.077926395860000412e+03 -9.984377232949999836e+01 6.683112238879999722e+00 -7.810526178230000482e+01
6.500000000000000222e-01 4.824854026719999638e+03 -4.919901777109999784e+03 -6.206761613740000030e+03 -1.011975869799999970e+02 8.394614988220000740e+00 -7.857029490220000412e+01
6.500000000000000222e-01 4.663005225570000221e+03 -5.367568519100000231e+03 -6.213119706919999771e+03 -1.011867090030000043e+02 7.629090020249999604e+00 -7.884805186410000033e+01
6.500000000000000222e-01 4.935685341909999806e+03 -5.002494264740000290e+03 -6.167944367910000437e+03 -9.912981292919999987e+01 6.694823578700000333e+00 -7.868747804219999864e+01
6.500000000000000222e-01 4.706570931160000328e+03 -5.365398379100000056e+03 -6.180959156859999894e+03 -9.990272236289999341e+01 8.701343751339999599e+00 -7.641785456440000246e+01
6.500000000000000222e-01 4.713115042680000442e+03 -4.948169952899999771e+03 -6.184068855260000419e+03 -1.009680696199999943e+02 7.529079295129999849e+00 -7.732917508959999964e+01
6.500000000000000222e-01 4.913455759440000293e+03 -5.060071957000000111e+03 -6.119860680599999796e+03 -9.923328239360000680e+01 8.522804905419999244e+00 -7.924562243900000169e+01
6.500000000000000222e-01 4.707634901729999910e+03 -4.971697463720000087e+03 -6.161946298390000265e+03 -1.009325278139999966e+02 8.619480848960000330e+00 -7.972480333149999865e+01
6.500000000000000222e-01 4.746538477750000311e+03 -5.162989861529999871e+03 -6.077197514919999776e+03 -9.981564773030000026e+01 7.178368400660000148e+00 -7.805569444520000388e+01
6.500000000000000222e-01 4.860190730710000025e+03 -5.097305505590000394e+03 -6.088398994639999728e+03 -1.015605859310000056e+02 5.601972511789999665e+00 -7.743562637610000365e+01
6.500000000000000222e-01 4.797878025150000212e+03 -5.169051533650000238e+03 -6.073505439900000056e+03 -1.006074500499999971e+02 7.839730336759999751e+00 -7.810649705490000372e+01
6.500000000000000222e-01 4.969790314640000361e+03 -5.363495130969999991e+03 -6.265284535460000370e+03 -9.985570209509999984e+01 6.714416405439999735e+00 -8.029018737590000399e+01
6.500000000000000222e-01 4.793292796120000276e+03 -5.157841465000000426e+03 -6.073323397979999754e+03 -1.002602705930000013e+02 7.899704405309999622e+00 -7.813248275009999588e+01
6.500000000000000222e-01 4.736134697229999801e+03 -4.901817627430000357e+03 -6.251939447699999619e+03 -9.988009570129999304e+01 7.262147293169999962e+00 -7.970692183719999946e+01
6.500000000000000222e-01 4.537377411120000033e+03 -5.164129855330000282e+03 -6.232709806349999781e+03 -1.003367937799999936e+02 7.153639040049999842e+00 -7.845574538149999455e+01
6.500000000000000222e-01 4.917597379679999904e+03 -5.240680688950000331e+03 -6.114680499050000435e+03 -1.008070445329999956e+02 7.374393956879999656e+00 -7.743689399369999649e+01
6.500000000000000222e-01 5.069837997779999569e+03 -5.178199812179999753e+03 -6.290815378899999814e+03 -1.001797622450000063e+02 7.066477020109999785e+00 -7.829305037250000510e+01
6.500000000000000222e-01 4.863011743320000278e+03 -5.027496751390000099e+03 -6.115533284160000221e+03 -1.010831327369999997e+02 8.164775546839999620e+00 -7.821016879709999614e+01
6.500000000000000222e-01 4.782685672620000332e+03 -5.235116382989999693e+03 -6.083698894389999623e+03 -1.008557577870000017e+02 6.138064888179999734e+00 -7.854767547250000348e+01
6.500000000000000222e-01 4.807630143379999936e+03 -5.143805841919999693e+03 -6.074123850050000328e+03 -9.902692389770000148e+01 8.659851110840000032e+00 -7.826605047459999298e+01
6.500000000000000222e-01 4.845642678520000118e+03 -5.247669660380000096e+03 -6.092104560230000061e+03 -1.000519511589999979e+02 7.279882275640000344e+00 -7.783687990900000386e+01
6.500000000000000222e-01 4.743631461040000431e+03 -5.172763507069999832e+03 -6.077968256029999793e+03 -9.936895008460000156e+01 7.520844688260000410e+00 -7.794046199779999995e+01
6.500000000000000222e-01 4.786278700660000140e+03 -5.160552546889999576e+03 -6.073404636520000167e+03 -1.005668231979999945e+02 7.131709584280000236e+00 -7.813591745719999437e+01
6.500000000000000222e-01 4.678950127520000024e+03 -5.306551496490000318e+03 -6.142411403500000233e+03 -1.014080935559999972e+02 7.526004938449999848e+00 -7.867677569449999453e+01
6.500000000000000222e-01 4.982589424630000394e+03 -5.323081778349999695e+03 -6.220423428080000122e+03 -9.919655215929999770e+01 6.191891311700000067e+00 -7.948587963660000355e+01
6.500000000000000222e-01 4.674532008070000302e+03 -4.975245246749999751e+03 -6.176753057179999814e+03 -9.909890834130000314e+01 5.628231292589999768e+00 -7.650624231599999803e+01
6.500000000000000222e-01 4.892513692210000045e+03 -5.256122584699999607e+03 -6.109310882720000336e+03 -1.000384778220000044e+02 6.989219513970000186e+00 -7.875589891200000636e+01
6.500000000000000222e-01 4.780936946449999596e+03 -5.132228679640000337e+03 -6.074922625729999709e+03 -9.928566079269999989e+01 5.094343928189999815e+00 -7.787399392999999748e+01
6.500000000000000222e-01 4.805526538230000369e+03 -4.928913071160000072e+03 -6.191978559860000132e+03 -9.965383499569999515e+01 5.409127865450000350e+00 -7.660854764760000535e+01
6.500000000000000222e-01 4.732128621269999712e+03 -5.115553185470000244e+03 -6.083428314949999731e+03 -9.957872426790000020e+01 6.777823340110000316e+00 -7.778782404310000231e+01
6.500000000000000222e-01 4.868856285159999970e+03 -5.264965396190000320e+03 -6.104570812150000165e+03 -9.973538281209999923e+01 6.301928170460000089e+00 -7.898439299989999540e+01
6.500000000000000222e-01 4.672961344809999900e+03 -5.056514138900000034e+03 -6.121744753199999650e+03 -9.878827638340000306e+01 5.852644573670000128e+00 -7.728812049130000617e+01
6.500000000000000222e-01 4.959564834120000341e+03 -5.063011507309999615e+03 -6.147887604389999979e+03 -1.010876409269999954e+02 6.102593458590000353e+00 -7.690099321149999412e+01
6.500000000000000222e-01 4.573865795230000003e+03 -5.333391276770000331e+03 -6.303139200460000211e+03 -9.971446649589999822e+01 7.236114702500000107e+00 -7.632983319400000255e+01
6.500000000000000222e-01 4.647491776140000184e+03 -5.401559854299999643e+03 -6.317451139750000038e+03 -9.982756700269999328e+01 7.089906692969999646e+00 -7.695339894699999661e+01
6.500000000000000222e-01 4.897181932739999866e+03 -5.127125803269999778e+03 -6.094888094130000354e+03 -1.012174303580000014e+02 6.584664445309999614e+00 -7.763553915299999630e+01
6.500000000000000222e-01 4.774300673880000431e+03 -5.279855667099999664e+03 -6.100325065400000312e+03 -9.938259783200000186e+01 6.159384866949999982e+00 -7.822573297239999590e+01
6.500000000000000222e-01 4.856805385259999639e+03 -5.283998963529999855e+03 -6.110035612980000224e+03 -1.014656825590000011e+02 8.918213500480000278e+00 -7.750029042900000320e+01
6.500000000000000222e-01 4.741579851960000269e+03 -5.087812122950000230e+03 -6.087495452029999797e+03 -9.885835680179999940e+01 5.336152415920000003e+00 -7.745268341160000602e+01
6.500000000000000222e-01 4.856012586349999765e+03 -5.117672834230000262e+03 -6.083514905379999618e+03 -1.004000005230000028e+02 7.594206662470000424e+00 -7.818977205960000276e+01
6.500000000000000222e-01 4.783400404240000171e+03 -5.429420135899999877e+03 -6.265217571600000156e+03 -9.971853848569999457e+01 7.316185240440000292e+00 -7.649028778310000121e+01
6.500000000000000222e-01 4.734992254910000156e+03 -5.112845206900000449e+03 -6.083390596379999806e+03 -1.003631049380000064e+02 7.205561451250000360e+00 -7.827632093469999575e+01
6.500000000000000222e-01 4.835951584080000430e+03 -5.159107536620000246e+03 -6.076520435329999600e+03 -1.024974392689999974e+02 7.128435844320000214e+00 -7.778587484979999545e+01
6.500000000000000222e-01 4.751052835989999949e+03 -5.279551108589999785e+03 -6.103002817360000336e+03 -9.924215511660000288e+01 6.716866663530000281e+00 -7.794936094829999718e+01
6.500000000000000222e-01 4.710814695189999838e+03 -5.172570525160000216e+03 -6.085816798089999793e+03 -1.010904560769999989e+02 6.947016444269999980e+00 -7.841061910349999664e+01
6.500000000000000222e-01 4.551924716069999704e+03 -5.065093239300000278e+03 -6.239951079989999926e+03 -1.007878671259999948e+02 7.293740109879999878e+00 -7.985485527550000029e+01
6.500000000000000222e-01 4.604168912520000049e+03 -4.958781722830000035e+03 -6.287098309639999570e+03 -9.967587616500000536e+01 6.582641243210000326e+00 -7.607388030520000655e+01
6.500000000000000222e-01 5.033281503100000009e+03 -5.276080448099999558e+03 -6.257318397670000195e+03 -9.958871254410000518e+01 6.854002243200000066e+00 -8.026622179439999627e+01
6.500000000000000222e-01 4.864805575880000106e+03 -5.254306810289999703e+03 -6.098934057129999928e+03 -9.884375283660000377e+01 5.475385517450000350e+00 -7.886258132390000242e+01
6.500000000000000222e-01 4.855287457119999999e+03 -5.243724271830000362e+03 -6.092912435090000145e+03 -1.002994506050000041e+02 7.452288046959999690e+00 -7.775067588100000648e+01
6.500000000000000222e-01 5.026471623880000152e+03 -5.073137775469999724e+03 -6.218749668919999749e+03 -1.002866969500000067e+02 6.655552932019999979e+00 -7.749418815880000011e+01
6.500000000000000222e-01 4.584741771609999887e+03 -5.257815798820000055e+03 -6.190353153740000380e+03 -1.013993265929999978e+02 7.061911864849999887e+00 -7.949248611950000054e+01
6.500000000000000222e-01 4.999129732700000204e+03 -5.172696925979999833e+03 -6.161478420919999735e+03 -9.869251911290000123e+01 7.042932235070000324e+00 -7.979893348980000667e+01
6.500000000000000222e-01 4.695357136779999564e+03 -5.064736843259999659e+03 -6.108363478049999685e+03 -9.912737757159999319e+01 6.074344785770000144e+00 -7.773558210589999362e+01
6.500000000000000222e-01 4.769960763080000106e+03 -5.237055256700000427e+03 -6.084911165589999655e+03 -9.983339019689999816e+01 6.050523633940000146e+00 -7.831272886429999858e+01
6.500000000000000222e-01 4.729028810890000386e+03 -4.994853575479999563e+03 -6.135329056390000005e+03 -9.990989362230000381e+01 7.495822681059999937e+00 -7.903740246210000464e+01
6.500000000000000222e-01 4.788862330189999739e+03 -5.157108503729999939e+03 -6.073361515280000276e+03 -9.828960375980000208e+01 5.988761518779999626e+00 -7.807571027090000371e+01
6.500000000000000222e-01 4.768187386730000071e+03 -5.078829327379999995e+03 -6.086333648550000362e+03 -9.945559809149999353e+01 5.948644412440000195e+00 -7.790616874239999845e+01
6.500000000000000222e-01 4.729794380500000443e+03 -4.946346265260000109e+03 -6.179550578190000124e+03 -1.009323032869999963e+02 7.318196530529999855e+00 -7.714611262479999709e+01
6.500000000000000222e-01 4.628663287749999654e+03 -4.996357413450000422e+03 -6.192989718290000383e+03 -1.006853577180000059e+02 7.612050604900000295e+00 -7.970492604199999676e+01
6.500000000000000222e-01 4.813633747330000006e+03 -5.155152718379999897e+03 -6.074077079880000383e+03 -9.809563941339999360e+01 7.650272422669999628e+00 -7.828281640589999313e+01
6.500000000000000222e-01 4.805435089970000263e+03 -5.211499846050000087e+03 -6.078291050370000448e+03 -9.965827350620000402e+01 4.956283941689999750e+00 -7.854730642079999825e+01
6.500000000000000222e-01 4.615022748749999664e+03 -5.202574958230000448e+03 -6.140115963639999791e+03 -9.891200247109999566e+01 7.243005624660000308e+00 -7.716810440119999726e+01
6.500000000000000222e-01 4.784315643730000374e+03 -5.168974336309999671e+03 -6.073606461000000309e+03 -1.005087780009999960e+02 7.041184348499999857e+00 -7.814173933019999652e+01
6.500000000000000222e-01 4.778308709230000204e+03 -5.229487995530000262e+03 -6.082335957119999875e+03 -1.003617309379999938e+02 5.052640576169999953e+00 -7.862123180099999331e+01
1.390000000000000000e+04 -7.448887159550000433e+03 3.345863755600000218e+02 1.554922949420000077e+04 -2.505201517339999953e+02 2.043631667289999996e+02 -3.109390337109999791e+02
6.500000000000000222e-01 -7.457068623479999587e+03 3.318352282739999737e+02 1.569198052439999992e+04 -2.499382401089999917e+02 2.045661322310000116e+02 -3.108936832969999955e+02
6.500000000000000222e-01 -7.406652831250000418e+03 3.839587895569999887e+02 1.567662720939999963e+04 -2.501283328119999965e+02 2.047631409379999923e+02 -3.112249366749999808e+02
6.500000000000000222e-01 -7.499180606760000046e+03 3.294301999059999844e+02 1.568301073259999976e+04 -2.503766999350000049e+02 2.044021748790000004e+02 -3.108670617419999758e+02
6.500000000000000222e-01 -7.451147340059999806e+03 3.516072948730000007e+02 1.569120913130000008e+04 -2.504907721460000118e+02 2.038370224919999885e+02 -3.108635361650000277e+02
6.500000000000000222e-01 -7.579621669350000047e+03 3.136043672079999851e+02 1.560330014169999959e+04 -2.506715132939999933e+02 2.043757849129999897e+02 -3.112380950570000095e+02
6.500000000000000222e-01 -7.457454064520000429e+03 3.101301215130000060e+02 1.568987933440000052e+04 -2.503318350330000044e+02 2.045464430849999928e+02 -3.108784423619999870e+02
6.500000000000000222e-01 -7.409072654040000089e+03 3.942307918889999883e+02 1.567295323009999993e+04 -2.501616347019999864e+02 2.047321134830000062e+02 -3.112435784240000203e+02
6.500000000000000222e-01 -7.438896231429999716e+03 3.793175185549999924e+02 1.568472255489999952e+04 -2.507407721339999966e+02 2.044364256620000049e+02 -3.108952652250000028e+02
6.500000000000000222e-01 -7.513919966120000026e+03 3.535295810650000021e+02 1.567517417770000066e+04 -2.499832029750000117e+02 2.041867537429999970e+02 -3.106408285250000176e+02
6.500000000000000222e-01 -7.466408613380000133e+03 3.197016650709999794e+02 1.569038019250000070e+04 -2.504531757930000140e+02 2.042860958210000035e+02 -3.109329425540000216e+02
6.500000000000000222e-01 -7.403136758380000174e+03 2.763451581200000078e+02 1.567157667969999966e+04 -2.501674669100000017e+02 2.039134574409999914e+02 -3.112685769990000040e+02
6.500000000000000222e-01 -7.352195592320000287e+03 4.210394782889999874e+02 1.560945577159999993e+04 -2.507652325200000121e+02 2.042236196759999984e+02 -3.103732151739999949e+02
6.500000000000000222e-01 -7.484545234469999741e+03 3.802756992689999720e+02 1.567998137339999994e+04 -2.501969629650000115e+02 2.039312271009999904e+02 -3.106720129060000204e+02
6.500000000000000222e-01 -7.446647717300000295e+03 3.361696757380000236e+02 1.569221463539999968e+04 -2.500075328490000004e+02 2.047321083909999970e+02 -3.109441122090000249e+02
6.500000000000000222e-01 -7.440004408970000441e+03 3.516175890889999778e+02 1.569094609750000018e+04 -2.503334721029999912e+02 2.048630586639999933e+02 -3.110024977339999737e+02
6.500000000000000222e-01 -7.419817271140000230e+03 3.605260151890000202e+02 1.568683024850000038e+04 -2.501138930379999863e+02 2.047904680549999910e+02 -3.111025756689999753e+02
6.500000000000000222e-01 -7.423737582759999896e+03 3.093124534699999799e+02 1.568772368450000067e+04 -2.509718932350000102e+02 2.048110381539999878e+02 -3.107720351240000127e+02
6.500000000000000222e-01 -7.477220817370000077e+03 3.703951189690000092e+02 1.568478874379999979e+04 -2.508536966910000103e+02 2.047413948249999862e+02 -3.110388951040000052e+02
6.500000000000000222e-01 -7.485977088159999767e+03 3.169619833830000175e+02 1.568621824589999960e+04 -2.510646375100000114e+02 2.040899451479999982e+02 -3.111133922540000185e+02
6.500000000000000222e-01 -7.340916291929999716e+03 3.990976889799999867e+02 1.561730754010000055e+04 -2.507000932919999912e+02 2.041551696699999923e+02 -3.104350165879999963e+02
6.500000000000000222e-01 -7.417845627640000203e+03 3.082957662000000028e+02 1.568633910319999995e+04 -2.509554995199999894e+02 2.047222831100000064e+02 -3.107561359029999721e+02
6.500000000000000222e-01 -7.327919780449999962e+03 3.702746187810000151e+02 1.561660639350000019e+04 -2.507993841690000068e+02 2.043454957209999918e+02 -3.105114000379999766e+02
6.500000000000000222e-01 -7.561499472450000212e+03 3.626321907380000198e+02 1.563286316090000037e+04 -2.507111278950000042e+02 2.044617393780000043e+02 -3.111051346770000237e+02
6.500000000000000222e-01 -7.345576254190000327e+03 3.827075656470000240e+02 1.563560927860000083e+04 -2.508955238880000138e+02 2.042113997300000108e+02 -3.104276723030000085e+02
6.500000000000000222e-01 -7.492498601790000066e+03 3.051236481180000055e+02 1.568220163909999974e+04 -2.509210028610000052e+02 2.040089504379999994e+02 -3.111449908810000125e+02
6.500000000000000222e-01 -7.407336317430000236e+03 2.448152316450000114e+02 1.565253602420000061e+04 -2.502901895180000054e+02 2.039068665199999941e+02 -3.113783351910000192e+02
6.500000000000000222e-01 -7.424307120960000248e+03 2.773713326839999809e+02 1.567802426039999955e+04 -2.505390100589999918e+02 2.046039012649999904e+02 -3.107273062379999828e+02
6.500000000000000222e-01 -7.436638403760000074e+03 3.695924031010000022e+02 1.568733812530000068e+04 -2.502744286189999912e+02 2.046785763050000071e+02 -3.110537590139999793e+02
6.500000000000000222e-01 -7.440929117970000334e+03 4.211141886109999746e+02 1.566292738859999918e+04 -2.508402230640000141e+02 2.045589989409999987e+02 -3.108562162619999754e+02
6.500000000000000222e-01 -7.480622800940000161e+03 2.702612732110000024e+02 1.567291790179999953e+04 -2.508466756679999889e+02 2.044284688660000029e+02 -3.110459130809999806e+02
6.500000000000000222e-01 -7.423698778019999736e+03 3.330794208419999904e+02 1.568999676709999949e+04 -2.500828156190000016e+02 2.043324082670000053e+02 -3.110130314209999938e+02
6.500000000000000222e-01 -7.441461032799999884e+03 2.900214930600000116e+02 1.568489939729999969e+04 -2.507002149109999891e+02 2.049961054819999902e+02 -3.107473363540000264e+02
6.500000000000000222e-01 -7.436139950370000406e+03 3.188498216849999949e+02 1.569079124579999916e+04 -2.506006132429999980e+02 2.044378286440000068e+02 -3.109335431370000151e+02
6.500000000000000222e-01 -7.445751056889999745e+03 2.213928544190000025e+02 1.563644275860000016e+04 -2.507131369230000075e+02 2.048727746319999881e+02 -3.105158358099999987e+02
6.500000000000000222e-01 -7.355686115370000152e+03 3.376686967859999982e+02 1.565764703349999945e+04 -2.507485479119999923e+02 2.043657300760000055e+02 -3.107594002729999829e+02
6.500000000000000222e-01 -7.424052774249999857e+03 3.154513015379999956e+02 1.568876240069999949e+04 -2.510209696370000074e+02 2.047429348969999978e+02 -3.107917542359999743e+02
6.500000000000000222e-01 -7.351891929170000367e+03 2.689807078889999730e+02 1.563148615720000089e+04 -2.502444925309999917e+02 2.041254738769999904e+02 -3.111636198020000279e+02
6.500000000000000222e-01 -7.571327642940000260e+03 3.743038230590000239e+02 1.561149177980000059e+04 -2.502436004280000077e+02 2.042483090849999883e+02 -3.104085203529999717e+02
6.500000000000000222e-01 -7.458895948649999809e+03 3.236272134069999993e+02 1.569146875170000021e+04 -2.505962557230000129e+02 2.041900837610000110e+02 -3.109507540490000110e+02
6.500000000000000222e-01 -7.425579231900000195e+03 2.912450211999999965e+02 1.568345601130000068e+04 -2.507080612180000116e+02 2.045429682760000105e+02 -3.109382082750000222e+02
6.500000000000000222e-01 -7.470432966549999946e+03 4.149296355089999793e+02 1.566563577149999946e+04 -2.507992410919999884e+02 2.049453232379999861e+02 -3.112478486289999751e+02
6.500000000000000222e-01 -7.575509271599999920e+03 3.390258480470000109e+02 1.561555195959999946e+04 -2.508006697909999900e+02 2.043702634219999936e+02 -3.114747477500000059e+02
6.500000000000000222e-01 -7.345471195129999614e+03 2.947563400230000070e+02 1.563969523479999953e+04 -2.506641849009999987e+02 2.043614543909999952e+02 -3.106435656950000066e+02
6.500000000000000222e-01 -7.373073949820000053e+03 4.029720735180000020e+02 1.564937281760000042e+04 -2.503371259099999975e+02 2.041200439069999959e+02 -3.109052933890000077e+02
6.500000000000000222e-01 -7.532729501380000329e+03 2.574924232609999990e+02 1.563570565010000064e+04 -2.501659777570000074e+02 2.044907329680000032e+02 -3.104860264359999746e+02
6.500000000000000222e-01 -7.486050003309999738e+03 2.183532846269999936e+02 1.562365430750000087e+04 -2.507235124919999976e+02 2.047577088019999962e+02 -3.106932629230000202e+02
6.500000000000000222e-01 -7.481272734619999937e+03 2.194242360769999891e+02 1.562767300590000013e+04 -2.502948961090000068e+02 2.045201038049999909e+02 -3.104681567220000034e+02
6.500000000000000222e-01 -7.412817118339999979e+03 3.315464609019999784e+02 1.568758418300000085e+04 -2.500906139690000032e+02 2.043179609340000127e+02 -3.110470481589999849e+02
6.500000000000000222e-01 -7.498111951779999799e+03 4.528089217030000100e+02 1.561285378379999929e+04 -2.506106698730000062e+02 2.045994894739999950e+02 -3.115099289269999758e+02
6.500000000000000222e-01 -7.448101901750000252e+03 2.994552403939999863e+02 1.568786709929999961e+04 -2.504609160999999915e+02 2.048305253110000024e+02 -3.107950748129999852e+02
6.500000000000000222e-01 -7.451690039950000028e+03 3.507616588110000180e+02 1.569129805970000052e+04 -2.504631400940000105e+02 2.038347380090000058e+02 -3.108661668290000080e+02
6.500000000000000222e-01 -7.356197696950000136e+03 2.727392757609999876e+02 1.563887412149999909e+04 -2.501834523230000116e+02 2.041342848250000088e+02 -3.114424208880000151e+02
6.500000000000000222e-01 -7.440276816319999853e+03 3.352024273929999936e+02 1.569197991589999947e+04 -2.511326328160000116e+02 2.043212034629999891e+02 -3.108957340300000283e+02
6.500000000000000222e-01 -7.368397174359999553e+03 4.088726713170000266e+02 1.564118189779999921e+04 -2.501737054749999913e+02 2.043507470080000132e+02 -3.112318597429999727e+02
6.500000000000000222e-01 -7.448274574400000347e+03 3.587464856569999938e+02 1.569018170819999978e+04 -2.504867976849999991e+02 2.049560360979999984e+02 -3.110381527029999802e+02
6.500000000000000222e-01 -7.491969154890000027e+03 3.777367206359999727e+02 1.567854349179999917e+04 -2.501142187709999973e+02 2.039496711360000063e+02 -3.107437004870000123e+02
6.500000000000000222e-01 -7.470779880729999604e+03 2.037783870929999921e+02 1.560273899580000034e+04 -2.505447336930000120e+02 2.041166082999999958e+02 -3.115332971309999834e+02
6.500000000000000222e-01 -7.320681995390000338e+03 3.100412849370000004e+02 1.560760104689999935e+04 -2.507583833989999960e+02 2.044318626730000119e+02 -3.104851851230000079e+02
6.500000000000000222e-01 -7.309975134350000189e+03 3.590164899719999880e+02 1.557282387940000081e+04 -2.504416970640000102e+02 2.043862723139999957e+02 -3.115151895550000063e+02
6.500000000000000222e-01 -7.322379230749999806e+03 3.790985291090000260e+02 1.559889190140000028e+04 -2.507274816499999872e+02 2.042765158619999966e+02 -3.103426910480000060e+02
6.500000000000000222e-01 -7.410648165049999989e+03 3.750546024910000256e+02 1.568095675800000026e+04 -2.509688126499999896e+02 2.039933788650000110e+02 -3.106926695480000262e+02
6.500000000000000222e-01 -7.431893067549999614e+03 3.520880303629999730e+02 1.569014423820000047e+04 -2.501225849879999998e+02 2.046895753729999967e+02 -3.110228672449999863e+02
6.500000000000000222e-01 -7.389054172600000129e+03 3.521365920040000219e+02 1.567793341150000015e+04 -2.510386141029999862e+02 2.041842193829999985e+02 -3.106671629780000217e+02
6.500000000000000222e-01 -7.438920299800000066e+03 3.263697976830000016e+02 1.569165423689999989e+04 -2.501907014090000132e+02 2.040905177360000096e+02 -3.109756074640000065e+02
6.500000000000000222e-01 -7.464243400669999573e+03 4.227727190260000043e+02 1.566079637460000049e+04 -2.506795324549999862e+02 2.049122043929999961e+02 -3.113264962549999950e+02
6.500000000000000222e-01 -7.434213988950000385e+03 3.152644940650000080e+02 1.569017258220000076e+04 -2.501474475120000136e+02 2.038761196549999966e+02 -3.110297715020000169e+02
6.500000000000000222e-01 -7.586117484350000268e+03 3.568464771409999798e+02 1.558269514700000036e+04 -2.504448804189999862e+02 2.043317157930000008e+02 -3.107295509049999964e+02
6.500000000000000222e-01 -7.501873913299999913e+03 3.223906593890000067e+02 1.568151012000000082e+04 -2.503438017910000042e+02 2.044639945739999973e+02 -3.108350110279999967e+02
6.500000000000000222e-01 -7.487359101670000200e+03 2.463781096699999864e+02 1.565497748390000015e+04 -2.505189136319999932e+02 2.048975780540000073e+02 -3.105632665919999909e+02
6.500000000000000222e-01 -7.505380336600000192e+03 4.499600136619999944e+02 1.561173343439999917e+04 -2.502760920970000029e+02 2.040908347989999925e+02 -3.108450329959999863e+02
6.500000000000000222e-01 -7.466358170100000279e+03 3.195232020180000063e+02 1.569036880299999939e+04 -2.501137905669999952e+02 2.047909605250000027e+02 -3.108342370679999931e+02
6.500000000000000222e-01 -7.362297524059999887e+03 2.376849395979999997e+02 1.560897402409999995e+04 -2.506741408949999936e+02 2.045379781210000090e+02 -3.103609958280000001e+02
6.500000000000000222e-01 -7.385320288089999849e+03 2.721769577460000278e+02 1.566109272729999975e+04 -2.501861378469999977e+02 2.040316301400000043e+02 -3.113381285520000006e+02
6.500000000000000222e-01 -7.464472894059999817e+03 3.129332454839999968e+02 1.568973203549999926e+04 -2.501877941040000053e+02 2.046763834180000003e+02 -3.108434598790000223e+02
6.500000000000000222e-01 -7.545101214100000107e+03 3.529708929369999737e+02 1.565339626200000021e+04 -2.507129343720000065e+02 2.043572567580000054e+02 -3.111631856810000158e+02
6.500000000000000222e-01 -7.472843236710000383e+03 3.393692319209999937e+02 1.569014154830000007e+04 -2.506384878959999867e+02 2.044023460059999877e+02 -3.109483514969999760e+02
6.500000000000000222e-01 -7.546871278730000085e+03 2.984279104739999866e+02 1.564695740739999928e+04 -2.507829693420000012e+02 2.044103049349999992e+02 -3.111119100650000178e+02
6.500000000000000222e-01 -7.590894584399999985e+03 3.348382960540000113e+02 1.556611857170000076e+04 -2.504432455849999997e+02 2.043631313850000026e+02 -3.103274881500000220e+02
6.500000000000000222e-01 -7.463924752249999983e+03 4.608697356110000101e+02 1.561438474950000091e+04 -2.503319325330000140e+02 2.043144359789999953e+02 -3.112724309050000215e+02
6.500000000000000222e-01 -7.448682484289999593e+03 3.485140393469999935e+02 1.569156319740000072e+04 -2.505809739690000129e+02 2.039655771740000034e+02 -3.108892918089999853e+02
6.500000000000000222e-01 -7.478064302580000003e+03 3.432660276789999898e+02 1.568896945369999958e+04 -2.506444602669999995e+02 2.044247181050000108e+02 -3.109503483600000209e+02
6.500000000000000222e-01 -7.433086129430000256e+03 3.642320504240000218e+02 1.568824399090000043e+04 -2.508162649090000116e+02 2.041149352529999987e+02 -3.108381768230000262e+02
6.500000000000000222e-01 -7.485753438620000452e+03 3.026928783839999824e+02 1.568367722019999928e+04 -2.500867911830000025e+02 2.047774745899999971e+02 -3.107117943659999924e+02
6.500000000000000222e-01 -7.449713249960000212e+03 3.404937075459999960e+02 1.569211577410000064e+04 -2.505605868750000127e+02 2.047254724439999904e+02 -3.109488867509999750e+02
6.500000000000000222e-01 -7.432133211469999878e+03 3.402407839009999861e+02 1.569114368789999935e+04 -2.500762429350000104e+02 2.044923658289999935e+02 -3.109904633790000048e+02
6.500000000000000222e-01 -7.534724707610000223e+03 3.941298143710000090e+02 1.564692231549999997e+04 -2.501975899550000122e+02 2.041450963069999887e+02 -3.104651255190000256e+02
6.500000000000000222e-01 -7.449917792289999852e+03 3.688031403570000180e+02 1.568806293510000069e+04 -2.503765469029999906e+02 2.040376696289999927e+02 -3.108890760269999873e+02
6.500000000000000222e-01 -7.424975363090000428e+03 4.355678647729999966e+02 1.564764140399999997e+04 -2.506569902450000029e+02 2.039544760340000096e+02 -3.104677385969999932e+02
6.500000000000000222e-01 -7.433823469089999890e+03 3.140223469790000195e+02 1.568995807219999915e+04 -2.507632196529999931e+02 2.047077728859999866e+02 -3.108434371569999826e+02
6.500000000000000222e-01 -7.342157327599999917e+03 2.903269907009999997e+02 1.563358974809999927e+04 -2.506374580650000041e+02 2.043548315719999948e+02 -3.106384239710000088e+02
6.500000000000000222e-01 -7.368310918129999664e+03 3.416968280680000021e+02 1.566715767710000000e+04 -2.509685677909999981e+02 2.043416357730000072e+02 -3.106462499360000038e+02
6.500000000000000222e-01 -7.374070264910000333e+03 4.066395067209999752e+02 1.564752649120000024e+04 -2.501543531339999902e+02 2.045818116000000089e+02 -3.113838447940000265e+02
6.500000000000000222e-01 -7.522290518189999602e+03 2.373535512050000023e+02 1.562412775099999999e+04 -2.503056579480000039e+02 2.046280217160000063e+02 -3.103815008509999984e+02
6.500000000000000222e-01 -7.449472640689999935e+03 3.459081922720000080e+02 1.569179063499999938e+04 -2.504874780160000114e+02 2.037176821749999931e+02 -3.108808702570000264e+02
6.500000000000000222e-01 -7.498032427739999548e+03 3.368637162219999936e+02 1.568351132460000008e+04 -2.509230108659999985e+02 2.043749276890000033e+02 -3.110793501150000111e+02
6.500000000000000222e-01 -7.441503836019999653e+03 4.556487706739999908e+02 1.562516767050000090e+04 -2.507490084050000121e+02 2.043286002099999905e+02 -3.105577805799999851e+02
6.500000000000000222e-01 -7.380057554869999876e+03 4.063006714659999830e+02 1.565204680030000054e+04 -2.509142105040000104e+02 2.043212291570000048e+02 -3.106486872739999967e+02
6.500000000000000222e-01 -7.506486768200000370e+03 2.639337285440000187e+02 1.565943567389999953e+04 -2.504986535959999969e+02 2.039476185780000037e+02 -3.111645449249999729e+02
6.500000000000000222e-01 -7.442824728870000399e+03 3.299930482799999822e+02 1.569203738669999984e+04 -2.502903440919999980e+02 2.041883290430000102e+02 -3.109503029699999956e+02
6.500000000000000222e-01 -7.407781917500000418e+03 4.121212777520000259e+02 1.566215906250000080e+04 -2.508295225089999860e+02 2.039925747229999899e+02 -3.105514685460000237e+02
