3.450000000000000000e+05 3.372058539189999919e+03 -4.898888491660000000e+03 -7.088113197630000286e+03 -1.217512736300000000e+02 3.368876365010000029e+01 -3.566761357139999689e+01
6.500000000000000222e-01 3.285350532699999803e+03 -4.810100279059999593e+03 -6.825701859079999849e+03 -1.220925573869999994e+02 3.433642873309999999e+01 -3.470116637520000324e+01
6.500000000000000222e-01 3.198282543100000112e+03 -5.018906627180000214e+03 -7.272784116539999559e+03 -1.212897539289999997e+02 3.366867139349999860e+01 -3.491528081029999697e+01
6.500000000000000222e-01 3.561758541520000108e+03 -4.825088357810000161e+03 -6.897327910969999721e+03 -1.220141001049999971e+02 3.413780023839999700e+01 -3.707332379199999650e+01
6.500000000000000222e-01 3.353684027220000189e+03 -5.011713249139999789e+03 -7.357113865000000260e+03 -1.209339183980000030e+02 3.067510840230000113e+01 -3.572243732900000168e+01
6.500000000000000222e-01 3.484000678439999774e+03 -5.098639323579999655e+03 -7.251576267690000350e+03 -1.217873903619999965e+02 3.377802493739999790e+01 -3.637327616440000355e+01
6.500000000000000222e-01 3.468895437069999844e+03 -4.678993934189999891e+03 -7.224079486499999803e+03 -1.227362906949999939e+02 3.136527958230000124e+01 -3.726279117989999889e+01
6.500000000000000222e-01 3.150017627079999784e+03 -4.794881699380000100e+03 -7.220128562390000297e+03 -1.200492235060000041e+02 3.317450183449999912e+01 -3.610032940349999819e+01
6.500000000000000222e-01 3.534829832129999886e+03 -4.723382171709999966e+03 -7.224658395280000150e+03 -1.223387020619999959e+02 3.108048164210000053e+01 -3.699920225129999807e+01
6.500000000000000222e-01 3.149162286090000180e+03 -4.825474331110000094e+03 -6.908544499530000394e+03 -1.214092581139999965e+02 3.494159065009999665e+01 -3.368603671209999817e+01
6.500000000000000222e-01 3.105095679229999860e+03 -4.916614232459999585e+03 -7.000088187940000353e+03 -1.202783215639999952e+02 3.474874220230000077e+01 -3.252100811279999704e+01
6.500000000000000222e-01 3.198062796910000088e+03 -5.040437995039999805e+03 -7.256259713309999825e+03 -1.213921335010000035e+02 3.316148121450000019e+01 -3.432767457810000167e+01
6.500000000000000222e-01 3.449000451620000149e+03 -4.918290709900000365e+03 -6.820181130590000066e+03 -1.240438864380000012e+02 3.527337126759999819e+01 -3.552373150289999870e+01
6.500000000000000222e-01 3.310892388019999999e+03 -4.745690993809999782e+03 -7.320513004600000386e+03 -1.216793519320000030e+02 3.246863849550000225e+01 -3.561190968289999859e+01
6.500000000000000222e-01 3.229010256319999826e+03 -4.844357760259999850e+03 -7.319205079360000127e+03 -1.187484630940000017e+02 3.216758724160000327e+01 -3.660275021249999838e+01
6.500000000000000222e-01 3.519282484209999893e+03 -4.856940064780000284e+03 -6.857141049310000199e+03 -1.235435859800000031e+02 3.449824604749999679e+01 -3.588839587039999657e+01
6.500000000000000222e-01 3.251223194629999853e+03 -5.112158213099999557e+03 -7.227491411029999654e+03 -1.197085691949999955e+02 3.481514986490000041e+01 -3.844615534300000093e+01
6.500000000000000222e-01 3.154376914649999890e+03 -4.969427125999999589e+03 -7.242666053570000258e+03 -1.213065461449999987e+02 3.317488698449999873e+01 -3.367471645269999669e+01
6.500000000000000222e-01 3.377503670229999898e+03 -4.994510522689999561e+03 -6.828605030419999821e+03 -1.233171265179999949e+02 3.739012517079999753e+01 -3.511158461560000177e+01
6.500000000000000222e-01 3.267356915140000183e+03 -4.967444459510000343e+03 -6.831491140219999579e+03 -1.203207285609999957e+02 3.603688583009999746e+01 -3.426338176899999866e+01
6.500000000000000222e-01 3.420761411469999985e+03 -4.819182280709999759e+03 -7.353269453959999737e+03 -1.207965741059999942e+02 3.047287049839999895e+01 -3.617079954079999737e+01
6.500000000000000222e-01 3.172086704010000176e+03 -4.728860883209999884e+03 -7.196757752489999802e+03 -1.216860947640000035e+02 3.382317801909999844e+01 -3.338376036009999837e+01
6.500000000000000222e-01 3.222854035639999893e+03 -4.711703820470000210e+03 -7.230532162530000278e+03 -1.205776816470000057e+02 3.214672708919999877e+01 -3.637924586230000301e+01
6.500000000000000222e-01 3.489033424249999825e+03 -4.731487504859999717e+03 -6.891364770870000029e+03 -1.246094647040000041e+02 3.302594974059999799e+01 -3.353478935230000246e+01
6.500000000000000222e-01 3.596237364529999923e+03 -4.918060248359999605e+03 -6.930516000839999833e+03 -1.236242191780000041e+02 3.386709419019999956e+01 -3.585621325919999691e+01
6.500000000000000222e-01 3.588064038890000120e+03 -4.890154264150000017e+03 -6.918919885659999636e+03 -1.229770655049999988e+02 3.390656414659999740e+01 -3.674494473419999707e+01
6.500000000000000222e-01 3.349211059979999845e+03 -5.117491304539999874e+03 -6.915932333140000082e+03 -1.210823790550000041e+02 3.592760774420000303e+01 -3.472737644680000102e+01
6.500000000000000222e-01 3.245170040210000025e+03 -4.744380452469999909e+03 -7.288895504609999989e+03 -1.221426806810000016e+02 3.402384417830000274e+01 -3.389277445830000346e+01
6.500000000000000222e-01 3.181507634760000201e+03 -5.086015105759999642e+03 -7.159772807080000348e+03 -1.208588606330000061e+02 3.408675991580000186e+01 -3.396237464699999720e+01
6.500000000000000222e-01 3.265005527589999929e+03 -4.650377453580000292e+03 -7.182214783720000014e+03 -1.221291465820000042e+02 3.316386547359999781e+01 -3.456538840190000172e+01
6.500000000000000222e-01 3.242181902360000095e+03 -5.043917094970000107e+03 -6.885962652809999781e+03 -1.226184321469999929e+02 3.399226384490000186e+01 -3.704888777779999742e+01
6.500000000000000222e-01 3.556638344259999940e+03 -4.734902872900000148e+03 -6.963653764810000212e+03 -1.229010620279999983e+02 3.253613743209999853e+01 -3.532682370829999741e+01
6.500000000000000222e-01 3.139129143440000007e+03 -4.985010521780000090e+03 -6.954989707099999578e+03 -1.221539619200000004e+02 3.472302163949999709e+01 -3.698303983870000167e+01
6.500000000000000222e-01 3.097768037459999960e+03 -4.935137561550000100e+03 -7.094239276719999907e+03 -1.206222469450000006e+02 3.430375132479999678e+01 -3.263713979170000101e+01
6.500000000000000222e-01 3.434296215849999953e+03 -4.853690237400000115e+03 -7.364403114319999986e+03 -1.226333521459999929e+02 3.162039175379999989e+01 -3.655109269740000144e+01
6.500000000000000222e-01 3.258854205950000051e+03 -4.641311174589999609e+03 -7.046948348470000383e+03 -1.218853110710000038e+02 3.304110017240000019e+01 -3.210471368019999971e+01
6.500000000000000222e-01 3.364773599929999818e+03 -4.620905988599999546e+03 -7.130224673720000283e+03 -1.225988968669999934e+02 3.286341005020000239e+01 -3.437857000199999646e+01
6.500000000000000222e-01 3.407741529850000006e+03 -4.778354172440000184e+03 -7.331685776600000281e+03 -1.203676571860000024e+02 3.059702417109999928e+01 -3.577537036329999864e+01
6.500000000000000222e-01 3.444196858129999782e+03 -4.790159535730000243e+03 -6.834230190000000221e+03 -1.229014407220000038e+02 3.285544942570000160e+01 -3.469586565169999659e+01
6.500000000000000222e-01 3.239228148260000125e+03 -5.012966919929999676e+03 -6.868899707159999707e+03 -1.220687049619999982e+02 3.666750275249999902e+01 -3.502497998239999788e+01
6.500000000000000222e-01 3.442286268740000196e+03 -4.716687895850000132e+03 -6.877612048930000128e+03 -1.223875704160000026e+02 3.524511359259999921e+01 -3.623659758440000189e+01
9.810000000000000000e+05 8.282858579820000159e+04 -1.314492206150000015e+02 3.489742159530000208e+04 -1.046768902660000045e+01 2.647989128980000118e+01 -5.305760787500000220e+01
6.500000000000000222e-01 8.336713020020000113e+04 -1.544455460480000056e+03 3.683641483989999688e+04 -9.685120276319999277e+00 2.559798918970000159e+01 -5.342467752649999824e+01
6.500000000000000222e-01 8.441005144330000621e+04 1.173157025140000087e+03 3.354990343489999941e+04 -1.077704739089999997e+01 2.584518071560000152e+01 -5.394940664090000126e+01
6.500000000000000222e-01 8.352847681720000401e+04 -1.666081729309999901e+03 3.667943593559999863e+04 -1.074243991990000069e+01 2.738058886680000015e+01 -5.217508079600000315e+01
6.500000000000000222e-01 8.041286619760000031e+04 -2.945158511569999860e+02 3.449463511750000180e+04 -1.062950598589999984e+01 2.650013875490000004e+01 -5.290972843379999802e+01
6.500000000000000222e-01 8.452434750099999656e+04 1.460073968670000113e+03 3.411657676920000085e+04 -1.023541659680000038e+01 2.677977536750000098e+01 -5.181364011040000150e+01
6.500000000000000222e-01 8.174046678879999672e+04 2.064479313679999905e+03 3.498428399860000354e+04 -1.046875789999999995e+01 2.634992624739999911e+01 -5.348044348980000251e+01
6.500000000000000222e-01 8.230834987770000589e+04 4.694522834250000187e+02 3.721752417740000237e+04 -9.542387170539999630e+00 2.547099529730000000e+01 -5.272019498459999909e+01
6.500000000000000222e-01 8.280120589389999805e+04 2.321027014669999971e+03 3.487844496400000207e+04 -1.046018029110000036e+01 2.636064071979999923e+01 -5.346929072990000265e+01
6.500000000000000222e-01 8.262607352859999810e+04 7.627093373220000103e+02 3.262024745999999868e+04 -1.063667939840000010e+01 2.580712500570000145e+01 -5.337686678640000082e+01
6.500000000000000222e-01 8.174629040899999382e+04 -1.495281794070000103e+02 3.269531980649999969e+04 -1.038839688860000088e+01 2.649354338099999850e+01 -5.313274009309999713e+01
6.500000000000000222e-01 8.458611038070000359e+04 -1.272258872200000042e+03 3.362922730320000119e+04 -1.034294792260000051e+01 2.655197125389999968e+01 -5.227169626650000112e+01
6.500000000000000222e-01 8.224729921630000172e+04 -9.260574186060000557e+01 3.728014587400000164e+04 -1.035889695250000031e+01 2.649385442410000024e+01 -5.313080187090000095e+01
6.500000000000000222e-01 8.185323866829999315e+04 -1.982688156859999935e+03 3.618187460209999699e+04 -9.915801196520000360e+00 2.609605331990000110e+01 -5.304282596859999899e+01
6.500000000000000222e-01 8.250919806490000337e+04 -2.474971609660000013e+03 3.423736262100000022e+04 -1.022340121150000058e+01 2.657333596049999969e+01 -5.390050376690000178e+01
6.500000000000000222e-01 8.119415530850000505e+04 -1.951265231099999937e+03 3.508720295579999947e+04 -1.043162664699999986e+01 2.658640306679999910e+01 -5.201893603149999734e+01
6.500000000000000222e-01 8.399501320820000547e+04 -2.097641940519999935e+03 3.402475369009999849e+04 -1.070550148050000061e+01 2.675711549069999862e+01 -5.251413396659999933e+01
6.500000000000000222e-01 8.516521232649999729e+04 4.793894812610000145e+02 3.533635490030000074e+04 -1.021050960310000022e+01 2.642639494410000012e+01 -5.355647661260000092e+01
6.500000000000000222e-01 8.526859097059999476e+04 1.236891436119999952e+02 3.495987423259999923e+04 -1.038209388970000013e+01 2.647109191190000033e+01 -5.278233053590000168e+01
6.500000000000000222e-01 8.169723935279999569e+04 -1.606468483970000079e+03 3.329478209039999638e+04 -9.901695635059999390e+00 2.631662211520000128e+01 -5.341022783809999908e+01
6.500000000000000222e-01 8.192804055750000407e+04 6.457356544689999964e+02 3.704535874869999680e+04 -1.013637316810000044e+01 2.623617766550000141e+01 -5.273713869910000085e+01
6.500000000000000222e-01 8.197541424729999562e+04 1.189976101620000009e+03 3.301074448790000315e+04 -1.130400855239999913e+01 2.742429341920000141e+01 -5.228959989509999673e+01
6.500000000000000222e-01 8.437000384499999927e+04 -1.627776202170000033e+03 3.370205350000000180e+04 -1.036565557780000013e+01 2.645542217270000052e+01 -5.358296134620000117e+01
6.500000000000000222e-01 8.382897710449999431e+04 -2.356432001730000138e+03 3.515146303030000126e+04 -1.038353087680000009e+01 2.647141947960000152e+01 -5.430959195610000023e+01
6.500000000000000222e-01 8.289672644129999389e+04 1.308388801609999973e+03 3.290927050700000109e+04 -1.086411875169999952e+01 2.763881675669999893e+01 -5.238554293659999672e+01
6.500000000000000222e-01 8.475039656090000062e+04 -1.519798472259999926e+03 3.554196426470000006e+04 -1.005489598149999964e+01 2.626294171589999848e+01 -5.367971051819999673e+01
6.500000000000000222e-01 8.155797771910000301e+04 1.636530934480000042e+03 3.601808310540000093e+04 -9.939387812650000598e+00 2.575645438400000131e+01 -5.220249287309999886e+01
6.500000000000000222e-01 8.437240933619999851e+04 -1.455394527449999941e+03 3.626182344390000071e+04 -1.032020191059999981e+01 2.654439246760000159e+01 -5.372388806429999875e+01
6.500000000000000222e-01 8.439391275509999832e+04 7.867511004179999645e+02 3.324802231239999674e+04 -1.004468231649999943e+01 2.699526615839999977e+01 -5.217777985109999861e+01
6.500000000000000222e-01 8.244839289980000467e+04 -4.290848877999999900e+02 3.249210859720000008e+04 -1.147054741100000008e+01 2.594329205489999879e+01 -5.279571283549999805e+01
6.500000000000000222e-01 8.264137293779999891e+04 -4.354790140879999853e+02 3.247050543679999828e+04 -1.105147978339999959e+01 2.603710788169999901e+01 -5.289059490559999688e+01
6.500000000000000222e-01 8.066282328660000348e+04 -8.138318825379999453e+02 3.582904378870000073e+04 -1.090712021799999931e+01 2.653900353519999911e+01 -5.386512469240000200e+01
6.500000000000000222e-01 8.317986083580000559e+04 2.066588692270000138e+03 3.593974648609999713e+04 -1.091834984619999993e+01 2.683473965490000168e+01 -5.297919953329999743e+01
6.500000000000000222e-01 8.185781623029999901e+04 1.766670223189999888e+03 3.609755788549999852e+04 -1.022886476699999925e+01 2.632889638949999878e+01 -5.380038952160000321e+01
6.500000000000000222e-01 8.418968256119999569e+04 -2.023601208349999979e+03 3.565597119280000334e+04 -1.030065960009999948e+01 2.638846790550000065e+01 -5.416264631829999843e+01
6.500000000000000222e-01 8.479898144109999703e+04 1.179069027810000080e+03 3.424727551720000338e+04 -1.025747593800000068e+01 2.621936593499999901e+01 -5.309075896190000066e+01
6.500000000000000222e-01 8.285633732120000059e+04 6.791677968479999663e+02 3.721365359809999791e+04 -1.059611997860000088e+01 2.766495938390000120e+01 -5.345483789669999908e+01
6.500000000000000222e-01 8.466909670310000365e+04 -1.613176737199999934e+03 3.554590600370000175e+04 -1.064939987490000028e+01 2.680284858279999938e+01 -5.265967396629999797e+01
6.500000000000000222e-01 8.040138744469999801e+04 -1.716449914449999881e+02 3.525691403649999847e+04 -1.074950002169999941e+01 2.647901764030000038e+01 -5.445352654039999862e+01
6.500000000000000222e-01 8.356428005220000341e+04 1.944314841840000099e+03 3.598597430300000269e+04 -1.084476053899999926e+01 2.697734534729999822e+01 -5.328775938060000072e+01
6.500000000000000222e-01 8.514647909090000030e+04 2.260083905559999948e+02 3.561903063210000255e+04 -1.057325721840000021e+01 2.648813561580000098e+01 -5.244309993209999732e+01
4.560000000000000000e+04 7.294333820109999579e+03 2.300358870619999834e+03 1.845406117169999925e+04 2.029782965059999924e+02 -6.138413506189999680e+01 1.976337462829999936e+02
6.500000000000000222e-01 7.364326646419999634e+03 2.274525801839999986e+03 1.864670590660000016e+04 2.022496515329999909e+02 -6.090403881480000337e+01 1.982228716589999920e+02
6.500000000000000222e-01 7.250145267789999707e+03 2.345352047930000026e+03 1.825656995370000004e+04 2.022083371029999910e+02 -6.084368962610000153e+01 1.976353846439999984e+02
6.500000000000000222e-01 7.240853930909999690e+03 2.327093547219999891e+03 1.865121700699999928e+04 2.040642753939999920e+02 -6.178167971309999729e+01 1.981267955630000017e+02
6.500000000000000222e-01 7.400350658690000273e+03 2.158446028100000149e+03 1.836040692599999966e+04 2.023496519050000018e+02 -6.072939210639999885e+01 1.969160043020000046e+02
6.500000000000000222e-01 7.404194709260000309e+03 2.149604984690000038e+03 1.838446841320000021e+04 2.026036742720000063e+02 -6.105059408900000051e+01 1.980407626999999877e+02
6.500000000000000222e-01 7.196921517839999979e+03 2.266666289679999863e+03 1.863155727180000031e+04 2.028575583029999905e+02 -6.123040159640000013e+01 1.975551269890000015e+02
6.500000000000000222e-01 7.193294830249999904e+03 2.250132957710000028e+03 1.828097490190000099e+04 2.036432517000000075e+02 -6.126213043869999808e+01 1.969174339319999945e+02
6.500000000000000222e-01 7.424946308489999865e+03 2.291765414420000070e+03 1.829712014400000044e+04 2.019543224120000104e+02 -6.137341112429999868e+01 1.969264967789999901e+02
6.500000000000000222e-01 7.420389209189999747e+03 2.179128150049999931e+03 1.855020679939999900e+04 2.027035046759999943e+02 -6.096171941720000120e+01 1.975089999639999974e+02
6.500000000000000222e-01 7.233567155679999814e+03 2.118245296890000191e+03 1.839169699929999842e+04 2.027676333679999914e+02 -6.079386742309999647e+01 1.971959469809999916e+02
6.500000000000000222e-01 7.346689446049999788e+03 2.161988691819999985e+03 1.858896761100000003e+04 2.025162113019999879e+02 -6.038053441449999781e+01 1.982655838210000070e+02
6.500000000000000222e-01 7.468121989850000318e+03 2.195222267629999806e+03 1.844644014329999845e+04 2.027346541180000088e+02 -6.119932612390000060e+01 1.967653642049999974e+02
6.500000000000000222e-01 7.349379837280000174e+03 2.118211576109999896e+03 1.851212808909999876e+04 2.026964018559999943e+02 -6.087612121240000107e+01 1.973912896509999939e+02
6.500000000000000222e-01 7.337869853240000339e+03 2.168897509200000059e+03 1.861082061089999843e+04 2.035450229710000087e+02 -6.188370407840000098e+01 1.974530235219999952e+02
6.500000000000000222e-01 7.213848103229999651e+03 2.378653151450000223e+03 1.827930710769999860e+04 2.033025753009999903e+02 -6.193956382140000017e+01 1.969228249230000074e+02
6.500000000000000222e-01 7.490875358280000000e+03 2.345668650590000198e+03 1.842862767199999871e+04 2.026193181900000013e+02 -6.145100165569999717e+01 1.968655481719999898e+02
6.500000000000000222e-01 7.249401528800000051e+03 2.492870996959999957e+03 1.850453144020000036e+04 2.031136454649999905e+02 -6.182779782640000121e+01 1.986627457859999879e+02
6.500000000000000222e-01 7.450110970370000359e+03 2.339321714409999913e+03 1.858203292720000172e+04 2.031833575349999990e+02 -6.119297803159999916e+01 1.974304470330000072e+02
6.500000000000000222e-01 7.436506495769999674e+03 2.445207561969999915e+03 1.846617888790000143e+04 2.028317793800000004e+02 -6.163430159579999668e+01 1.979500913070000081e+02
6.500000000000000222e-01 7.334666333289999784e+03 2.491557048940000186e+03 1.851655428469999970e+04 2.028332258270000068e+02 -6.175538353860000029e+01 1.986188876079999943e+02
6.500000000000000222e-01 7.487387695450000137e+03 2.365350952679999864e+03 1.845578425929999867e+04 2.027805826400000058e+02 -6.144798350570000167e+01 1.968918243889999928e+02
6.500000000000000222e-01 7.180217752839999775e+03 2.168020546470000227e+03 1.855790415239999857e+04 2.034507697779999944e+02 -6.075888784659999686e+01 1.984392139439999880e+02
6.500000000000000222e-01 7.104115256420000151e+03 2.280013257189999877e+03 1.838312638069999957e+04 2.031245084820000102e+02 -6.144679164459999754e+01 1.976466848649999974e+02
6.500000000000000222e-01 7.268649915519999922e+03 2.500517244029999802e+03 1.844071664370000144e+04 2.030679901409999957e+02 -6.167770509460000028e+01 1.985316943919999915e+02
6.500000000000000222e-01 7.366032520509999813e+03 2.311613923549999981e+03 1.864826878500000021e+04 2.026258124880000082e+02 -6.143748635200000052e+01 1.980791262300000142e+02
6.500000000000000222e-01 7.225160217679999732e+03 2.113043942419999894e+03 1.842139737500000047e+04 2.028485854280000069e+02 -6.102512665919999790e+01 1.979108704569999873e+02
6.500000000000000222e-01 7.386598902169999747e+03 2.442635429660000227e+03 1.834112555649999922e+04 2.024026901279999890e+02 -6.193482392260000324e+01 1.968661279089999994e+02
6.500000000000000222e-01 7.255685964870000134e+03 2.108578549530000146e+03 1.851716024439999819e+04 2.033395681910000121e+02 -6.139221381600000171e+01 1.974148268499999972e+02
6.500000000000000222e-01 7.471428514559999712e+03 2.249766778369999884e+03 1.854244979999999850e+04 2.031874772600000085e+02 -6.132600829489999938e+01 1.970450320060000138e+02
6.500000000000000222e-01 7.139619529259999581e+03 2.172160154140000031e+03 1.841971858849999990e+04 2.030538746109999977e+02 -6.110401599490000280e+01 1.974293836090000127e+02
6.500000000000000222e-01 7.191295802470000126e+03 2.432454523070000050e+03 1.857155779640000037e+04 2.035212066299999947e+02 -6.193729624099999853e+01 1.985433699600000068e+02
6.500000000000000222e-01 7.366067482239999663e+03 2.363218308859999979e+03 1.827227420559999882e+04 2.034317122120000079e+02 -6.104107086409999994e+01 1.979322711490000017e+02
6.500000000000000222e-01 7.412603521250000085e+03 2.149933075389999885e+03 1.852672697870000047e+04 2.031504962989999967e+02 -6.145054875470000155e+01 1.968711927189999926e+02
6.500000000000000222e-01 7.460163374329999897e+03 2.417326848080000218e+03 1.843910608480000155e+04 2.027380943519999903e+02 -6.156899676140000111e+01 1.968545525499999940e+02
6.500000000000000222e-01 7.388008348080000360e+03 2.476349999089999983e+03 1.841747155109999949e+04 2.028602551589999905e+02 -6.183654203209999878e+01 1.969805340469999919e+02
6.500000000000000222e-01 7.151709390779999922e+03 2.172079137849999825e+03 1.852069953180000084e+04 2.034593688749999956e+02 -6.104288201920000034e+01 1.984218331550000016e+02
6.500000000000000222e-01 7.153834867010000380e+03 2.441798367249999956e+03 1.849311984640000082e+04 2.030662889070000006e+02 -6.144361338049999688e+01 1.966723631719999901e+02
6.500000000000000222e-01 7.415350436429999718e+03 2.148849317719999817e+03 1.852632635139999911e+04 2.029444329560000142e+02 -6.116367561700000266e+01 1.982283680689999983e+02
6.500000000000000222e-01 7.467123781420000341e+03 2.382832986720000008e+03 1.852651649869999892e+04 2.025309983450000004e+02 -6.156982286769999746e+01 1.988061392079999905e+02
6.500000000000000222e-01 7.202681748680000055e+03 2.247522141920000195e+03 1.862986842149999939e+04 2.024939153889999943e+02 -6.153733004130000239e+01 1.973020517859999927e+02
1.390000000000000000e+04 -1.055319602490000034e+04 2.926710878589999993e+03 1.142813590850000037e+04 -2.351803006089999997e+02 2.015277805569999998e+02 -3.353415054390000023e+02
6.500000000000000222e-01 -1.065966003830000045e+04 3.016186901470000066e+03 1.146256799280000087e+04 -2.353237191290000112e+02 2.015298883629999978e+02 -3.357128450289999932e+02
6.500000000000000222e-01 -1.062319080079999912e+04 2.905925615990000097e+03 1.155268674939999983e+04 -2.356799479420000125e+02 2.014452143659999876e+02 -3.353785961440000278e+02
6.500000000000000222e-01 -1.047502797739999914e+04 2.906484867459999805e+03 1.154557181409999976e+04 -2.355477374090000069e+02 2.015590396439999950e+02 -3.352689969570000130e+02
6.500000000000000222e-01 -1.046824272159999964e+04 2.965025475599999936e+03 1.131768908270000065e+04 -2.346014600640000083e+02 2.016039877759999968e+02 -3.351597581099999843e+02
6.500000000000000222e-01 -1.044735038829999939e+04 2.999284504860000197e+03 1.148700307400000020e+04 -2.356258703560000072e+02 2.013108364699999981e+02 -3.349156070839999870e+02
6.500000000000000222e-01 -1.059556175120000080e+04 3.014928871390000040e+03 1.153404741230000036e+04 -2.351819932079999944e+02 2.010302033769999923e+02 -3.347101144119999958e+02
6.500000000000000222e-01 -1.050315935189999982e+04 2.809419559670000126e+03 1.137043277040000066e+04 -2.351840849870000056e+02 2.017042409780000014e+02 -3.350725916239999833e+02
6.500000000000000222e-01 -1.059942164650000086e+04 2.800870897440000135e+03 1.147148498499999914e+04 -2.352440034200000127e+02 2.020223605909999947e+02 -3.348259121529999902e+02
6.500000000000000222e-01 -1.056060342599999967e+04 2.810066124980000041e+03 1.151399748150000050e+04 -2.349942035690000068e+02 2.013987172760000135e+02 -3.354012030719999871e+02
6.500000000000000222e-01 -1.049747241399999984e+04 3.031979481679999935e+03 1.150241983299999993e+04 -2.351912400269999921e+02 2.009862198190000129e+02 -3.351531303549999734e+02
6.500000000000000222e-01 -1.041450383730000067e+04 2.918393630439999924e+03 1.139569000210000013e+04 -2.353534965609999858e+02 2.015171337950000066e+02 -3.360373538829999802e+02
6.500000000000000222e-01 -1.052893863729999975e+04 2.791151559230000203e+03 1.138933744350000052e+04 -2.349956018080000035e+02 2.015150764359999869e+02 -3.348931181639999863e+02
6.500000000000000222e-01 -1.046347952690000056e+04 2.817126438069999949e+03 1.140670639579999988e+04 -2.351421415169999989e+02 2.016525840820000042e+02 -3.355328052950000028e+02
6.500000000000000222e-01 -1.054697866509999949e+04 2.832806831200000033e+03 1.131811223720000089e+04 -2.347888295310000046e+02 2.010761127019999890e+02 -3.351329416169999718e+02
6.500000000000000222e-01 -1.066385328269999991e+04 2.923193497469999784e+03 1.152033478269999978e+04 -2.353956940049999957e+02 2.015679766920000020e+02 -3.353072006140000099e+02
6.500000000000000222e-01 -1.044176151570000002e+04 2.841498722639999869e+03 1.140340156500000012e+04 -2.351205529290000129e+02 2.015870889759999898e+02 -3.349419023230000221e+02
6.500000000000000222e-01 -1.048871778939999967e+04 2.884650879230000101e+03 1.130774875260000044e+04 -2.353785943050000071e+02 2.018471586580000121e+02 -3.357052641380000182e+02
6.500000000000000222e-01 -1.048982298950000040e+04 2.906278804800000216e+03 1.155375897339999938e+04 -2.349838293290000024e+02 2.014655994059999955e+02 -3.356090108849999751e+02
6.500000000000000222e-01 -1.064888884160000089e+04 2.824104063709999991e+03 1.141185192500000085e+04 -2.350755355199999883e+02 2.018086075909999977e+02 -3.353951814569999783e+02
6.500000000000000222e-01 -1.061453662049999912e+04 3.041001188079999793e+03 1.147866937650000000e+04 -2.350382033530000001e+02 2.011374659580000070e+02 -3.351607673490000252e+02
6.500000000000000222e-01 -1.052303180369999973e+04 2.817531845959999828e+03 1.151688036690000081e+04 -2.352518626940000104e+02 2.019105456309999909e+02 -3.349192067999999836e+02
6.500000000000000222e-01 -1.061079947840000023e+04 2.928675357699999950e+03 1.129772618080000029e+04 -2.343634755150000046e+02 2.014811506599999973e+02 -3.356134846219999872e+02
6.500000000000000222e-01 -1.064288350290000017e+04 2.961579053710000153e+03 1.153732809319999978e+04 -2.356520150769999873e+02 2.017096692800000142e+02 -3.353537836630000015e+02
6.500000000000000222e-01 -1.048106936080000014e+04 2.995972140639999907e+03 1.132523656359999950e+04 -2.352881993759999943e+02 2.015837179680000020e+02 -3.354822098370000276e+02
6.500000000000000222e-01 -1.062081097609999961e+04 2.866463134999999966e+03 1.131848730550000073e+04 -2.353526641009999878e+02 2.014318425069999989e+02 -3.349904553090000263e+02
6.500000000000000222e-01 -1.057196400910000011e+04 2.850383080290000180e+03 1.130733310969999911e+04 -2.347697963040000104e+02 2.011667834600000049e+02 -3.352670093620000102e+02
6.500000000000000222e-01 -1.057659477329999936e+04 2.848278695139999854e+03 1.131190027240000018e+04 -2.352176893969999867e+02 2.013489298410000004e+02 -3.351054378050000082e+02
6.500000000000000222e-01 -1.041750388510000084e+04 2.915338810300000205e+03 1.138483815060000052e+04 -2.353696557709999979e+02 2.015303659399999958e+02 -3.360296510289999787e+02
6.500000000000000222e-01 -1.053326641249999921e+04 2.875915926829999989e+03 1.156029578890000084e+04 -2.356483262579999973e+02 2.022227969900000062e+02 -3.350140725129999737e+02
6.500000000000000222e-01 -1.055082490669999970e+04 2.789126110310000058e+03 1.139955791359999967e+04 -2.351784103569999900e+02 2.017340174500000103e+02 -3.348655482049999819e+02
6.500000000000000222e-01 -1.052869539040000018e+04 2.787221918539999933e+03 1.143690820349999922e+04 -2.351528553560000034e+02 2.017050407179999922e+02 -3.359826321049999933e+02
6.500000000000000222e-01 -1.048340932939999948e+04 2.881033934049999971e+03 1.131008761480000067e+04 -2.354775386640000079e+02 2.018622296769999878e+02 -3.359632092350000221e+02
6.500000000000000222e-01 -1.041132225769999968e+04 2.936648128679999900e+03 1.142575377560000015e+04 -2.352769143520000057e+02 2.014794689000000005e+02 -3.349728661290000105e+02
6.500000000000000222e-01 -1.049017090269999971e+04 2.987916922030000023e+03 1.131426522379999915e+04 -2.354608803950000038e+02 2.013323783939999885e+02 -3.357562639500000046e+02
6.500000000000000222e-01 -1.055713276519999999e+04 2.789321269879999818e+03 1.146021734590000051e+04 -2.352192915800000037e+02 2.019440065930000117e+02 -3.347358717829999932e+02
6.500000000000000222e-01 -1.064678908860000047e+04 3.020454013309999937e+03 1.137285189139999966e+04 -2.352764957869999876e+02 2.016090950630000123e+02 -3.348045954610000194e+02
6.500000000000000222e-01 -1.054728460559999985e+04 2.971735656199999994e+03 1.156457978489999914e+04 -2.355334193580000033e+02 2.008977123409999876e+02 -3.350024569579999820e+02
6.500000000000000222e-01 -1.048885490729999947e+04 2.914169107660000009e+03 1.129882283830000051e+04 -2.345421842910000123e+02 2.013853523999999879e+02 -3.353356868160000204e+02
6.500000000000000222e-01 -1.057042597849999947e+04 2.924030954750000092e+03 1.157140570549999939e+04 -2.348223661400000140e+02 2.016703637939999965e+02 -3.351134239309999998e+02
6.500000000000000222e-01 -1.060836262929999975e+04 2.908259077400000024e+03 1.156064001009999993e+04 -2.359226540999999884e+02 2.014218032310000126e+02 -3.353903770109999982e+02
1.190000000000000000e+04 -6.376563273040000240e+03 6.024034275889999662e+03 -1.280170677109999997e+04 -2.644960507650000068e+02 -3.297761623889999782e+01 9.003231910830000118e+01
6.500000000000000222e-01 -6.460840947640000195e+03 5.932685343250000187e+03 -1.275598737470000015e+04 -2.643562060589999874e+02 -3.307248540140000159e+01 8.957659950000000038e+01
6.500000000000000222e-01 -6.466275953579999623e+03 5.931921889059999558e+03 -1.277207537869999942e+04 -2.642361520520000226e+02 -3.271335720220000098e+01 9.059243223849999538e+01
6.500000000000000222e-01 -6.260365852599999926e+03 6.058954197480000403e+03 -1.285320925490000081e+04 -2.645635100760000000e+02 -3.291384654699999857e+01 9.057347515930000270e+01
6.500000000000000222e-01 -6.275288757289999921e+03 5.940260830950000127e+03 -1.281818896809999933e+04 -2.646774163310000176e+02 -3.286011358969999918e+01 8.979326489310000170e+01
6.500000000000000222e-01 -6.393228390870000112e+03 6.120793773119999969e+03 -1.289295412700000088e+04 -2.644662850830000025e+02 -3.344872489210000310e+01 8.931050172119999786e+01
6.500000000000000222e-01 -6.454984411950000322e+03 6.127258115620000353e+03 -1.277351885960000072e+04 -2.643469119999999748e+02 -3.318243555760000163e+01 9.036669719629999520e+01
6.500000000000000222e-01 -6.343194710609999674e+03 6.017633823019999909e+03 -1.267126207199999953e+04 -2.642495908110000187e+02 -3.317863318780000270e+01 9.016837805929999661e+01
6.500000000000000222e-01 -6.496074708410000312e+03 5.996499848139999813e+03 -1.285044521929999974e+04 -2.643516204570000241e+02 -3.287373874160000042e+01 9.011613257320000514e+01
6.500000000000000222e-01 -6.415507475790000171e+03 5.929314867580000282e+03 -1.288668084060000001e+04 -2.644622453719999839e+02 -3.315834883139999789e+01 9.041442170899999553e+01
6.500000000000000222e-01 -6.352734001900000294e+03 5.972884232270000211e+03 -1.268057900469999913e+04 -2.645722210430000132e+02 -3.293464178260000352e+01 9.022111090709999814e+01
6.500000000000000222e-01 -6.475362148889999844e+03 5.938159721859999991e+03 -1.281607189180000023e+04 -2.643292259120000267e+02 -3.285106331200000085e+01 9.058640091210000378e+01
6.500000000000000222e-01 -6.336181995699999788e+03 5.979055844599999546e+03 -1.292003824709999935e+04 -2.643330830059999812e+02 -3.314016758249999839e+01 9.025841059939999411e+01
6.500000000000000222e-01 -6.446056436879999637e+03 6.092131960759999856e+03 -1.271286465309999949e+04 -2.640084553240000105e+02 -3.346990792900000145e+01 9.042993628819999685e+01
6.500000000000000222e-01 -6.301109461390000433e+03 6.130488269710000168e+03 -1.278289072730000044e+04 -2.646811959319999801e+02 -3.308644946750000315e+01 8.953687246879999861e+01
6.500000000000000222e-01 -6.285162068020000333e+03 6.006007645280000361e+03 -1.270573905860000013e+04 -2.648395581390000189e+02 -3.303186826849999846e+01 9.049463016859999698e+01
6.500000000000000222e-01 -6.503621181589999651e+03 6.049719771099999889e+03 -1.282684904810000080e+04 -2.642534885059999965e+02 -3.295189140749999979e+01 8.974734186999999963e+01
6.500000000000000222e-01 -6.292387210560000312e+03 6.052080325670000093e+03 -1.270118669090000003e+04 -2.646342323430000079e+02 -3.336638989600000116e+01 9.034738870069999450e+01
6.500000000000000222e-01 -6.352845390729999963e+03 6.022661334520000310e+03 -1.266886994249999952e+04 -2.638151206129999764e+02 -3.317674585740000026e+01 9.012989896800000622e+01
6.500000000000000222e-01 -6.371696547550000105e+03 5.969892486319999989e+03 -1.267922940860000017e+04 -2.645953904329999773e+02 -3.253358600319999994e+01 9.041623906329999727e+01
6.500000000000000222e-01 -6.374202635329999794e+03 6.155505425319999631e+03 -1.281062327999999980e+04 -2.645263856540000234e+02 -3.318251345280000209e+01 9.025930640549999850e+01
6.500000000000000222e-01 -6.252646933310000350e+03 5.986283392100000128e+03 -1.277094461170000068e+04 -2.646698790880000161e+02 -3.304385225189999886e+01 9.032759747890000313e+01
6.500000000000000222e-01 -6.435825581000000057e+03 5.908462423230000240e+03 -1.277423727719999988e+04 -2.642437274079999838e+02 -3.297835051650000082e+01 8.978480625650000491e+01
6.500000000000000222e-01 -6.280645650049999858e+03 6.106151579440000205e+03 -1.276345572899999934e+04 -2.644979044090000002e+02 -3.309517328129999925e+01 8.948175254570000448e+01
6.500000000000000222e-01 -6.358068739899999855e+03 5.893746787369999765e+03 -1.278996968869999910e+04 -2.644859544739999819e+02 -3.274313624719999893e+01 9.061667411850000065e+01
6.500000000000000222e-01 -6.499746509229999901e+03 5.982652868549999766e+03 -1.277983384660000047e+04 -2.641844767499999875e+02 -3.284437232709999677e+01 9.041941393390000314e+01
6.500000000000000222e-01 -6.455471561780000229e+03 6.079374148230000173e+03 -1.289559933269999965e+04 -2.648082997409999848e+02 -3.267419574470000043e+01 9.019083982220000451e+01
6.500000000000000222e-01 -6.373723224540000047e+03 5.896914349470000161e+03 -1.277035690480000085e+04 -2.645494173980000028e+02 -3.271190545099999980e+01 9.008055332019999639e+01
6.500000000000000222e-01 -6.354786896200000228e+03 6.118503394160000425e+03 -1.289462914610000007e+04 -2.645445256759999779e+02 -3.259482341529999871e+01 9.024741936259999875e+01
6.500000000000000222e-01 -6.454699727039999743e+03 6.130492130820000057e+03 -1.278534075669999947e+04 -2.644830607769999915e+02 -3.302176325119999944e+01 8.934749188649999496e+01
6.500000000000000222e-01 -6.452393794069999785e+03 6.055648053259999870e+03 -1.269654559130000052e+04 -2.646154713980000110e+02 -3.294389869740000165e+01 8.981208989680000343e+01
6.500000000000000222e-01 -6.487627948489999653e+03 6.013543312200000400e+03 -1.273139596870000059e+04 -2.644664637899999775e+02 -3.305424508790000004e+01 8.960143241980000539e+01
6.500000000000000222e-01 -6.437953964569999698e+03 5.964918420330000117e+03 -1.269861496509999961e+04 -2.639992734470000073e+02 -3.262527888700000034e+01 9.056494927090000147e+01
6.500000000000000222e-01 -6.330564013829999567e+03 6.083518913230000180e+03 -1.269152777020000030e+04 -2.641828688360000115e+02 -3.282178155830000321e+01 8.979333772799999736e+01
6.500000000000000222e-01 -6.383874095490000400e+03 6.156323305169999912e+03 -1.280586712930000067e+04 -2.645580464920000168e+02 -3.312518699160000324e+01 9.044043236660000673e+01
6.500000000000000222e-01 -6.498731770319999669e+03 6.030569631649999792e+03 -1.285377909759999966e+04 -2.641800408629999879e+02 -3.286335573579999902e+01 8.945372453980000671e+01
6.500000000000000222e-01 -6.370149244690000160e+03 6.097015891699999884e+03 -1.291343914220000079e+04 -2.644304510950000235e+02 -3.277918265830000166e+01 9.004428288610000664e+01
6.500000000000000222e-01 -6.306909369230000266e+03 6.093423555049999777e+03 -1.289179859650000071e+04 -2.643877054779999867e+02 -3.296339314890000338e+01 9.019309131079999986e+01
6.500000000000000222e-01 -6.441943669979999868e+03 5.951025839949999863e+03 -1.289055068629999914e+04 -2.644814774110000144e+02 -3.233329643780000140e+01 8.970855491769999901e+01
6.500000000000000222e-01 -6.271514549810000062e+03 5.944100008970000090e+03 -1.281137909059999947e+04 -2.646695798920000016e+02 -3.288606632089999948e+01 8.994010839310000449e+01
6.500000000000000222e-01 -6.325416044550000152e+03 6.120025758060000044e+03 -1.287879610379999940e+04 -2.644754884270000161e+02 -3.278447257770000078e+01 9.033802599550000423e+01
