3.450000000000000000e+05 3.351378090820000125e+03 -4.894907656569999745e+03 -7.098302431240000260e+03 -1.215641557400000039e+02 3.347873127999999809e+01 -3.598845581260000159e+01
6.500000000000000222e-01 3.264689282249999906e+03 -4.806097837029999937e+03 -6.835813427510000110e+03 -1.218966974570000019e+02 3.411616319889999716e+01 -3.503464443589999888e+01
6.500000000000000222e-01 3.177557038689999899e+03 -5.014917564319999656e+03 -7.282813082409999879e+03 -1.211125121879999966e+02 3.346126939050000004e+01 -3.523198556589999697e+01
6.500000000000000222e-01 3.541160477949999859e+03 -4.821044586820000404e+03 -6.907772580060000109e+03 -1.218173206080000028e+02 3.392489624960000327e+01 -3.739594452619999743e+01
6.500000000000000222e-01 3.333047790619999887e+03 -5.008218152700000246e+03 -7.367247691169999598e+03 -1.207566208150000051e+02 3.047345879119999879e+01 -3.603416957480000349e+01
6.500000000000000222e-01 3.463248998680000113e+03 -5.094599367400000119e+03 -7.261764321869999549e+03 -1.216077177260000042e+02 3.357455489110000002e+01 -3.667970274529999841e+01
6.500000000000000222e-01 3.448068546349999906e+03 -4.675329562529999748e+03 -7.234598905709999599e+03 -1.225470253219999961e+02 3.116308050159999965e+01 -3.758488317140000134e+01
6.500000000000000222e-01 3.129573878679999780e+03 -4.790976017349999893e+03 -7.230494636549999996e+03 -1.198667092660000009e+02 3.296497975129999958e+01 -3.642845390480000134e+01
6.500000000000000222e-01 3.514082195919999776e+03 -4.719766328699999576e+03 -7.235092843080000421e+03 -1.221498816849999969e+02 3.087929996700000146e+01 -3.731793883089999753e+01
6.500000000000000222e-01 3.128553484609999941e+03 -4.821358125609999661e+03 -6.918490662569999586e+03 -1.212188361550000053e+02 3.472162664100000029e+01 -3.402063868860000184e+01
6.500000000000000222e-01 3.084628419959999974e+03 -4.912522407700000258e+03 -7.009781432130000212e+03 -1.200934722429999937e+02 3.453093916200000280e+01 -3.285139353209999769e+01
6.500000000000000222e-01 3.177318379459999960e+03 -5.036550317600000199e+03 -7.266174647730000288e+03 -1.212148645439999939e+02 3.295375287110000073e+01 -3.464417357439999989e+01
6.500000000000000222e-01 3.427998469529999966e+03 -4.914099918279999656e+03 -6.830338050620000104e+03 -1.238478990269999969e+02 3.505570920640000310e+01 -3.584746134649999760e+01
6.500000000000000222e-01 3.290167673349999859e+03 -4.741830889460000435e+03 -7.330732119799999964e+03 -1.214968274010000044e+02 3.226656333340000060e+01 -3.593370863610000043e+01
6.500000000000000222e-01 3.208788984320000054e+03 -4.840600157290000425e+03 -7.329612239389999559e+03 -1.185688586339999944e+02 3.196238421800000040e+01 -3.692468444520000048e+01
6.500000000000000222e-01 3.498394040759999825e+03 -4.852852725839999948e+03 -6.867364927980000175e+03 -1.233467168370000024e+02 3.428357234050000102e+01 -3.621160578979999656e+01
6.500000000000000222e-01 3.230806552770000053e+03 -5.107997547619999750e+03 -7.238141970530000435e+03 -1.195307849969999978e+02 3.460497919160000180e+01 -3.876007293859999692e+01
6.500000000000000222e-01 3.133652818680000109e+03 -4.965534947559999637e+03 -7.252500462240000161e+03 -1.211282049130000047e+02 3.296645853700000117e+01 -3.399512840959999949e+01
6.500000000000000222e-01 3.356590907809999862e+03 -4.989956571740000072e+03 -6.838672204899999997e+03 -1.231244895239999977e+02 3.717055077050000023e+01 -3.543409092009999739e+01
6.500000000000000222e-01 3.246973238349999974e+03 -4.963163011450000340e+03 -6.841462161460000061e+03 -1.201295457220000031e+02 3.581503763239999927e+01 -3.459138999639999668e+01
6.500000000000000222e-01 3.400207589619999908e+03 -4.815676606670000183e+03 -7.363536820070000431e+03 -1.206148877239999990e+02 3.027331913649999962e+01 -3.648685689269999699e+01
6.500000000000000222e-01 3.151357888869999897e+03 -4.724812057750000349e+03 -7.206626286130000153e+03 -1.215020871899999975e+02 3.361498207230000190e+01 -3.371303835850000041e+01
6.500000000000000222e-01 3.202349034419999953e+03 -4.707951402620000408e+03 -7.240958433470000273e+03 -1.203926702010000014e+02 3.193967557799999923e+01 -3.670798591759999852e+01
6.500000000000000222e-01 3.467952655980000145e+03 -4.727628079570000409e+03 -6.901200406099999782e+03 -1.244114738650000049e+02 3.281407118119999922e+01 -3.386206899599999787e+01
6.500000000000000222e-01 3.575314430720000018e+03 -4.914056501480000406e+03 -6.940676098869999805e+03 -1.234302353780000061e+02 3.365641163629999966e+01 -3.617313131809999760e+01
6.500000000000000222e-01 3.567271845339999800e+03 -4.886148706230000244e+03 -6.929263782770000034e+03 -1.227820679759999933e+02 3.369497342790000260e+01 -3.706371194609999975e+01
6.500000000000000222e-01 3.328648398650000217e+03 -5.113206199750000451e+03 -6.925889791239999795e+03 -1.208956053280000020e+02 3.570997260960000119e+01 -3.504516258520000349e+01
6.500000000000000222e-01 3.224344539189999978e+03 -4.740250268900000265e+03 -7.298811014820000310e+03 -1.219606278309999965e+02 3.381987722480000258e+01 -3.421646276700000300e+01
6.500000000000000222e-01 3.160874250939999911e+03 -5.082004190550000203e+03 -7.169621319290000429e+03 -1.206802311019999934e+02 3.387515475819999722e+01 -3.428021576729999964e+01
6.500000000000000222e-01 3.244245991310000136e+03 -4.646423379490000116e+03 -7.192308166779999738e+03 -1.219415211190000008e+02 3.295737129780000174e+01 -3.489527959450000338e+01
6.500000000000000222e-01 3.221348083159999987e+03 -5.040017000130000270e+03 -6.896426570169999650e+03 -1.224288223469999934e+02 3.377140929880000186e+01 -3.737395697400000216e+01
6.500000000000000222e-01 3.535870025780000105e+03 -4.731103322599999956e+03 -6.973797777830000086e+03 -1.227047050559999946e+02 3.232706315149999909e+01 -3.565093917629999964e+01
6.500000000000000222e-01 3.118341821840000193e+03 -4.980960711779999656e+03 -6.965485704020000412e+03 -1.219667597859999972e+02 3.450260068920000123e+01 -3.731134658580000263e+01
6.500000000000000222e-01 3.077202380230000017e+03 -4.931095776989999649e+03 -7.103933204820000356e+03 -1.204403238860000016e+02 3.408924246530000346e+01 -3.296440190679999915e+01
6.500000000000000222e-01 3.413395773090000148e+03 -4.849970945240000219e+03 -7.374713273719999961e+03 -1.224521234900000053e+02 3.142125488199999950e+01 -3.686456456810000049e+01
6.500000000000000222e-01 3.238177581559999908e+03 -4.637421356279999600e+03 -7.056611004370000046e+03 -1.216940935279999962e+02 3.283060297899999824e+01 -3.243880099300000097e+01
6.500000000000000222e-01 3.343976783699999942e+03 -4.616997816439999951e+03 -7.140269285010000203e+03 -1.224078139930000049e+02 3.265733087600000317e+01 -3.470772515360000199e+01
6.500000000000000222e-01 3.387276931379999951e+03 -4.774826677400000335e+03 -7.341902183909999621e+03 -1.201849921329999944e+02 3.039671902839999973e+01 -3.609358827070000331e+01
6.500000000000000222e-01 3.423431569469999886e+03 -4.786384529029999612e+03 -6.844294166839999889e+03 -1.227032061219999974e+02 3.263945163000000349e+01 -3.502497292439999654e+01
6.500000000000000222e-01 3.218493749610000123e+03 -5.008567726350000157e+03 -6.878990288070000133e+03 -1.218793350720000035e+02 3.644626442239999875e+01 -3.535057575830000332e+01
6.500000000000000222e-01 3.421616422009999951e+03 -4.712447940689999996e+03 -6.887979959510000299e+03 -1.221893422539999960e+02 3.502994634659999917e+01 -3.656665796509999922e+01
4.560000000000000000e+04 7.284652338339999915e+03 2.304164059360000010e+03 1.844702999909999926e+04 2.030338884770000050e+02 -6.134210232080000225e+01 1.978485873140000137e+02
6.500000000000000222e-01 7.336048969440000292e+03 2.179541081889999987e+03 1.860733151300000100e+04 2.036055679430000112e+02 -6.178162951190000030e+01 1.977521750290000000e+02
6.500000000000000222e-01 7.412203759299999547e+03 2.406815928879999774e+03 1.832593699710000146e+04 2.025217341510000040e+02 -6.197610315970000272e+01 1.971573354569999879e+02
6.500000000000000222e-01 7.340100691399999960e+03 2.184985022750000098e+03 1.860501444339999944e+04 2.027951236030000075e+02 -6.045225766010000257e+01 1.986725853739999934e+02
6.500000000000000222e-01 7.084054971319999822e+03 2.290495123789999980e+03 1.841395726189999914e+04 2.032527228429999866e+02 -6.135013566429999798e+01 1.978077023079999890e+02
6.500000000000000222e-01 7.426514373730000443e+03 2.438986996550000185e+03 1.839264558110000144e+04 2.029446111020000103e+02 -6.129078117270000092e+01 1.988331449609999879e+02
6.500000000000000222e-01 7.195098073369999838e+03 2.485498504560000129e+03 1.845107902340000146e+04 2.032179976810000142e+02 -6.167077981149999744e+01 1.975694333149999977e+02
6.500000000000000222e-01 7.250182911590000003e+03 2.345841565379999793e+03 1.864605454180000015e+04 2.039019372490000137e+02 -6.207615219710000076e+01 1.983383042629999977e+02
6.500000000000000222e-01 7.282623656699999628e+03 2.506955648650000057e+03 1.844243625529999917e+04 2.030667068490000133e+02 -6.168200617459999791e+01 1.976216355079999971e+02
6.500000000000000222e-01 7.266204632230000243e+03 2.372006110769999850e+03 1.825200141730000178e+04 2.028419878500000095e+02 -6.201218636920000193e+01 1.973889858560000050e+02
6.500000000000000222e-01 7.195822246059999998e+03 2.302131763790000150e+03 1.826012797990000035e+04 2.031523023109999997e+02 -6.141745802970000057e+01 1.975095902639999963e+02
6.500000000000000222e-01 7.430350546439999562e+03 2.209826372099999844e+03 1.834677726869999969e+04 2.027989965159999883e+02 -6.119153915879999772e+01 1.983501773069999956e+02
6.500000000000000222e-01 7.237972418370000014e+03 2.308060279429999810e+03 1.864759114820000104e+04 2.033016767089999917e+02 -6.126274038399999711e+01 1.980146715809999876e+02
6.500000000000000222e-01 7.209067162680000365e+03 2.147181242220000058e+03 1.855509546720000071e+04 2.036199341200000106e+02 -6.140535466309999890e+01 1.978912630540000066e+02
6.500000000000000222e-01 7.260143737159999546e+03 2.110012306250000165e+03 1.838324103359999935e+04 2.032017344559999970e+02 -6.105851724600000097e+01 1.970569715160000044e+02
6.500000000000000222e-01 7.150115260460000172e+03 2.153752771859999939e+03 1.847151487379999890e+04 2.032923618799999872e+02 -6.108746932430000243e+01 1.985153586609999934e+02
6.500000000000000222e-01 7.378437615900000310e+03 2.143079906299999948e+03 1.837775731929999893e+04 2.026252068869999903e+02 -6.094699120620000343e+01 1.981533113879999917e+02
6.500000000000000222e-01 7.479694491250000283e+03 2.354748807290000059e+03 1.848024574940000093e+04 2.029130857650000053e+02 -6.140495651239999830e+01 1.976480699379999919e+02
6.500000000000000222e-01 7.486638333019999664e+03 2.325499378980000074e+03 1.845516597259999980e+04 2.027516014029999951e+02 -6.134577700039999826e+01 1.981822851389999869e+02
6.500000000000000222e-01 7.195988651450000361e+03 2.179642303699999957e+03 1.830798838049999904e+04 2.035296025279999981e+02 -6.137823169210000174e+01 1.973161115499999880e+02
6.500000000000000222e-01 7.213619207319999987e+03 2.367108148650000203e+03 1.863136694400000124e+04 2.035111461379999866e+02 -6.153761024930000190e+01 1.982981790380000007e+02
6.500000000000000222e-01 7.206860735870000099e+03 2.421700843890000215e+03 1.829455452259999947e+04 2.024720334970000124e+02 -6.085218986600000335e+01 1.982301876319999963e+02
6.500000000000000222e-01 7.412304688600000190e+03 2.179426943179999853e+03 1.834129588710000098e+04 2.028104564989999972e+02 -6.122916884930000236e+01 1.973519723459999966e+02
6.500000000000000222e-01 7.367698100710000290e+03 2.119325765680000131e+03 1.845710849289999896e+04 2.029325972670000056e+02 -6.110038842929999703e+01 1.969096431840000037e+02
6.500000000000000222e-01 7.286626732679999805e+03 2.433454539370000020e+03 1.828531339959999968e+04 2.026571590959999867e+02 -6.069961581740000156e+01 1.981957443459999979e+02
6.500000000000000222e-01 7.446710085820000131e+03 2.187204925890000140e+03 1.849597278820000065e+04 2.030746587350000141e+02 -6.131813031019999727e+01 1.974919146729999966e+02
6.500000000000000222e-01 7.184792247919999681e+03 2.444999499240000205e+03 1.854949066699999821e+04 2.036808177800000124e+02 -6.203084594210000091e+01 1.986106793499999981e+02
6.500000000000000222e-01 7.413329860159999953e+03 2.195161774400000013e+03 1.855633069170000090e+04 2.029648476579999965e+02 -6.109661686030000283e+01 1.975143883750000100e+02
6.500000000000000222e-01 7.417220600550000199e+03 2.384680444300000090e+03 1.831588604290000148e+04 2.030542418329999919e+02 -6.109369658090000144e+01 1.984426205620000019e+02
6.500000000000000222e-01 7.244168314479999935e+03 2.274097473669999999e+03 1.824591947920000166e+04 2.022336683199999925e+02 -6.179456253229999874e+01 1.977578173230000118e+02
6.500000000000000222e-01 7.263727032910000162e+03 2.274396195499999976e+03 1.824329754039999898e+04 2.025135897819999968e+02 -6.172300361599999974e+01 1.976949761070000022e+02
6.500000000000000222e-01 7.102311409099999764e+03 2.248014959900000122e+03 1.851822474439999860e+04 2.030560796960000118e+02 -6.122239636580000166e+01 1.972252513649999912e+02
6.500000000000000222e-01 7.309980138599999918e+03 2.490250129670000206e+03 1.853636254639999970e+04 2.027191019500000095e+02 -6.126269848199999757e+01 1.981039337240000009e+02
6.500000000000000222e-01 7.206979244760000256e+03 2.460842813820000174e+03 1.854225285989999975e+04 2.034222940589999951e+02 -6.161799906280000272e+01 1.974386774120000041e+02
6.500000000000000222e-01 7.398279675280000447e+03 2.146417309479999858e+03 1.850114969259999998e+04 2.029696554010000114e+02 -6.117530064310000171e+01 1.970985054909999974e+02
6.500000000000000222e-01 7.448949988909999774e+03 2.410787112059999799e+03 1.839245684740000070e+04 2.028872382700000117e+02 -6.167037992070000030e+01 1.978927751290000003e+02
6.500000000000000222e-01 7.286177956350000386e+03 2.382465595900000153e+03 1.863939789359999850e+04 2.030436958520000132e+02 -6.047053193459999676e+01 1.978173931030000006e+02
6.500000000000000222e-01 7.434812091120000332e+03 2.184166292809999959e+03 1.850520621670000037e+04 2.026473885800000119e+02 -6.090747657509999868e+01 1.982470482569999888e+02
6.500000000000000222e-01 7.082125751640000090e+03 2.300709228520000124e+03 1.846486111510000046e+04 2.031933106010000074e+02 -6.135444456199999763e+01 1.967359712989999991e+02
6.500000000000000222e-01 7.342321210789999895e+03 2.481364595940000072e+03 1.853758274729999903e+04 2.027184084090000056e+02 -6.114028813400000217e+01 1.978904041270000107e+02
6.500000000000000222e-01 7.475022765409999920e+03 2.334305914959999882e+03 1.851381089159999829e+04 2.026613930299999993e+02 -6.132277786800000285e+01 1.984992656340000110e+02
1.390000000000000000e+04 -1.054342690539999967e+04 2.917262180189999981e+03 1.144689024350000000e+04 -2.352511707280000053e+02 2.015233631289999892e+02 -3.351507837259999860e+02
6.500000000000000222e-01 -1.049610262100000000e+04 2.898798735180000222e+03 1.157996645689999968e+04 -2.360293780540000057e+02 2.018222849770000096e+02 -3.349156332420000126e+02
6.500000000000000222e-01 -1.057183497139999963e+04 2.948526595240000006e+03 1.130976438269999926e+04 -2.354388366500000132e+02 2.018907055399999990e+02 -3.350494768269999781e+02
6.500000000000000222e-01 -1.058337329789999967e+04 2.935932338619999882e+03 1.158452883579999980e+04 -2.348838288890000001e+02 2.012538776199999973e+02 -3.347559157700000014e+02
6.500000000000000222e-01 -1.046797796399999970e+04 2.818222076940000079e+03 1.138100977140000032e+04 -2.354522225519999949e+02 2.019792888579999897e+02 -3.357922811160000265e+02
6.500000000000000222e-01 -1.046557033039999988e+04 2.812222397829999863e+03 1.139718721709999954e+04 -2.353112832239999932e+02 2.017681676409999909e+02 -3.350552134470000283e+02
6.500000000000000222e-01 -1.061320419980000042e+04 2.893692291429999841e+03 1.157153208169999925e+04 -2.356513662259999933e+02 2.016450893710000116e+02 -3.350664555029999860e+02
6.500000000000000222e-01 -1.061250689899999998e+04 2.882569412859999829e+03 1.132794448689999990e+04 -2.345381404830000065e+02 2.016529185629999859e+02 -3.354077634089999833e+02
6.500000000000000222e-01 -1.045007987219999995e+04 2.911264329390000057e+03 1.133649683270000060e+04 -2.356264820959999895e+02 2.015105739420000077e+02 -3.358323938089999956e+02
6.500000000000000222e-01 -1.045615323510000053e+04 2.832523948409999775e+03 1.151267320130000007e+04 -2.355400863179999931e+02 2.018053688829999999e+02 -3.354593706310000130e+02
6.500000000000000222e-01 -1.058492626129999917e+04 2.790462239949999912e+03 1.140450203080000028e+04 -2.352640573589999917e+02 2.019833236439999951e+02 -3.353153642890000015e+02
6.500000000000000222e-01 -1.050782213779999984e+04 2.820371249329999955e+03 1.154005915099999947e+04 -2.357348526700000093e+02 2.022097937659999900e+02 -3.348389798270000028e+02
6.500000000000000222e-01 -1.042183922159999929e+04 2.843866943269999865e+03 1.144026739140000063e+04 -2.353415670869999872e+02 2.016375699419999989e+02 -3.360202988369999844e+02
6.500000000000000222e-01 -1.050527003289999993e+04 2.790238483229999929e+03 1.148701812310000059e+04 -2.354852389540000104e+02 2.018970277960000033e+02 -3.354066325109999980e+02
6.500000000000000222e-01 -1.051483337109999957e+04 2.825904405459999907e+03 1.155584201509999912e+04 -2.351073737769999923e+02 2.012121807359999934e+02 -3.353558845520000204e+02
6.500000000000000222e-01 -1.059811681189999945e+04 2.972245751779999864e+03 1.132638749330000064e+04 -2.347844407290000106e+02 2.011622562839999944e+02 -3.354532636970000112e+02
6.500000000000000222e-01 -1.040587506670000039e+04 2.948576553779999813e+03 1.142741581439999936e+04 -2.354144284420000020e+02 2.014208849020000116e+02 -3.360008978719999959e+02
6.500000000000000222e-01 -1.057554447579999942e+04 3.051353584980000051e+03 1.148180067079999935e+04 -2.352935151540000049e+02 2.011820783580000125e+02 -3.344122858059999999e+02
6.500000000000000222e-01 -1.043617616730000009e+04 2.943951880780000010e+03 1.153445880129999932e+04 -2.353071982440000056e+02 2.015960555800000122e+02 -3.355701290160000099e+02
6.500000000000000222e-01 -1.044436031379999986e+04 3.017912280460000147e+03 1.145352077810000083e+04 -2.353632014190000064e+02 2.012809209039999985e+02 -3.351976614120000022e+02
6.500000000000000222e-01 -1.051598876220000056e+04 3.050281830469999932e+03 1.148928428150000036e+04 -2.354769544039999971e+02 2.012087187129999961e+02 -3.345909962349999773e+02
6.500000000000000222e-01 -1.040870257940000010e+04 2.962238214609999886e+03 1.144634882250000010e+04 -2.353601413439999988e+02 2.014163568660000010e+02 -3.359802405739999926e+02
6.500000000000000222e-01 -1.062422445080000034e+04 2.824969796479999786e+03 1.152014809740000055e+04 -2.351094815159999882e+02 2.019949897680000106e+02 -3.344268041590000280e+02
6.500000000000000222e-01 -1.067558520130000034e+04 2.903440145300000040e+03 1.139953683749999982e+04 -2.350824747839999986e+02 2.015352081249999969e+02 -3.347999210039999980e+02
6.500000000000000222e-01 -1.056143182130000059e+04 3.056633867259999988e+03 1.143722732879999967e+04 -2.352128749020000100e+02 2.012786561480000103e+02 -3.345220061649999934e+02
6.500000000000000222e-01 -1.049518179120000059e+04 2.924845704299999852e+03 1.158110252989999935e+04 -2.357936541059999911e+02 2.014572886500000095e+02 -3.350123457400000007e+02
6.500000000000000222e-01 -1.059108385490000001e+04 2.786947997690000193e+03 1.142491801080000005e+04 -2.352553699880000124e+02 2.018321183269999892e+02 -3.348320021370000177e+02
6.500000000000000222e-01 -1.047775666119999914e+04 3.016441470060000029e+03 1.136746538479999981e+04 -2.354544082399999922e+02 2.011003875300000061e+02 -3.358163461529999836e+02
6.500000000000000222e-01 -1.057107239320000008e+04 2.783894871940000030e+03 1.149155143049999970e+04 -2.350923556900000051e+02 2.015776457780000044e+02 -3.352244451490000188e+02
6.500000000000000222e-01 -1.042081633700000020e+04 2.881764613679999911e+03 1.150694473540000035e+04 -2.352165727249999918e+02 2.015321263360000046e+02 -3.358515756389999751e+02
6.500000000000000222e-01 -1.065102895159999935e+04 2.828187004700000216e+03 1.142484673950000069e+04 -2.351597830919999979e+02 2.017814560260000007e+02 -3.350052079999999819e+02
6.500000000000000222e-01 -1.061696719389999998e+04 3.009406435419999980e+03 1.152921861940000053e+04 -2.351411103380000043e+02 2.011367226659999972e+02 -3.343962532770000280e+02
6.500000000000000222e-01 -1.049167742949999956e+04 2.960903758729999936e+03 1.131940060389999962e+04 -2.346282133519999888e+02 2.017282101659999967e+02 -3.350463831440000035e+02
6.500000000000000222e-01 -1.046160246340000049e+04 2.812493233839999903e+03 1.149678415649999988e+04 -2.352078821609999864e+02 2.014927215929999988e+02 -3.358593069190000051e+02
6.500000000000000222e-01 -1.042757727329999943e+04 2.998480516160000207e+03 1.143498453929999960e+04 -2.353784225189999972e+02 2.013275227610000115e+02 -3.359592760840000096e+02
6.500000000000000222e-01 -1.047785108360000049e+04 3.039760785280000164e+03 1.142056647359999988e+04 -2.352909321299999874e+02 2.011511662400000091e+02 -3.357509759580000264e+02
6.500000000000000222e-01 -1.064376128190000054e+04 2.827999955530000079e+03 1.149454931629999919e+04 -2.350502028980000091e+02 2.018139743600000031e+02 -3.343835390959999927e+02
6.500000000000000222e-01 -1.064225883179999983e+04 3.015757488629999898e+03 1.147588809899999978e+04 -2.353415727869999898e+02 2.014728143559999864e+02 -3.355632628640000235e+02
6.500000000000000222e-01 -1.045944743179999932e+04 2.811610539530000096e+03 1.149578858570000011e+04 -2.353275728979999997e+02 2.016841524650000110e+02 -3.349664616009999918e+02
6.500000000000000222e-01 -1.042331107759999941e+04 2.974428316770000038e+03 1.149482470070000090e+04 -2.356341106730000092e+02 2.013323891370000069e+02 -3.346913341619999755e+02
6.500000000000000222e-01 -1.060898135949999960e+04 2.880522430630000144e+03 1.157040514489999987e+04 -2.358860629680000045e+02 2.014453795590000027e+02 -3.352465437509999902e+02
3.690000000000000000e+05 1.331463038419999975e+03 7.947669952530000046e+02 -8.064202770379999947e+02 -1.925660266419999971e+02 -2.590859025989999864e+01 7.318905440369999837e+01
6.500000000000000222e-01 1.212968986780000023e+03 8.373013195270000324e+02 -7.752903820919999589e+02 -1.922428030359999980e+02 -3.448745662209999807e+01 7.533971049439999490e+01
6.500000000000000222e-01 1.184493320029999950e+03 7.440730770420000226e+02 -6.723107288730000164e+02 -2.029869275620000053e+02 -3.088080906720000129e+01 7.816344054590000212e+01
6.500000000000000222e-01 1.363164596919999894e+03 7.780316674749999493e+02 -7.242910292709999567e+02 -2.006655285870000114e+02 -2.543323451290000037e+01 6.816953629110000179e+01
6.500000000000000222e-01 1.495060292590000017e+03 8.582158908820000534e+02 -9.352505770510000502e+02 -1.824248612750000120e+02 -2.201730727090000173e+01 6.680912987489999466e+01
6.500000000000000222e-01 1.421573198779999984e+03 8.475317542129999993e+02 -7.743885523269999567e+02 -1.957453062030000126e+02 -2.917958066739999978e+01 6.710645406710000316e+01
6.500000000000000222e-01 1.265064384600000039e+03 8.116183925080000563e+02 -6.810097464970000374e+02 -1.970243195170000092e+02 -3.667088562339999669e+01 7.596102284350000389e+01
6.500000000000000222e-01 1.384651823890000060e+03 7.320314483739999787e+02 -8.437104833490000146e+02 -1.928051317030000007e+02 -1.640513868940000108e+01 7.475893781000000615e+01
6.500000000000000222e-01 1.239862071589999914e+03 7.119942532359999632e+02 -7.057407561349999696e+02 -1.996801723400000128e+02 -2.039958274789999848e+01 8.206062037089999706e+01
6.500000000000000222e-01 1.287559218820000069e+03 6.905583058080000001e+02 -7.157286921669999629e+02 -1.996968757999999866e+02 -2.233216272630000176e+01 7.579655806179999900e+01
6.500000000000000222e-01 1.389136663689999978e+03 8.458565020810000306e+02 -7.659951335829999834e+02 -1.938548020890000032e+02 -3.360981802210000069e+01 6.720923704390000353e+01
6.500000000000000222e-01 1.491448615909999944e+03 8.156158983440000156e+02 -9.157206634450000138e+02 -1.896516125109999962e+02 -2.055639388029999992e+01 6.135494325410000016e+01
6.500000000000000222e-01 1.356269276250000075e+03 7.029968833369999857e+02 -8.065001939369999491e+02 -1.938176252169999998e+02 -1.723117250720000015e+01 7.748174285929999883e+01
6.500000000000000222e-01 1.425014586710000003e+03 7.363749120190000212e+02 -8.497074522870000237e+02 -1.932198165339999889e+02 -1.673410926929999931e+01 6.937630520029999559e+01
6.500000000000000222e-01 1.374722279179999987e+03 7.189236015559999942e+02 -8.870177779460000238e+02 -1.878561272569999971e+02 -1.981308094299999922e+01 7.615414893310000366e+01
6.500000000000000222e-01 1.165772998760000064e+03 7.599503086429999712e+02 -6.847857849920000035e+02 -1.997362540750000051e+02 -3.173849321399999823e+01 8.066295733440000504e+01
6.500000000000000222e-01 1.452866428049999968e+03 7.540400878570000032e+02 -8.307272735760000160e+02 -1.929810082889999876e+02 -1.797481710870000171e+01 7.056272235589999298e+01
6.500000000000000222e-01 1.423921080170000096e+03 8.053575941760000205e+02 -9.530430078580000099e+02 -1.871106071600000007e+02 -1.793058456580000026e+01 6.823221664439999756e+01
6.500000000000000222e-01 1.374583688140000049e+03 7.713670408699999825e+02 -7.340948662179999928e+02 -1.981198394879999967e+02 -2.573295083020000007e+01 6.642595833090000212e+01
6.500000000000000222e-01 1.217672699669999929e+03 7.196234733449999794e+02 -7.770591704790000449e+02 -1.943889605340000060e+02 -2.186217660229999993e+01 8.178631850380000401e+01
6.500000000000000222e-01 1.275702236150000090e+03 8.413901381040000160e+02 -7.518092156010000053e+02 -1.916459487109999884e+02 -3.658239464799999752e+01 7.406372437279999588e+01
6.500000000000000222e-01 1.316229465140000002e+03 7.254805605960000321e+02 -7.008699253229999613e+02 -2.009020292319999896e+02 -2.033149366290000160e+01 7.553695184350000602e+01
6.500000000000000222e-01 1.349719044429999940e+03 8.049167210269999941e+02 -9.288529176409999764e+02 -1.815737528669999961e+02 -2.384902998180000111e+01 7.405339816720000101e+01
6.500000000000000222e-01 1.179251153429999931e+03 7.959076003390000551e+02 -6.864382161969999743e+02 -2.002004137600000035e+02 -3.310092154579999857e+01 7.783356510790000016e+01
6.500000000000000222e-01 1.448975976749999973e+03 8.778715110199999572e+02 -9.434946947089999867e+02 -1.849771202899999878e+02 -2.419414634809999853e+01 6.595692581790000020e+01
6.500000000000000222e-01 1.268728119249999963e+03 7.492483626460000323e+02 -8.570181498319999491e+02 -1.897275707249999925e+02 -2.255790810070000063e+01 8.153042477299999291e+01
6.500000000000000222e-01 1.354411053110000012e+03 7.345827211609999949e+02 -8.992004968009999857e+02 -1.866048754089999875e+02 -2.065137572369999930e+01 7.648425285890000680e+01
6.500000000000000222e-01 1.323961309530000108e+03 7.399240390899999511e+02 -8.817915403150000202e+02 -1.891127397129999963e+02 -2.036543341400000173e+01 7.846415456360000462e+01
6.500000000000000222e-01 1.489701088860000027e+03 8.147829289500000414e+02 -9.239621934179999698e+02 -1.892814894670000001e+02 -2.021962148640000123e+01 6.166328963450000344e+01
6.500000000000000222e-01 1.281806224400000019e+03 7.749331467670000393e+02 -6.750764808339999945e+02 -2.031316403840000078e+02 -2.395370614899999850e+01 7.388597904869999411e+01
6.500000000000000222e-01 1.318904640669999935e+03 7.078934304150000116e+02 -7.875058410450000110e+02 -1.952802200120000009e+02 -1.713818717430000049e+01 7.918954347999999754e+01
6.500000000000000222e-01 1.338933377490000112e+03 7.051736230720000549e+02 -8.217137910200000306e+02 -1.954491142749999995e+02 -1.673997430680000065e+01 7.177611816719999638e+01
6.500000000000000222e-01 1.424901862680000022e+03 8.039611019080000460e+02 -9.658960647669999844e+02 -1.873433517949999896e+02 -1.752741977879999880e+01 6.666106059390000382e+01
6.500000000000000222e-01 1.488667106350000040e+03 8.230095458700000108e+02 -8.340951107739999770e+02 -1.919216512950000038e+02 -2.273771907340000098e+01 6.629193146679999415e+01
6.500000000000000222e-01 1.432240865029999895e+03 8.594289355099999739e+02 -9.639552152779999687e+02 -1.852942802249999943e+02 -2.470936359750000122e+01 6.555684551599999565e+01
6.500000000000000222e-01 1.290721415429999979e+03 7.085127444729999979e+02 -7.239994825490000494e+02 -1.989892285260000051e+02 -1.841446979519999871e+01 7.995530588459999422e+01
6.500000000000000222e-01 1.253647930249999945e+03 8.594987237950000463e+02 -8.130693608200000426e+02 -1.881633683539999993e+02 -3.224505455810000143e+01 7.926508125830000040e+01
6.500000000000000222e-01 1.285614644719999887e+03 7.778835812559999567e+02 -6.799641509860000497e+02 -2.009218478850000054e+02 -3.413120984089999865e+01 7.268603029649999314e+01
6.500000000000000222e-01 1.472434917540000015e+03 8.073461014260000184e+02 -9.490500507850000531e+02 -1.825843638020000128e+02 -2.056702565490000012e+01 6.843470947619999833e+01
6.500000000000000222e-01 1.287081522910000103e+03 7.765978973290000340e+02 -6.696025418809999792e+02 -1.989133604730000116e+02 -2.923234183239999950e+01 7.340392828049999707e+01
6.500000000000000222e-01 1.186974480350000022e+03 7.458501779289999831e+02 -6.710874468990000423e+02 -2.043334154890000036e+02 -3.096211559540000025e+01 7.728659087750000367e+01
