3.450000000000000000e+05 3.017785666329999913e+03 -4.794484693059999699e+03 -7.176829552969999895e+03 -1.255815525680000064e+02 3.951685489020000119e+01 -2.551714374530000029e+01
6.500000000000000222e-01 3.180031554279999909e+03 -4.958260074339999846e+03 -7.062844156240000302e+03 -1.273019455019999953e+02 4.117058906649999983e+01 -2.684611630079999856e+01
6.500000000000000222e-01 2.880422514280000087e+03 -4.891626279979999708e+03 -6.952774454839999635e+03 -1.240758076310000035e+02 4.161527146019999890e+01 -2.424297185409999855e+01
6.500000000000000222e-01 2.839927909510000063e+03 -4.841834584799999902e+03 -6.954588074289999895e+03 -1.243194367480000011e+02 4.218554566009999718e+01 -2.334121211169999910e+01
6.500000000000000222e-01 2.953182953840000209e+03 -5.032584890690000066e+03 -7.069195340850000321e+03 -1.248577494889999997e+02 4.203748464209999725e+01 -2.435168311130000163e+01
6.500000000000000222e-01 3.097748687270000119e+03 -4.926646338810000088e+03 -6.941777348990000064e+03 -1.262232671069999981e+02 4.103363200700000135e+01 -2.574986196309999897e+01
6.500000000000000222e-01 3.063962732739999865e+03 -4.657113859230000344e+03 -6.922467064639999990e+03 -1.263916706400000010e+02 4.210347202519999854e+01 -2.548469541640000102e+01
6.500000000000000222e-01 2.883859228150000035e+03 -4.725551430270000310e+03 -6.919540213219999714e+03 -1.274089003509999998e+02 4.150455790080000185e+01 -2.490549755880000049e+01
6.500000000000000222e-01 3.084559946429999854e+03 -4.671956335109999600e+03 -6.923171407030000410e+03 -1.270554083859999963e+02 4.185390332709999939e+01 -2.543791023909999893e+01
6.500000000000000222e-01 3.173592054019999978e+03 -4.837869583609999609e+03 -6.954808957219999684e+03 -1.265247783239999961e+02 4.012079034509999786e+01 -2.652805295719999990e+01
6.500000000000000222e-01 3.091260588850000204e+03 -4.775693778679999923e+03 -6.902081035469999733e+03 -1.251013287389999959e+02 4.107415570810000105e+01 -2.569043659540000135e+01
6.500000000000000222e-01 2.895868189639999855e+03 -4.883472464530000252e+03 -6.937447331000000304e+03 -1.240077136369999948e+02 4.234960808640000351e+01 -2.376387811049999854e+01
6.500000000000000222e-01 2.770033527720000166e+03 -4.705152253739999651e+03 -7.070715740779999578e+03 -1.248687618740000005e+02 4.027274289679999697e+01 -2.449170984299999887e+01
6.500000000000000222e-01 2.944461637240000073e+03 -4.583502059630000076e+03 -7.004842310680000082e+03 -1.257487552249999965e+02 3.928872980690000105e+01 -2.439453585509999911e+01
6.500000000000000222e-01 2.794858020059999944e+03 -4.695968042450000212e+03 -7.004071743100000276e+03 -1.267940200860000033e+02 4.129680795360000189e+01 -2.546120594279999949e+01
6.500000000000000222e-01 2.799385292099999788e+03 -4.833416012530000444e+03 -7.003285457310000311e+03 -1.245944063179999972e+02 4.108013443690000344e+01 -2.440265474639999965e+01
6.500000000000000222e-01 2.937948370290000184e+03 -4.896947710389999884e+03 -6.925727995719999853e+03 -1.272410650839999988e+02 3.990374320549999965e+01 -2.621968970320000025e+01
6.500000000000000222e-01 2.871135116639999978e+03 -4.821329509219999636e+03 -6.925907829449999554e+03 -1.239931456049999952e+02 4.206135024219999963e+01 -2.321483862639999884e+01
6.500000000000000222e-01 2.976302528879999954e+03 -4.544662981319999744e+03 -7.052198801460000141e+03 -1.261755326699999955e+02 3.948816076989999857e+01 -2.527925312529999857e+01
6.500000000000000222e-01 3.205864696640000147e+03 -4.644213879169999927e+03 -7.049846486260000347e+03 -1.271639324420000037e+02 4.001796642120000058e+01 -2.700286169680000015e+01
6.500000000000000222e-01 3.081073965510000107e+03 -4.537232063710000148e+03 -7.064237889560000440e+03 -1.277920357539999969e+02 3.994438057979999712e+01 -2.519598644199999882e+01
6.500000000000000222e-01 2.930648394209999879e+03 -4.717675608520000424e+03 -6.904906713649999801e+03 -1.251909813320000069e+02 3.979321125349999733e+01 -2.367291295469999923e+01
6.500000000000000222e-01 2.914673628470000040e+03 -4.664693724769999790e+03 -6.924897161310000229e+03 -1.275640468729999952e+02 4.208513014710000277e+01 -2.496348519800000076e+01
6.500000000000000222e-01 2.898267733080000198e+03 -4.937047698200000013e+03 -6.969319316150000304e+03 -1.261374823170000070e+02 4.003719905570000037e+01 -2.669923618099999985e+01
6.500000000000000222e-01 2.849417668219999996e+03 -4.765369486440000401e+03 -6.934424026390000108e+03 -1.264606613549999992e+02 4.139386289490000337e+01 -2.464555567840000094e+01
6.500000000000000222e-01 2.844296506050000062e+03 -4.785165572480000264e+03 -6.940146717720000197e+03 -1.251412121639999953e+02 4.137624173249999870e+01 -2.393424723349999894e+01
6.500000000000000222e-01 3.020569942009999977e+03 -4.601743067600000359e+03 -6.945484821390000434e+03 -1.274338066770000069e+02 4.220990406399999983e+01 -2.526986504619999963e+01
6.500000000000000222e-01 2.894603268790000129e+03 -4.640765822610000214e+03 -6.960927381020000212e+03 -1.249084906239999953e+02 3.889399486119999949e+01 -2.248951549450000087e+01
6.500000000000000222e-01 2.968633077489999778e+03 -4.826906029679999847e+03 -6.894286975019999772e+03 -1.247204453129999990e+02 4.267250119789999729e+01 -2.437214093429999906e+01
6.500000000000000222e-01 2.979005572470000061e+03 -4.699099512839999989e+03 -6.902624548150000010e+03 -1.262663730419999979e+02 4.032606340619999941e+01 -2.443995866319999877e+01
6.500000000000000222e-01 3.127059672760000012e+03 -4.642020937729999787e+03 -6.964078398139999990e+03 -1.286983673850000116e+02 3.861252465319999772e+01 -2.312261563310000057e+01
6.500000000000000222e-01 2.913779781820000153e+03 -4.852760567199999969e+03 -6.917142176389999804e+03 -1.266737089380000043e+02 4.208554138670000100e+01 -2.513869014590000006e+01
6.500000000000000222e-01 3.115940122540000175e+03 -4.741878348899999764e+03 -6.917098744560000341e+03 -1.293314003529999923e+02 3.963777462619999881e+01 -2.411812707010000167e+01
6.500000000000000222e-01 3.003144817679999960e+03 -4.781574015959999997e+03 -6.885099599119999766e+03 -1.245123197719999979e+02 4.154164331989999681e+01 -2.456232555429999920e+01
6.500000000000000222e-01 3.222108033089999935e+03 -4.634082613550000133e+03 -7.099660147200000210e+03 -1.268308700350000038e+02 3.866282714670000331e+01 -2.680722522690000176e+01
6.500000000000000222e-01 3.020822211549999793e+03 -4.813687400810000327e+03 -6.889780928760000279e+03 -1.261167705470000016e+02 3.947306982599999969e+01 -2.516320091500000089e+01
6.500000000000000222e-01 3.012507536350000009e+03 -4.740069350540000414e+03 -6.890582726360000379e+03 -1.265943906429999970e+02 4.043556718119999971e+01 -2.471188722759999834e+01
6.500000000000000222e-01 3.021824332189999950e+03 -4.536969978809999702e+03 -7.020571771210000406e+03 -1.280095592959999919e+02 4.050246486780000055e+01 -2.438994041999999851e+01
6.500000000000000222e-01 2.877066140559999894e+03 -4.979015457839999726e+03 -7.045125822789999802e+03 -1.258714430720000053e+02 4.196638679640000191e+01 -2.654520238980000002e+01
6.500000000000000222e-01 3.160781964379999863e+03 -4.644282774059999610e+03 -6.991578688259999581e+03 -1.265383390679999991e+02 3.905895731009999849e+01 -2.555632489650000139e+01
6.500000000000000222e-01 2.936940254629999799e+03 -4.959530186889999641e+03 -6.975908452329999818e+03 -1.251216808660000055e+02 4.314138984520000264e+01 -2.418277248889999953e+01
6.500000000000000222e-01 2.917718730839999807e+03 -4.573836335599999984e+03 -6.975360408929999721e+03 -1.272461827099999994e+02 4.027790412699999933e+01 -2.276019891420000008e+01
6.500000000000000222e-01 3.137280601810000007e+03 -4.669321786040000006e+03 -6.952885003039999901e+03 -1.265949741950000060e+02 4.137384769049999989e+01 -2.616398021770000071e+01
6.500000000000000222e-01 2.913075004910000189e+03 -4.579294830969999566e+03 -6.991174103819999800e+03 -1.271541340999999932e+02 4.145030566209999989e+01 -2.522654484630000127e+01
6.500000000000000222e-01 2.968781433390000075e+03 -4.783610928469999635e+03 -6.889601593450000109e+03 -1.261758522580000061e+02 4.127145680729999810e+01 -2.473571737480000010e+01
6.500000000000000222e-01 3.049997906699999930e+03 -4.747159617409999555e+03 -6.892546331849999660e+03 -1.285750476350000042e+02 3.916073458399999652e+01 -2.427730203060000136e+01
6.500000000000000222e-01 3.005764851609999823e+03 -4.780251417909999873e+03 -6.888505677819999619e+03 -1.272246045600000031e+02 4.182560808960000287e+01 -2.499017431689999924e+01
6.500000000000000222e-01 3.194310207689999970e+03 -4.998721962440000425e+03 -7.130968403939999916e+03 -1.259612808279999996e+02 3.986730042789999828e+01 -2.941650365799999989e+01
6.500000000000000222e-01 3.006479801089999910e+03 -4.768392798050000238e+03 -6.888121943230000397e+03 -1.268978762619999969e+02 4.184392674069999885e+01 -2.494017684749999830e+01
6.500000000000000222e-01 2.958520856590000221e+03 -4.537439967670000442e+03 -7.080698943890000010e+03 -1.260565891600000015e+02 3.921725041349999685e+01 -2.525019149010000064e+01
6.500000000000000222e-01 2.765812317450000137e+03 -4.787227687689999584e+03 -7.045801390710000305e+03 -1.248284764769999953e+02 4.091909915389999952e+01 -2.453625791329999828e+01
6.500000000000000222e-01 3.120871802279999883e+03 -4.861240642900000239e+03 -6.927100377419999859e+03 -1.276783045319999985e+02 4.112785602259999962e+01 -2.534022636350000113e+01
6.500000000000000222e-01 3.282009407640000063e+03 -4.816455218490000334e+03 -7.121276659830000426e+03 -1.272342983589999932e+02 3.916444070629999885e+01 -2.685426245809999912e+01
6.500000000000000222e-01 3.059278419010000107e+03 -4.641504112640000130e+03 -6.928698205830000006e+03 -1.282312891329999900e+02 4.114577926369999972e+01 -2.463168383669999884e+01
6.500000000000000222e-01 2.989582401239999854e+03 -4.870696071979999942e+03 -6.908440756349999901e+03 -1.270992649730000039e+02 4.041178344109999898e+01 -2.584405609430000084e+01
6.500000000000000222e-01 3.038869097409999995e+03 -4.743595760060000430e+03 -6.890980635830000210e+03 -1.258430037560000017e+02 4.244747384829999959e+01 -2.506769723729999910e+01
6.500000000000000222e-01 3.062781212030000006e+03 -4.866998656189999565e+03 -6.908450276270000359e+03 -1.266406401269999975e+02 4.135887785770000136e+01 -2.545706343610000033e+01
6.500000000000000222e-01 2.973058554029999868e+03 -4.787769156100000146e+03 -6.888899663350000083e+03 -1.257142929270000025e+02 4.164356680769999741e+01 -2.466245718080000060e+01
6.500000000000000222e-01 2.995202265920000173e+03 -4.782668096800000058e+03 -6.888242530270000316e+03 -1.271273315210000021e+02 4.113847906440000202e+01 -2.495205574599999920e+01
6.500000000000000222e-01 2.885143916840000202e+03 -4.918649631709999994e+03 -6.968863076210000145e+03 -1.266335887489999976e+02 4.199509670260000149e+01 -2.596239012410000058e+01
6.500000000000000222e-01 3.214312431610000203e+03 -4.965986995610000122e+03 -7.072124343870000303e+03 -1.256969122859999999e+02 3.942257080299999927e+01 -2.841317767139999972e+01
6.500000000000000222e-01 2.909910638830000153e+03 -4.628273530700000265e+03 -6.955675175909999780e+03 -1.251928704980000049e+02 3.868499879430000021e+01 -2.205125336460000085e+01
6.500000000000000222e-01 3.108999414689999867e+03 -4.881695726189999732e+03 -6.942419956120000279e+03 -1.267483532840000038e+02 4.084835548630000090e+01 -2.670453902230000054e+01
6.500000000000000222e-01 3.009354047910000190e+03 -4.786719221459999972e+03 -6.884931970800000272e+03 -1.259158514469999943e+02 3.904578519310000218e+01 -2.463658066309999839e+01
6.500000000000000222e-01 3.026627569379999841e+03 -4.590511591120000048e+03 -6.975525526839999657e+03 -1.264836813830000040e+02 3.783110987060000241e+01 -2.252001964200000117e+01
6.500000000000000222e-01 2.957703479239999979e+03 -4.743732388909999827e+03 -6.889191857040000286e+03 -1.259785414360000004e+02 4.070743936400000251e+01 -2.415651133100000081e+01
6.500000000000000222e-01 3.091095252300000084e+03 -4.900215353710000272e+03 -6.940943667540000206e+03 -1.263062887640000014e+02 4.029384708260000281e+01 -2.691129895150000095e+01
6.500000000000000222e-01 2.913149523950000003e+03 -4.701174004430000423e+03 -6.915751801929999601e+03 -1.248900144029999950e+02 3.951995645560000270e+01 -2.319197105030000117e+01
6.500000000000000222e-01 3.154013735670000187e+03 -4.711043647110000165e+03 -6.946486335020000297e+03 -1.285049976759999879e+02 3.890442478899999657e+01 -2.410306258070000140e+01
6.500000000000000222e-01 2.816086583400000109e+03 -4.953466410189999806e+03 -7.092469945220000227e+03 -1.237702155420000025e+02 4.126111467369999986e+01 -2.364468592969999960e+01
6.500000000000000222e-01 2.887009557190000123e+03 -5.024221912740000334e+03 -7.122072480419999920e+03 -1.240320156119999950e+02 4.108462285609999753e+01 -2.498341107330000099e+01
6.500000000000000222e-01 3.091679757760000030e+03 -4.762096388709999701e+03 -6.904741352050000387e+03 -1.283451933869999948e+02 4.007512408289999684e+01 -2.480100894059999916e+01
6.500000000000000222e-01 3.005789381579999826e+03 -4.914370970339999985e+03 -6.922076988750000055e+03 -1.254607905379999977e+02 4.052128074579999861e+01 -2.580761268730000069e+01
6.500000000000000222e-01 3.052969666729999972e+03 -4.877677072309999858e+03 -6.922708556470000076e+03 -1.279188653740000063e+02 4.300572624149999967e+01 -2.529713072759999903e+01
6.500000000000000222e-01 2.977457025100000010e+03 -4.739549980929999947e+03 -6.887652925540000069e+03 -1.253831086010000035e+02 3.914972479920000126e+01 -2.379809530509999860e+01
6.500000000000000222e-01 3.064046998950000216e+03 -4.736117245080000430e+03 -6.899930249230000300e+03 -1.274254075700000044e+02 4.115170896760000119e+01 -2.508418080410000073e+01
6.500000000000000222e-01 3.017960817640000187e+03 -5.048494943159999821e+03 -7.067718543240000145e+03 -1.248150209469999936e+02 4.135037062039999967e+01 -2.512651413949999935e+01
6.500000000000000222e-01 2.948362818890000199e+03 -4.734624410499999613e+03 -6.896578797099999974e+03 -1.267418220429999991e+02 4.109304476549999663e+01 -2.460956752339999909e+01
6.500000000000000222e-01 3.013204080210000029e+03 -4.782320905669999775e+03 -6.887305646769999839e+03 -1.292404105200000117e+02 4.102726440360000026e+01 -2.475342026539999907e+01
6.500000000000000222e-01 2.985607105090000005e+03 -4.904989114770000015e+03 -6.919517587199999980e+03 -1.252107433660000027e+02 4.111954925239999881e+01 -2.540889599069999960e+01
6.500000000000000222e-01 2.915514257639999869e+03 -4.795941902440000376e+03 -6.902836240839999846e+03 -1.271176070700000054e+02 4.114651562630000114e+01 -2.497760843469999870e+01
6.500000000000000222e-01 2.771114335610000126e+03 -4.690101064550000046e+03 -7.071115667310000390e+03 -1.255276469490000011e+02 4.051514168370000135e+01 -2.544902344810000017e+01
6.500000000000000222e-01 2.837031733060000079e+03 -4.600711366489999818e+03 -7.057150522269999783e+03 -1.249408924939999963e+02 3.912611695270000212e+01 -2.138759349760000106e+01
6.500000000000000222e-01 3.257294349660000080e+03 -4.912903735859999870e+03 -7.121209508549999555e+03 -1.262977810860000005e+02 3.953050569540000225e+01 -2.918899356080000018e+01
6.500000000000000222e-01 3.100569329829999788e+03 -4.902420125540000299e+03 -6.933022539550000147e+03 -1.254701323249999945e+02 3.947540177079999779e+01 -2.675341826060000017e+01
6.500000000000000222e-01 3.068134348059999866e+03 -4.860727853569999752e+03 -6.908008501899999828e+03 -1.269429147790000059e+02 4.148698329500000170e+01 -2.537569909289999970e+01
6.500000000000000222e-01 3.233570957209999960e+03 -4.717013705440000194e+03 -7.030275552520000019e+03 -1.277340410070000019e+02 3.886793211879999888e+01 -2.519318289530000143e+01
6.500000000000000222e-01 2.795661929490000148e+03 -4.878747348029999557e+03 -7.024803806199999599e+03 -1.260039756780000033e+02 4.129357773219999928e+01 -2.621743573810000072e+01
6.500000000000000222e-01 3.232377431989999877e+03 -4.805107642889999624e+03 -7.011900581320000128e+03 -1.259828630739999937e+02 3.990577612589999745e+01 -2.789127755939999886e+01
6.500000000000000222e-01 2.929173501300000225e+03 -4.705706786480000119e+03 -6.910301494610000191e+03 -1.253626753820000062e+02 3.976883969179999667e+01 -2.374859773569999888e+01
6.500000000000000222e-01 2.993186962249999851e+03 -4.873737255390000428e+03 -6.905805274719999943e+03 -1.260464895850000033e+02 4.035478066870000191e+01 -2.559777679029999931e+01
6.500000000000000222e-01 2.948900393760000043e+03 -4.618364957280000453e+03 -6.955740731060000144e+03 -1.263482739460000062e+02 4.055594079859999823e+01 -2.479491024280000033e+01
6.500000000000000222e-01 3.032746652509999876e+03 -4.797282534969999688e+03 -6.887877307830000063e+03 -1.249566867239999937e+02 3.996852760430000018e+01 -2.501116554589999907e+01
6.500000000000000222e-01 2.993569827249999889e+03 -4.722016559089999646e+03 -6.893946399510000447e+03 -1.261241759730000069e+02 3.962738915180000276e+01 -2.428312365800000094e+01
6.500000000000000222e-01 2.934059235900000203e+03 -4.575480070149999847e+03 -6.968507169339999564e+03 -1.273290061449999939e+02 4.005297285820000042e+01 -2.264060754710000012e+01
6.500000000000000222e-01 2.842970122849999825e+03 -4.618319724529999803e+03 -7.020829758120000406e+03 -1.262550732790000012e+02 4.060588693889999945e+01 -2.512262643949999941e+01
6.500000000000000222e-01 3.059346270370000184e+03 -4.770422341870000309e+03 -6.892320920090000072e+03 -1.249332264519999995e+02 4.148027495449999691e+01 -2.525538480699999866e+01
6.500000000000000222e-01 3.029261160749999817e+03 -4.866485621689999789e+03 -6.903237643120000030e+03 -1.261418482710000006e+02 3.911825951889999686e+01 -2.589040843729999963e+01
6.500000000000000222e-01 2.859528682950000075e+03 -4.820590794720000304e+03 -6.936520939969999745e+03 -1.242388419650000060e+02 4.151664807720000283e+01 -2.363309087409999876e+01
6.500000000000000222e-01 2.994424510230000124e+03 -4.792185259419999966e+03 -6.888872750860000451e+03 -1.270350801170000068e+02 4.108897020389999710e+01 -2.500558178389999853e+01
6.500000000000000222e-01 2.992970619549999810e+03 -4.881905338759999722e+03 -6.908155581820000407e+03 -1.265987494639999937e+02 3.934775702830000199e+01 -2.592868329879999933e+01
1.390000000000000000e+04 -1.121740324320000036e+04 3.499302964139999858e+03 1.046563156650000019e+04 -2.306546489520000023e+02 2.001878730889999929e+02 -3.403044366359999913e+02
6.500000000000000222e-01 -1.121850119230000018e+04 3.500078334989999803e+03 1.061011182510000071e+04 -2.303537306430000058e+02 2.004444610040000043e+02 -3.401769210589999943e+02
6.500000000000000222e-01 -1.117138113069999963e+04 3.554225271299999804e+03 1.058893283460000021e+04 -2.305778543650000074e+02 2.005043546029999959e+02 -3.405721619299999929e+02
6.500000000000000222e-01 -1.126693030419999923e+04 3.495231717010000011e+03 1.060216717470000003e+04 -2.307317798130000028e+02 2.003091233009999996e+02 -3.400433928850000029e+02
6.500000000000000222e-01 -1.122108651339999960e+04 3.507728563000000122e+03 1.060984888560000036e+04 -2.308187052369999890e+02 1.997302341150000018e+02 -3.401318378670000016e+02
6.500000000000000222e-01 -1.135000948860000062e+04 3.479213533199999802e+03 1.051726452900000004e+04 -2.307742278359999943e+02 2.003113039559999891e+02 -3.403101290939999899e+02
6.500000000000000222e-01 -1.122497178809999969e+04 3.478475622020000174e+03 1.060826176110000051e+04 -2.307375592740000059e+02 2.004870836739999902e+02 -3.401413943050000057e+02
6.500000000000000222e-01 -1.117425501360000089e+04 3.563825411459999941e+03 1.058500411890000032e+04 -2.306036768959999961e+02 2.004488981609999882e+02 -3.405837431119999792e+02
6.500000000000000222e-01 -1.121297279189999972e+04 3.544675561200000175e+03 1.060273608509999940e+04 -2.311721300600000006e+02 2.002102883759999941e+02 -3.401634818239999731e+02
6.500000000000000222e-01 -1.127534904810000080e+04 3.515568365610000001e+03 1.059804478539999945e+04 -2.303205188789999909e+02 2.000432234120000032e+02 -3.397896531100000175e+02
6.500000000000000222e-01 -1.123482895090000056e+04 3.483736338080000223e+03 1.060817845940000007e+04 -2.307890906620000067e+02 2.002056858530000056e+02 -3.401662244190000024e+02
6.500000000000000222e-01 -1.116825748840000051e+04 3.435338510680000127e+03 1.058285283490000074e+04 -2.305736601410000048e+02 1.999167743410000071e+02 -3.406739948970000000e+02
6.500000000000000222e-01 -1.112650288089999958e+04 3.582049555090000013e+03 1.053394679519999954e+04 -2.311557209849999879e+02 1.998473816530000136e+02 -3.398492937940000047e+02
6.500000000000000222e-01 -1.124969732939999994e+04 3.537830685960000210e+03 1.060207183000000077e+04 -2.305844295569999929e+02 1.997217416299999968e+02 -3.398582035050000059e+02
6.500000000000000222e-01 -1.120929387940000015e+04 3.506897372110000106e+03 1.060946652820000054e+04 -2.304392397599999924e+02 2.006031205490000104e+02 -3.402215239500000052e+02
6.500000000000000222e-01 -1.120778332930000033e+04 3.524098773509999774e+03 1.060724648709999929e+04 -2.307709728089999999e+02 2.006977764639999862e+02 -3.402825056190000055e+02
6.500000000000000222e-01 -1.118431993350000084e+04 3.531679255730000023e+03 1.060125193960000070e+04 -2.305660259340000096e+02 2.005946076170000083e+02 -3.404257573689999958e+02
6.500000000000000222e-01 -1.120151502529999925e+04 3.481729091919999973e+03 1.060732624609999948e+04 -2.314067126630000075e+02 2.007400572710000120e+02 -3.400918341039999859e+02
6.500000000000000222e-01 -1.125266113609999957e+04 3.540720039329999963e+03 1.060107994730000064e+04 -2.312372887420000040e+02 2.005451322979999986e+02 -3.402362646980000136e+02
6.500000000000000222e-01 -1.126455317529999957e+04 3.478137150430000020e+03 1.060138125279999986e+04 -2.314257258449999881e+02 2.000303005480000138e+02 -3.403094542410000258e+02
6.500000000000000222e-01 -1.111439186049999989e+04 3.559440396179999880e+03 1.054066452460000073e+04 -2.311102786049999906e+02 1.998309250430000077e+02 -3.399394141700000205e+02
6.500000000000000222e-01 -1.119541223770000033e+04 3.479338716190000014e+03 1.060609284970000044e+04 -2.313944122400000083e+02 2.006524400129999890e+02 -3.400894280300000219e+02
6.500000000000000222e-01 -1.110300747279999996e+04 3.534062652820000039e+03 1.053851570630000060e+04 -2.312115686369999992e+02 2.000806632400000069e+02 -3.400530436309999800e+02
6.500000000000000222e-01 -1.133318677910000042e+04 3.528749522170000091e+03 1.054896136630000001e+04 -2.309088830229999871e+02 2.002901232959999902e+02 -3.401720565429999965e+02
6.500000000000000222e-01 -1.112228734240000085e+04 3.544271112769999945e+03 1.055925406640000074e+04 -2.313317381500000067e+02 1.999345902020000096e+02 -3.399133887940000136e+02
6.500000000000000222e-01 -1.126869782560000021e+04 3.465253984160000073e+03 1.059689872079999986e+04 -2.312638421320000077e+02 1.999781038659999979e+02 -3.403382950469999741e+02
6.500000000000000222e-01 -1.117399572470000021e+04 3.404231440779999957e+03 1.056196369830000003e+04 -2.306415965799999981e+02 1.999771043970000051e+02 -3.407997195489999740e+02
6.500000000000000222e-01 -1.119515246359999946e+04 3.447110328700000082e+03 1.059815672509999968e+04 -2.309458059780000099e+02 2.006045912310000006e+02 -3.400733942360000128e+02
6.500000000000000222e-01 -1.120349906600000031e+04 3.538870756010000150e+03 1.060280099719999998e+04 -2.307120883069999877e+02 2.004686134400000128e+02 -3.403366474840000251e+02
6.500000000000000222e-01 -1.121629164049999963e+04 3.587595766379999986e+03 1.058154233960000056e+04 -2.312395981859999949e+02 2.002276890400000013e+02 -3.401149769990000209e+02
6.500000000000000222e-01 -1.125561012920000030e+04 3.437474111200000152e+03 1.058884680800000024e+04 -2.311762415180000119e+02 2.004631056940000065e+02 -3.402833106510000221e+02
6.500000000000000222e-01 -1.118768872949999968e+04 3.497632324799999878e+03 1.060582061910000084e+04 -2.305291353839999999e+02 2.002107827469999961e+02 -3.403397423709999998e+02
6.500000000000000222e-01 -1.121477109220000057e+04 3.465663349790000211e+03 1.060505815000000075e+04 -2.311069809720000023e+02 2.009695129700000109e+02 -3.400454550919999974e+02
6.500000000000000222e-01 -1.120803774189999967e+04 3.485287872439999774e+03 1.060805532999999923e+04 -2.310253964700000040e+02 2.003422919770000021e+02 -3.402257450129999938e+02
6.500000000000000222e-01 -1.121844251909999912e+04 3.396243948790000104e+03 1.055978440620000038e+04 -2.310013036690000092e+02 2.009902950009999927e+02 -3.398670668259999843e+02
6.500000000000000222e-01 -1.113023833600000034e+04 3.502490853490000063e+03 1.057629385130000082e+04 -2.312007039220000024e+02 2.002017062330000101e+02 -3.402312738269999954e+02
6.500000000000000222e-01 -1.120261841699999968e+04 3.486685470450000139e+03 1.060808318499999950e+04 -2.314599660270000072e+02 2.006571671330000015e+02 -3.401074369670000124e+02
6.500000000000000222e-01 -1.111812022780000007e+04 3.431229197539999859e+03 1.054337829439999950e+04 -2.306219023890000130e+02 2.001108812710000109e+02 -3.407000726239999722e+02
6.500000000000000222e-01 -1.133541122109999924e+04 3.536874815130000115e+03 1.053845622609999918e+04 -2.304055546970000137e+02 2.000488566330000140e+02 -3.394717420659999902e+02
6.500000000000000222e-01 -1.123055310319999990e+04 3.486203259630000048e+03 1.060879655160000038e+04 -2.310047839730000021e+02 2.001057373339999970e+02 -3.402018680420000010e+02
6.500000000000000222e-01 -1.119912511070000073e+04 3.459807914380000057e+03 1.060038645039999938e+04 -2.311241317680000122e+02 2.005153821240000127e+02 -3.402717482290000248e+02
6.500000000000000222e-01 -1.124488086189999922e+04 3.587556949090000217e+03 1.057855994090000058e+04 -2.311672366619999934e+02 2.006300621089999936e+02 -3.404492252890000259e+02
6.500000000000000222e-01 -1.134814015540000037e+04 3.504118037610000101e+03 1.052590994119999959e+04 -2.309350491499999976e+02 2.002504321499999946e+02 -3.405353031480000254e+02
6.500000000000000222e-01 -1.111848981579999963e+04 3.460219255919999796e+03 1.055976802619999944e+04 -2.310792787720000092e+02 2.002866021190000083e+02 -3.401677236859999880e+02
6.500000000000000222e-01 -1.114102694530000008e+04 3.562827142459999777e+03 1.056604600740000024e+04 -2.307743223340000043e+02 1.998092410529999938e+02 -3.403293630730000245e+02
6.500000000000000222e-01 -1.129613430829999925e+04 3.425888571569999840e+03 1.056079715009999927e+04 -2.303791497830000026e+02 2.005540206320000038e+02 -3.396583780689999799e+02
6.500000000000000222e-01 -1.125831256360000043e+04 3.391501226700000188e+03 1.054471411550000084e+04 -2.309402576930000066e+02 2.008904645050000113e+02 -3.399738496769999756e+02
6.500000000000000222e-01 -1.124699856609999915e+04 3.388862575000000106e+03 1.055217129270000078e+04 -2.305318913430000123e+02 2.006531206479999980e+02 -3.397621610819999773e+02
6.500000000000000222e-01 -1.117699291439999979e+04 3.495881057879999844e+03 1.060270138489999954e+04 -2.305422107839999910e+02 2.001958473740000102e+02 -3.403977983780000045e+02
6.500000000000000222e-01 -1.126864540490000036e+04 3.619301404299999831e+03 1.052178860949999944e+04 -2.308529863329999898e+02 2.001859498549999898e+02 -3.406817569030000072e+02
6.500000000000000222e-01 -1.121767559690000053e+04 3.472373218919999999e+03 1.060739525390000017e+04 -2.308696539629999904e+02 2.007869747960000097e+02 -3.400788078339999743e+02
6.500000000000000222e-01 -1.122140521190000072e+04 3.507707170510000196e+03 1.060987642450000021e+04 -2.309484652460000120e+02 1.996391969439999912e+02 -3.401164943129999756e+02
6.500000000000000222e-01 -1.112152384239999992e+04 3.435072924059999877e+03 1.054651664170000004e+04 -2.305681638720000137e+02 2.001134929739999961e+02 -3.409672182090000092e+02
6.500000000000000222e-01 -1.122049944590000086e+04 3.499623579149999841e+03 1.061001612620000014e+04 -2.315646699039999987e+02 2.002218754490000094e+02 -3.401459486389999824e+02
6.500000000000000222e-01 -1.113372282330000053e+04 3.572152581350000219e+03 1.055264194780000071e+04 -2.305979088320000017e+02 2.000139191629999971e+02 -3.406704469000000017e+02
6.500000000000000222e-01 -1.121837950529999944e+04 3.532548704190000080e+03 1.060603806520000035e+04 -2.309197652990000051e+02 2.007698501929999964e+02 -3.403023140280000121e+02
6.500000000000000222e-01 -1.125570736910000051e+04 3.535646996620000209e+03 1.059957783290000043e+04 -2.304830179980000082e+02 1.997496922219999931e+02 -3.399232830359999866e+02
6.500000000000000222e-01 -1.124000897160000022e+04 3.367162137540000003e+03 1.051025038339999992e+04 -2.307156154159999915e+02 2.002779147509999973e+02 -3.408731508569999846e+02
6.500000000000000222e-01 -1.109498250379999990e+04 3.476217253140000139e+03 1.052960571440000058e+04 -2.311421952370000099e+02 2.003004047910000054e+02 -3.400735379230000035e+02
6.500000000000000222e-01 -1.107893424149999919e+04 3.523481434039999840e+03 1.047841689480000059e+04 -2.307650277939999910e+02 2.001168147479999959e+02 -3.411389812730000131e+02
6.500000000000000222e-01 -1.109617085770000085e+04 3.541608147339999960e+03 1.052324710530000084e+04 -2.311152035430000069e+02 1.999832835199999863e+02 -3.399048874169999976e+02
6.500000000000000222e-01 -1.118849453809999977e+04 3.533577783870000076e+03 1.060170294450000074e+04 -2.314209225300000128e+02 1.997764972960000023e+02 -3.400193598719999954e+02
6.500000000000000222e-01 -1.119646068989999912e+04 3.521852319659999921e+03 1.060598705569999947e+04 -2.305676732919999949e+02 2.005199749559999987e+02 -3.403230182219999733e+02
6.500000000000000222e-01 -1.116811799629999950e+04 3.513990448980000110e+03 1.059870089519999965e+04 -2.315005727550000074e+02 2.000101076999999918e+02 -3.400468934240000181e+02
6.500000000000000222e-01 -1.120445871769999940e+04 3.487315684560000136e+03 1.060828002249999918e+04 -2.306219693959999972e+02 1.999928527810000105e+02 -3.402728935850000198e+02
6.500000000000000222e-01 -1.123682550239999910e+04 3.594718253179999920e+03 1.057237813549999919e+04 -2.310460920980000026e+02 2.005739665559999878e+02 -3.405428010829999721e+02
6.500000000000000222e-01 -1.119921761850000075e+04 3.473004616709999937e+03 1.060585070000000087e+04 -2.305852241839999976e+02 1.998043032950000111e+02 -3.403426721499999985e+02
6.500000000000000222e-01 -1.135272558150000077e+04 3.520971854880000137e+03 1.050464113609999913e+04 -2.305223069420000002e+02 2.001628647450000074e+02 -3.397867799109999964e+02
6.500000000000000222e-01 -1.126905228130000069e+04 3.489283388870000181e+03 1.060118115070000022e+04 -2.306912025050000068e+02 2.003873818159999871e+02 -3.400095989380000105e+02
6.500000000000000222e-01 -1.125693761959999938e+04 3.421261450659999809e+03 1.057834943670000030e+04 -2.308104310269999928e+02 2.009745946790000062e+02 -3.398108688500000198e+02
6.500000000000000222e-01 -1.127065776630000073e+04 3.608631207609999819e+03 1.053110404679999920e+04 -2.305181711369999960e+02 1.996958182070000021e+02 -3.400110104139999976e+02
6.500000000000000222e-01 -1.123129976130000068e+04 3.491595471959999941e+03 1.060947215340000002e+04 -2.305734622679999859e+02 2.007103631559999997e+02 -3.400845570419999717e+02
6.500000000000000222e-01 -1.113480913420000070e+04 3.406872062509999978e+03 1.053336412989999917e+04 -2.309983124690000125e+02 2.005876300660000027e+02 -3.398941213400000265e+02
6.500000000000000222e-01 -1.115074069819999931e+04 3.433026382980000108e+03 1.057094412679999914e+04 -2.305875054990000024e+02 2.000327487799999915e+02 -3.407881906810000032e+02
6.500000000000000222e-01 -1.122968376259999968e+04 3.483260380570000052e+03 1.060875851999999941e+04 -2.305884051230000011e+02 2.006111901140000100e+02 -3.400930269269999826e+02
6.500000000000000222e-01 -1.131723973160000060e+04 3.517660720219999803e+03 1.056846359870000015e+04 -2.309630768479999858e+02 2.002128785730000118e+02 -3.402541213470000230e+02
6.500000000000000222e-01 -1.124502219859999968e+04 3.504979486549999820e+03 1.060774264580000090e+04 -2.310340402539999900e+02 2.002824139740000078e+02 -3.401642596830000116e+02
6.500000000000000222e-01 -1.131991531430000032e+04 3.464893837009999970e+03 1.056269200450000062e+04 -2.310028622899999959e+02 2.003886906220000128e+02 -3.402238246059999938e+02
6.500000000000000222e-01 -1.135719290120000005e+04 3.499817923650000012e+03 1.049425476890000027e+04 -2.304827654689999861e+02 2.002409524869999871e+02 -3.393934410909999997e+02
6.500000000000000222e-01 -1.123049016169999959e+04 3.622742982320000010e+03 1.052653520960000060e+04 -2.306185915679999994e+02 1.998758224629999916e+02 -3.405141898269999956e+02
6.500000000000000222e-01 -1.122034781029999976e+04 3.507168995470000027e+03 1.060975561930000003e+04 -2.310318325460000040e+02 1.998343773429999999e+02 -3.401516304510000168e+02
6.500000000000000222e-01 -1.125026693250000062e+04 3.509150875010000163e+03 1.060661889739999970e+04 -2.310324458819999904e+02 2.002954498750000027e+02 -3.401544809079999823e+02
6.500000000000000222e-01 -1.120842751089999911e+04 3.524874757000000045e+03 1.060705333099999916e+04 -2.312556895110000141e+02 1.999270550040000103e+02 -3.401214804300000196e+02
6.500000000000000222e-01 -1.124910710029999973e+04 3.474772683820000111e+03 1.060499390250000033e+04 -2.304541300180000007e+02 2.007359261279999885e+02 -3.399279958569999849e+02
6.500000000000000222e-01 -1.122084412929999962e+04 3.511103228229999786e+03 1.060940890290000061e+04 -2.309813036449999970e+02 2.005891674570000021e+02 -3.402048248090000016e+02
6.500000000000000222e-01 -1.119597276360000069e+04 3.507160393900000145e+03 1.060746781019999980e+04 -2.305194693050000012e+02 2.003541585410000039e+02 -3.402959053160000167e+02
6.500000000000000222e-01 -1.129896922660000018e+04 3.554777946719999818e+03 1.057275775710000016e+04 -2.304722841770000059e+02 1.999053945230000124e+02 -3.395705805420000161e+02
6.500000000000000222e-01 -1.121821925709999960e+04 3.528182428529999925e+03 1.060632211719999941e+04 -2.307948422259999859e+02 1.998484204199999965e+02 -3.401389842059999751e+02
6.500000000000000222e-01 -1.119746667309999975e+04 3.592357978980000098e+03 1.057199668310000015e+04 -2.310522744639999928e+02 1.995893317299999978e+02 -3.397678482320000057e+02
6.500000000000000222e-01 -1.120814161400000012e+04 3.484897136109999792e+03 1.060858408810000037e+04 -2.311826433569999892e+02 2.006492867620000027e+02 -3.401503748470000232e+02
6.500000000000000222e-01 -1.111470158769999944e+04 3.455752184810000017e+03 1.055364625650000016e+04 -2.310430484709999917e+02 2.002874377150000100e+02 -3.401749817219999841e+02
6.500000000000000222e-01 -1.114631513160000031e+04 3.506119609899999887e+03 1.058784846540000035e+04 -2.314282464560000108e+02 2.001777801060000002e+02 -3.400802851820000114e+02
6.500000000000000222e-01 -1.113911137550000058e+04 3.573558477409999796e+03 1.055673177190000024e+04 -2.305820049659999995e+02 2.002493216189999998e+02 -3.408080732280000120e+02
6.500000000000000222e-01 -1.128777901369999927e+04 3.408199781620000067e+03 1.055059247669999968e+04 -2.305011957549999977e+02 2.007287537349999980e+02 -3.395873318199999744e+02
6.500000000000000222e-01 -1.121963490149999961e+04 3.500763505960000202e+03 1.061010646520000046e+04 -2.309190565559999868e+02 1.995864708619999988e+02 -3.401455345260000058e+02
6.500000000000000222e-01 -1.127428818130000036e+04 3.502108029829999850e+03 1.059940042259999973e+04 -2.312747979190000081e+02 2.002655919290000099e+02 -3.402460448319999955e+02
6.500000000000000222e-01 -1.121497568490000049e+04 3.617857359139999971e+03 1.054826509599999918e+04 -2.310879633719999902e+02 1.999064804010000103e+02 -3.398282241019999788e+02
6.500000000000000222e-01 -1.115698029339999994e+04 3.569234915259999980e+03 1.057291044709999915e+04 -2.313512256180000008e+02 2.000045206750000091e+02 -3.400435841330000244e+02
6.500000000000000222e-01 -1.127560053750000043e+04 3.423803271889999905e+03 1.057374243439999918e+04 -2.307722430149999866e+02 2.000060144679999894e+02 -3.403697020490000114e+02
6.500000000000000222e-01 -1.120987881609999931e+04 3.492410070739999810e+03 1.060913548459999947e+04 -2.307183556980000105e+02 2.000843602649999866e+02 -3.402357239329999743e+02
6.500000000000000222e-01 -1.118328473579999991e+04 3.569926372200000060e+03 1.058501734349999970e+04 -2.312614642700000047e+02 1.996817846410000072e+02 -3.398831756260000247e+02
3.690000000000000000e+05 7.125348295920000510e+02 6.834796842130000414e+02 -5.019882122039999786e+02 -2.268739802720000114e+02 -5.124653296390000179e+01 1.345876332299999945e+02
6.500000000000000222e-01 6.565228452549999929e+02 6.818103438370000049e+02 -4.055081847690000245e+02 -2.360961024519999967e+02 -6.004934873220000213e+01 1.312524948440000117e+02
6.500000000000000222e-01 8.071534168250000221e+02 7.371150091969999494e+02 -5.347838589499999671e+02 -2.282783625030000110e+02 -5.228907151709999823e+01 1.205072219190000027e+02
6.500000000000000222e-01 6.744267291229999728e+02 7.119844755950000490e+02 -4.187438498750000235e+02 -2.330529553780000072e+02 -5.756079075390000099e+01 1.290835939540000084e+02
6.500000000000000222e-01 5.800968701560000227e+02 6.181026695719999680e+02 -3.736535219230000280e+02 -2.367706541850000121e+02 -4.882687433200000271e+01 1.448358880380000073e+02
6.500000000000000222e-01 5.469885647600000311e+02 6.205977363519999699e+02 -3.242351273689999971e+02 -2.375811705239999867e+02 -5.450707379629999849e+01 1.466872644919999971e+02
6.500000000000000222e-01 7.935041102469999714e+02 6.632491459540000278e+02 -5.075691304599999967e+02 -2.332389748619999921e+02 -4.432506554790000308e+01 1.259661601069999932e+02
6.500000000000000222e-01 6.100895550569999841e+02 7.039636825960000124e+02 -3.976027405570000042e+02 -2.336005677580000111e+02 -6.227091987410000229e+01 1.340768467180000130e+02
6.500000000000000222e-01 6.701884211689999802e+02 7.119537406209999517e+02 -4.160793521389999796e+02 -2.332454024920000109e+02 -5.758850042219999921e+01 1.293815198780000060e+02
6.500000000000000222e-01 5.569221196810000265e+02 6.014665305290000106e+02 -3.549829583819999925e+02 -2.408620753779999859e+02 -5.886493388150000072e+01 1.401424127290000001e+02
6.500000000000000222e-01 6.630456890599999724e+02 6.006545109979999779e+02 -4.252256466399999795e+02 -2.351257136069999945e+02 -4.444431666730000074e+01 1.391384205530000031e+02
6.500000000000000222e-01 6.993333001720000084e+02 6.890368587709999701e+02 -4.204425144639999985e+02 -2.323626831139999922e+02 -6.302560504920000284e+01 1.311885519680000129e+02
6.500000000000000222e-01 5.097156520340000156e+02 6.138775899209999807e+02 -3.693734092039999837e+02 -2.351541413129999967e+02 -6.020292485800000293e+01 1.458660337649999974e+02
6.500000000000000222e-01 5.529000661810000565e+02 6.217750142569999525e+02 -3.402795441970000070e+02 -2.375718640940000057e+02 -6.016959739789999873e+01 1.420615376389999938e+02
6.500000000000000222e-01 6.002120221500000525e+02 7.000316491720000158e+02 -4.419766032869999890e+02 -2.256806717039999910e+02 -6.393378800730000222e+01 1.391651596639999866e+02
6.500000000000000222e-01 6.332531983559999844e+02 6.549005850710000232e+02 -3.820699768310000195e+02 -2.374076623610000070e+02 -6.114971964629999945e+01 1.338231122349999964e+02
6.500000000000000222e-01 6.293755430109999907e+02 6.389547893530000238e+02 -3.668336319649999950e+02 -2.366590115200000071e+02 -5.954817342690000004e+01 1.353189391040000089e+02
6.500000000000000222e-01 6.212875162940000564e+02 6.829094724819999556e+02 -3.773690315879999844e+02 -2.370521768280000003e+02 -5.716735896339999812e+01 1.337656549970000128e+02
6.500000000000000222e-01 6.574909632119999969e+02 6.589100755670000353e+02 -3.956268152299999770e+02 -2.371655423040000130e+02 -5.652062128429999888e+01 1.317878455180000117e+02
6.500000000000000222e-01 5.453025324049999654e+02 6.608149541020000015e+02 -3.637500980120000236e+02 -2.331797274319999929e+02 -6.411755040020000251e+01 1.423075042840000037e+02
6.500000000000000222e-01 6.203195811320000530e+02 6.713799552899999981e+02 -3.742961925239999914e+02 -2.395618428820000076e+02 -5.456942428690000213e+01 1.344166512900000043e+02
6.500000000000000222e-01 7.414357936779999818e+02 6.575607970869999690e+02 -4.643298351440000147e+02 -2.355544460600000036e+02 -4.161509088679999735e+01 1.325728407590000018e+02
6.500000000000000222e-01 6.745271378050000521e+02 7.144537012839999761e+02 -4.274397875170000134e+02 -2.311286075079999875e+02 -6.339983981990000217e+01 1.317021653029999868e+02
6.500000000000000222e-01 6.525159590829999843e+02 7.065407190509999964e+02 -4.130839931429999865e+02 -2.326394386199999929e+02 -6.309442614099999957e+01 1.323577934630000073e+02
6.500000000000000222e-01 6.607149347780000426e+02 6.560693589689999499e+02 -3.865959190149999927e+02 -2.330847600939999893e+02 -6.406397252899999728e+01 1.345070777939999971e+02
6.500000000000000222e-01 6.604885525949999874e+02 6.677873302939999576e+02 -3.806065898090000132e+02 -2.353715799029999971e+02 -5.612693290920000067e+01 1.326027641969999991e+02
6.500000000000000222e-01 8.115054272390000278e+02 6.899665508529999443e+02 -5.265577376549999826e+02 -2.311538165290000109e+02 -4.731584343579999796e+01 1.220975780039999989e+02
6.500000000000000222e-01 5.380926518559999749e+02 6.370136966439999924e+02 -3.593388037980000149e+02 -2.341208393379999961e+02 -6.287250595220000093e+01 1.434943501490000131e+02
6.500000000000000222e-01 6.932336124790000440e+02 6.989576608309999983e+02 -4.479178276999999753e+02 -2.295293241619999947e+02 -6.177720297110000303e+01 1.286770121680000045e+02
6.500000000000000222e-01 6.527394932219999646e+02 6.371446259040000086e+02 -3.711555612540000197e+02 -2.361400730279999891e+02 -5.796783119439999865e+01 1.341515824530000032e+02
6.500000000000000222e-01 6.608394244669999580e+02 6.010261611170000151e+02 -3.994548202920000222e+02 -2.379976165129999970e+02 -5.025807699949999829e+01 1.351508408139999915e+02
6.500000000000000222e-01 6.069277047880000282e+02 6.904633267210000440e+02 -3.817160585999999967e+02 -2.363903012989999866e+02 -5.900812359950000285e+01 1.340831289360000085e+02
6.500000000000000222e-01 7.175416999230000101e+02 7.229032594330000165e+02 -4.855569943030000104e+02 -2.273867238279999867e+02 -6.193688974370000011e+01 1.265834244830000017e+02
6.500000000000000222e-01 6.396909441489999608e+02 6.174614089839999451e+02 -3.803672748550000051e+02 -2.384696952129999943e+02 -5.572173993189999663e+01 1.346941085489999921e+02
6.500000000000000222e-01 6.865285833939999520e+02 6.542682237950000399e+02 -3.970346970300000180e+02 -2.351484373030000086e+02 -5.535954611510000234e+01 1.308993469389999973e+02
6.500000000000000222e-01 6.164698872809999557e+02 6.663956356689999438e+02 -3.626395658029999822e+02 -2.329444026090000079e+02 -6.559218642790000331e+01 1.383594323309999936e+02
6.500000000000000222e-01 6.684413987619999489e+02 6.651283763259999660e+02 -4.068896412679999912e+02 -2.379892160869999884e+02 -5.487537301710000293e+01 1.307802652059999957e+02
6.500000000000000222e-01 6.055850321780000058e+02 6.401192078440000159e+02 -3.712053895320000265e+02 -2.394135364279999862e+02 -5.399684063379999799e+01 1.366737842340000100e+02
6.500000000000000222e-01 5.803879869940000162e+02 6.218770217080000293e+02 -3.608063403520000065e+02 -2.404960255109999991e+02 -5.937491892810000138e+01 1.376544600820000142e+02
6.500000000000000222e-01 7.186146950940000124e+02 6.524455511920000390e+02 -4.834280860580000194e+02 -2.355780062839999971e+02 -4.183632834659999844e+01 1.295795827439999925e+02
6.500000000000000222e-01 7.639601132269999653e+02 6.847320099720000144e+02 -4.854645474499999978e+02 -2.352454574070000035e+02 -4.828426594550000317e+01 1.252681577010000069e+02
6.500000000000000222e-01 6.959768447469999728e+02 6.688094051150000041e+02 -4.161884570980000149e+02 -2.387907674049999969e+02 -5.084765939889999942e+01 1.305163656469999864e+02
6.500000000000000222e-01 6.466585002829999667e+02 6.788677497879999692e+02 -3.916049544030000220e+02 -2.354930848170000104e+02 -5.808002246129999691e+01 1.321689595219999944e+02
6.500000000000000222e-01 5.745791975849999744e+02 5.923006448469999441e+02 -3.537589203420000104e+02 -2.386093249300000139e+02 -5.522193052619999776e+01 1.420295293609999874e+02
6.500000000000000222e-01 7.299649584029999687e+02 6.830994213120000040e+02 -4.456878459330000055e+02 -2.329825250719999872e+02 -5.949120684529999892e+01 1.272600873150000069e+02
6.500000000000000222e-01 6.109217255190000060e+02 6.305269289860000299e+02 -3.706460804939999889e+02 -2.392840804820000074e+02 -5.895351271149999661e+01 1.356063902889999895e+02
6.500000000000000222e-01 6.279637492140000177e+02 6.623054733550000037e+02 -3.812649765090000074e+02 -2.388354964149999944e+02 -5.527409567520000166e+01 1.338347426850000090e+02
6.500000000000000222e-01 5.547566949729999806e+02 6.579591448390000323e+02 -3.620949508919999857e+02 -2.384121744359999866e+02 -6.112723223159999719e+01 1.382797473470000114e+02
6.500000000000000222e-01 6.303890653969999676e+02 6.619087760910000497e+02 -3.663043907360000162e+02 -2.394732622299999889e+02 -5.158926283449999772e+01 1.358086548809999954e+02
6.500000000000000222e-01 6.311866619209999953e+02 6.147026945379999461e+02 -3.631564994070000125e+02 -2.381077695099999971e+02 -4.847262694420000173e+01 1.406312097329999915e+02
6.500000000000000222e-01 7.692448952329999656e+02 6.966578824560000385e+02 -4.709293861969999853e+02 -2.347282592249999880e+02 -5.289744774329999899e+01 1.260246439170000059e+02
6.500000000000000222e-01 5.421151014649999524e+02 6.170003391559999955e+02 -3.249511388099999749e+02 -2.369376136159999930e+02 -5.485062117510000235e+01 1.478201109860000031e+02
6.500000000000000222e-01 6.407472959729999502e+02 6.620757790430000114e+02 -3.919396422140000027e+02 -2.311006489389999956e+02 -6.436237784290000263e+01 1.360561395160000018e+02
6.500000000000000222e-01 6.717277450779999981e+02 6.802659413269999504e+02 -3.957971021530000257e+02 -2.348829522020000127e+02 -5.604888134290000323e+01 1.308987840050000102e+02
6.500000000000000222e-01 6.804322395689999894e+02 5.998237920100000338e+02 -4.201453582170000232e+02 -2.369651264130000072e+02 -4.732074510080000351e+01 1.347175357749999876e+02
6.500000000000000222e-01 6.241169946129999744e+02 5.887229511399999637e+02 -3.945950519030000123e+02 -2.389847986599999956e+02 -5.216137111609999977e+01 1.369888508649999892e+02
6.500000000000000222e-01 7.620789913849999948e+02 6.998041489639999782e+02 -4.741809146229999783e+02 -2.325309226619999947e+02 -5.364956114630000172e+01 1.237990400399999942e+02
6.500000000000000222e-01 7.164777133809999441e+02 6.144149612469999511e+02 -4.492768746350000129e+02 -2.359571613020000029e+02 -4.694351343129999776e+01 1.305303996609999899e+02
6.500000000000000222e-01 7.336704924010000468e+02 6.189264869899999439e+02 -4.713135836019999942e+02 -2.350306473610000069e+02 -4.485535900370000206e+01 1.296488500229999943e+02
6.500000000000000222e-01 6.809259862430000112e+02 6.130012213559999736e+02 -4.068167458820000206e+02 -2.374910466690000135e+02 -4.745976864099999659e+01 1.349322824490000130e+02
6.500000000000000222e-01 6.669759350460000178e+02 6.487538698749999639e+02 -3.939261199210000086e+02 -2.355310084289999963e+02 -6.126141718670000103e+01 1.324055681590000120e+02
6.500000000000000222e-01 6.314318612519999760e+02 6.591352102849999710e+02 -3.812187556090000271e+02 -2.373090901109999891e+02 -5.818428695669999939e+01 1.336340917990000037e+02
6.500000000000000222e-01 6.294142118040000469e+02 6.450738651980000213e+02 -3.611500213990000248e+02 -2.335652281899999991e+02 -6.453140258829999709e+01 1.375820031730000039e+02
6.500000000000000222e-01 5.545173679759999459e+02 6.126090774849999434e+02 -3.538302017259999843e+02 -2.408365853870000137e+02 -5.973138514379999719e+01 1.397131532180000022e+02
6.500000000000000222e-01 7.771967475430000150e+02 6.730213285529999894e+02 -4.999825076019999983e+02 -2.336372793140000113e+02 -4.718253097910000093e+01 1.242092835239999999e+02
6.500000000000000222e-01 7.178486953149999863e+02 6.697779126640000413e+02 -4.252457820870000091e+02 -2.341539118860000031e+02 -5.372007594600000147e+01 1.277429326750000058e+02
6.500000000000000222e-01 6.099628013510000528e+02 6.600841330389999939e+02 -3.605867884560000221e+02 -2.308112994360000130e+02 -6.597055396000000371e+01 1.411087314279999987e+02
6.500000000000000222e-01 7.512296471580000343e+02 7.055822188890000461e+02 -4.752920019779999734e+02 -2.295775290249999898e+02 -6.098082667620000308e+01 1.268340931409999968e+02
6.500000000000000222e-01 6.312003723000000264e+02 6.699527316349999637e+02 -3.665178276969999729e+02 -2.366494193689999861e+02 -5.599516792669999887e+01 1.345978590679999911e+02
6.500000000000000222e-01 7.320745468989999836e+02 6.529585133519999545e+02 -4.532678617600000166e+02 -2.352697845589999872e+02 -4.971665489330000298e+01 1.268602403680000066e+02
6.500000000000000222e-01 6.074345735250000189e+02 6.599339134729999614e+02 -3.730083113059999960e+02 -2.392740231610000023e+02 -5.742484942610000331e+01 1.349099086159999956e+02
6.500000000000000222e-01 5.209763415319999922e+02 6.357866849509999838e+02 -3.595543305400000236e+02 -2.354359305549999988e+02 -6.247055738179999906e+01 1.436331516680000107e+02
6.500000000000000222e-01 5.855903512190000129e+02 6.402844250839999631e+02 -3.298250224099999741e+02 -2.337143285239999955e+02 -6.470934055690000264e+01 1.424091362720000120e+02
6.500000000000000222e-01 6.400559627559999853e+02 6.598588934099999506e+02 -3.605658231720000231e+02 -2.359335370020000084e+02 -5.633397274120000020e+01 1.350095594000000006e+02
6.500000000000000222e-01 7.005512206930000048e+02 6.155763478129999839e+02 -4.467874433659999909e+02 -2.362812285599999882e+02 -4.756125603059999918e+01 1.309370519709999883e+02
6.500000000000000222e-01 6.037169758229999843e+02 6.883441554690000430e+02 -3.828429666800000177e+02 -2.360975699040000109e+02 -5.964945357220000233e+01 1.343409489569999948e+02
6.500000000000000222e-01 6.995741820880000432e+02 6.434875866050000468e+02 -4.179566659669999922e+02 -2.362726178860000061e+02 -5.267900989599999662e+01 1.297633680470000002e+02
6.500000000000000222e-01 6.285225189999999884e+02 6.475157562589999998e+02 -3.733263943649999987e+02 -2.378727988079999989e+02 -5.654444845929999985e+01 1.346478744510000070e+02
6.500000000000000222e-01 5.557379216289999704e+02 6.442114508189999924e+02 -3.359224285529999747e+02 -2.343964759319999871e+02 -6.369157487489999880e+01 1.432402873270000043e+02
6.500000000000000222e-01 6.447897494259999576e+02 6.479580562180000243e+02 -3.648304846429999770e+02 -2.358591793079999945e+02 -5.764699722329999787e+01 1.347223778439999933e+02
6.500000000000000222e-01 6.155426203580000220e+02 6.683275013229999786e+02 -3.744404171099999985e+02 -2.389214178000000004e+02 -5.606156900370000074e+01 1.344597721840000020e+02
6.500000000000000222e-01 5.589680974819999619e+02 6.319239997559999438e+02 -3.502108067080000069e+02 -2.385507870570000080e+02 -6.040847053950000145e+01 1.398243084849999889e+02
6.500000000000000222e-01 7.926243268450000414e+02 6.745158973920000562e+02 -5.063960771949999753e+02 -2.326030385480000007e+02 -4.743772659169999883e+01 1.234489990080000013e+02
6.500000000000000222e-01 5.422361334319999742e+02 6.094331146969999509e+02 -3.347137130219999790e+02 -2.337996629330000076e+02 -5.557704223310000202e+01 1.516365667560000077e+02
6.500000000000000222e-01 5.251295727760000318e+02 6.138876269999999522e+02 -3.459819501179999861e+02 -2.361690176859999895e+02 -5.617687300440000087e+01 1.475938178350000101e+02
6.500000000000000222e-01 6.219260164930000201e+02 5.858557810529999870e+02 -3.917184289909999961e+02 -2.370330453550000129e+02 -4.887635558339999875e+01 1.406684192090000067e+02
6.500000000000000222e-01 7.806562712800000554e+02 7.646006302109999524e+02 -5.621346189350000486e+02 -2.237096240900000055e+02 -5.713977267490000145e+01 1.222134613449999989e+02
6.500000000000000222e-01 5.233529837900000530e+02 6.174834412320000183e+02 -3.374521006809999903e+02 -2.354495198550000055e+02 -5.823574866050000054e+01 1.479689932770000098e+02
6.500000000000000222e-01 5.890983472870000242e+02 6.565825735419999774e+02 -3.674948741509999763e+02 -2.398552462840000032e+02 -5.852043083110000055e+01 1.359561503340000002e+02
6.500000000000000222e-01 6.659433811330000026e+02 6.384195076409999956e+02 -3.920241587900000013e+02 -2.369228523150000001e+02 -5.544286319919999784e+01 1.323431289789999994e+02
6.500000000000000222e-01 5.649833897959999831e+02 5.901733907110000246e+02 -3.884667209259999936e+02 -2.384038190370000052e+02 -5.197628669489999709e+01 1.422335579619999919e+02
6.500000000000000222e-01 5.945223772030000191e+02 6.679199891240000397e+02 -3.819064497350000238e+02 -2.344442775599999891e+02 -6.226364136530000337e+01 1.364545375810000110e+02
6.500000000000000222e-01 5.744723620329999676e+02 6.708356181819999620e+02 -3.726755893509999851e+02 -2.291898828530000003e+02 -6.514519221320000497e+01 1.441156062930000132e+02
6.500000000000000222e-01 6.712863683479999963e+02 7.166212080049999713e+02 -4.223216742609999983e+02 -2.327684034570000051e+02 -5.807003014160000021e+01 1.290536420790000136e+02
6.500000000000000222e-01 7.022684576880000122e+02 6.961409246639999537e+02 -4.418430371850000142e+02 -2.312586596010000051e+02 -5.999717552309999746e+01 1.277069363869999989e+02
6.500000000000000222e-01 7.765402566340000021e+02 6.955914185120000184e+02 -4.838557379409999726e+02 -2.342823154429999875e+02 -5.103291947390000161e+01 1.250699867799999936e+02
6.500000000000000222e-01 6.097649534989999438e+02 6.172880348769999728e+02 -3.609719617569999741e+02 -2.387812071349999883e+02 -5.573767214650000312e+01 1.375386397069999873e+02
6.500000000000000222e-01 7.346490031380000119e+02 6.869515293550000479e+02 -4.515383439440000188e+02 -2.338637542239999902e+02 -5.589499977629999705e+01 1.256913829349999929e+02
6.500000000000000222e-01 6.027849447009999722e+02 6.621044854790000045e+02 -3.555156296050000151e+02 -2.338694052699999872e+02 -6.503423469249999300e+01 1.387611741009999946e+02
6.500000000000000222e-01 5.911772336430000223e+02 5.908669776010000305e+02 -3.606148712899999964e+02 -2.386441508380000016e+02 -5.379775245239999748e+01 1.410007118860000048e+02
6.500000000000000222e-01 7.810969215830000394e+02 6.651878828129999874e+02 -4.815562573920000204e+02 -2.343879882180000038e+02 -4.272961367490000129e+01 1.301764202180000041e+02
