3.450000000000000000e+05 4.458961692210000365e+03 -5.125717127040000378e+03 -6.594823676169999999e+03 -1.063103411860000023e+02 1.392057472579999988e+01 -6.781636681230000363e+01
6.500000000000000222e-01 4.637229990730000281e+03 -5.305052053149999665e+03 -6.471220627059999970e+03 -1.072162314969999954e+02 1.481657318250000088e+01 -6.799293282079999301e+01
6.500000000000000222e-01 4.304191214260000379e+03 -5.238844413660000100e+03 -6.384337499199999911e+03 -1.049814501369999959e+02 1.440410326800000007e+01 -6.686908744100000490e+01
6.500000000000000222e-01 4.267403425090000383e+03 -5.196786292460000368e+03 -6.395164732940000249e+03 -1.053301851450000015e+02 1.507908737280000011e+01 -6.630470140959999981e+01
6.500000000000000222e-01 4.388282077750000099e+03 -5.386297977850000279e+03 -6.506127376860000368e+03 -1.060760534869999958e+02 1.505193054709999956e+01 -6.590709355440000650e+01
6.500000000000000222e-01 4.541519681349999701e+03 -5.268281156760000158e+03 -6.359873917699999765e+03 -1.060947590469999966e+02 1.411484997109999995e+01 -6.750543153190000112e+01
6.500000000000000222e-01 4.507141413379999904e+03 -5.016559857039999770e+03 -6.335423822650000147e+03 -1.057909144399999946e+02 1.589191036160000081e+01 -6.856636458920000621e+01
6.500000000000000222e-01 4.345585015059999932e+03 -5.074015402490000270e+03 -6.337896206839999650e+03 -1.077295033639999957e+02 1.471406942820000019e+01 -6.829434717569999691e+01
6.500000000000000222e-01 4.535461408870000014e+03 -5.028344393039999886e+03 -6.337622567770000387e+03 -1.063771981769999968e+02 1.565591267199999947e+01 -6.836814437140000678e+01
6.500000000000000222e-01 4.617913718990000234e+03 -5.171304645399999572e+03 -6.362413382370000363e+03 -1.058810929189999968e+02 1.370176245909999935e+01 -6.841930775950000054e+01
6.500000000000000222e-01 4.518794677029999548e+03 -5.119657638659999975e+03 -6.316011344219999955e+03 -1.045749212940000064e+02 1.443180387660000008e+01 -6.822646076639999535e+01
6.500000000000000222e-01 4.318011146320000080e+03 -5.239681592779999846e+03 -6.374913999360000162e+03 -1.047957370019999956e+02 1.512455827710000023e+01 -6.638042301590000704e+01
6.500000000000000222e-01 4.206867696389999765e+03 -5.041903672909999841e+03 -6.492971404699999766e+03 -1.062524334229999994e+02 1.402500438340000066e+01 -6.815658889830000078e+01
6.500000000000000222e-01 4.384066258679999919e+03 -4.911061489069999880e+03 -6.427475241549999737e+03 -1.058270579200000014e+02 1.354839286550000033e+01 -6.814997894580000093e+01
6.500000000000000222e-01 4.252985548300000119e+03 -5.043802765020000152e+03 -6.413875873889999639e+03 -1.077496506039999957e+02 1.479409209389999980e+01 -6.915826657300000591e+01
6.500000000000000222e-01 4.232194589269999597e+03 -5.175775835469999947e+03 -6.430163352630000190e+03 -1.058961354810000017e+02 1.413880957229999957e+01 -6.748404600269999776e+01
6.500000000000000222e-01 4.398054355590000341e+03 -5.222878531729999850e+03 -6.333790996050000103e+03 -1.076535508030000017e+02 1.269183318510000014e+01 -6.867378285979999930e+01
6.500000000000000222e-01 4.292862830310000390e+03 -5.174709718420000172e+03 -6.367672386289999849e+03 -1.047318455180000001e+02 1.495308461629999996e+01 -6.623011483480000550e+01
6.500000000000000222e-01 4.420634114960000261e+03 -4.877156545089999781e+03 -6.464055684349999865e+03 -1.061650543439999979e+02 1.413659020270000077e+01 -6.900736651920000497e+01
6.500000000000000222e-01 4.656630037320000156e+03 -4.983546172579999620e+03 -6.447955529449999631e+03 -1.062725292129999985e+02 1.473346415840000034e+01 -6.947696402210000599e+01
6.500000000000000222e-01 4.542355427679999593e+03 -4.877074431840000216e+03 -6.479407258010000078e+03 -1.073069231930000029e+02 1.488602949739999914e+01 -6.852611959870000646e+01
6.500000000000000222e-01 4.363439095560000169e+03 -5.045455221410000377e+03 -6.338733123199999682e+03 -1.052965345439999965e+02 1.309860352940000006e+01 -6.704686957440000583e+01
6.500000000000000222e-01 4.376774219930000072e+03 -5.022094326720000026e+03 -6.341520865339999546e+03 -1.076368058350000041e+02 1.557357340239999921e+01 -6.850198350389999291e+01
6.500000000000000222e-01 4.347337204360000214e+03 -5.264462931469999603e+03 -6.372223246149999795e+03 -1.069794227390000003e+02 1.278449429840000029e+01 -6.905378767009999308e+01
6.500000000000000222e-01 4.301348737129999790e+03 -5.111648170749999736e+03 -6.356568403039999794e+03 -1.071021928579999951e+02 1.446768473810000089e+01 -6.796097710349999943e+01
6.500000000000000222e-01 4.280639023159999851e+03 -5.130941079649999665e+03 -6.371571243749999667e+03 -1.059193313079999967e+02 1.440466382960000047e+01 -6.718484496470000522e+01
6.500000000000000222e-01 4.477613881020000008e+03 -4.963853902349999771e+03 -6.358952797369999644e+03 -1.069694230169999969e+02 1.621241746709999987e+01 -6.869352254439999683e+01
6.500000000000000222e-01 4.325302298689999589e+03 -4.960480157539999709e+03 -6.407089534030000323e+03 -1.052371593480000058e+02 1.269446499120000027e+01 -6.625588564139999903e+01
6.500000000000000222e-01 4.395759950579999895e+03 -5.187841917859999739e+03 -6.323588884679999865e+03 -1.048857847769999978e+02 1.556764417579999993e+01 -6.706142461989999504e+01
6.500000000000000222e-01 4.423233334739999918e+03 -5.034319629689999601e+03 -6.327536421669999982e+03 -1.060672206680000045e+02 1.376800471409999993e+01 -6.770206526450000695e+01
6.500000000000000222e-01 4.597385305189999599e+03 -4.961294565199999852e+03 -6.407608241189999717e+03 -1.078777140809999935e+02 1.294544019169999949e+01 -6.599613355680000382e+01
6.500000000000000222e-01 4.367146310279999852e+03 -5.205961012300000220e+03 -6.336959797610000351e+03 -1.071425098790000021e+02 1.490500556349999961e+01 -6.783428389350000032e+01
6.500000000000000222e-01 4.594554560630000196e+03 -5.070058300900000177e+03 -6.350492497270000058e+03 -1.085803483349999965e+02 1.335970104579999962e+01 -6.662713001509999344e+01
6.500000000000000222e-01 4.425884217929999977e+03 -5.129675499539999691e+03 -6.311155091980000179e+03 -1.043804990940000010e+02 1.462841784759999975e+01 -6.739820214360000250e+01
6.500000000000000222e-01 4.669190084670000033e+03 -4.958537948139999571e+03 -6.500616470959999788e+03 -1.060174206960000021e+02 1.368976751659999991e+01 -6.923278392679999627e+01
6.500000000000000222e-01 4.463031078840000191e+03 -5.136077303690000008e+03 -6.309641408399999818e+03 -1.059048181929999970e+02 1.256083735109999999e+01 -6.780820522269999628e+01
6.500000000000000222e-01 4.460008615890000328e+03 -5.075819635529999687e+03 -6.313895267869999770e+03 -1.062762276130000032e+02 1.375115627799999984e+01 -6.768254915529999494e+01
6.500000000000000222e-01 4.486674546989999726e+03 -4.881767947280000044e+03 -6.443978165520000402e+03 -1.076523175439999989e+02 1.513263141730000072e+01 -6.798826841230000184e+01
6.500000000000000222e-01 4.325610060099999828e+03 -5.331144301749999613e+03 -6.451783538519999638e+03 -1.071816563040000005e+02 1.483952419160000069e+01 -6.860705908559999955e+01
6.500000000000000222e-01 4.604053488679999646e+03 -4.969797200449999764e+03 -6.405871298860000024e+03 -1.056767511359999929e+02 1.347408562829999923e+01 -6.831039059600000485e+01
6.500000000000000222e-01 4.373202487620000284e+03 -5.325492683239999678e+03 -6.411812771760000032e+03 -1.059799835679999944e+02 1.591941555050000012e+01 -6.621032329409999306e+01
6.500000000000000222e-01 4.375843735069999639e+03 -4.912630862209999577e+03 -6.417122176470000340e+03 -1.073201190780000047e+02 1.439473723200000066e+01 -6.665837125459999868e+01
6.500000000000000222e-01 4.581503569389999939e+03 -5.021271292030000041e+03 -6.359642698550000205e+03 -1.057713083809999972e+02 1.541588044679999925e+01 -6.889689928399999985e+01
6.500000000000000222e-01 4.370478765040000326e+03 -4.932556189799999629e+03 -6.402779764210000394e+03 -1.072834587229999954e+02 1.552773952979999983e+01 -6.906949232569999708e+01
6.500000000000000222e-01 4.413002481569999873e+03 -5.128131461510000008e+03 -6.313025129820000075e+03 -1.061662267610000043e+02 1.432394575500000045e+01 -6.764503816350000420e+01
6.500000000000000222e-01 4.520778563290000420e+03 -5.067781247619999704e+03 -6.322292332340000030e+03 -1.080514979990000057e+02 1.260761080169999993e+01 -6.706881469089999825e+01
6.500000000000000222e-01 4.461692275839999638e+03 -5.132096476959999563e+03 -6.309589866880000045e+03 -1.070116966190000056e+02 1.495770464539999978e+01 -6.775148056160000465e+01
6.500000000000000222e-01 4.636311063330000252e+03 -5.330460064689999854e+03 -6.509099923900000249e+03 -1.060965769950000066e+02 1.366269919560000012e+01 -7.034655083020000177e+01
6.500000000000000222e-01 4.458230762930000310e+03 -5.120702082990000235e+03 -6.309464828600000146e+03 -1.066646630719999962e+02 1.501225057089999915e+01 -6.776089889179999659e+01
6.500000000000000222e-01 4.402417054159999680e+03 -4.867364956569999777e+03 -6.492673613500000101e+03 -1.062120288389999985e+02 1.398874897740000023e+01 -6.902856858779999527e+01
6.500000000000000222e-01 4.202750251690000368e+03 -5.129409983010000360e+03 -6.469537991539999894e+03 -1.063184569210000063e+02 1.426070441479999928e+01 -6.786778600190000077e+01
6.500000000000000222e-01 4.580738425669999742e+03 -5.205342058129999714e+03 -6.348933294329999626e+03 -1.072310449430000006e+02 1.442714297210000041e+01 -6.728870947490000276e+01
6.500000000000000222e-01 4.735005319980000422e+03 -5.144412123709999832e+03 -6.528013130690000253e+03 -1.066090485819999998e+02 1.377797617320000079e+01 -6.825366610970000636e+01
6.500000000000000222e-01 4.525106221150000238e+03 -4.989831697589999749e+03 -6.351815396040000451e+03 -1.075982900669999935e+02 1.507317080009999977e+01 -6.776938123870000652e+01
6.500000000000000222e-01 4.445821252929999901e+03 -5.203580055080000420e+03 -6.321313367280000421e+03 -1.071828498010000033e+02 1.331253583950000063e+01 -6.825694030260000034e+01
6.500000000000000222e-01 4.476521942960000160e+03 -5.104244400810000116e+03 -6.310696797030000198e+03 -1.054561088760000018e+02 1.574802855110000088e+01 -6.789401279140000156e+01
6.500000000000000222e-01 4.511307328550000420e+03 -5.212508445540000139e+03 -6.327544368509999913e+03 -1.064260668369999934e+02 1.441074899670000065e+01 -6.762306739170000469e+01
6.500000000000000222e-01 4.411556802699999935e+03 -5.136782032760000220e+03 -6.313436343899999883e+03 -1.057105075489999990e+02 1.467510666639999961e+01 -6.753817521290000059e+01
6.500000000000000222e-01 4.450241851480000150e+03 -5.125885051960000055e+03 -6.309551464979999764e+03 -1.069602125749999999e+02 1.425329126019999926e+01 -6.776118822889999649e+01
6.500000000000000222e-01 4.340635748229999990e+03 -5.270424960020000071e+03 -6.380417198879999887e+03 -1.075268184170000012e+02 1.475900825439999942e+01 -6.837054189219999500e+01
6.500000000000000222e-01 4.651110362059999716e+03 -5.291725252109999929e+03 -6.461580405679999785e+03 -1.055194922240000039e+02 1.314856677100000049e+01 -6.950804899659999592e+01
6.500000000000000222e-01 4.343387958350000190e+03 -4.945764013070000146e+03 -6.407132358869999734e+03 -1.054039074100000022e+02 1.255256359330000038e+01 -6.583175843760000134e+01
6.500000000000000222e-01 4.558189699990000008e+03 -5.221975577899999735e+03 -6.347822174889999587e+03 -1.064328349010000068e+02 1.407494484320000083e+01 -6.860205565500000091e+01
6.500000000000000222e-01 4.449025191749999976e+03 -5.104189160699999775e+03 -6.310167287539999961e+03 -1.056922740699999963e+02 1.219605785060000080e+01 -6.746764407679999920e+01
6.500000000000000222e-01 4.472355585289999908e+03 -4.900377431920000163e+03 -6.422832292619999862e+03 -1.061020577630000048e+02 1.218915945120000011e+01 -6.602113719179999407e+01
6.500000000000000222e-01 4.399339383739999903e+03 -5.082048915059999672e+03 -6.318279757070000414e+03 -1.059413067480000024e+02 1.388798312349999975e+01 -6.731035214579999604e+01
6.500000000000000222e-01 4.535552142790000289e+03 -5.232996509669999796e+03 -6.343799906209999790e+03 -1.061053578150000050e+02 1.341620140080000034e+01 -6.881780415750000657e+01
6.500000000000000222e-01 4.342822445419999895e+03 -5.026090602930000387e+03 -6.354784747730000163e+03 -1.050935743189999982e+02 1.290949733439999925e+01 -6.669314351840000654e+01
6.500000000000000222e-01 4.621593774670000130e+03 -5.032131081870000344e+03 -6.380170391810000183e+03 -1.076361875470000058e+02 1.294602085990000084e+01 -6.660801438180000389e+01
6.500000000000000222e-01 4.241476466189999883e+03 -5.298348689940000440e+03 -6.533477162799999860e+03 -1.055626364670000044e+02 1.437907602910000016e+01 -6.598383444690000488e+01
6.500000000000000222e-01 4.314711293319999641e+03 -5.367008605529999841e+03 -6.550046891639999558e+03 -1.056924699279999942e+02 1.422220661629999938e+01 -6.675465171119999752e+01
6.500000000000000222e-01 4.558867356869999639e+03 -5.094435356480000337e+03 -6.329544612149999921e+03 -1.077177475609999959e+02 1.358092148719999948e+01 -6.733976601509999682e+01
6.500000000000000222e-01 4.442292091399999663e+03 -5.248214982669999699e+03 -6.336971130480000284e+03 -1.056572458440000020e+02 1.335515115139999942e+01 -6.798147405490000494e+01
6.500000000000000222e-01 4.517946078320000197e+03 -5.243531792730000234e+03 -6.344468330650000098e+03 -1.078083407860000023e+02 1.605101424569999935e+01 -6.733603070940000634e+01
6.500000000000000222e-01 4.411082539279999764e+03 -5.059029441200000292e+03 -6.321232012139999824e+03 -1.052453736089999978e+02 1.241305835010000003e+01 -6.695784327580000195e+01
6.500000000000000222e-01 4.520375199600000087e+03 -5.081664276470000004e+03 -6.319876473450000049e+03 -1.068807889689999939e+02 1.462002898040000076e+01 -6.783922726749999299e+01
6.500000000000000222e-01 4.450708242409999912e+03 -5.394151597699999911e+03 -6.496558724690000417e+03 -1.057483408660000066e+02 1.444059630159999941e+01 -6.644022489120000330e+01
6.500000000000000222e-01 4.399657186090000323e+03 -5.077965555669999958e+03 -6.319821060170000237e+03 -1.067292242449999975e+02 1.430985173000000010e+01 -6.779685515459999579e+01
6.500000000000000222e-01 4.493593995930000347e+03 -5.124511264949999713e+03 -6.311611574180000389e+03 -1.089347002549999956e+02 1.421408394670000064e+01 -6.745737926969999876e+01
6.500000000000000222e-01 4.419537880849999965e+03 -5.246085654880000220e+03 -6.338715885149999849e+03 -1.054928803370000026e+02 1.392476885499999995e+01 -6.768139940209999850e+01
6.500000000000000222e-01 4.373236949600000116e+03 -5.138422746829999596e+03 -6.322752295410000443e+03 -1.073875522830000051e+02 1.411611714910000082e+01 -6.797469734390000440e+01
6.500000000000000222e-01 4.215723045300000194e+03 -5.030086446610000166e+03 -6.481149423720000414e+03 -1.068383438660000024e+02 1.429741530259999926e+01 -6.916884794519999957e+01
6.500000000000000222e-01 4.271437916279999627e+03 -4.926361505220000254e+03 -6.515967793560000246e+03 -1.058081348959999985e+02 1.341342788220000060e+01 -6.533271676409999884e+01
6.500000000000000222e-01 4.700467777359999673e+03 -5.242760029050000412e+03 -6.501005804219999845e+03 -1.059521832859999932e+02 1.370003935869999978e+01 -7.029076786020000611e+01
6.500000000000000222e-01 4.534372185770000215e+03 -5.225012696179999693e+03 -6.337744462550000208e+03 -1.052231892930000043e+02 1.259007135869999949e+01 -6.868166629249999744e+01
6.500000000000000222e-01 4.520132960830000229e+03 -5.208022313430000395e+03 -6.328081242059999568e+03 -1.066847426679999984e+02 1.457263394129999945e+01 -6.754150040220000051e+01
6.500000000000000222e-01 4.691123971449999772e+03 -5.040652359409999917e+03 -6.453098429700000452e+03 -1.068181445980000035e+02 1.338458911829999920e+01 -6.729178897330000098e+01
6.500000000000000222e-01 4.246633381579999877e+03 -5.223241868039999645e+03 -6.430772677130000375e+03 -1.074068223470000021e+02 1.426240863379999979e+01 -6.904838016860000494e+01
6.500000000000000222e-01 4.668997051180000199e+03 -5.138700174120000156e+03 -6.403405036189999919e+03 -1.051900517480000019e+02 1.392855439510000082e+01 -6.966952312649999612e+01
6.500000000000000222e-01 4.364072301490000427e+03 -5.033585163470000225e+03 -6.342899817360000270e+03 -1.054623423089999932e+02 1.313767763859999960e+01 -6.716951668910000706e+01
6.500000000000000222e-01 4.436428191840000181e+03 -5.205788638220000394e+03 -6.321749768939999740e+03 -1.061470168360000059e+02 1.323305572870000013e+01 -6.801317548789999989e+01
6.500000000000000222e-01 4.395127506820000235e+03 -4.959289925400000357e+03 -6.374012140040000304e+03 -1.062956979650000022e+02 1.444152474780000084e+01 -6.842884650710000471e+01
6.500000000000000222e-01 4.460186018680000416e+03 -5.126148925190000227e+03 -6.309317758279999907e+03 -1.046904982989999979e+02 1.310516731250000078e+01 -6.770548739000000182e+01
6.500000000000000222e-01 4.435703972059999614e+03 -5.048105287659999703e+03 -6.321564184339999883e+03 -1.058751027200000010e+02 1.300004389789999948e+01 -6.742653680470000666e+01
6.500000000000000222e-01 4.392602378489999865e+03 -4.911501842589999796e+03 -6.412035236910000094e+03 -1.073070075400000007e+02 1.417678646849999957e+01 -6.648994672780000315e+01
6.500000000000000222e-01 4.292515066949999891e+03 -4.960412381680000180e+03 -6.433684793479999826e+03 -1.069074284940000013e+02 1.455965502069999928e+01 -6.900612230909999312e+01
6.500000000000000222e-01 4.485543031979999796e+03 -5.118850084640000205e+03 -6.310738723669999672e+03 -1.045232924670000045e+02 1.474423358730000011e+01 -6.793308615550000695e+01
6.500000000000000222e-01 4.472375784959999692e+03 -5.183835589880000043e+03 -6.315901667619999898e+03 -1.060293367590000031e+02 1.210220410159999993e+01 -6.825591320389999339e+01
6.500000000000000222e-01 4.284766967640000075e+03 -5.167424818280000181e+03 -6.372946196249999957e+03 -1.050438855449999949e+02 1.443823093510000000e+01 -6.668340040229999488e+01
6.500000000000000222e-01 4.448479139369999757e+03 -5.134586439239999891e+03 -6.309784660510000322e+03 -1.068944867799999940e+02 1.417109109459999949e+01 -6.777486009080000429e+01
6.500000000000000222e-01 4.443042826220000279e+03 -5.201465003420000357e+03 -6.320173741530000370e+03 -1.066887913709999935e+02 1.222726812960000053e+01 -6.832231290229999843e+01
1.390000000000000000e+04 -8.261042346669999461e+03 1.000786949599999957e+03 1.452470911689999957e+04 -2.474172934750000081e+02 2.040988867609999886e+02 -3.172485651939999798e+02
6.500000000000000222e-01 -8.267397132469999633e+03 9.987052703470000097e+02 1.466766647150000063e+04 -2.468802401640000141e+02 2.043070987799999898e+02 -3.171682882210000116e+02
6.500000000000000222e-01 -8.217619508089999727e+03 1.051431036499999891e+03 1.465120263169999998e+04 -2.470811114859999975e+02 2.044790148730000112e+02 -3.175180148890000282e+02
6.500000000000000222e-01 -8.310913735390000511e+03 9.957678017629999658e+02 1.465880240720000074e+04 -2.473032135029999949e+02 2.041446710069999995e+02 -3.171296673069999770e+02
6.500000000000000222e-01 -8.263287675420000596e+03 1.016070784000000003e+03 1.466699253230000068e+04 -2.474386179089999871e+02 2.035603541069999949e+02 -3.171385153130000276e+02
6.500000000000000222e-01 -8.392234477070000139e+03 9.798661195519999865e+02 1.457789367119999952e+04 -2.475475905039999986e+02 2.041244128460000127e+02 -3.174923636880000117e+02
6.500000000000000222e-01 -8.269064983399999619e+03 9.769524020930000461e+02 1.466561390089999986e+04 -2.472728836889999968e+02 2.042975165340000103e+02 -3.171537275850000128e+02
6.500000000000000222e-01 -8.220144869330000802e+03 1.061594021019999900e+03 1.464746816700000090e+04 -2.471125344300000108e+02 2.044431730210000069e+02 -3.175363707139999860e+02
6.500000000000000222e-01 -8.251848289350000414e+03 1.045728466920000074e+03 1.466039357100000052e+04 -2.476862863110000035e+02 2.041551761409999983e+02 -3.171755707510000093e+02
6.500000000000000222e-01 -8.324359087160000854e+03 1.019146854129999952e+03 1.465170933110000078e+04 -2.469034288290000063e+02 2.039184200560000022e+02 -3.168998001040000077e+02
6.500000000000000222e-01 -8.278244981600000756e+03 9.856307339869999851e+02 1.466596126440000080e+04 -2.473328440260000036e+02 2.040257021179999981e+02 -3.171975839599999745e+02
6.500000000000000222e-01 -8.214228103280000141e+03 9.411264300029999958e+02 1.464600188929999968e+04 -2.471180563899999925e+02 2.036789375189999873e+02 -3.175670045329999880e+02
6.500000000000000222e-01 -8.165232319460000326e+03 1.086720944550000013e+03 1.458675692569999956e+04 -2.477129078080000113e+02 2.039200856989999977e+02 -3.166979550739999922e+02
6.500000000000000222e-01 -8.295699083299999984e+03 1.045039438580000024e+03 1.465640237239999988e+04 -2.471278166470000031e+02 2.036505403470000033e+02 -3.169386828909999849e+02
6.500000000000000222e-01 -8.257207637679999607e+03 1.003577736380000033e+03 1.466773088789999929e+04 -2.469527466179999919e+02 2.044708688929999880e+02 -3.172219575459999987e+02
6.500000000000000222e-01 -8.251630684219999239e+03 1.019440598430000023e+03 1.466626880750000055e+04 -2.472806425999999931e+02 2.045943592760000058e+02 -3.172821574430000169e+02
6.500000000000000222e-01 -8.230735429629999999e+03 1.028105357890000050e+03 1.466181465410000055e+04 -2.470659099229999924e+02 2.045174636440000029e+02 -3.173896549610000193e+02
6.500000000000000222e-01 -8.237451339490000464e+03 9.769976140249999617e+02 1.466378729539999949e+04 -2.479219886260000010e+02 2.045618807660000016e+02 -3.170584546100000125e+02
6.500000000000000222e-01 -8.290521979729999657e+03 1.037808228159999999e+03 1.466001093770000080e+04 -2.477876083079999887e+02 2.044647662410000066e+02 -3.173069197539999777e+02
6.500000000000000222e-01 -8.299961450509999850e+03 9.822905689899999970e+02 1.466120058199999949e+04 -2.479954581430000076e+02 2.038382583709999949e+02 -3.173796850730000187e+02
6.500000000000000222e-01 -8.153749931090000246e+03 1.064572476490000099e+03 1.459440321249999943e+04 -2.476534396710000010e+02 2.038618546319999894e+02 -3.167624051309999800e+02
6.500000000000000222e-01 -8.231508781579999777e+03 9.756918579949999639e+02 1.466245104139999967e+04 -2.479072945640000114e+02 2.044733787929999949e+02 -3.170447646630000236e+02
6.500000000000000222e-01 -8.141082803129999775e+03 1.036391325410000036e+03 1.459344459060000008e+04 -2.477559388640000009e+02 2.040650963829999966e+02 -3.168441187039999818e+02
6.500000000000000222e-01 -8.374266958399999567e+03 1.029138711849999936e+03 1.460789373709999927e+04 -2.476030709880000131e+02 2.041885619829999996e+02 -3.173573727579999968e+02
6.500000000000000222e-01 -8.159054182369999580e+03 1.048378851420000046e+03 1.461273787559999982e+04 -2.478531668820000107e+02 2.039262258370000040e+02 -3.167496749690000115e+02
6.500000000000000222e-01 -8.306008792180000455e+03 9.701969546809999656e+02 1.465708240590000059e+04 -2.478483415670000056e+02 2.037627593880000063e+02 -3.174103890939999815e+02
6.500000000000000222e-01 -8.218815176059999430e+03 9.095978395270000192e+02 1.462659710950000044e+04 -2.472327219649999961e+02 2.036863124079999920e+02 -3.176805230179999739e+02
6.500000000000000222e-01 -8.236603279999999359e+03 9.444039777350000122e+02 1.465422903539999970e+04 -2.474855210739999904e+02 2.043689371289999883e+02 -3.170167926820000162e+02
6.500000000000000222e-01 -8.248071925239999473e+03 1.036800127360000033e+03 1.466249123970000073e+04 -2.472215199499999869e+02 2.044015541279999866e+02 -3.173348303550000082e+02
6.500000000000000222e-01 -8.254193958120000389e+03 1.087893438789999891e+03 1.463872035189999951e+04 -2.477786004140000102e+02 2.042582732669999928e+02 -3.171394694179999760e+02
6.500000000000000222e-01 -8.293891401349999796e+03 9.367277559840000549e+02 1.464811077859999932e+04 -2.477743210239999883e+02 2.041973831299999915e+02 -3.173182761339999729e+02
6.500000000000000222e-01 -8.234514919810000720e+03 9.991857019899999841e+02 1.466527537520000078e+04 -2.470344225409999979e+02 2.040724316159999887e+02 -3.172989237570000114e+02
6.500000000000000222e-01 -8.254278150710000773e+03 9.583243421490000173e+02 1.466105092859999968e+04 -2.476439241980000077e+02 2.047555802980000124e+02 -3.170292428559999962e+02
6.500000000000000222e-01 -8.248637927429999763e+03 9.853100848599999608e+02 1.466633554089999961e+04 -2.475478987470000050e+02 2.041841395190000128e+02 -3.172153662059999988e+02
6.500000000000000222e-01 -8.258581831460000103e+03 8.893426888919999556e+02 1.461333087440000054e+04 -2.476389221860000021e+02 2.046623668729999963e+02 -3.168090792039999997e+02
6.500000000000000222e-01 -8.168690240289999565e+03 1.003877835000000005e+03 1.463370555769999919e+04 -2.477096682970000074e+02 2.041018462719999889e+02 -3.170744389459999866e+02
6.500000000000000222e-01 -8.237927468510000836e+03 9.829089971109999624e+02 1.466476242090000051e+04 -2.479716082049999955e+02 2.044905026259999943e+02 -3.170777004860000261e+02
6.500000000000000222e-01 -8.163238969199999701e+03 9.344566354969999793e+02 1.460621129990000009e+04 -2.471972136660000103e+02 2.038925064089999921e+02 -3.174881755979999980e+02
6.500000000000000222e-01 -8.382554948220000369e+03 1.040105077250000022e+03 1.458879213250000066e+04 -2.471263119289999963e+02 2.039695024540000077e+02 -3.166619587330000059e+02
6.500000000000000222e-01 -8.271369446919999973e+03 9.892771097529999906e+02 1.466696932510000079e+04 -2.475374060350000036e+02 2.039350439600000016e+02 -3.172248038230000020e+02
6.500000000000000222e-01 -8.238429094170000099e+03 9.580689259639999591e+02 1.465897602919999918e+04 -2.476560134720000121e+02 2.043019023919999881e+02 -3.172257421150000027e+02
6.500000000000000222e-01 -8.283550553360000777e+03 1.082973966280000013e+03 1.464016739679999955e+04 -2.477294083140000112e+02 2.046476738089999969e+02 -3.175211620540000013e+02
6.500000000000000222e-01 -8.388552084499999182e+03 1.005251126500000055e+03 1.458937691590000031e+04 -2.476821695259999956e+02 2.041075815279999972e+02 -3.177269754359999752e+02
6.500000000000000222e-01 -8.158195056630000181e+03 9.609825021909999805e+02 1.461611746490000041e+04 -2.476219018749999918e+02 2.041165080170000010e+02 -3.169674244560000034e+02
6.500000000000000222e-01 -8.184724658740000450e+03 1.068332097909999902e+03 1.462496339629999966e+04 -2.472914199010000118e+02 2.038267926830000079e+02 -3.172150854569999865e+02
6.500000000000000222e-01 -8.343733211630000369e+03 9.241708954450000419e+02 1.461273750629999995e+04 -2.470664477040000122e+02 2.042650748000000078e+02 -3.167500650819999919e+02
6.500000000000000222e-01 -8.298887498840000262e+03 8.859303857740000012e+02 1.459998017450000043e+04 -2.476327829310000084e+02 2.045489454149999915e+02 -3.169761015309999834e+02
6.500000000000000222e-01 -8.292717612640000880e+03 8.862256349040000032e+02 1.460473161059999984e+04 -2.472075565559999859e+02 2.043109539900000016e+02 -3.167519832049999877e+02
6.500000000000000222e-01 -8.223662829819999388e+03 9.976064939760000243e+02 1.466274521920000007e+04 -2.470446641339999871e+02 2.040584875499999953e+02 -3.173370732280000084e+02
6.500000000000000222e-01 -8.310574079500000153e+03 1.119695536019999963e+03 1.458652662100000089e+04 -2.475159359479999921e+02 2.042834474789999888e+02 -3.177850779589999775e+02
6.500000000000000222e-01 -8.260136965129999226e+03 9.672113333280000234e+02 1.466386767420000069e+04 -2.474037844179999865e+02 2.045859483490000059e+02 -3.170740455800000177e+02
6.500000000000000222e-01 -8.263724016910000501e+03 1.015244223880000050e+03 1.466707052189999922e+04 -2.474010220339999933e+02 2.035748746300000107e+02 -3.171426235590000147e+02
6.500000000000000222e-01 -8.167347184680000282e+03 9.382413345329999856e+02 1.461269469910000043e+04 -2.471371697069999982e+02 2.038997554039999898e+02 -3.177640947169999777e+02
6.500000000000000222e-01 -8.254509840520000580e+03 1.001270840700000008e+03 1.466765121139999974e+04 -2.480798332459999926e+02 2.040605563270000005e+02 -3.171751028890000157e+02
6.500000000000000222e-01 -8.179512897550000162e+03 1.074979317589999937e+03 1.461570232059999944e+04 -2.471267123169999991e+02 2.040538300690000142e+02 -3.175447640340000248e+02
6.500000000000000222e-01 -8.260396063860000140e+03 1.026867215320000014e+03 1.466539257019999968e+04 -2.474310164279999924e+02 2.046839711419999901e+02 -3.173149710349999850e+02
6.500000000000000222e-01 -8.302848237309999604e+03 1.042562758799999983e+03 1.465473386820000087e+04 -2.470421008739999991e+02 2.036703095590000032e+02 -3.170083953889999862e+02
6.500000000000000222e-01 -8.283030386239999643e+03 8.692748371500000530e+02 1.457630786660000012e+04 -2.474512016689999996e+02 2.039142288209999947e+02 -3.178268087509999873e+02
6.500000000000000222e-01 -8.133709127400000398e+03 9.764841807059999610e+02 1.458451506920000065e+04 -2.477133555389999913e+02 2.041787455870000088e+02 -3.168241319900000121e+02
6.500000000000000222e-01 -8.121956822819999616e+03 1.025272381380000070e+03 1.454636033010000028e+04 -2.473886531580000110e+02 2.041093818699999929e+02 -3.178650361370000041e+02
6.500000000000000222e-01 -8.135301488480000444e+03 1.044982827260000022e+03 1.457627095039999949e+04 -2.476801102819999869e+02 2.039914745149999931e+02 -3.166810700450000127e+02
6.500000000000000222e-01 -8.224356095729999652e+03 1.040023708319999969e+03 1.465727226309999969e+04 -2.479215379659999883e+02 2.037141195089999997e+02 -3.169831131290000030e+02
6.500000000000000222e-01 -8.242835391560000062e+03 1.019344938419999949e+03 1.466539587810000012e+04 -2.470721215210000139e+02 2.044207332990000054e+02 -3.173054637330000105e+02
6.500000000000000222e-01 -8.202998504279999906e+03 1.017744484960000023e+03 1.465431883019999987e+04 -2.479964773240000113e+02 2.039148975600000142e+02 -3.169659754009999801e+02
6.500000000000000222e-01 -8.250081494390000444e+03 9.916929527490000282e+02 1.466706326649999937e+04 -2.471381873539999958e+02 2.038342053750000105e+02 -3.172562925450000080e+02
6.500000000000000222e-01 -8.276971352110000225e+03 1.090702736050000112e+03 1.463506670529999974e+04 -2.476101485510000089e+02 2.046106492490000051e+02 -3.176027530929999898e+02
6.500000000000000222e-01 -8.245253024739999091e+03 9.798793910529999494e+02 1.466540131180000026e+04 -2.471057918589999929e+02 2.036187387399999977e+02 -3.173122720590000085e+02
6.500000000000000222e-01 -8.397978161180000825e+03 1.022931783910000036e+03 1.455894482550000066e+04 -2.473131655619999947e+02 2.040601736760000051e+02 -3.169849937810000142e+02
6.500000000000000222e-01 -8.313497362669999347e+03 9.889353023859999894e+02 1.465740702419999980e+04 -2.472688491579999948e+02 2.042098026870000069e+02 -3.170971960950000152e+02
6.500000000000000222e-01 -8.299546026419999180e+03 9.143914594010000201e+02 1.463174056620000010e+04 -2.474388104729999895e+02 2.046766533580000100e+02 -3.168380495339999925e+02
6.500000000000000222e-01 -8.316747025560000111e+03 1.115190356520000023e+03 1.458757821890000014e+04 -2.471789947700000027e+02 2.037766421809999997e+02 -3.171181449759999964e+02
6.500000000000000222e-01 -8.277418931840000369e+03 9.871723178720000078e+02 1.466623359840000012e+04 -2.471106668449999972e+02 2.045444799509999996e+02 -3.171136538320000113e+02
6.500000000000000222e-01 -8.175028551469999911e+03 9.045287469820000297e+02 1.458631312240000079e+04 -2.476161288479999882e+02 2.043186587209999914e+02 -3.166877236450000055e+02
6.500000000000000222e-01 -8.196475810370000545e+03 9.373459971480000377e+02 1.463527754099999947e+04 -2.471385349480000002e+02 2.037984203260000129e+02 -3.176449525329999801e+02
6.500000000000000222e-01 -8.275610200409999379e+03 9.801775684120000278e+02 1.466558441879999918e+04 -2.471265928180000060e+02 2.044263520289999860e+02 -3.171164246760000083e+02
6.500000000000000222e-01 -8.357893146399999750e+03 1.019144342869999946e+03 1.462823607719999927e+04 -2.476162477899999885e+02 2.040888955730000021e+02 -3.174165876349999849e+02
6.500000000000000222e-01 -8.285446998929999609e+03 1.005699924480000050e+03 1.466565741209999942e+04 -2.475751431690000004e+02 2.041402163649999864e+02 -3.172176350080000020e+02
6.500000000000000222e-01 -8.359886429210000642e+03 9.648144395729999587e+02 1.462196107230000052e+04 -2.476829146119999905e+02 2.041665354929999978e+02 -3.173675721280000062e+02
6.500000000000000222e-01 -8.402738596870000038e+03 1.001041883470000016e+03 1.454367531609999969e+04 -2.473045186960000024e+02 2.041012503290000097e+02 -3.165855036359999986e+02
6.500000000000000222e-01 -8.275495650509999905e+03 1.126820176089999904e+03 1.458881498810000085e+04 -2.472480895049999958e+02 2.039944127980000133e+02 -3.175584025630000156e+02
6.500000000000000222e-01 -8.261113319480000428e+03 1.013412710159999961e+03 1.466725990629999978e+04 -2.475265496499999927e+02 2.036990016089999926e+02 -3.171659572899999944e+02
6.500000000000000222e-01 -8.290683994650000386e+03 1.009666467499999953e+03 1.466448136840000006e+04 -2.475789728899999886e+02 2.041606106170000032e+02 -3.172179967530000226e+02
6.500000000000000222e-01 -8.246289171669999632e+03 1.029606201430000056e+03 1.466409883199999967e+04 -2.477646312340000065e+02 2.038410046820000048e+02 -3.171200612439999986e+02
6.500000000000000222e-01 -8.296547932440000295e+03 9.702740709519999882e+02 1.465996746220000023e+04 -2.470174742069999922e+02 2.045318302580000136e+02 -3.169794664409999996e+02
6.500000000000000222e-01 -8.262074904130000505e+03 1.007877631080000015e+03 1.466761847549999948e+04 -2.475044344499999909e+02 2.044630699399999969e+02 -3.172253592980000008e+02
6.500000000000000222e-01 -8.242924548270000741e+03 1.006863467099999980e+03 1.466650101659999928e+04 -2.470258651949999944e+02 2.042291090280000105e+02 -3.172731296800000109e+02
6.500000000000000222e-01 -8.345838934519999384e+03 1.059580585680000013e+03 1.462403271400000085e+04 -2.471030559019999941e+02 2.038578741940000043e+02 -3.167222098560000063e+02
6.500000000000000222e-01 -8.261677939839999453e+03 1.033921870549999994e+03 1.466376044860000002e+04 -2.473197580910000113e+02 2.037616975120000120e+02 -3.171655861720000189e+02
6.500000000000000222e-01 -8.237643078310000419e+03 1.100364112010000099e+03 1.462468784129999949e+04 -2.475956145870000000e+02 2.036468532330000016e+02 -3.167593015890000174e+02
6.500000000000000222e-01 -8.246835251779999453e+03 9.813854165640000247e+02 1.466579518800000005e+04 -2.477009471659999917e+02 2.044633238959999915e+02 -3.171264242230000150e+02
6.500000000000000222e-01 -8.154792595470000379e+03 9.565348122010000225e+02 1.461002478300000075e+04 -2.475942334430000074e+02 2.041118529770000123e+02 -3.169647294580000221e+02
6.500000000000000222e-01 -8.182031298840000090e+03 1.007824993130000053e+03 1.464359583500000008e+04 -2.479289896090000127e+02 2.040763741130000142e+02 -3.169546926510000162e+02
6.500000000000000222e-01 -8.185122958050000307e+03 1.073501245700000027e+03 1.462155650930000047e+04 -2.471074671670000100e+02 2.042858036920000018e+02 -3.176935370109999894e+02
6.500000000000000222e-01 -8.333748503049999272e+03 9.044941227530000560e+02 1.460149014779999925e+04 -2.472051273209999920e+02 2.044110551249999901e+02 -3.166519652559999827e+02
6.500000000000000222e-01 -8.261596217910000632e+03 1.010002346089999946e+03 1.466751499929999954e+04 -2.474317049830000030e+02 2.034532449330000077e+02 -3.171574227209999890e+02
6.500000000000000222e-01 -8.311547952959999748e+03 1.003106635050000023e+03 1.465861070199999995e+04 -2.478497296429999892e+02 2.041138569489999952e+02 -3.173417804509999769e+02
6.500000000000000222e-01 -8.254451993500000754e+03 1.121649501469999905e+03 1.460192150210000000e+04 -2.476755326530000048e+02 2.040111379349999936e+02 -3.168483149929999740e+02
6.500000000000000222e-01 -8.193587760640000852e+03 1.072313789130000032e+03 1.462847974450000038e+04 -2.478668975289999992e+02 2.040261163350000118e+02 -3.169549719789999926e+02
6.500000000000000222e-01 -8.318600431340000796e+03 9.288367942290000201e+02 1.463424966630000017e+04 -2.474142210269999964e+02 2.037196858570000018e+02 -3.174318275289999747e+02
6.500000000000000222e-01 -8.254308538400000543e+03 9.956326703129999487e+02 1.466753129620000072e+04 -2.472364227870000093e+02 2.039304689630000098e+02 -3.172294799750000038e+02
6.500000000000000222e-01 -8.221027903280000828e+03 1.077059392540000090e+03 1.463892798179999954e+04 -2.477775632279999911e+02 2.036957869759999937e+02 -3.168460334729999772e+02
3.690000000000000000e+05 2.635532627399999910e+03 8.017381116169999586e+02 -8.084482642980000264e+02 -8.395784449880000011e+01 1.944071021059999893e+01 -6.123838186199999711e+01
6.500000000000000222e-01 2.658114916600000015e+03 8.557955646279999655e+02 -6.787352077560000225e+02 -8.728584987829999875e+01 1.792032162419999963e+01 -6.291073908010000082e+01
6.500000000000000222e-01 2.735089862950000224e+03 8.643281227969999918e+02 -7.270671661720000429e+02 -8.315803818339999509e+01 1.989706959780000162e+01 -6.647198632389999773e+01
6.500000000000000222e-01 2.646060011980000127e+03 8.493039439829999537e+02 -6.744778079440000056e+02 -8.501191694220000272e+01 2.113599460889999904e+01 -6.425675873139999794e+01
6.500000000000000222e-01 2.578891010960000131e+03 6.836398862999999437e+02 -7.464218605989999560e+02 -8.670760363050000308e+01 2.251349508059999849e+01 -5.951503547680000139e+01
6.500000000000000222e-01 2.546042960700000094e+03 7.204863420039999937e+02 -7.190161233259999563e+02 -8.604808543529999554e+01 2.177051714070000088e+01 -5.839142376230000053e+01
6.500000000000000222e-01 2.750894567809999899e+03 7.397263665010000295e+02 -7.441729134810000232e+02 -8.414562606520000543e+01 2.011909835490000020e+01 -6.401377139880000300e+01
6.500000000000000222e-01 2.600971972010000172e+03 8.753939477630000283e+02 -6.860601888019999706e+02 -8.722430744269999536e+01 1.968675104040000079e+01 -6.326666120779999858e+01
6.500000000000000222e-01 2.644248344690000067e+03 8.481677775409999640e+02 -6.737780646380000462e+02 -8.518540602240000226e+01 2.125798660179999899e+01 -6.419302074009999615e+01
6.500000000000000222e-01 2.594147682159999931e+03 7.667111533900000495e+02 -6.720513109649999706e+02 -8.867476279269999395e+01 1.694623623689999903e+01 -6.313905945230000327e+01
6.500000000000000222e-01 2.634527720489999865e+03 6.647591300870000168e+02 -7.533428839169999947e+02 -8.449976936849999731e+01 2.050588806640000072e+01 -6.125006543979999662e+01
6.500000000000000222e-01 2.659598576800000046e+03 9.035521832870000480e+02 -7.123211814109999978e+02 -8.503617657830000098e+01 1.523313358589999922e+01 -6.059667470640000175e+01
6.500000000000000222e-01 2.511391552340000089e+03 7.753877530879999540e+02 -7.247435575209999570e+02 -8.768641245509999749e+01 1.825687331259999979e+01 -6.254367012950000060e+01
6.500000000000000222e-01 2.556354309519999788e+03 7.835472945679999839e+02 -6.837762176300000192e+02 -8.640791441449999866e+01 1.833146207460000099e+01 -6.162655219650000049e+01
6.500000000000000222e-01 2.530082051840000076e+03 8.987990972559999818e+02 -7.708467556880000302e+02 -8.506540038869999876e+01 1.768686625060000139e+01 -6.177913931730000030e+01
6.500000000000000222e-01 2.639543375700000070e+03 8.430614074710000523e+02 -6.714594678239999439e+02 -8.711491752050000059e+01 1.658348080220000043e+01 -6.248793600140000137e+01
6.500000000000000222e-01 2.615197718020000138e+03 8.127329881309999564e+02 -6.662128376870000466e+02 -8.485435139419999473e+01 1.717674200520000127e+01 -6.254657902699999994e+01
6.500000000000000222e-01 2.628702317050000147e+03 8.102295550239999784e+02 -6.651204456130000153e+02 -8.698251686790000292e+01 2.140814352510000163e+01 -6.307715210810000173e+01
6.500000000000000222e-01 2.656549316210000143e+03 8.060447977869999931e+02 -6.680227223089999598e+02 -8.612653628110000170e+01 1.870650557640000144e+01 -6.345520897530000326e+01
6.500000000000000222e-01 2.528350040039999840e+03 8.471442523260000144e+02 -7.116871130150000226e+02 -8.664501616910000337e+01 1.834710834899999909e+01 -6.135547619009999920e+01
6.500000000000000222e-01 2.651161808429999837e+03 7.784489077539999471e+02 -6.686190246190000153e+02 -8.848143995040000220e+01 2.190582670999999948e+01 -6.239607705160000251e+01
6.500000000000000222e-01 2.720021214580000105e+03 6.962187317679999978e+02 -7.675582681580000326e+02 -8.562801509470000383e+01 2.252236242849999925e+01 -6.004220105910000171e+01
6.500000000000000222e-01 2.638512070459999904e+03 9.151010373410000511e+02 -7.170190665310000213e+02 -8.602625446819999411e+01 1.721413473630000013e+01 -6.137889664600000117e+01
6.500000000000000222e-01 2.630271716079999806e+03 8.998900759829999743e+02 -7.004967266370000516e+02 -8.659140875990000552e+01 1.776587178719999827e+01 -6.207045694340000352e+01
6.500000000000000222e-01 2.617214911709999797e+03 8.808373440269999719e+02 -6.934542072540000390e+02 -8.390019937229999414e+01 1.436389083149999912e+01 -6.095669345059999955e+01
6.500000000000000222e-01 2.634012525229999937e+03 8.019839451039999858e+02 -6.647069908669999450e+02 -8.388443796090000149e+01 2.009582927769999827e+01 -6.291855218199999911e+01
6.500000000000000222e-01 2.754048090239999965e+03 7.889864549870000019e+02 -7.285975693440000214e+02 -8.329699241139999799e+01 1.968728694030000170e+01 -6.604383690689999753e+01
6.500000000000000222e-01 2.523730321770000046e+03 8.191179063929999984e+02 -7.108748157249999622e+02 -8.639709375980000061e+01 1.782673190670000096e+01 -6.162834652629999965e+01
6.500000000000000222e-01 2.633682247849999840e+03 8.939128953770000408e+02 -7.049244140350000407e+02 -8.373197301679999782e+01 1.704192407349999883e+01 -6.395323585770000108e+01
6.500000000000000222e-01 2.626195522779999919e+03 8.024352310870000338e+02 -6.645124064990000079e+02 -8.362001933370000017e+01 1.731256976339999909e+01 -6.259928149289999766e+01
6.500000000000000222e-01 2.651790429870000025e+03 7.164968944590000319e+02 -6.899436012710000341e+02 -8.482270545929999628e+01 1.809132732269999977e+01 -6.329473856340000282e+01
6.500000000000000222e-01 2.616164790459999949e+03 8.301980056400000194e+02 -6.683943796170000269e+02 -8.759734698479999793e+01 2.114556517300000138e+01 -6.344131375180000276e+01
6.500000000000000222e-01 2.643816438549999930e+03 9.131327896870000131e+02 -7.251160581919999686e+02 -8.353230974390000085e+01 1.767910765030000064e+01 -6.482361596249999991e+01
6.500000000000000222e-01 2.639938189489999786e+03 7.699872057740000173e+02 -6.681538178260000223e+02 -8.557709795729999769e+01 1.714283543089999995e+01 -6.334099291879999782e+01
6.500000000000000222e-01 2.652398188799999843e+03 7.982367519489999950e+02 -6.665933244950000471e+02 -8.319203152810000290e+01 1.854847433049999950e+01 -6.351627055369999653e+01
6.500000000000000222e-01 2.579230497900000046e+03 8.849800299790000508e+02 -7.011822709890000169e+02 -8.471016075890000252e+01 1.580786700360000019e+01 -5.971162070639999797e+01
6.500000000000000222e-01 2.679643374690000201e+03 7.985377657689999751e+02 -6.742669779210000343e+02 -8.720664186819999486e+01 1.933111705419999993e+01 -6.328856881629999975e+01
6.500000000000000222e-01 2.628226190809999935e+03 7.522863558630000398e+02 -6.747055989259999933e+02 -8.759264663049999911e+01 2.067516794990000051e+01 -6.275602652020000249e+01
6.500000000000000222e-01 2.615600304579999829e+03 7.898004694820000395e+02 -6.656226180280000335e+02 -8.865530326120000382e+01 1.723028468309999894e+01 -6.301416481470000264e+01
6.500000000000000222e-01 2.704535609590000149e+03 7.035727714549999519e+02 -7.412603412519999893e+02 -8.601399079140000481e+01 2.171224874110000158e+01 -6.412280055920000166e+01
6.500000000000000222e-01 2.741115843999999925e+03 7.798788493450000487e+02 -7.176336068199999545e+02 -8.536378578379999738e+01 2.036655009420000084e+01 -6.421181945169999494e+01
6.500000000000000222e-01 2.712381409220000023e+03 7.697117344429999548e+02 -6.928489121000000068e+02 -8.762871970729999305e+01 2.065744130930000111e+01 -6.185205145759999823e+01
6.500000000000000222e-01 2.634589966049999930e+03 8.268971914259999494e+02 -6.679673003719999542e+02 -8.562828772919999665e+01 1.973618551559999901e+01 -6.346101494890000083e+01
6.500000000000000222e-01 2.577477324980000049e+03 7.288144834460000538e+02 -6.924890626659999953e+02 -8.586031060690000061e+01 1.809841967359999870e+01 -6.197181047139999777e+01
6.500000000000000222e-01 2.687754394640000100e+03 8.757743187969999781e+02 -7.008933589829999846e+02 -8.425496814480000296e+01 1.578109895989999956e+01 -6.282618717620000126e+01
6.500000000000000222e-01 2.630293511920000128e+03 7.999944221319999542e+02 -6.650310109120000561e+02 -8.746175747469999351e+01 1.706520944269999873e+01 -6.301795366190000180e+01
6.500000000000000222e-01 2.648738839709999866e+03 7.844536946389999912e+02 -6.678616563650000444e+02 -8.770179506220000576e+01 2.062529026809999877e+01 -6.298452916810000346e+01
6.500000000000000222e-01 2.586387519429999884e+03 8.178067647540000280e+02 -6.714301108529999738e+02 -8.921040606110000226e+01 1.949432172970000110e+01 -6.319981275479999994e+01
6.500000000000000222e-01 2.650766371430000163e+03 7.441027729600000384e+02 -6.778597747940000318e+02 -8.730780008019999627e+01 2.286592193839999965e+01 -6.124652258209999900e+01
6.500000000000000222e-01 2.622808310649999839e+03 6.891543468959999927e+02 -7.133854074089999813e+02 -8.496949105909999389e+01 2.147379704080000096e+01 -5.959569006329999752e+01
6.500000000000000222e-01 2.745876120649999848e+03 8.312582016190000331e+02 -7.211178062499999442e+02 -8.581508753910000564e+01 1.854394708750000120e+01 -6.221994443620000226e+01
6.500000000000000222e-01 2.535797480100000030e+03 7.211615627170000380e+02 -7.287534799500000418e+02 -8.585927950980000389e+01 2.143636917359999927e+01 -5.800031221769999945e+01
6.500000000000000222e-01 2.585292684869999903e+03 8.818963639209999883e+02 -7.056591708470000412e+02 -8.353531888599999888e+01 1.519565909479999988e+01 -6.133364616749999954e+01
6.500000000000000222e-01 2.645916384380000181e+03 8.134404311230000530e+02 -6.664688532339999938e+02 -8.425303049910000652e+01 2.035241372580000174e+01 -6.346723359130000119e+01
6.500000000000000222e-01 2.662532209349999903e+03 6.960076139200000398e+02 -7.085658220880000044e+02 -8.446017566240000463e+01 1.866662696550000078e+01 -6.327718062910000185e+01
6.500000000000000222e-01 2.631178651870000067e+03 7.196295816540000487e+02 -6.884166766069999994e+02 -8.619498809360000280e+01 1.719548685690000056e+01 -6.395805256399999905e+01
6.500000000000000222e-01 2.711378414509999857e+03 8.350144266840000000e+02 -6.932510968169999614e+02 -8.321743416379999303e+01 1.919005920420000066e+01 -6.524916810109999687e+01
6.500000000000000222e-01 2.690846375480000006e+03 7.154430182410000043e+02 -7.053798283739999988e+02 -8.409668661700000314e+01 1.829526386130000049e+01 -6.464898325929999601e+01
6.500000000000000222e-01 2.701608113289999892e+03 7.059270991769999455e+02 -7.210345936539999911e+02 -8.398672521560000348e+01 1.883710370340000040e+01 -6.489963612329999876e+01
6.500000000000000222e-01 2.667307313220000196e+03 7.010186765939999987e+02 -7.048894683439999653e+02 -8.467188887019999299e+01 1.970597449859999983e+01 -6.222706612529999859e+01
6.500000000000000222e-01 2.646132012550000127e+03 8.521754804099999774e+02 -6.770593185139999832e+02 -8.502667210079999904e+01 1.507208692450000065e+01 -6.240724115769999969e+01
6.500000000000000222e-01 2.634622342449999906e+03 8.129084617429999753e+02 -6.658701935159999721e+02 -8.650453100759999359e+01 1.882294370199999989e+01 -6.318729645300000186e+01
6.500000000000000222e-01 2.586637594790000094e+03 8.659213974680000092e+02 -6.902280195639999647e+02 -8.361167722000000424e+01 1.483006063020000020e+01 -6.036188368039999830e+01
6.500000000000000222e-01 2.595539207780000197e+03 7.800036697030000141e+02 -6.693218835139999783e+02 -8.912040304159999948e+01 1.729342374859999865e+01 -6.307107994540000107e+01
6.500000000000000222e-01 2.735806344829999944e+03 7.683917883730000540e+02 -7.147796244070000284e+02 -8.380806106149999835e+01 1.979756859220000109e+01 -6.578566068909999842e+01
6.500000000000000222e-01 2.676398947159999807e+03 8.026644383330000210e+02 -6.725187006649999830e+02 -8.292673170049999953e+01 1.915279041320000175e+01 -6.435781400220000137e+01
6.500000000000000222e-01 2.550619198739999774e+03 8.832644582220000302e+02 -7.243853832969999758e+02 -8.345679833970000061e+01 1.545683402220000069e+01 -5.847156721849999883e+01
6.500000000000000222e-01 2.680370709480000187e+03 9.089639081510000551e+02 -7.308923680100000411e+02 -8.318074624170000675e+01 1.561497730850000032e+01 -6.256006254119999710e+01
6.500000000000000222e-01 2.622469178029999966e+03 7.913077266100000315e+02 -6.648863632909999524e+02 -8.524077121599999884e+01 2.130540311540000076e+01 -6.243702334969999868e+01
6.500000000000000222e-01 2.701787991459999830e+03 7.669004479499999434e+02 -6.889615015599999879e+02 -8.386645652459999667e+01 1.891990583060000120e+01 -6.509050987690000056e+01
6.500000000000000222e-01 2.636151766819999921e+03 7.981669917000000396e+02 -6.651877864120000368e+02 -8.843245406159999789e+01 1.994857458139999906e+01 -6.295582955310000273e+01
6.500000000000000222e-01 2.525236283379999804e+03 8.098626442680000537e+02 -7.056052161119999937e+02 -8.776232029409999313e+01 1.839290723010000050e+01 -6.233674776470000012e+01
6.500000000000000222e-01 2.543987582639999800e+03 8.458963616140000568e+02 -7.002545540219999793e+02 -8.360228092730000071e+01 1.634262664239999907e+01 -5.868463131899999752e+01
6.500000000000000222e-01 2.615785498610000104e+03 7.903623816890000171e+02 -6.649858018820000325e+02 -8.380945153119999702e+01 2.042860517680000143e+01 -6.203961197790000170e+01
6.500000000000000222e-01 2.682366818359999797e+03 7.185107080970000197e+02 -7.023793934440000157e+02 -8.472090724589999411e+01 1.839209087969999956e+01 -6.497191505819999691e+01
6.500000000000000222e-01 2.610991595200000120e+03 8.351168962740000552e+02 -6.702718768040000441e+02 -8.755668439679999437e+01 2.070963052910000002e+01 -6.351522686469999712e+01
6.500000000000000222e-01 2.678483133019999968e+03 7.753355140920000395e+02 -6.752173236339999676e+02 -8.424359031330000391e+01 1.828676560619999947e+01 -6.411401735500000143e+01
6.500000000000000222e-01 2.631162512070000048e+03 7.877565063949999740e+02 -6.654849986269999818e+02 -8.606467434670000216e+01 1.924346654220000019e+01 -6.295559516419999824e+01
6.500000000000000222e-01 2.532715703970000050e+03 8.303373090000000047e+02 -7.016574430770000390e+02 -8.524710306119999359e+01 1.788573914419999866e+01 -5.983103879250000290e+01
6.500000000000000222e-01 2.617538263049999841e+03 8.004534849479999821e+02 -6.647127220630000011e+02 -8.360260887479999781e+01 1.863764334820000101e+01 -6.230175655010000213e+01
6.500000000000000222e-01 2.640089279190000070e+03 7.905148460279999654e+02 -6.659450995460000513e+02 -8.806316866340000615e+01 2.108190647660000039e+01 -6.283635232440000351e+01
6.500000000000000222e-01 2.577987527490000048e+03 7.955092875609999510e+02 -6.731556728670000211e+02 -8.767872432699999763e+01 1.839133685750000069e+01 -6.255210971249999830e+01
6.500000000000000222e-01 2.741747575299999880e+03 7.752116142040000568e+02 -7.163887431580000111e+02 -8.321229154869999434e+01 1.939428818340000049e+01 -6.590134592450000639e+01
6.500000000000000222e-01 2.508267271600000186e+03 7.284411634309999499e+02 -7.755734515819999615e+02 -8.485111101590000260e+01 2.010551232659999954e+01 -5.572902307980000103e+01
6.500000000000000222e-01 2.523116847230000076e+03 7.332617038869999533e+02 -7.324892540309999731e+02 -8.675584951570000669e+01 2.052647010029999919e+01 -5.988672285049999999e+01
6.500000000000000222e-01 2.607094563109999854e+03 6.832996270099999947e+02 -7.223302063720000206e+02 -8.483889345309999896e+01 1.900311361059999982e+01 -6.195988905029999927e+01
6.500000000000000222e-01 2.686658583070000077e+03 9.302295566620000500e+02 -7.680708437069999945e+02 -8.351644718570000236e+01 1.866806678229999861e+01 -6.613001609670000391e+01
6.500000000000000222e-01 2.512925761940000029e+03 7.531336799270000029e+02 -7.312699425389999988e+02 -8.618096793399999456e+01 1.991829543669999936e+01 -5.933155088790000065e+01
6.500000000000000222e-01 2.627085823209999944e+03 8.018146406370000250e+02 -6.648479173010000522e+02 -8.923048351769999442e+01 1.966820942829999908e+01 -6.295309884059999916e+01
6.500000000000000222e-01 2.651732502029999978e+03 7.861644484610000063e+02 -6.673720575529999905e+02 -8.465464939710000181e+01 1.787842450000000127e+01 -6.350485753249999732e+01
6.500000000000000222e-01 2.581569114880000143e+03 7.011545910940000113e+02 -7.153755597949999583e+02 -8.768424597499999606e+01 1.908619773999999936e+01 -6.334894763380000171e+01
6.500000000000000222e-01 2.582589045560000159e+03 8.488583257069999490e+02 -6.833643994320000274e+02 -8.639401380210000525e+01 1.820331436000000025e+01 -6.315946636080000332e+01
6.500000000000000222e-01 2.516632873630000176e+03 8.739167156649999697e+02 -7.536145233229999576e+02 -8.457422994819999928e+01 1.724281767409999944e+01 -5.840318710340000052e+01
6.500000000000000222e-01 2.643859675189999962e+03 8.568619064929999922e+02 -6.770378270639999982e+02 -8.531233252660000232e+01 2.114319197460000055e+01 -6.436366451680000011e+01
6.500000000000000222e-01 2.652538209490000099e+03 8.765200493439999718e+02 -6.916289130400000431e+02 -8.384872580379999363e+01 1.762795423889999924e+01 -6.414400575189999643e+01
6.500000000000000222e-01 2.748256834440000148e+03 8.153102788899999496e+02 -7.210322332130000405e+02 -8.536191836640000474e+01 1.923284568840000119e+01 -6.329958388280000037e+01
6.500000000000000222e-01 2.613947758090000207e+03 7.571850162770000452e+02 -6.713111827239999911e+02 -8.580078394599999569e+01 1.840936461069999908e+01 -6.254941821959999970e+01
6.500000000000000222e-01 2.698901115310000023e+03 8.423448917729999721e+02 -6.885690020060000052e+02 -8.425192260049999504e+01 1.798593361340000030e+01 -6.422468269579999856e+01
6.500000000000000222e-01 2.574184198020000167e+03 8.714337372669999695e+02 -6.929167553219999718e+02 -8.506157102900000666e+01 1.643437271370000019e+01 -6.018261021179999659e+01
6.500000000000000222e-01 2.591474089759999970e+03 7.199028627410000354e+02 -6.925465181329999496e+02 -8.554707340459999898e+01 1.817515910710000071e+01 -6.209781446110000047e+01
6.500000000000000222e-01 2.747680923630000052e+03 7.188786822020000500e+02 -7.682137586139999712e+02 -8.495322707980000132e+01 2.156582793800000175e+01 -6.031442371960000060e+01
