3.450000000000000000e+05 3.621894923199999994e+03 -4.965681653050000023e+03 -7.009405882359999850e+03 -1.185817947080000039e+02 2.926479520619999874e+01 -4.312833549709999659e+01
6.500000000000000222e-01 3.535851312570000118e+03 -4.878119053710000117e+03 -6.748855737640000370e+03 -1.188178487100000069e+02 2.973045296449999952e+01 -4.236417640730000045e+01
6.500000000000000222e-01 3.447346616830000130e+03 -5.085668460009999762e+03 -7.195678235520000271e+03 -1.183940524530000005e+02 2.926218333910000169e+01 -4.231991816930000283e+01
6.500000000000000222e-01 3.811944413509999777e+03 -4.892782259280000289e+03 -6.815701526640000338e+03 -1.185594618009999976e+02 2.967358483610000164e+01 -4.453915730890000191e+01
6.500000000000000222e-01 3.601940773859999808e+03 -5.072358860479999748e+03 -7.278408397750000404e+03 -1.179528726009999957e+02 2.638260932229999867e+01 -4.302977674320000290e+01
6.500000000000000222e-01 3.733919999530000041e+03 -5.165626744729999700e+03 -7.171573066050000307e+03 -1.186786332519999974e+02 2.939595440069999910e+01 -4.358100016230000051e+01
6.500000000000000222e-01 3.720718693530000110e+03 -4.741173855410000215e+03 -7.142031919979999657e+03 -1.194917419970000054e+02 2.720778278979999953e+01 -4.479346709010000183e+01
6.500000000000000222e-01 3.396508026840000184e+03 -4.860696991120000348e+03 -7.140445040859999608e+03 -1.171012667100000044e+02 2.884398700419999884e+01 -4.371758715520000038e+01
6.500000000000000222e-01 3.785795428439999796e+03 -4.784962636449999991e+03 -7.143198187250000046e+03 -1.190567486799999983e+02 2.691644718459999908e+01 -4.446153623850000258e+01
6.500000000000000222e-01 3.398366355430000112e+03 -4.894756640059999881e+03 -6.833778452100000322e+03 -1.183013153739999979e+02 3.034806819759999996e+01 -4.138550060029999855e+01
6.500000000000000222e-01 3.352034312480000153e+03 -4.985497367009999834e+03 -6.927789552019999974e+03 -1.172924571770000028e+02 3.016311367160000145e+01 -4.013758090710000204e+01
6.500000000000000222e-01 3.447336757399999897e+03 -5.106132382140000118e+03 -7.180375151440000081e+03 -1.184948854860000012e+02 2.873142054999999928e+01 -4.172155941270000312e+01
6.500000000000000222e-01 3.703441065089999938e+03 -4.988220333639999808e+03 -6.741742263340000136e+03 -1.206670767260000048e+02 3.065586986599999975e+01 -4.300101992009999918e+01
6.500000000000000222e-01 3.560666098329999841e+03 -4.810137251680000190e+03 -7.241881624700000430e+03 -1.186356523970000012e+02 2.829039231779999852e+01 -4.314472408710000195e+01
6.500000000000000222e-01 3.472797007820000090e+03 -4.908131654720000370e+03 -7.238557219579999582e+03 -1.158018045499999999e+02 2.790410459319999958e+01 -4.411197702449999980e+01
6.500000000000000222e-01 3.772645408360000147e+03 -4.925330195620000268e+03 -6.777951371959999960e+03 -1.201095220010000020e+02 2.997088185539999827e+01 -4.336320470439999752e+01
6.500000000000000222e-01 3.496992211589999897e+03 -5.181245219399999769e+03 -7.143148754349999763e+03 -1.167746666040000036e+02 3.033359534790000112e+01 -4.576920422919999965e+01
6.500000000000000222e-01 3.403488728499999979e+03 -5.035166018369999620e+03 -7.168079005319999851e+03 -1.184191010370000043e+02 2.876234055910000009e+01 -4.114864205979999667e+01
6.500000000000000222e-01 3.630501556789999995e+03 -5.068771232789999885e+03 -6.751033775990000322e+03 -1.200322645870000002e+02 3.270837067850000324e+01 -4.256356614780000314e+01
6.500000000000000222e-01 3.514232530150000002e+03 -5.038907563660000051e+03 -6.755630416740000328e+03 -1.171217993009999958e+02 3.133632862219999993e+01 -4.180481487130000318e+01
6.500000000000000222e-01 3.668664854579999883e+03 -4.879504568530000142e+03 -7.273562928520000241e+03 -1.177048125700000014e+02 2.630741383790000043e+01 -4.358678211899999866e+01
6.500000000000000222e-01 3.421920416850000038e+03 -4.796029106320000210e+03 -7.122645333380000011e+03 -1.186871653890000005e+02 2.952390570800000091e+01 -4.104349757170000146e+01
6.500000000000000222e-01 3.470381420690000141e+03 -4.775450086030000421e+03 -7.150256208789999619e+03 -1.175488533519999947e+02 2.789754133659999979e+01 -4.401801857470000101e+01
6.500000000000000222e-01 3.744606177279999883e+03 -4.796898325479999585e+03 -6.816965031540000382e+03 -1.211775747079999945e+02 2.859449863240000056e+01 -4.111624291769999928e+01
6.500000000000000222e-01 3.849751480620000166e+03 -4.985168562290000409e+03 -6.851465142009999909e+03 -1.201921814610000041e+02 2.938716755949999992e+01 -4.321919035719999869e+01
6.500000000000000222e-01 3.840239506469999924e+03 -4.957353121699999974e+03 -6.838016760839999733e+03 -1.195348919989999956e+02 2.943025225439999915e+01 -4.413775986110000105e+01
6.500000000000000222e-01 3.597658379850000074e+03 -5.188719834780000383e+03 -6.839234827450000012e+03 -1.179124807329999953e+02 3.123763962629999824e+01 -4.207775254719999936e+01
6.500000000000000222e-01 3.495928523229999882e+03 -4.812012385199999699e+03 -7.213780908730000192e+03 -1.191364862939999938e+02 2.980516431090000040e+01 -4.146963527590000353e+01
6.500000000000000222e-01 3.429669753900000160e+03 -5.153549977599999693e+03 -7.084640511929999775e+03 -1.179428172789999962e+02 2.955175006760000045e+01 -4.135825797439999718e+01
6.500000000000000222e-01 3.515681174469999860e+03 -4.716228421220000200e+03 -7.105648836280000069e+03 -1.190202152490000032e+02 2.892888413980000095e+01 -4.224008642969999983e+01
6.500000000000000222e-01 3.493863274620000084e+03 -5.111148647600000004e+03 -6.804396835690000444e+03 -1.194910727769999994e+02 2.928311543719999932e+01 -4.452611634419999831e+01
6.500000000000000222e-01 3.808664394920000177e+03 -4.799357196060000206e+03 -6.885601048069999706e+03 -1.194577512750000068e+02 2.818014528229999982e+01 -4.284465807899999845e+01
6.500000000000000222e-01 3.389929580389999956e+03 -5.053799532220000401e+03 -6.873511467149999589e+03 -1.191314065969999945e+02 3.006849437829999871e+01 -4.454178064570000117e+01
6.500000000000000222e-01 3.345454208699999981e+03 -5.003140175970000200e+03 -7.021729437900000448e+03 -1.176984790009999955e+02 2.977993146889999920e+01 -4.021203377650000022e+01
6.500000000000000222e-01 3.685994862099999864e+03 -4.916373091589999603e+03 -7.283928830150000067e+03 -1.195459682660000027e+02 2.744553646270000158e+01 -4.392761629200000328e+01
6.500000000000000222e-01 3.508982406879999871e+03 -4.706839448529999572e+03 -6.975422995719999562e+03 -1.187059464109999993e+02 2.871037360829999940e+01 -3.983829444629999728e+01
6.500000000000000222e-01 3.616334373080000205e+03 -4.686140490030000365e+03 -7.054046882589999768e+03 -1.193706647510000067e+02 2.864123775839999908e+01 -4.203864051840000116e+01
6.500000000000000222e-01 3.654753252630000134e+03 -4.838940968199999588e+03 -7.252766465249999783e+03 -1.172630960340000001e+02 2.643819602479999986e+01 -4.323654975049999649e+01
6.500000000000000222e-01 3.696264426639999783e+03 -4.855158094999999776e+03 -6.757441082399999686e+03 -1.194929298419999952e+02 2.832544108340000122e+01 -4.227873386840000336e+01
6.500000000000000222e-01 3.489755829350000113e+03 -5.085726548030000231e+03 -6.791485811210000065e+03 -1.189278772199999992e+02 3.196102110420000031e+01 -4.253036060870000057e+01
6.500000000000000222e-01 3.693294682830000056e+03 -4.786686714530000245e+03 -6.797607440310000129e+03 -1.189814210760000037e+02 3.078925707380000176e+01 -4.386348189219999938e+01
4.560000000000000000e+04 6.869021008949999668e+03 2.428889728680000189e+03 1.803971632730000056e+04 2.043332517069999881e+02 -6.090771007970000284e+01 2.013554733139999939e+02
6.500000000000000222e-01 6.919260729040000115e+03 2.305199215690000074e+03 1.820023535139999876e+04 2.048956976679999968e+02 -6.138204513010000341e+01 2.012388972519999868e+02
6.500000000000000222e-01 6.997579252049999923e+03 2.532808194619999995e+03 1.792004106339999998e+04 2.038583695830000124e+02 -6.151521861839999872e+01 2.006571380620000014e+02
6.500000000000000222e-01 6.924964710360000026e+03 2.307929682380000031e+03 1.819604032670000015e+04 2.040867497220000075e+02 -6.005187518399999647e+01 2.021591950289999886e+02
6.500000000000000222e-01 6.668010750630000075e+03 2.415235775180000019e+03 1.800669640230000005e+04 2.045191000700000075e+02 -6.091432859460000060e+01 2.013443286190000094e+02
6.500000000000000222e-01 7.011033586260000448e+03 2.563576695079999809e+03 1.798334110620000138e+04 2.042749164210000004e+02 -6.082588037099999667e+01 2.023223787919999950e+02
6.500000000000000222e-01 6.779111609610000414e+03 2.610851466019999862e+03 1.804433190499999910e+04 2.044972300729999972e+02 -6.119406345800000224e+01 2.010791259290000141e+02
6.500000000000000222e-01 6.832813064199999644e+03 2.472063363690000187e+03 1.823776248919999853e+04 2.051694577089999996e+02 -6.164015223500000218e+01 2.018248090820000016e+02
6.500000000000000222e-01 6.866928519420000157e+03 2.632327723140000217e+03 1.803559394149999935e+04 2.043629516940000030e+02 -6.120159080380000205e+01 2.011203308480000089e+02
6.500000000000000222e-01 6.850943710960000317e+03 2.498074460280000039e+03 1.784560250580000138e+04 2.041618238910000116e+02 -6.155362614229999707e+01 2.009182818689999976e+02
6.500000000000000222e-01 6.779941380919999574e+03 2.427002107469999828e+03 1.785347147079999922e+04 2.044591631909999876e+02 -6.097408650980000289e+01 2.010501268589999881e+02
6.500000000000000222e-01 7.015156056470000294e+03 2.334264999720000105e+03 1.793844381319999957e+04 2.041398418720000052e+02 -6.077679302659999649e+01 2.018536405570000056e+02
6.500000000000000222e-01 6.821829220089999581e+03 2.432630903419999868e+03 1.823995652360000167e+04 2.045674358649999931e+02 -6.083517535890000261e+01 2.015040251579999904e+02
6.500000000000000222e-01 6.792265868120000050e+03 2.272075404990000152e+03 1.814769130790000054e+04 2.048940870730000086e+02 -6.100946981020000237e+01 2.014015147929999898e+02
6.500000000000000222e-01 6.844163265680000222e+03 2.234201246999999967e+03 1.797752374559999953e+04 2.045075064209999880e+02 -6.066502127369999897e+01 2.005823622650000004e+02
6.500000000000000222e-01 6.733982879610000055e+03 2.277992781699999796e+03 1.806281977520000146e+04 2.045659686980000060e+02 -6.068616669090000215e+01 2.020426511940000012e+02
6.500000000000000222e-01 6.963610560570000416e+03 2.267035925529999986e+03 1.796981959659999848e+04 2.039535420960000067e+02 -6.054825602550000241e+01 2.016625803389999874e+02
6.500000000000000222e-01 7.064278548489999594e+03 2.479595654719999857e+03 1.807337284179999915e+04 2.042429452080000090e+02 -6.096370012679999917e+01 2.011242049409999879e+02
6.500000000000000222e-01 7.071546640839999782e+03 2.450231201500000225e+03 1.804719977379999909e+04 2.040866064999999878e+02 -6.091009516079999742e+01 2.016616159859999868e+02
6.500000000000000222e-01 6.779342373569999836e+03 2.304463240839999798e+03 1.790172735990000001e+04 2.048321295210000130e+02 -6.096478456429999682e+01 2.008560413659999995e+02
6.500000000000000222e-01 6.797051920939999945e+03 2.492225185100000090e+03 1.822315147240000078e+04 2.047736190569999906e+02 -6.109590551849999684e+01 2.017898018399999955e+02
6.500000000000000222e-01 6.792372208529999625e+03 2.545391857090000030e+03 1.788643865200000073e+04 2.037748328410000056e+02 -6.038358681569999931e+01 2.017599402129999930e+02
6.500000000000000222e-01 6.997089715930000239e+03 2.303948437460000150e+03 1.793499453599999833e+04 2.041484299519999865e+02 -6.082037645580000174e+01 2.008599859320000007e+02
6.500000000000000222e-01 6.952256402220000382e+03 2.243602856659999816e+03 1.805171526309999899e+04 2.042486434159999931e+02 -6.070958009209999773e+01 2.004122108280000134e+02
6.500000000000000222e-01 6.871744491110000126e+03 2.556832427910000206e+03 1.787727782880000086e+04 2.039755787560000044e+02 -6.022927135310000324e+01 2.017157848880000017e+02
6.500000000000000222e-01 7.030970153799999935e+03 2.311913045530000090e+03 1.808940909100000135e+04 2.043989548110000101e+02 -6.091438780229999850e+01 2.009773074819999863e+02
6.500000000000000222e-01 6.767875400070000069e+03 2.571100581929999862e+03 1.814062704830000075e+04 2.049464828540000099e+02 -6.156722135550000274e+01 2.021124829059999968e+02
6.500000000000000222e-01 6.997827721329999804e+03 2.319418396949999988e+03 1.814972375399999873e+04 2.042757706989999917e+02 -6.069339740649999726e+01 2.009971873019999862e+02
6.500000000000000222e-01 7.001506757590000234e+03 2.508877029960000073e+03 1.790736589829999866e+04 2.043935999679999895e+02 -6.063758346120000198e+01 2.019441037439999889e+02
6.500000000000000222e-01 6.830150274169999648e+03 2.399743926690000080e+03 1.783875995410000178e+04 2.035519691330000001e+02 -6.135763687720000092e+01 2.012949680639999883e+02
6.500000000000000222e-01 6.849133804449999843e+03 2.399896783659999983e+03 1.783626857780000137e+04 2.038358014460000049e+02 -6.128622908789999713e+01 2.012298739789999900e+02
6.500000000000000222e-01 6.686677712040000188e+03 2.372509601579999980e+03 1.811216560390000086e+04 2.043134900709999897e+02 -6.080094758639999952e+01 2.007489505009999959e+02
6.500000000000000222e-01 6.895000996159999886e+03 2.614775892019999901e+03 1.812855002009999953e+04 2.040089278380000053e+02 -6.079139393370000022e+01 2.015890960250000035e+02
6.500000000000000222e-01 6.790585159340000246e+03 2.586097778270000163e+03 1.813578338359999907e+04 2.046925726899999916e+02 -6.115080754720000300e+01 2.009378048560000138e+02
6.500000000000000222e-01 6.982762728849999803e+03 2.270843271400000049e+03 1.809538124189999871e+04 2.042853932799999939e+02 -6.078062049140000056e+01 2.005911788079999951e+02
6.500000000000000222e-01 7.033581685819999620e+03 2.536158245940000143e+03 1.798507294639999964e+04 2.042219937339999944e+02 -6.121217135300000223e+01 2.013802690660000110e+02
6.500000000000000222e-01 6.870552322120000099e+03 2.505403502319999916e+03 1.823217434420000063e+04 2.043181124150000016e+02 -6.002718752290000026e+01 2.012984182460000113e+02
6.500000000000000222e-01 7.019946759579999707e+03 2.308037829200000033e+03 1.809710082269999839e+04 2.039690327799999920e+02 -6.050506625980000308e+01 2.017332884420000028e+02
6.500000000000000222e-01 6.666209980749999886e+03 2.425458501600000091e+03 1.805979357339999842e+04 2.044526405709999892e+02 -6.091851519120000091e+01 2.002662204899999949e+02
6.500000000000000222e-01 6.927337530320000042e+03 2.605643123880000076e+03 1.813020979739999893e+04 2.040140584659999945e+02 -6.067148036510000253e+01 2.013718074779999938e+02
6.500000000000000222e-01 7.060125189669999600e+03 2.458991098899999997e+03 1.810520342489999894e+04 2.039866509320000034e+02 -6.088740676569999977e+01 2.019731962440000075e+02
1.390000000000000000e+04 -1.005399292799999967e+04 2.499870915619999778e+03 1.213574377710000044e+04 -2.382620523889999902e+02 2.023158261410000023e+02 -3.314091142330000253e+02
6.500000000000000222e-01 -1.000510527290000027e+04 2.480803737610000098e+03 1.226832375339999999e+04 -2.389970168469999976e+02 2.026013352639999994e+02 -3.311648023650000141e+02
6.500000000000000222e-01 -1.008196901400000024e+04 2.530355985470000178e+03 1.199841390069999943e+04 -2.384918996250000021e+02 2.027021766420000120e+02 -3.313122315389999812e+02
6.500000000000000222e-01 -1.009473904709999988e+04 2.519106127949999973e+03 1.227258696190000046e+04 -2.378565104269999892e+02 2.020390267230000063e+02 -3.310346267689999991e+02
6.500000000000000222e-01 -9.978108257170000797e+03 2.399911233880000054e+03 1.207115384880000056e+04 -2.384816323439999906e+02 2.027495275979999860e+02 -3.320167369970000095e+02
6.500000000000000222e-01 -9.975996872449999501e+03 2.394351175320000038e+03 1.208580733169999985e+04 -2.383360510599999884e+02 2.025353658040000084e+02 -3.312793014530000164e+02
6.500000000000000222e-01 -1.012297393790000024e+04 2.476072173309999926e+03 1.226023707819999981e+04 -2.386331470620000061e+02 2.024161525629999971e+02 -3.313498441869999738e+02
6.500000000000000222e-01 -1.012450009830000090e+04 2.464916742989999875e+03 1.201734313669999938e+04 -2.375936881609999887e+02 2.024391827979999903e+02 -3.316789464830000043e+02
6.500000000000000222e-01 -9.959843553999999131e+03 2.493885628229999838e+03 1.202672348649999913e+04 -2.386620797770000024e+02 2.023158719299999859e+02 -3.320561970620000238e+02
6.500000000000000222e-01 -9.966146123189999344e+03 2.414578043020000223e+03 1.220213279700000021e+04 -2.385274402660000135e+02 2.025706448720000026e+02 -3.316878575779999778e+02
6.500000000000000222e-01 -1.009543972969999959e+04 2.372162209040000107e+03 1.209369654980000087e+04 -2.382995483420000085e+02 2.027355643310000062e+02 -3.315744284930000276e+02
6.500000000000000222e-01 -1.001741481410000051e+04 2.401599136759999965e+03 1.222825298979999934e+04 -2.387202576939999972e+02 2.029659072999999978e+02 -3.310833239159999835e+02
6.500000000000000222e-01 -9.932223431469999923e+03 2.426255458640000143e+03 1.213087307529999998e+04 -2.383467913739999915e+02 2.024145053059999952e+02 -3.322357917940000220e+02
6.500000000000000222e-01 -1.001536034420000033e+04 2.372118526740000107e+03 1.217637961879999966e+04 -2.384879354709999859e+02 2.026476109850000000e+02 -3.316454379200000062e+02
6.500000000000000222e-01 -1.002572756809999919e+04 2.409193532799999957e+03 1.224510842340000090e+04 -2.380884521280000001e+02 2.019691657230000033e+02 -3.316043295270000044e+02
6.500000000000000222e-01 -1.010960811520000061e+04 2.555576085029999831e+03 1.201588299100000040e+04 -2.378332292409999980e+02 2.019784148900000105e+02 -3.317269754550000016e+02
6.500000000000000222e-01 -9.916113323730000047e+03 2.531375531430000137e+03 1.211798463090000041e+04 -2.384153571989999989e+02 2.022336322120000034e+02 -3.322192630409999765e+02
6.500000000000000222e-01 -1.008604001629999948e+04 2.634628560130000096e+03 1.216915092609999920e+04 -2.382886783630000025e+02 2.020122940189999952e+02 -3.306926368219999972e+02
6.500000000000000222e-01 -9.946666564270000890e+03 2.526401658650000172e+03 1.222415175099999942e+04 -2.382793135590000020e+02 2.023967420829999924e+02 -3.318027998439999919e+02
6.500000000000000222e-01 -9.954713654920000408e+03 2.600982238149999830e+03 1.214244891210000060e+04 -2.383558027900000127e+02 2.021114039029999958e+02 -3.314346696819999920e+02
6.500000000000000222e-01 -1.002611323330000050e+04 2.633498563650000051e+03 1.217698551740000039e+04 -2.384640895029999967e+02 2.020418390719999877e+02 -3.308538487999999802e+02
6.500000000000000222e-01 -9.919059766099999251e+03 2.545043806220000079e+03 1.213687798979999934e+04 -2.383547252870000079e+02 2.022317784900000106e+02 -3.322015800770000169e+02
6.500000000000000222e-01 -1.013509240759999921e+04 2.406645724829999835e+03 1.220752634650000073e+04 -2.381120443780000073e+02 2.027474816209999915e+02 -3.307057030290000057e+02
6.500000000000000222e-01 -1.018647149469999931e+04 2.486034023059999981e+03 1.208770370899999944e+04 -2.381210875900000019e+02 2.023186917220000112e+02 -3.310947639280000203e+02
6.500000000000000222e-01 -1.007208180329999959e+04 2.639702438039999834e+03 1.212479848270000002e+04 -2.382196207670000092e+02 2.021152338299999940e+02 -3.307965509509999720e+02
6.500000000000000222e-01 -1.000467385800000011e+04 2.507596502259999852e+03 1.226966179589999956e+04 -2.387592559160000008e+02 2.022446464900000080e+02 -3.312634873310000216e+02
6.500000000000000222e-01 -1.010162086529999942e+04 2.368963619749999907e+03 1.211311595719999968e+04 -2.382856156899999860e+02 2.025814518850000070e+02 -3.310935544079999886e+02
6.500000000000000222e-01 -9.987890821549999600e+03 2.599879956620000030e+03 1.205767864929999996e+04 -2.384762839189999966e+02 2.019352347749999979e+02 -3.320589972089999833e+02
6.500000000000000222e-01 -1.008196930600000087e+04 2.366441183590000037e+03 1.218055712540000059e+04 -2.381006089310000107e+02 2.023225562920000016e+02 -3.314830845509999904e+02
6.500000000000000222e-01 -9.931482804990000659e+03 2.464363923700000214e+03 1.219720794340000066e+04 -2.381991575319999868e+02 2.023160565169999927e+02 -3.320732989699999962e+02
6.500000000000000222e-01 -1.016176072190000014e+04 2.410297394669999903e+03 1.211342502210000021e+04 -2.381930830720000074e+02 2.025404658090000112e+02 -3.312879687619999913e+02
6.500000000000000222e-01 -1.012778571440000087e+04 2.592795987919999789e+03 1.221654723809999996e+04 -2.381288241359999915e+02 2.019471730159999936e+02 -3.306878296279999745e+02
6.500000000000000222e-01 -1.000349832950000018e+04 2.543060071110000081e+03 1.200801966700000048e+04 -2.376701210340000046e+02 2.025480743340000060e+02 -3.312863523249999957e+02
6.500000000000000222e-01 -9.972274339879999388e+03 2.395198754319999807e+03 1.218706965139999920e+04 -2.382023983020000060e+02 2.022529834640000104e+02 -3.320870906229999946e+02
6.500000000000000222e-01 -9.937893714510000791e+03 2.581457912389999819e+03 1.212547899649999999e+04 -2.383759947149999903e+02 2.021542996910000056e+02 -3.321887185709999812e+02
6.500000000000000222e-01 -9.988341716319999250e+03 2.623091134769999826e+03 1.211064930400000048e+04 -2.382951964060000023e+02 2.019891508700000031e+02 -3.319983103580000261e+02
6.500000000000000222e-01 -1.015474208589999944e+04 2.410048235969999951e+03 1.218184335979999923e+04 -2.380620853270000055e+02 2.025682100079999941e+02 -3.306672999009999785e+02
6.500000000000000222e-01 -1.015264464489999955e+04 2.598447510269999839e+03 1.216563487870000063e+04 -2.383467863390000048e+02 2.022878075030000105e+02 -3.318603041819999930e+02
6.500000000000000222e-01 -9.969872542369999792e+03 2.393920785390000219e+03 1.218422853050000049e+04 -2.383217220020000013e+02 2.024440797499999860e+02 -3.311941097100000206e+02
6.500000000000000222e-01 -9.933116497909999453e+03 2.557408508580000216e+03 1.218269775940000000e+04 -2.386151019630000008e+02 2.021469874000000004e+02 -3.309204468410000004e+02
6.500000000000000222e-01 -1.011826524179999979e+04 2.463319048370000019e+03 1.225947988690000057e+04 -2.388684768399999996e+02 2.022126699940000094e+02 -3.315275617180000154e+02
3.690000000000000000e+05 1.696483489770000006e+03 8.338693048049999561e+02 -9.177017263059999550e+02 -1.690935914179999884e+02 -1.323511726409999945e+01 3.780609851940000254e+01
6.500000000000000222e-01 1.578038649249999935e+03 8.919703733369999554e+02 -8.897483307960000047e+02 -1.694202119589999995e+02 -2.011635724370000133e+01 3.882629711639999925e+01
6.500000000000000222e-01 1.569157618779999893e+03 7.918304218089999722e+02 -7.913164763989999528e+02 -1.781341526059999865e+02 -1.693570395689999941e+01 4.056330559159999893e+01
6.500000000000000222e-01 1.743049231169999985e+03 8.161198901440000100e+02 -8.259853883629999700e+02 -1.757377026910000097e+02 -1.272049904840000067e+01 3.331923077889999973e+01
6.500000000000000222e-01 1.840853064729999915e+03 8.905387435459999779e+02 -1.036279256230000101e+03 -1.601826743510000028e+02 -1.033149767789999984e+01 3.392555425439999794e+01
6.500000000000000222e-01 1.792388294899999892e+03 8.928282182350000085e+02 -8.749219611229999600e+02 -1.716759549980000088e+02 -1.609005168130000030e+01 3.321118962879999970e+01
6.500000000000000222e-01 1.638022093230000110e+03 8.707258387949999587e+02 -7.972396403069999451e+02 -1.725191209250000099e+02 -2.233913119179999995e+01 3.995773308390000267e+01
6.500000000000000222e-01 1.749796171129999948e+03 7.536783725940000522e+02 -9.583402752670000382e+02 -1.690138760380000065e+02 -5.420571341629999651e+00 3.955871343580000143e+01
6.500000000000000222e-01 1.617814057269999921e+03 7.399036031670000284e+02 -8.330860747640000454e+02 -1.748224819730000092e+02 -7.746240793610000175e+00 4.490685217170000243e+01
6.500000000000000222e-01 1.665256429210000078e+03 7.230902608549999968e+02 -8.309597495960000515e+02 -1.745579732289999981e+02 -1.033769619939999984e+01 3.916453750720000215e+01
6.500000000000000222e-01 1.756125561560000051e+03 8.996830049530000224e+02 -8.664235183030000371e+02 -1.697830860200000131e+02 -2.010977667839999938e+01 3.300427567490000058e+01
6.500000000000000222e-01 1.851289025490000085e+03 8.453477552640000567e+02 -1.005404109449999964e+03 -1.668591003349999937e+02 -9.227157571370000255e+00 2.817016295890000066e+01
6.500000000000000222e-01 1.723039135219999935e+03 7.263405025060000071e+02 -9.261238714109999819e+02 -1.696213693930000090e+02 -6.280715031329999753e+00 4.179426796109999742e+01
6.500000000000000222e-01 1.790950333000000001e+03 7.587469735180000043e+02 -9.540919032369999968e+02 -1.693680821170000002e+02 -5.798529973129999959e+00 3.477183509240000348e+01
6.500000000000000222e-01 1.730548643580000089e+03 7.476711400839999442e+02 -1.004374410949999969e+03 -1.647245323760000133e+02 -9.020453517300000001e+00 4.085711281489999891e+01
6.500000000000000222e-01 1.544315873790000069e+03 8.091402634459999490e+02 -8.086762433809999493e+02 -1.753138795630000004e+02 -1.750197819379999942e+01 4.289607625389999868e+01
6.500000000000000222e-01 1.818118979919999902e+03 7.786884531499999866e+02 -9.379580182979999563e+02 -1.689455473349999863e+02 -6.815867282750000200e+00 3.639231048319999928e+01
6.500000000000000222e-01 1.779308770090000053e+03 8.297935300760000246e+02 -1.055827523429999928e+03 -1.649810453929999881e+02 -6.624813240189999952e+00 3.428076405019999839e+01
6.500000000000000222e-01 1.749313579930000060e+03 8.103023402620000297e+02 -8.323410987319999776e+02 -1.731829401020000034e+02 -1.323785246729999976e+01 3.163905332350000066e+01
6.500000000000000222e-01 1.586155662780000057e+03 7.507193028809999760e+02 -9.036288335870000310e+02 -1.707018726640000068e+02 -9.405125024569999326e+00 4.441378009200000321e+01
6.500000000000000222e-01 1.639031229619999976e+03 9.003670155309999927e+02 -8.646412080300000298e+02 -1.683219303219999858e+02 -2.227024252160000017e+01 3.846115678999999687e+01
6.500000000000000222e-01 1.696265020410000034e+03 7.536058106899999984e+02 -8.162653008360000513e+02 -1.756671013069999958e+02 -7.993327786780000110e+00 3.956099653849999953e+01
6.500000000000000222e-01 1.694059491230000049e+03 8.406609940509999888e+02 -1.042283647850000079e+03 -1.595882020900000100e+02 -1.191614293640000000e+01 3.902452569030000262e+01
6.500000000000000222e-01 1.558969718479999983e+03 8.474398446699999567e+02 -8.051183233929999687e+02 -1.759972494849999975e+02 -1.845756350319999939e+01 4.054846107249999676e+01
6.500000000000000222e-01 1.800290426999999909e+03 9.141376605049999853e+02 -1.042441532210000105e+03 -1.630776421420000020e+02 -1.207010561040000063e+01 3.272971721809999934e+01
6.500000000000000222e-01 1.628923419940000031e+03 7.823237393470000143e+02 -9.839566316870000264e+02 -1.671385522120000076e+02 -1.061262778380000071e+01 4.501259633800000159e+01
6.500000000000000222e-01 1.708075917079999954e+03 7.647606524000000263e+02 -1.017057269280000014e+03 -1.638219639870000037e+02 -9.602552485909999547e+00 4.102182819850000328e+01
6.500000000000000222e-01 1.682705195860000003e+03 7.692467838129999791e+02 -1.003181556640000053e+03 -1.663369496619999950e+02 -9.059290669310000155e+00 4.256826922770000010e+01
6.500000000000000222e-01 1.848897960309999917e+03 8.438873154010000235e+02 -1.014265087490000042e+03 -1.665903885109999862e+02 -8.941200850810000489e+00 2.847399558020000043e+01
6.500000000000000222e-01 1.666532844930000010e+03 8.091296807799999442e+02 -7.870654047900000023e+02 -1.780548559860000069e+02 -1.041824086949999995e+01 3.783774916880000205e+01
6.500000000000000222e-01 1.688676826379999966e+03 7.306804806710000548e+02 -9.101505652319999626e+02 -1.711156822819999945e+02 -5.849406289560000083e+00 4.308586983659999703e+01
6.500000000000000222e-01 1.709265367550000065e+03 7.275027982870000187e+02 -9.296074440290000211e+02 -1.714767260630000010e+02 -5.760461921020000098e+00 3.589143110829999728e+01
6.500000000000000222e-01 1.780894472879999967e+03 8.276838648039999953e+02 -1.065570624210000005e+03 -1.653392105039999933e+02 -6.315848820510000294e+00 3.276823481120000281e+01
6.500000000000000222e-01 1.852171308210000007e+03 8.565433205640000551e+02 -9.335905497510000259e+02 -1.682554673170000115e+02 -1.084331384060000047e+01 3.297146603070000026e+01
6.500000000000000222e-01 1.784390189689999943e+03 8.969718863499999770e+02 -1.061856270360000053e+03 -1.635807787010000141e+02 -1.281107138610000007e+01 3.210203063830000048e+01
6.500000000000000222e-01 1.667257968249999976e+03 7.330459209450000344e+02 -8.478108970370000179e+02 -1.741176878079999994e+02 -6.359109403479999756e+00 4.349276962260000090e+01
6.500000000000000222e-01 1.610987117330000046e+03 9.098812760419999677e+02 -9.361226568329999509e+02 -1.658545307589999993e+02 -1.810897945399999998e+01 4.338858458299999654e+01
6.500000000000000222e-01 1.666001924599999938e+03 8.325330627390000018e+02 -7.896453340609999714e+02 -1.759831061010000042e+02 -2.045207165200000077e+01 3.676193183240000195e+01
6.500000000000000222e-01 1.818500421219999907e+03 8.372925750279999875e+02 -1.052819638639999994e+03 -1.602972812010000041e+02 -9.422449314870000592e+00 3.503251059469999973e+01
6.500000000000000222e-01 1.663238489939999909e+03 8.213494988270000476e+02 -7.806854556729999786e+02 -1.737987758259999964e+02 -1.556534146319999934e+01 3.740970315319999884e+01
6.500000000000000222e-01 1.574330369999999903e+03 7.937582266690000097e+02 -7.883868382409999640e+02 -1.794508708799999965e+02 -1.700480208020000106e+01 3.975323392680000012e+01
