3.450000000000000000e+05 4.320398211769999762e+03 -5.106381169600000248e+03 -6.680392138469999736e+03 -1.085410368689999956e+02 1.652775425040000101e+01 -6.375596729730000334e+01
6.500000000000000222e-01 4.234770863859999736e+03 -5.020099911350000184e+03 -6.422909248979999575e+03 -1.084267462640000019e+02 1.648115841050000085e+01 -6.350590159800000123e+01
6.500000000000000222e-01 4.147129808679999769e+03 -5.226467766560000200e+03 -6.871982744949999869e+03 -1.091462578099999945e+02 1.655886771429999982e+01 -6.284899773109999899e+01
6.500000000000000222e-01 4.507801432190000014e+03 -5.035670720320000328e+03 -6.478123428410000088e+03 -1.077041836530000012e+02 1.683508594670000136e+01 -6.511658864710000216e+01
6.500000000000000222e-01 4.298313920610000423e+03 -5.196510645790000126e+03 -6.951139162620000207e+03 -1.084844766380000038e+02 1.402409768529999923e+01 -6.330993589940000277e+01
6.500000000000000222e-01 4.433666201760000149e+03 -5.307507725319999736e+03 -6.841925505479999629e+03 -1.088640346589999979e+02 1.678405689159999881e+01 -6.351785825860000045e+01
6.500000000000000222e-01 4.424120687800000269e+03 -4.871567750389999674e+03 -6.802131493279999631e+03 -1.092221354579999968e+02 1.522681877620000002e+01 -6.563827506289999292e+01
6.500000000000000222e-01 4.087805253970000194e+03 -4.999538610489999883e+03 -6.806297421350000150e+03 -1.076651883330000032e+02 1.633085958770000090e+01 -6.485342178409999292e+01
6.500000000000000222e-01 4.486242279060000328e+03 -4.913534920260000035e+03 -6.805940062059999946e+03 -1.087014990640000036e+02 1.492849983690000037e+01 -6.511016105100000573e+01
6.500000000000000222e-01 4.095586453660000188e+03 -5.040601741170000423e+03 -6.513448107240000354e+03 -1.083891116730000022e+02 1.711663007030000117e+01 -6.266459863440000078e+01
6.500000000000000222e-01 4.044184104739999839e+03 -5.130274782909999885e+03 -6.615765195519999907e+03 -1.077536500060000009e+02 1.695453140400000080e+01 -6.121902235299999973e+01
6.500000000000000222e-01 4.147727965570000379e+03 -5.243485313019999921e+03 -6.860450358170000072e+03 -1.092436950839999952e+02 1.597058452409999951e+01 -6.222011908009999814e+01
6.500000000000000222e-01 4.412878543239999999e+03 -5.135824313090000032e+03 -6.413568728919999558e+03 -1.100111108490000049e+02 1.739269178460000020e+01 -6.358708034699999700e+01
6.500000000000000222e-01 4.260600687260000086e+03 -4.946970758370000112e+03 -6.912009992880000027e+03 -1.089510014170000005e+02 1.623716395439999971e+01 -6.403187282320000406e+01
6.500000000000000222e-01 4.156202012939999804e+03 -5.041799620810000306e+03 -6.902874994769999830e+03 -1.064053171759999969e+02 1.558782501289999978e+01 -6.496580076280000071e+01
6.500000000000000222e-01 4.478178806939999959e+03 -5.069520001400000183e+03 -6.447556993619999957e+03 -1.093011412820000032e+02 1.696572074219999848e+01 -6.394965132970000354e+01
6.500000000000000222e-01 4.186514018629999555e+03 -5.327904588379999950e+03 -6.798982709629999590e+03 -1.074278740510000034e+02 1.738816546409999830e+01 -6.606330964379999671e+01
6.500000000000000222e-01 4.103470088699999906e+03 -5.172858478189999914e+03 -6.850978339289999894e+03 -1.091820704120000016e+02 1.604900819559999903e+01 -6.187282405549999709e+01
6.500000000000000222e-01 4.336873509330000161e+03 -5.228384998509999605e+03 -6.425764389349999874e+03 -1.096505905979999937e+02 1.924616865750000017e+01 -6.307996063569999734e+01
6.500000000000000222e-01 4.203483078850000311e+03 -5.189900986829999965e+03 -6.434159008239999821e+03 -1.069855091090000059e+02 1.780789554540000097e+01 -6.261244913080000174e+01
6.500000000000000222e-01 4.362516243189999841e+03 -5.004308976080000321e+03 -6.941959590059999755e+03 -1.079092974529999935e+02 1.430943604630000010e+01 -6.415866405879999945e+01
6.500000000000000222e-01 4.122513366219999625e+03 -4.939374720879999586e+03 -6.804624167680000028e+03 -1.091068307059999967e+02 1.712341413360000075e+01 -6.226937105039999665e+01
6.500000000000000222e-01 4.163708418449999954e+03 -4.909211367439999776e+03 -6.814085241890000361e+03 -1.078778832950000037e+02 1.562525489829999970e+01 -6.521002647720000311e+01
6.500000000000000222e-01 4.456684692599999835e+03 -4.933522236709999561e+03 -6.499441139630000180e+03 -1.103595135959999993e+02 1.588371362880000071e+01 -6.200634091469999731e+01
6.500000000000000222e-01 4.555874141070000405e+03 -5.126213813499999560e+03 -6.522898811469999600e+03 -1.094185076790000011e+02 1.652911948590000080e+01 -6.350297425090000303e+01
6.500000000000000222e-01 4.542220963089999714e+03 -5.098668952459999673e+03 -6.503540239250000013e+03 -1.087255887529999967e+02 1.657065925230000047e+01 -6.450887275370000395e+01
6.500000000000000222e-01 4.292088456200000110e+03 -5.339231011480000234e+03 -6.517720456000000013e+03 -1.078902038330000011e+02 1.775442904570000024e+01 -6.235806051779999848e+01
6.500000000000000222e-01 4.199261532720000105e+03 -4.957794452479999563e+03 -6.893853757779999796e+03 -1.095555575119999929e+02 1.763540066290000041e+01 -6.246507394580000039e+01
6.500000000000000222e-01 4.126501034820000314e+03 -5.295026389769999696e+03 -6.766973625679999714e+03 -1.086367805720000064e+02 1.649369173070000016e+01 -6.184410055589999899e+01
6.500000000000000222e-01 4.217339365670000007e+03 -4.856491363389999606e+03 -6.780172131479999734e+03 -1.091196562049999983e+02 1.671532740199999978e+01 -6.349631057650000088e+01
6.500000000000000222e-01 4.198220128680000016e+03 -5.249445412050000414e+03 -6.466701083390000349e+03 -1.095234295030000027e+02 1.572799392029999943e+01 -6.517932102419999296e+01
6.500000000000000222e-01 4.510130465340000228e+03 -4.934058369600000333e+03 -6.557949255780000385e+03 -1.086307328700000028e+02 1.566703338629999998e+01 -6.358250693429999956e+01
6.500000000000000222e-01 4.092977089559999968e+03 -5.197346221079999850e+03 -6.534958898109999609e+03 -1.094527887109999966e+02 1.664421371490000112e+01 -6.544713334600000110e+01
6.500000000000000222e-01 4.040653303189999860e+03 -5.146103106219999972e+03 -6.709562439889999951e+03 -1.083413831539999990e+02 1.674664262159999950e+01 -6.119637777159999814e+01
6.500000000000000222e-01 4.391181679629999962e+03 -5.048084296850000101e+03 -6.950608056529999885e+03 -1.097571843159999929e+02 1.542006375909999960e+01 -6.437266507709999530e+01
6.500000000000000222e-01 4.208087982279999778e+03 -4.844978436690000308e+03 -6.664258794569999736e+03 -1.086031121420000005e+02 1.624936813400000091e+01 -6.123149757409999694e+01
6.500000000000000222e-01 4.319107863229999566e+03 -4.824782117179999659e+03 -6.729994244139999864e+03 -1.091350280359999942e+02 1.647913313380000133e+01 -6.322762882760000025e+01
6.500000000000000222e-01 4.345774298839999574e+03 -4.964601190360000146e+03 -6.922933475779999753e+03 -1.074289560560000041e+02 1.445614204119999968e+01 -6.393107958320000250e+01
6.500000000000000222e-01 4.398189372390000244e+03 -4.989235780949999935e+03 -6.432740750089999892e+03 -1.087364897850000034e+02 1.532085593280000069e+01 -6.318346631549999870e+01
6.500000000000000222e-01 4.190582009949999701e+03 -5.240493611629999577e+03 -6.465867826710000372e+03 -1.089439679420000004e+02 1.841092288069999938e+01 -6.323633158119999820e+01
6.500000000000000222e-01 4.392097921180000412e+03 -4.936472975810000207e+03 -6.462800141720000283e+03 -1.082316556850000069e+02 1.796011580449999911e+01 -6.488608066160000476e+01
4.560000000000000000e+04 5.632855666600000404e+03 2.789414140939999925e+03 1.679998644259999855e+04 2.081644172089999927e+02 -5.929896362779999919e+01 2.125994987400000014e+02
6.500000000000000222e-01 5.679805296550000094e+03 2.668902637669999876e+03 1.696139968750000116e+04 2.086998815260000129e+02 -5.988947097580000190e+01 2.124151956260000134e+02
6.500000000000000222e-01 5.763907601799999611e+03 2.896715671959999781e+03 1.668455858850000004e+04 2.078105118020000077e+02 -5.981698119179999651e+01 2.118806023449999998e+02
6.500000000000000222e-01 5.690336280339999576e+03 2.663660761080000157e+03 1.695168798500000048e+04 2.078992044839999949e+02 -5.856018926050000317e+01 2.133360972069999946e+02
6.500000000000000222e-01 5.431054559469999731e+03 2.775781885679999959e+03 1.676675442820000171e+04 2.082380445750000035e+02 -5.929886842439999839e+01 2.126836644349999972e+02
6.500000000000000222e-01 5.774918895759999941e+03 2.923320901470000081e+03 1.673797716260000016e+04 2.082094134040000029e+02 -5.911752693999999764e+01 2.135118429620000029e+02
6.500000000000000222e-01 5.542161452010000176e+03 2.972691863540000213e+03 1.680624752109999827e+04 2.082595516549999957e+02 -5.944801738040000316e+01 2.123248189249999882e+02
6.500000000000000222e-01 5.591935461819999546e+03 2.836968411939999896e+03 1.699543136059999961e+04 2.088980647269999906e+02 -6.002900368459999925e+01 2.129936803630000099e+02
6.500000000000000222e-01 5.630618453779999982e+03 2.994178757000000132e+03 1.679736420219999854e+04 2.081822675559999993e+02 -5.944376713340000151e+01 2.123314915830000018e+02
6.500000000000000222e-01 5.615621744869999930e+03 2.862225903500000186e+03 1.660827055960000143e+04 2.080549324149999961e+02 -5.985909961640000176e+01 2.122399444510000137e+02
6.500000000000000222e-01 5.542963571330000377e+03 2.787826773539999976e+03 1.661523931749999974e+04 2.083085026200000129e+02 -5.933026320830000344e+01 2.124099770359999866e+02
6.500000000000000222e-01 5.779751311490000262e+03 2.694185220039999876e+03 1.669573745459999918e+04 2.081085035140000059e+02 -5.922923817209999697e+01 2.130974018329999922e+02
6.500000000000000222e-01 5.584574047090000022e+03 2.792796695210000053e+03 1.699952173179999954e+04 2.082915228159999970e+02 -5.925403220700000162e+01 2.126819096330000036e+02
6.500000000000000222e-01 5.552978312580000420e+03 2.633577613599999950e+03 1.690765588959999877e+04 2.086430900860000008e+02 -5.952741000860000042e+01 2.126553837820000012e+02
6.500000000000000222e-01 5.606897517340000377e+03 2.593655775270000049e+03 1.674223742259999926e+04 2.083572891210000080e+02 -5.918795599909999794e+01 2.118935547090000000e+02
6.500000000000000222e-01 5.496668303669999659e+03 2.637501253890000044e+03 1.681877265529999931e+04 2.083125798000000088e+02 -5.918428652309999904e+01 2.133554790659999867e+02
6.500000000000000222e-01 5.729440774499999861e+03 2.625739505139999892e+03 1.672820541869999943e+04 2.078816060309999898e+02 -5.905347314560000171e+01 2.129242776430000106e+02
6.500000000000000222e-01 5.828357266240000172e+03 2.840395526450000034e+03 1.683532111730000179e+04 2.081771889249999958e+02 -5.933491765200000145e+01 2.122679431260000058e+02
6.500000000000000222e-01 5.836511503370000355e+03 2.810760527660000207e+03 1.680589076260000002e+04 2.080385633649999875e+02 -5.929844673760000262e+01 2.128185656439999889e+02
6.500000000000000222e-01 5.540169583019999664e+03 2.665518395739999960e+03 1.666466056089999984e+04 2.086676599200000055e+02 -5.941953441279999737e+01 2.122156178099999977e+02
6.500000000000000222e-01 5.558594852010000068e+03 2.853816688079999949e+03 1.698098343480000040e+04 2.084857254350000062e+02 -5.946737187840000161e+01 2.129745239920000017e+02
6.500000000000000222e-01 5.559527437920000011e+03 2.902443944589999774e+03 1.664406332230000044e+04 2.076142619780000018e+02 -5.866038590040000145e+01 2.130805113309999967e+02
6.500000000000000222e-01 5.761663140689999636e+03 2.664188023929999872e+03 1.669820409769999969e+04 2.081066168229999960e+02 -5.929299505409999682e+01 2.121169526379999866e+02
6.500000000000000222e-01 5.716437085730000035e+03 2.603354555639999944e+03 1.681767067279999901e+04 2.081355068809999977e+02 -5.924346056710000141e+01 2.116465478609999877e+02
6.500000000000000222e-01 5.637546115799999825e+03 2.912944663310000124e+03 1.663525508659999832e+04 2.078669222339999862e+02 -5.850111276919999881e+01 2.130066874000000041e+02
6.500000000000000222e-01 5.794166162860000441e+03 2.672772194189999936e+03 1.685214278669999840e+04 2.083152489169999910e+02 -5.940732469000000293e+01 2.121545972250000034e+02
6.500000000000000222e-01 5.528356170830000337e+03 2.935302811900000052e+03 1.689642716360000122e+04 2.086669737649999945e+02 -5.986434079749999881e+01 2.133309671769999909e+02
6.500000000000000222e-01 5.761888471360000040e+03 2.678961708089999775e+03 1.691237126830000125e+04 2.081487382059999902e+02 -5.918980985660000016e+01 2.121621155320000014e+02
6.500000000000000222e-01 5.764599165100000391e+03 2.867572065620000103e+03 1.666414299749999918e+04 2.083555513299999973e+02 -5.895599615460000109e+01 2.131781572239999889e+02
6.500000000000000222e-01 5.598493446600000425e+03 2.762925769150000178e+03 1.659909053629999835e+04 2.074422365560000117e+02 -5.973347365080000060e+01 2.126447442889999877e+02
6.500000000000000222e-01 5.615739552340000046e+03 2.762652544340000077e+03 1.659700866569999926e+04 2.077384005330000036e+02 -5.966277717650000056e+01 2.125732417559999874e+02
6.500000000000000222e-01 5.451034161649999987e+03 2.732519827409999834e+03 1.687592481839999891e+04 2.080054989559999967e+02 -5.923579128400000116e+01 2.120414757599999973e+02
6.500000000000000222e-01 5.660864899850000256e+03 2.974260610299999826e+03 1.688764416329999949e+04 2.078114543620000063e+02 -5.906601380819999747e+01 2.127538052380000124e+02
6.500000000000000222e-01 5.552545867920000092e+03 2.947775716019999891e+03 1.689865377060000174e+04 2.084272753740000041e+02 -5.943881481190000216e+01 2.121455746340000132e+02
6.500000000000000222e-01 5.746723479919999590e+03 2.630986296999999922e+03 1.686036215399999855e+04 2.081724781800000130e+02 -5.930295417359999988e+01 2.117912677649999864e+02
6.500000000000000222e-01 5.797744065859999864e+03 2.898280025760000171e+03 1.674537397490000149e+04 2.081700553469999875e+02 -5.952509224189999770e+01 2.125632084549999945e+02
6.500000000000000222e-01 5.634707432160000280e+03 2.860582908129999851e+03 1.699305225760000030e+04 2.080713239629999975e+02 -5.839748311679999659e+01 2.124485387489999937e+02
6.500000000000000222e-01 5.785741142480000235e+03 2.666457417120000173e+03 1.685529517330000090e+04 2.078783591529999910e+02 -5.900286319599999985e+01 2.129134931700000095e+02
6.500000000000000222e-01 5.429720172800000000e+03 2.786033375819999947e+03 1.682638417779999872e+04 2.081481307360000130e+02 -5.930495740570000152e+01 2.115799459030000094e+02
6.500000000000000222e-01 5.693114629849999801e+03 2.964434455260000050e+03 1.689064100590000089e+04 2.078359392140000068e+02 -5.895499750020000107e+01 2.125247220880000043e+02
6.500000000000000222e-01 5.825778011350000270e+03 2.819390494830000080e+03 1.686208391380000103e+04 2.079085218230000009e+02 -5.927823500110000055e+01 2.131098504859999991e+02
1.390000000000000000e+04 -8.583149217239999416e+03 1.266660911899999974e+03 1.411096009659999982e+04 -2.460442591689999858e+02 2.039009372669999891e+02 -3.196807979459999842e+02
6.500000000000000222e-01 -8.530194371559999126e+03 1.245972609879999936e+03 1.424202762400000029e+04 -2.466532754229999966e+02 2.041518409100000042e+02 -3.194316740070000264e+02
6.500000000000000222e-01 -8.609351414360000490e+03 1.294647276709999915e+03 1.397301829279999947e+04 -2.463948826619999863e+02 2.043347241390000022e+02 -3.195704369160000056e+02
6.500000000000000222e-01 -8.626663188079999600e+03 1.287611856409999973e+03 1.424576074870000048e+04 -2.455448028939999858e+02 2.036158345899999915e+02 -3.193836422530000050e+02
6.500000000000000222e-01 -8.505820878779999475e+03 1.164299353079999946e+03 1.404975022539999918e+04 -2.462935284069999966e+02 2.042577173450000032e+02 -3.201907448889999728e+02
6.500000000000000222e-01 -8.504628254900000684e+03 1.160061358969999901e+03 1.405993176610000046e+04 -2.461373451270000032e+02 2.040368308490000118e+02 -3.194547337970000171e+02
6.500000000000000222e-01 -8.650107132700000875e+03 1.242417511930000046e+03 1.423535814509999909e+04 -2.463459820589999936e+02 2.039515556590000074e+02 -3.197092480169999931e+02
6.500000000000000222e-01 -8.657306088100000125e+03 1.231022410620000073e+03 1.399426882760000080e+04 -2.455063153790000001e+02 2.040025205979999896e+02 -3.199697532079999860e+02
6.500000000000000222e-01 -8.486402990430000500e+03 1.260593207579999898e+03 1.400552438649999931e+04 -2.464924970650000091e+02 2.039238957629999902e+02 -3.202162202449999882e+02
6.500000000000000222e-01 -8.493941263110000364e+03 1.180075613890000113e+03 1.417881968459999916e+04 -2.462261016649999874e+02 2.040734906380000098e+02 -3.198936960130000102e+02
6.500000000000000222e-01 -8.624161177309999402e+03 1.136772960810000086e+03 1.406991922949999935e+04 -2.461468472130000009e+02 2.042017507360000081e+02 -3.198471358130000226e+02
6.500000000000000222e-01 -8.544035461049999867e+03 1.164770642169999974e+03 1.420141592040000069e+04 -2.464227134360000093e+02 2.044463739969999949e+02 -3.193352836239999988e+02
6.500000000000000222e-01 -8.460977113130000362e+03 1.192612439429999995e+03 1.411074553860000015e+04 -2.460869498149999970e+02 2.039439261139999928e+02 -3.203952923379999902e+02
6.500000000000000222e-01 -8.543251213890000145e+03 1.137278082080000104e+03 1.415289198039999974e+04 -2.462334208489999980e+02 2.041092011240000090e+02 -3.198768625459999839e+02
6.500000000000000222e-01 -8.556218538830000398e+03 1.178395863060000011e+03 1.422148083910000059e+04 -2.457798319979999917e+02 2.034565182300000004e+02 -3.198725734719999991e+02
6.500000000000000222e-01 -8.641012317430000621e+03 1.324204275410000037e+03 1.399311027239999930e+04 -2.457299620039999866e+02 2.036301077779999957e+02 -3.200196491180000180e+02
6.500000000000000222e-01 -8.444478721780000342e+03 1.298507913370000097e+03 1.409776368569999977e+04 -2.461474456219999922e+02 2.038665169639999988e+02 -3.203790214680000190e+02
6.500000000000000222e-01 -8.615133512369999153e+03 1.402902036050000106e+03 1.414020628079999915e+04 -2.460435371689999897e+02 2.037144363989999931e+02 -3.190223863859999938e+02
6.500000000000000222e-01 -8.476089739790000749e+03 1.292632843730000104e+03 1.420157036780000089e+04 -2.459402205460000062e+02 2.040033411740000133e+02 -3.200190210289999868e+02
6.500000000000000222e-01 -8.483480715120000241e+03 1.368682005780000054e+03 1.411762789209999937e+04 -2.460785361929999908e+02 2.038017403130000105e+02 -3.196448337470000070e+02
6.500000000000000222e-01 -8.554235254150000401e+03 1.401576231750000034e+03 1.414887064500000088e+04 -2.461869226389999881e+02 2.037484016189999920e+02 -3.191371427610000069e+02
6.500000000000000222e-01 -8.447843906399999469e+03 1.312159709470000053e+03 1.411658191389999956e+04 -2.460712379510000005e+02 2.038739798960000087e+02 -3.203720374289999882e+02
6.500000000000000222e-01 -8.665207793999999922e+03 1.171157455519999985e+03 1.417868943179999951e+04 -2.458818388020000043e+02 2.042248748300000045e+02 -3.190487564690000113e+02
6.500000000000000222e-01 -8.716194819750000534e+03 1.252871652790000098e+03 1.406130964280000080e+04 -2.459997841549999862e+02 2.038842379810000125e+02 -3.194582268259999864e+02
6.500000000000000222e-01 -8.601499299369999790e+03 1.407304138039999998e+03 1.409641637629999968e+04 -2.460038011320000066e+02 2.038314154100000053e+02 -3.191032272670000225e+02
6.500000000000000222e-01 -8.531219955599999594e+03 1.274851633909999919e+03 1.424398155179999958e+04 -2.464114242310000122e+02 2.038206879100000037e+02 -3.195356741570000167e+02
6.500000000000000222e-01 -8.630466556069999569e+03 1.134529889550000007e+03 1.408644956959999945e+04 -2.461210465510000063e+02 2.040417170089999956e+02 -3.193760188649999918e+02
6.500000000000000222e-01 -8.515668558100000155e+03 1.368615083460000051e+03 1.403666096880000077e+04 -2.462809706029999859e+02 2.036356328269999949e+02 -3.202706814119999876e+02
6.500000000000000222e-01 -8.612137014789999739e+03 1.133611246619999974e+03 1.415625980920000075e+04 -2.458723270529999922e+02 2.037732596840000099e+02 -3.197701204019999750e+02
6.500000000000000222e-01 -8.461319161780000286e+03 1.231243500499999982e+03 1.417617159670000001e+04 -2.458814018809999880e+02 2.038708456829999989e+02 -3.202591824070000257e+02
6.500000000000000222e-01 -8.691114584040000409e+03 1.176014322100000072e+03 1.408811774909999986e+04 -2.460483299029999955e+02 2.040332932190000008e+02 -3.196264402890000156e+02
6.500000000000000222e-01 -8.657903693860000203e+03 1.361629396049999968e+03 1.418769478940000045e+04 -2.458678944220000062e+02 2.035977760279999984e+02 -3.190581522850000056e+02
6.500000000000000222e-01 -8.535988953399999446e+03 1.308222548779999897e+03 1.398228002580000066e+04 -2.455321060709999870e+02 2.042001729119999993e+02 -3.194866568300000154e+02
6.500000000000000222e-01 -8.501986797999999908e+03 1.162671046910000086e+03 1.416617427789999965e+04 -2.459181259060000002e+02 2.037406581330000108e+02 -3.202915381739999816e+02
6.500000000000000222e-01 -8.466510718240000642e+03 1.348938350650000075e+03 1.410516554779999933e+04 -2.461057677439999907e+02 2.038307289919999903e+02 -3.203773078660000238e+02
6.500000000000000222e-01 -8.517364856939999299e+03 1.391463345820000086e+03 1.408932386919999954e+04 -2.460543610539999975e+02 2.037019190240000057e+02 -3.202308734079999795e+02
6.500000000000000222e-01 -8.685072520749999967e+03 1.175630801649999967e+03 1.415280534240000088e+04 -2.458605037250000009e+02 2.040511484710000047e+02 -3.190194409389999919e+02
6.500000000000000222e-01 -8.681288613439999608e+03 1.365180729259999907e+03 1.414392421789999935e+04 -2.461335684080000021e+02 2.039481671750000089e+02 -3.202373211149999861e+02
6.500000000000000222e-01 -8.498852953260000504e+03 1.160235069300000077e+03 1.415790573899999981e+04 -2.460405811150000090e+02 2.039311152669999956e+02 -3.193951800149999940e+02
6.500000000000000222e-01 -8.460421115859999190e+03 1.325033454260000099e+03 1.415470662269999957e+04 -2.463016883399999983e+02 2.037922430280000015e+02 -3.191167273319999822e+02
6.500000000000000222e-01 -8.643970936730000176e+03 1.230932757909999964e+03 1.423565912009999920e+04 -2.465804808569999977e+02 2.037373401799999897e+02 -3.198806335730000114e+02
3.690000000000000000e+05 2.523446172599999954e+03 8.236736281519999920e+02 -8.775565432160000228e+02 -9.871463880119999601e+01 1.475766405779999957e+01 -4.656090402539999928e+01
6.500000000000000222e-01 2.410190318729999944e+03 9.105881973020000260e+02 -8.473312766990000000e+02 -9.984164124250000327e+01 1.218164441619999927e+01 -4.816124914889999786e+01
6.500000000000000222e-01 2.439585800599999857e+03 7.976516719759999887e+02 -7.544761267090000274e+02 -1.038076884310000025e+02 1.299850443649999931e+01 -4.762335332589999837e+01
6.500000000000000222e-01 2.599067845630000193e+03 8.032555048670000133e+02 -7.637164239940000243e+02 -1.016414757210000062e+02 1.504659076879999979e+01 -4.908893211310000027e+01
6.500000000000000222e-01 2.623753096169999935e+03 8.674330141479999838e+02 -9.879267040270000280e+02 -9.330794002419999345e+01 1.627624558060000126e+01 -4.593783297920000308e+01
6.500000000000000222e-01 2.631236349280000013e+03 8.960083535640000036e+02 -8.186359339719999753e+02 -1.001294074890000019e+02 1.328193585600000048e+01 -4.726284576209999955e+01
6.500000000000000222e-01 2.478115079199999855e+03 9.036849907939999866e+02 -7.672447967489999883e+02 -9.966644179589999908e+01 9.757199419659999151e+00 -4.515029271720000281e+01
6.500000000000000222e-01 2.575481291409999812e+03 7.093996233650000249e+02 -9.305808539519999840e+02 -9.854297730819999401e+01 1.809069696119999904e+01 -4.433907246249999901e+01
6.500000000000000222e-01 2.469620695220000016e+03 7.008553873590000194e+02 -8.250559578180000244e+02 -1.012153877540000053e+02 1.833598003190000014e+01 -4.286536637759999735e+01
6.500000000000000222e-01 2.512887518569999884e+03 7.027755621280000469e+02 -7.918691669219999767e+02 -1.001152549279999988e+02 1.508637602870000016e+01 -4.721059127139999845e+01
6.500000000000000222e-01 2.583425627659999918e+03 9.236418506820000403e+02 -8.060525587229999473e+02 -9.825409161540000014e+01 1.059842375560000072e+01 -4.837846201930000234e+01
6.500000000000000222e-01 2.669417478110000047e+03 8.188012652889999572e+02 -9.211795285020000392e+02 -9.798971873589999859e+01 1.627830758789999877e+01 -5.156855369659999866e+01
6.500000000000000222e-01 2.549452996049999911e+03 6.878951347920000217e+02 -9.086804359760000125e+02 -9.822537084699999355e+01 1.705461548770000135e+01 -4.314280573479999958e+01
6.500000000000000222e-01 2.617411345649999930e+03 7.166881246100000453e+02 -9.012476782380000486e+02 -9.838541161930000101e+01 1.777582976760000122e+01 -4.773705539369999684e+01
6.500000000000000222e-01 2.535323797089999971e+03 7.256427694279999514e+02 -9.828532011720000128e+02 -9.599823554789999491e+01 1.460987831699999973e+01 -4.371761802259999996e+01
6.500000000000000222e-01 2.400898896140000033e+03 8.160508543959999770e+02 -7.839462839569999915e+02 -1.021035846569999990e+02 1.319405060439999922e+01 -4.612336160070000091e+01
6.500000000000000222e-01 2.641365193669999826e+03 7.410968221980000408e+02 -8.983400207720000026e+02 -9.786261682769999481e+01 1.732074087919999883e+01 -4.512685687220000119e+01
6.500000000000000222e-01 2.591534339129999807e+03 7.885460308189999523e+02 -1.002409608649999996e+03 -9.792524821669999824e+01 1.835965521800000033e+01 -4.772226843419999653e+01
6.500000000000000222e-01 2.589561145780000061e+03 8.013650788840000132e+02 -7.596572779040000114e+02 -9.905470730970000659e+01 1.437822653099999926e+01 -5.084327316419999931e+01
6.500000000000000222e-01 2.421115213730000050e+03 7.216534855549999747e+02 -8.897102054079999789e+02 -9.968054571189999535e+01 1.689840699109999989e+01 -4.440400596669999800e+01
6.500000000000000222e-01 2.461691509409999981e+03 9.318991052950000267e+02 -8.266471156669999800e+02 -9.801916925839999806e+01 1.019410189549999934e+01 -4.647474405999999902e+01
6.500000000000000222e-01 2.550023526380000021e+03 7.171318900239999721e+02 -7.842959003370000346e+02 -1.010431863940000028e+02 1.785913707759999980e+01 -4.537917501990000346e+01
6.500000000000000222e-01 2.475088777609999852e+03 8.262743863169999941e+02 -1.009173061299999972e+03 -9.321132949309999560e+01 1.498402918590000077e+01 -4.584224334019999958e+01
6.500000000000000222e-01 2.420774846750000052e+03 8.565630195239999694e+02 -7.695135122310000497e+02 -1.030463837319999953e+02 1.341102439149999981e+01 -4.734009538939999828e+01
6.500000000000000222e-01 2.602775402549999853e+03 8.982227861679999705e+02 -9.846143375320000359e+02 -9.666043261270000642e+01 1.564945004840000031e+01 -4.771292696169999914e+01
6.500000000000000222e-01 2.451242422190000070e+03 7.623592582649999940e+02 -9.794874904969999534e+02 -9.911370485999999858e+01 1.533950761100000015e+01 -4.214030352969999882e+01
6.500000000000000222e-01 2.509663433950000126e+03 7.441687230239999735e+02 -9.949397469460000138e+02 -9.579614626779999753e+01 1.471134544380000087e+01 -4.408622655900000353e+01
6.500000000000000222e-01 2.499430989590000081e+03 7.440335650819999955e+02 -9.882493416559999559e+02 -9.816908800589999373e+01 1.558673805669999979e+01 -4.317991825210000201e+01
6.500000000000000222e-01 2.666212756349999836e+03 8.159914128719999553e+02 -9.317263904889999822e+02 -9.798697859649999486e+01 1.643232564690000075e+01 -5.134208353340000031e+01
6.500000000000000222e-01 2.534728570939999827e+03 7.786574843769999461e+02 -7.444261978529999624e+02 -1.032141337510000056e+02 1.817803309039999959e+01 -4.701951920949999675e+01
6.500000000000000222e-01 2.523765671669999847e+03 6.878588154679999889e+02 -8.975931990359999872e+02 -9.949756193289999828e+01 1.795931147099999947e+01 -4.277192851449999722e+01
6.500000000000000222e-01 2.546518201769999905e+03 6.853149194420000185e+02 -8.747145772349999788e+02 -9.967562072709999654e+01 1.775583975460000019e+01 -4.930387805339999829e+01
6.500000000000000222e-01 2.595905795650000073e+03 7.850998329870000134e+02 -1.003219653300000004e+03 -9.842177178320000053e+01 1.850066774620000132e+01 -4.911210175530000299e+01
6.500000000000000222e-01 2.673465887989999828e+03 8.364725511530000404e+02 -8.790343263229999593e+02 -9.784184325760000434e+01 1.568841919840000010e+01 -4.665212023240000150e+01
6.500000000000000222e-01 2.591207671220000066e+03 8.871000657179999962e+02 -9.985340983600000300e+02 -9.752066776809999737e+01 1.448161114660000059e+01 -4.883321327979999893e+01
6.500000000000000222e-01 2.514981694019999850e+03 6.893859494770000538e+02 -8.359805867820000458e+02 -1.006384190139999930e+02 1.855105554820000080e+01 -4.280063578619999731e+01
6.500000000000000222e-01 2.426860544550000213e+03 9.182968818970000484e+02 -9.255145385150000266e+02 -9.822677909300000465e+01 1.346288609449999996e+01 -4.262071481289999753e+01
6.500000000000000222e-01 2.523522869129999890e+03 8.592069818799999439e+02 -7.418228064080000195e+02 -1.018668133599999948e+02 9.955727255850000290e+00 -4.762705185360000115e+01
6.500000000000000222e-01 2.601902848140000060e+03 8.131593574889999445e+02 -1.007470290399999953e+03 -9.336756859780000184e+01 1.573670588969999962e+01 -4.601245800520000273e+01
6.500000000000000222e-01 2.505562158719999843e+03 8.193972427390000348e+02 -7.350146193210000547e+02 -9.910246725919999733e+01 1.423668859950000076e+01 -4.764903154910000183e+01
6.500000000000000222e-01 2.452439985840000190e+03 7.999681339429999980e+02 -7.474760745040000529e+02 -1.049754929439999955e+02 1.293489512550000065e+01 -4.809708435280000316e+01
