3.450000000000000000e+05 2.986284739589999845e+03 -4.786508722489999855e+03 -7.187822870459999649e+03 -1.258239516600000059e+02 3.998681351820000174e+01 -2.463740784759999869e+01
6.500000000000000222e-01 3.148123812360000102e+03 -4.949891632769999887e+03 -7.074073633340000015e+03 -1.275636669689999962e+02 4.165874913879999752e+01 -2.598265990390000013e+01
6.500000000000000222e-01 2.849327791560000151e+03 -4.883244471150000209e+03 -6.963472699570000259e+03 -1.243121122409999941e+02 4.211549147790000092e+01 -2.335466967980000064e+01
6.500000000000000222e-01 2.808761818259999927e+03 -4.833293961710000076e+03 -6.965075657379999939e+03 -1.245528076220000031e+02 4.268314956569999907e+01 -2.244567522019999828e+01
6.500000000000000222e-01 2.921824821919999977e+03 -5.024046988379999675e+03 -7.079803392669999994e+03 -1.250933513220000037e+02 4.253599091379999919e+01 -2.348432010000000147e+01
6.500000000000000222e-01 3.066154154249999920e+03 -4.918380218330000389e+03 -6.952782255340000120e+03 -1.264823358640000066e+02 4.153169854989999976e+01 -2.487413206669999965e+01
6.500000000000000222e-01 3.032385138210000150e+03 -4.648517288740000367e+03 -6.933532088920000206e+03 -1.266551796400000001e+02 4.258410886779999771e+01 -2.458083682610000054e+01
6.500000000000000222e-01 2.851939209140000003e+03 -4.717171100440000373e+03 -6.930487009839999700e+03 -1.276501280420000057e+02 4.199592288320000222e+01 -2.399860841850000170e+01
6.500000000000000222e-01 3.052808801010000025e+03 -4.663421510529999978e+03 -6.934206830230000378e+03 -1.273205728420000042e+02 4.233533283279999893e+01 -2.453644177119999981e+01
6.500000000000000222e-01 3.141963305480000145e+03 -4.829804409049999776e+03 -6.966035734369999773e+03 -1.267935228940000059e+02 4.060933342159999881e+01 -2.564933044180000010e+01
6.500000000000000222e-01 3.060017277819999890e+03 -4.767405977540000094e+03 -6.913153146759999800e+03 -1.253658358539999966e+02 4.156466564600000169e+01 -2.479914474630000143e+01
6.500000000000000222e-01 2.864799748760000057e+03 -4.874894252889999734e+03 -6.948013290199999574e+03 -1.242471601019999952e+02 4.285026583669999667e+01 -2.287425302409999972e+01
6.500000000000000222e-01 2.738699530660000164e+03 -4.697058645989999604e+03 -7.081586856900000384e+03 -1.250907031339999946e+02 4.075089519819999850e+01 -2.358758286360000156e+01
6.500000000000000222e-01 2.913008763519999775e+03 -4.575624865779999709e+03 -7.015694924290000017e+03 -1.259960980729999989e+02 3.975981725949999657e+01 -2.348444872270000161e+01
6.500000000000000222e-01 2.763051248979999855e+03 -4.687623637519999647e+03 -7.015201765060000071e+03 -1.270216849480000008e+02 4.177986331780000029e+01 -2.455244143170000015e+01
6.500000000000000222e-01 2.768125261359999968e+03 -4.825159771929999806e+03 -7.014073789430000033e+03 -1.248200680470000066e+02 4.157345430169999645e+01 -2.350781666509999823e+01
6.500000000000000222e-01 2.906053979190000064e+03 -4.889022197360000064e+03 -6.936938344000000143e+03 -1.274829418559999965e+02 4.040561634050000350e+01 -2.533319748979999986e+01
6.500000000000000222e-01 2.840083001880000211e+03 -4.812824806110000281e+03 -6.936366447389999848e+03 -1.242319373570000067e+02 4.255924823499999832e+01 -2.231732997829999832e+01
6.500000000000000222e-01 2.944739405480000187e+03 -4.536697979270000360e+03 -7.063278896779999741e+03 -1.264248440909999971e+02 3.995076920409999843e+01 -2.436932579309999980e+01
6.500000000000000222e-01 3.174088744749999933e+03 -4.636082108990000052e+03 -7.061252461850000145e+03 -1.274362617550000039e+02 4.048220003870000028e+01 -2.611289487259999831e+01
6.500000000000000222e-01 3.049107761230000051e+03 -4.529107225830000061e+03 -7.075244097189999593e+03 -1.280524825569999905e+02 4.040349987609999971e+01 -2.429013150589999981e+01
6.500000000000000222e-01 2.899339064549999875e+03 -4.709746197389999907e+03 -6.915526985040000000e+03 -1.254392099439999981e+02 4.028439975370000070e+01 -2.276822574830000079e+01
6.500000000000000222e-01 2.882734989609999957e+03 -4.656133449369999653e+03 -6.935870753010000044e+03 -1.278100604020000048e+02 4.257068702010000294e+01 -2.405224290519999997e+01
6.500000000000000222e-01 2.866631240570000045e+03 -4.929090404149999813e+03 -6.980649978239999655e+03 -1.263717553030000005e+02 4.053846229079999830e+01 -2.581710494369999864e+01
6.500000000000000222e-01 2.817722008329999881e+03 -4.757030512710000039e+03 -6.945296619400000054e+03 -1.266966001750000004e+02 4.188756925599999903e+01 -2.374195131069999931e+01
6.500000000000000222e-01 2.812938848729999791e+03 -4.776834239150000030e+03 -6.950823979800000416e+03 -1.253764827279999992e+02 4.187103787209999695e+01 -2.303300311039999926e+01
6.500000000000000222e-01 2.988706340409999939e+03 -4.593101258390000112e+03 -6.956523512050000136e+03 -1.276923997429999957e+02 4.268584499739999671e+01 -2.435919698289999857e+01
6.500000000000000222e-01 2.863351789010000175e+03 -4.633033820800000285e+03 -6.971270355200000267e+03 -1.251520791610000032e+02 3.937581041079999977e+01 -2.157943225989999902e+01
6.500000000000000222e-01 2.937430125549999957e+03 -4.818233116299999892e+03 -6.905020703649999632e+03 -1.249714202260000064e+02 4.317088278119999956e+01 -2.347811834699999878e+01
6.500000000000000222e-01 2.947433300860000145e+03 -4.691009905769999932e+03 -6.913435970190000262e+03 -1.265201608999999934e+02 4.081498821169999758e+01 -2.353549282259999842e+01
6.500000000000000222e-01 3.094874354739999944e+03 -4.634295335709999563e+03 -6.974482758520000061e+03 -1.289667061400000136e+02 3.908905842970000322e+01 -2.222316216819999823e+01
6.500000000000000222e-01 2.882031826150000143e+03 -4.844250580830000217e+03 -6.928081903070000408e+03 -1.269154732230000064e+02 4.258540610419999695e+01 -2.424538387990000032e+01
6.500000000000000222e-01 3.083578826790000221e+03 -4.733930418070000087e+03 -6.927734500010000374e+03 -1.295978750390000016e+02 4.012597359850000345e+01 -2.322438601360000021e+01
6.500000000000000222e-01 2.972026233219999995e+03 -4.773189444769999682e+03 -6.895897355580000294e+03 -1.247690297030000011e+02 4.203677238569999730e+01 -2.366462126669999932e+01
6.500000000000000222e-01 3.190411000309999963e+03 -4.626283533269999680e+03 -7.111009065279999959e+03 -1.271026145350000007e+02 3.912186337480000020e+01 -2.592021543070000078e+01
6.500000000000000222e-01 2.989228495679999924e+03 -4.805884628060000068e+03 -6.900720811410000351e+03 -1.263762281869999953e+02 3.996781655070000028e+01 -2.427105573680000106e+01
6.500000000000000222e-01 2.980853997579999941e+03 -4.731957427590000407e+03 -6.901435642489999736e+03 -1.268513167610000067e+02 4.092778229150000158e+01 -2.381209083770000134e+01
6.500000000000000222e-01 2.989795314030000100e+03 -4.528725746320000326e+03 -7.031389492659999632e+03 -1.282658594369999889e+02 4.096764960569999658e+01 -2.347797387139999969e+01
6.500000000000000222e-01 2.845447110220000013e+03 -4.970523387719999846e+03 -7.056379962799999703e+03 -1.260994253559999976e+02 4.246428807529999716e+01 -2.566887419240000057e+01
6.500000000000000222e-01 3.129178849590000027e+03 -4.636437476799999786e+03 -7.002630616409999675e+03 -1.268089438290000004e+02 3.953037590609999796e+01 -2.466157278900000094e+01
6.500000000000000222e-01 2.905555006500000218e+03 -4.950728000930000235e+03 -6.986520652109999901e+03 -1.253616783730000037e+02 4.364319058150000075e+01 -2.330343659629999920e+01
4.560000000000000000e+04 7.917822685230000388e+03 2.110830241980000210e+03 1.905851376940000046e+04 2.010103573499999925e+02 -6.193376044530000257e+01 1.926207592110000064e+02
6.500000000000000222e-01 7.857414455150000322e+03 2.263652748919999794e+03 1.919046973340000113e+04 2.009482798740000078e+02 -6.200670123140000101e+01 1.930983337790000007e+02
6.500000000000000222e-01 8.011313248280000153e+03 2.191390202489999865e+03 1.922564958720000141e+04 2.014899694329999988e+02 -6.139447619109999721e+01 1.924607691569999872e+02
6.500000000000000222e-01 7.853847078179999698e+03 2.254178706489999968e+03 1.919054202459999942e+04 2.009775723790000086e+02 -6.151450433830000009e+01 1.920704190779999863e+02
6.500000000000000222e-01 7.889128524300000208e+03 2.109409529600000042e+03 1.926311954580000020e+04 2.014503711140000064e+02 -6.184342306540000322e+01 1.928446924120000006e+02
6.500000000000000222e-01 7.958336448209999617e+03 2.145728533729999981e+03 1.926000447260000146e+04 2.005867948599999977e+02 -6.258128274530000112e+01 1.932042812980000122e+02
6.500000000000000222e-01 7.920360885779999990e+03 2.109585185060000185e+03 1.926581698669999969e+04 2.010588086799999985e+02 -6.154502379419999869e+01 1.928640701710000087e+02
6.500000000000000222e-01 8.045577165919999970e+03 1.964402630900000077e+03 1.911291745950000040e+04 2.009922734939999884e+02 -6.178358650460000234e+01 1.918617024179999930e+02
6.500000000000000222e-01 7.919414205150000271e+03 2.117900290269999914e+03 1.926576927010000145e+04 2.012121163529999990e+02 -6.153649381569999832e+01 1.928532536310000012e+02
6.500000000000000222e-01 7.880488646279999557e+03 2.294590560919999916e+03 1.912564332619999914e+04 2.013301380720000111e+02 -6.220251633329999663e+01 1.920483830150000131e+02
6.500000000000000222e-01 7.736120481119999567e+03 2.107805381579999903e+03 1.914597227589999966e+04 2.013408759509999868e+02 -6.192147775520000152e+01 1.923752818840000032e+02
6.500000000000000222e-01 8.003622146970000358e+03 2.055911501760000192e+03 1.924109616019999885e+04 2.007997746389999918e+02 -6.163958301009999730e+01 1.931998335799999893e+02
6.500000000000000222e-01 8.114618141500000092e+03 2.098074909079999998e+03 1.910870982070000173e+04 2.007572919760000048e+02 -6.187201220050000217e+01 1.928305886859999987e+02
6.500000000000000222e-01 7.963407460630000060e+03 2.212030691529999785e+03 1.923533164200000101e+04 2.007734488929999941e+02 -6.159470308769999747e+01 1.928727968309999881e+02
6.500000000000000222e-01 7.907745946349999940e+03 2.051519578269999784e+03 1.925523939310000060e+04 2.009509172120000073e+02 -6.218383540869999848e+01 1.926341932930000098e+02
6.500000000000000222e-01 7.937750711540000339e+03 2.132881680720000077e+03 1.926445580179999888e+04 2.017217220940000004e+02 -6.123085574600000314e+01 1.928147329100000036e+02
6.500000000000000222e-01 7.957670423640000081e+03 2.050252353689999836e+03 1.925431500539999979e+04 2.012157127080000123e+02 -6.167611803119999792e+01 1.929873926489999860e+02
6.500000000000000222e-01 7.889994218230000115e+03 2.104757346389999839e+03 1.926329738740000175e+04 2.016415024780000067e+02 -6.168338046059999868e+01 1.928910606850000136e+02
6.500000000000000222e-01 7.912424332120000145e+03 2.110913963980000062e+03 1.926562164739999935e+04 2.010918931749999956e+02 -6.185799294049999730e+01 1.928434417219999943e+02
6.500000000000000222e-01 7.829930887350000376e+03 2.009801020079999944e+03 1.921085868800000026e+04 2.007759775369999886e+02 -6.153079672230000341e+01 1.924300729439999884e+02
6.500000000000000222e-01 8.059432797919999757e+03 1.989671715790000007e+03 1.915102669590000005e+04 2.013050193820000118e+02 -6.204731855779999705e+01 1.922677259959999958e+02
6.500000000000000222e-01 7.842383126400000037e+03 2.231881725939999797e+03 1.920091242760000023e+04 2.017893180529999881e+02 -6.278077914619999689e+01 1.934214112619999923e+02
6.500000000000000222e-01 7.990870903140000337e+03 2.042399352599999929e+03 1.923602572869999858e+04 2.011501914479999868e+02 -6.178487222159999703e+01 1.926102088289999870e+02
6.500000000000000222e-01 7.917113509920000070e+03 2.117530311689999962e+03 1.926627662960000089e+04 2.016439309309999999e+02 -6.275903486339999660e+01 1.929595490199999972e+02
6.500000000000000222e-01 7.931665587530000266e+03 2.263455973059999906e+03 1.919020659829999931e+04 2.014006805969999903e+02 -6.291832743150000340e+01 1.934811990089999938e+02
6.500000000000000222e-01 7.880517468369999733e+03 2.140376002869999866e+03 1.926034871379999822e+04 2.015705691169999909e+02 -6.207441226539999946e+01 1.929549935960000084e+02
6.500000000000000222e-01 7.976092711860000236e+03 2.031572004410000091e+03 1.923776623430000109e+04 2.013068089749999956e+02 -6.206654366789999955e+01 1.924945958929999961e+02
6.500000000000000222e-01 7.843557681229999616e+03 2.175894052910000028e+03 1.923551861869999993e+04 2.019515976980000005e+02 -6.256505384009999915e+01 1.931073268629999973e+02
6.500000000000000222e-01 8.031635633959999723e+03 2.173396170269999857e+03 1.922114767869999923e+04 2.006358163870000055e+02 -6.241207092420000180e+01 1.934792235900000037e+02
6.500000000000000222e-01 7.765365720869999677e+03 1.988453787050000074e+03 1.910888553239999965e+04 2.014878438000000074e+02 -6.166694284430000295e+01 1.932258996420000017e+02
6.500000000000000222e-01 7.816639628679999987e+03 1.939319874530000106e+03 1.909475497030000042e+04 2.013318997469999942e+02 -6.162974888080000113e+01 1.929879080050000084e+02
6.500000000000000222e-01 7.986757666870000321e+03 2.131139475429999948e+03 1.925419154859999981e+04 2.006807335590000037e+02 -6.212159227709999954e+01 1.931377886999999873e+02
6.500000000000000222e-01 7.911318776299999627e+03 2.019933873550000044e+03 1.924519277819999843e+04 2.015655508339999926e+02 -6.212014275260000318e+01 1.927484293349999973e+02
6.500000000000000222e-01 7.956082801159999690e+03 2.035317494429999897e+03 1.924351793149999867e+04 2.005851123250000114e+02 -6.093634111339999748e+01 1.931137377700000002e+02
6.500000000000000222e-01 7.891985407809999742e+03 2.150501441309999791e+03 1.925974384899999859e+04 2.018660263849999978e+02 -6.272309760579999960e+01 1.931118212670000105e+02
6.500000000000000222e-01 7.963016053000000284e+03 2.144439574980000089e+03 1.925850814249999894e+04 2.010818622900000037e+02 -6.171035835600000041e+01 1.928799486329999979e+02
6.500000000000000222e-01 7.914149319080000168e+03 1.921396474129999888e+03 1.913672856859999956e+04 2.012634364520000076e+02 -6.146520976370000255e+01 1.933360457160000010e+02
6.500000000000000222e-01 7.877349904570000035e+03 2.145050327769999967e+03 1.925715916999999899e+04 2.012327705120000019e+02 -6.190366774169999786e+01 1.927461669680000114e+02
6.500000000000000222e-01 7.934922269339999730e+03 2.111992329579999932e+03 1.926601513450000130e+04 2.002152819899999940e+02 -6.185514965389999986e+01 1.930267910560000075e+02
6.500000000000000222e-01 7.895732674259999840e+03 2.023782913700000108e+03 1.924492003249999834e+04 2.016503644789999896e+02 -6.188836466019999705e+01 1.928476872550000110e+02
6.500000000000000222e-01 7.855279481350000424e+03 2.101025032619999820e+03 1.925420550229999935e+04 2.009405184139999960e+02 -6.193577658880000314e+01 1.926491322040000114e+02
1.390000000000000000e+04 -1.128895831630000066e+04 3.561068357669999841e+03 1.036157103119999920e+04 -2.302371469429999991e+02 2.000492661590000125e+02 -3.406957089590000010e+02
6.500000000000000222e-01 -1.141235038349999923e+04 3.608572762559999774e+03 1.041572709650000070e+04 -2.304137854120000100e+02 2.000367032999999992e+02 -3.408820982220000246e+02
6.500000000000000222e-01 -1.138130739619999986e+04 3.657764668209999854e+03 1.040818054569999913e+04 -2.301087361490000092e+02 1.997023173599999950e+02 -3.398635754100000099e+02
6.500000000000000222e-01 -1.116780789170000025e+04 3.502678151659999912e+03 1.040155554590000065e+04 -2.302651577549999899e+02 2.000970180550000066e+02 -3.415309659490000058e+02
6.500000000000000222e-01 -1.124938613140000052e+04 3.507497772929999883e+03 1.048894440150000082e+04 -2.301382596100000058e+02 1.997353699349999943e+02 -3.409038625439999919e+02
6.500000000000000222e-01 -1.126055832480000026e+04 3.521337905530000171e+03 1.049698633750000045e+04 -2.305578970939999977e+02 2.002777327519999915e+02 -3.405650750679999987e+02
6.500000000000000222e-01 -1.117464480250000088e+04 3.601694083899999896e+03 1.043338932190000014e+04 -2.305361873600000138e+02 1.998113701849999870e+02 -3.406834740020000254e+02
6.500000000000000222e-01 -1.139903044530000079e+04 3.512733614450000005e+03 1.044207048260000010e+04 -2.306292302090000135e+02 2.002028288049999958e+02 -3.408222607679999783e+02
6.500000000000000222e-01 -1.118157547089999935e+04 3.554417459409999992e+03 1.045230575859999954e+04 -2.301076602789999868e+02 2.000465158650000035e+02 -3.413145918339999980e+02
6.500000000000000222e-01 -1.133480350720000024e+04 3.603445067120000203e+03 1.049041899399999966e+04 -2.301545717790000083e+02 1.997006613810000033e+02 -3.403862269530000049e+02
6.500000000000000222e-01 -1.130092083629999979e+04 3.518542344959999809e+03 1.049915485909999916e+04 -2.303849113539999962e+02 1.998917602040000077e+02 -3.406391683570000168e+02
6.500000000000000222e-01 -1.132130801620000057e+04 3.644008554619999813e+03 1.047089409119999982e+04 -2.303690048679999904e+02 2.000044749220000142e+02 -3.407832133009999893e+02
6.500000000000000222e-01 -1.128490997380000044e+04 3.557596273980000205e+03 1.050588416350000080e+04 -2.299870089709999945e+02 1.997781555040000114e+02 -3.405818568509999977e+02
6.500000000000000222e-01 -1.130021226319999914e+04 3.595949520839999877e+03 1.050028090209999937e+04 -2.303022328970000103e+02 1.996765743930000099e+02 -3.405000531480000063e+02
6.500000000000000222e-01 -1.132515046430000075e+04 3.667111094179999782e+03 1.045692654269999912e+04 -2.306292350299999896e+02 1.998960386009999866e+02 -3.402464116570000101e+02
6.500000000000000222e-01 -1.137413593639999999e+04 3.643782978549999825e+03 1.043957704790000025e+04 -2.304782026919999964e+02 2.000424126970000032e+02 -3.408891668360000153e+02
6.500000000000000222e-01 -1.127176184459999968e+04 3.565796825660000195e+03 1.050444260559999930e+04 -2.299451410689999875e+02 2.002344839410000077e+02 -3.406642442770000230e+02
6.500000000000000222e-01 -1.128260282379999990e+04 3.526326526599999852e+03 1.050120994799999971e+04 -2.303654753719999917e+02 1.995523830610000005e+02 -3.407376714270000093e+02
6.500000000000000222e-01 -1.137352870350000012e+04 3.540720780139999988e+03 1.047739923500000077e+04 -2.300107431289999909e+02 2.001930698619999873e+02 -3.401770030690000226e+02
6.500000000000000222e-01 -1.129687504789999912e+04 3.556385413909999897e+03 1.050555509379999967e+04 -2.306078302729999905e+02 2.000900577440000063e+02 -3.405863449240000023e+02
6.500000000000000222e-01 -1.129913791339999989e+04 3.517894941749999816e+03 1.049904243339999994e+04 -2.305479900660000112e+02 1.996029395200000067e+02 -3.407327627070000062e+02
6.500000000000000222e-01 -1.128996342240000013e+04 3.561918227139999999e+03 1.050612851120000050e+04 -2.299432075750000024e+02 2.003154200950000074e+02 -3.405456284919999916e+02
6.500000000000000222e-01 -1.124290441370000008e+04 3.616094187650000094e+03 1.048478341410000030e+04 -2.301657255959999873e+02 2.003648870499999930e+02 -3.409650880849999908e+02
6.500000000000000222e-01 -1.133850721709999925e+04 3.557036465700000008e+03 1.049817916780000087e+04 -2.303191443810000010e+02 2.001732374759999971e+02 -3.404332181909999804e+02
6.500000000000000222e-01 -1.129288305030000083e+04 3.569835380980000082e+03 1.050582590390000041e+04 -2.305015103329999988e+02 1.995562470659999974e+02 -3.405130441040000164e+02
6.500000000000000222e-01 -1.142160662550000052e+04 3.541016161399999874e+03 1.041319464929999958e+04 -2.303579939280000133e+02 2.001755962880000084e+02 -3.406968307060000143e+02
6.500000000000000222e-01 -1.129654384500000015e+04 3.540321421959999952e+03 1.050424267499999951e+04 -2.303247786229999861e+02 2.003497415360000105e+02 -3.405332907459999774e+02
6.500000000000000222e-01 -1.124578745010000057e+04 3.625675840549999975e+03 1.048085238009999921e+04 -2.301915387859999953e+02 2.003088193240000123e+02 -3.409763113700000190e+02
6.500000000000000222e-01 -1.128468495799999982e+04 3.606460166299999855e+03 1.049871079180000015e+04 -2.307607017969999958e+02 2.000726669999999956e+02 -3.405550446159999751e+02
6.500000000000000222e-01 -1.134680269810000027e+04 3.577293353540000226e+03 1.049413338750000003e+04 -2.299083577719999880e+02 1.999066444199999921e+02 -3.401791383510000060e+02
6.500000000000000222e-01 -1.130734481090000008e+04 3.545907046689999788e+03 1.050407212369999979e+04 -2.304378768439999874e+02 2.000927331469999899e+02 -3.405624379060000138e+02
6.500000000000000222e-01 -1.123978063300000031e+04 3.497017458509999869e+03 1.047867279210000015e+04 -2.301601048040000137e+02 1.997815189160000102e+02 -3.410683957940000255e+02
6.500000000000000222e-01 -1.119820541360000061e+04 3.643715715159999945e+03 1.043002676720000090e+04 -2.307421562019999897e+02 1.997054969540000116e+02 -3.402433630389999735e+02
6.500000000000000222e-01 -1.132122542319999957e+04 3.599460429000000204e+03 1.049814141630000086e+04 -2.301721020500000066e+02 1.995844114239999953e+02 -3.402482241970000132e+02
6.500000000000000222e-01 -1.128078236479999941e+04 3.568793156490000001e+03 1.050542515280000043e+04 -2.300269656760000032e+02 2.004661219840000115e+02 -3.406134522350000111e+02
6.500000000000000222e-01 -1.127936796990000039e+04 3.586019386280000163e+03 1.050318763580000086e+04 -2.303585895589999950e+02 2.005569305799999995e+02 -3.406735575550000021e+02
6.500000000000000222e-01 -1.125583656189999965e+04 3.593571997699999883e+03 1.049714737779999996e+04 -2.301534154569999941e+02 2.004557060209999975e+02 -3.408184232340000221e+02
6.500000000000000222e-01 -1.127328958910000074e+04 3.543651080749999892e+03 1.050332262590000028e+04 -2.309933829420000109e+02 2.006021842289999881e+02 -3.404847349259999874e+02
6.500000000000000222e-01 -1.132439273180000055e+04 3.602601915629999894e+03 1.049703289190000032e+04 -2.308250753469999950e+02 2.004075604539999915e+02 -3.406260589820000177e+02
6.500000000000000222e-01 -1.133634518500000013e+04 3.539854862600000160e+03 1.049731086809999942e+04 -2.310131370800000070e+02 1.998947949379999898e+02 -3.406996766429999752e+02
6.500000000000000222e-01 -1.118607885809999971e+04 3.621099813549999908e+03 1.043671636469999976e+04 -2.306966839099999902e+02 1.996897919049999928e+02 -3.403342703079999865e+02
