3.450000000000000000e+05 4.106978283399999782e+03 -5.069966860829999860e+03 -6.796476998289999756e+03 -1.119733368530000064e+02 2.066134092629999941e+01 -5.722208307769999891e+01
6.500000000000000222e-01 4.282023140549999880e+03 -5.246130581870000242e+03 -6.673978152409999893e+03 -1.130700872089999933e+02 2.173507324699999899e+01 -5.772750287169999694e+01
6.500000000000000222e-01 3.956545191100000011e+03 -5.180853594649999650e+03 -6.582825667090000024e+03 -1.106101032870000012e+02 2.156770451799999933e+01 -5.620445733950000289e+01
6.500000000000000222e-01 3.918670228670000142e+03 -5.136658095859999776e+03 -6.591700276139999914e+03 -1.109353553739999967e+02 2.221829921409999997e+01 -5.555699151860000029e+01
6.500000000000000222e-01 4.037286103370000092e+03 -5.326334297379999953e+03 -6.701949945860000298e+03 -1.115968626190000066e+02 2.214506802300000032e+01 -5.551376796859999985e+01
6.500000000000000222e-01 4.189879835060000005e+03 -5.211379198540000289e+03 -6.560815327459999935e+03 -1.119767556860000042e+02 2.118365699459999973e+01 -5.708772260570000157e+01
6.500000000000000222e-01 4.156241920290000053e+03 -4.954191535109999677e+03 -6.539263652779999575e+03 -1.118188190890000016e+02 2.279531418119999842e+01 -5.782253605409999864e+01
6.500000000000000222e-01 3.988777114699999856e+03 -5.015200430230000165e+03 -6.540708601749999616e+03 -1.135422752359999947e+02 2.176895809719999875e+01 -5.745834389049999658e+01
6.500000000000000222e-01 4.182641254610000033e+03 -4.966752113649999956e+03 -6.540890734800000246e+03 -1.124242448389999964e+02 2.255055138799999881e+01 -5.766587081760000189e+01
6.500000000000000222e-01 4.266744878049999897e+03 -5.115944270699999834e+03 -6.566248729840000124e+03 -1.118981941050000017e+02 2.064035191460000007e+01 -5.796874846629999922e+01
6.500000000000000222e-01 4.171869649309999659e+03 -5.061829665670000395e+03 -6.518960330629999589e+03 -1.105705592919999987e+02 2.143974542799999838e+01 -5.761147456559999824e+01
6.500000000000000222e-01 3.970924314649999815e+03 -5.179363449589999618e+03 -6.571843777959999898e+03 -1.104496488139999997e+02 2.229108984870000043e+01 -5.572564756650000106e+01
6.500000000000000222e-01 3.855272934789999908e+03 -4.985509235649999937e+03 -6.695143512949999604e+03 -1.117850483980000007e+02 2.095437336970000075e+01 -5.720376793159999806e+01
6.500000000000000222e-01 4.033302963439999985e+03 -4.856442431530000249e+03 -6.629630644869999742e+03 -1.116955982279999944e+02 2.033107960510000112e+01 -5.719750710240000302e+01
6.500000000000000222e-01 3.896364263280000159e+03 -4.984823658070000420e+03 -6.619307526089999556e+03 -1.134050165149999998e+02 2.178895839970000026e+01 -5.822130384879999809e+01
6.500000000000000222e-01 3.881735828670000046e+03 -5.118738322559999688e+03 -6.630426252690000183e+03 -1.114381774390000004e+02 2.124061558840000075e+01 -5.669126949820000050e+01
6.500000000000000222e-01 4.041548536020000029e+03 -5.170427300929999546e+03 -6.538190199869999560e+03 -1.134319916930000005e+02 1.984491975059999902e+01 -5.806511319370000024e+01
6.500000000000000222e-01 3.945949168629999804e+03 -5.114990700940000352e+03 -6.563954051540000364e+03 -1.104052872280000059e+02 2.209066298919999838e+01 -5.547366838039999948e+01
6.500000000000000222e-01 4.068744647970000187e+03 -4.820794524619999720e+03 -6.668988037819999590e+03 -1.120563333770000014e+02 2.082350430940000052e+01 -5.806255994170000179e+01
6.500000000000000222e-01 4.304083548970000265e+03 -4.925311304779999773e+03 -6.654959486970000398e+03 -1.123606805489999942e+02 2.139014567670000133e+01 -5.887629600230000193e+01
6.500000000000000222e-01 4.186605961000000207e+03 -4.818438672969999971e+03 -6.682985463170000003e+03 -1.133107443309999951e+02 2.148592852219999827e+01 -5.770187624910000324e+01
6.500000000000000222e-01 4.014411812989999817e+03 -4.991905351809999956e+03 -6.537506125580000116e+03 -1.111501339609999945e+02 2.011905598330000089e+01 -5.620179597279999939e+01
6.500000000000000222e-01 4.020163457000000108e+03 -4.960620366199999808e+03 -6.544954537120000168e+03 -1.135129455750000034e+02 2.255854939840000029e+01 -5.763518347929999663e+01
6.500000000000000222e-01 3.993191030489999775e+03 -5.211681143210000300e+03 -6.577863683599999604e+03 -1.126424714479999949e+02 1.995633421770000027e+01 -5.845668317349999654e+01
6.500000000000000222e-01 3.946705664789999901e+03 -5.053566462150000007e+03 -6.558317091040000378e+03 -1.128269539340000023e+02 2.156019641019999966e+01 -5.713310982960000217e+01
6.500000000000000222e-01 3.929884980220000216e+03 -5.073043715349999729e+03 -6.570830780350000168e+03 -1.115983168979999931e+02 2.150880389110000124e+01 -5.636612636529999776e+01
6.500000000000000222e-01 4.122950622889999977e+03 -4.900538291290000416e+03 -6.563064812880000318e+03 -1.129737967970000057e+02 2.306219310619999874e+01 -5.786369135180000001e+01
6.500000000000000222e-01 3.976555600310000045e+03 -4.908441113609999775e+03 -6.603126889019999908e+03 -1.110350045240000014e+02 1.958575989250000049e+01 -5.529697180470000006e+01
6.500000000000000222e-01 4.048118949400000020e+03 -5.126147739709999769e+03 -6.522714879320000364e+03 -1.107034580280000000e+02 2.270176079379999834e+01 -5.640514212240000091e+01
6.500000000000000222e-01 4.071591347519999999e+03 -4.978668775090000054e+03 -6.528488991139999598e+03 -1.120015728390000049e+02 2.075304232090000056e+01 -5.689733532319999654e+01
6.500000000000000222e-01 4.239671835699999974e+03 -4.908714114680000421e+03 -6.603238461359999746e+03 -1.139597280499999954e+02 1.967366476240000139e+01 -5.530062257409999660e+01
6.500000000000000222e-01 4.012323959700000160e+03 -5.146373350070000015e+03 -6.538570568760000242e+03 -1.128995600920000015e+02 2.205789835899999929e+01 -5.717369265589999827e+01
6.500000000000000222e-01 4.234601010200000019e+03 -5.015885847649999960e+03 -6.548323194249999688e+03 -1.146465444300000058e+02 2.024721039690000168e+01 -5.603386324889999770e+01
6.500000000000000222e-01 4.079742655940000077e+03 -5.071094511870000133e+03 -6.511302964870000324e+03 -1.102782458690000027e+02 2.170992001360000145e+01 -5.670242115930000182e+01
6.500000000000000222e-01 4.317505572369999754e+03 -4.903805228989999705e+03 -6.706832557190000443e+03 -1.120813598830000046e+02 2.026162070830000062e+01 -5.863305122730000107e+01
6.500000000000000222e-01 4.111922069500000362e+03 -5.084184450749999996e+03 -6.511182922639999560e+03 -1.118342607160000028e+02 1.962995284919999861e+01 -5.715735880599999774e+01
6.500000000000000222e-01 4.107651481480000257e+03 -5.020177581969999665e+03 -6.514913911790000384e+03 -1.122368740640000055e+02 2.076499024570000174e+01 -5.695744379989999828e+01
6.500000000000000222e-01 4.129850901540000450e+03 -4.822209607839999990e+03 -6.645721625469999708e+03 -1.136308102670000011e+02 2.181186757069999871e+01 -5.710082227270000033e+01
6.500000000000000222e-01 3.971031302129999858e+03 -5.271778334149999864e+03 -6.656100877640000363e+03 -1.127100877059999959e+02 2.198503536480000164e+01 -5.808298382950000160e+01
6.500000000000000222e-01 4.253429929179999817e+03 -4.915511629620000349e+03 -6.608991888059999837e+03 -1.117628611939999956e+02 2.020047442699999962e+01 -5.763425048159999875e+01
6.500000000000000222e-01 4.022344621619999998e+03 -5.262623963160000130e+03 -6.608446718920000421e+03 -1.116060862939999936e+02 2.307925005259999907e+01 -5.571184128939999880e+01
6.500000000000000222e-01 4.020262853639999776e+03 -4.855243645139999899e+03 -6.614442623029999595e+03 -1.131912594810000030e+02 2.120339424690000030e+01 -5.568763471529999975e+01
6.500000000000000222e-01 4.230589122100000168e+03 -4.960551169319999644e+03 -6.564687629529999867e+03 -1.118487407039999937e+02 2.224934111050000141e+01 -5.823998242100000056e+01
6.500000000000000222e-01 4.015026045200000226e+03 -4.871465178450000167e+03 -6.607896198980000008e+03 -1.131474464300000022e+02 2.236587384690000135e+01 -5.811259683269999954e+01
6.500000000000000222e-01 4.061131175529999837e+03 -5.070522763199999645e+03 -6.513944281789999877e+03 -1.120455063469999999e+02 2.141166569350000159e+01 -5.693350937329999795e+01
6.500000000000000222e-01 4.162604873299999781e+03 -5.015910134800000378e+03 -6.521416545650000444e+03 -1.140697029109999932e+02 1.957113669319999971e+01 -5.639534741789999828e+01
6.500000000000000222e-01 4.107012554580000142e+03 -5.072482379439999931e+03 -6.510932402440000260e+03 -1.129425385199999994e+02 2.202230871249999922e+01 -5.708855500760000012e+01
6.500000000000000222e-01 4.284801665949999915e+03 -5.275297423109999727e+03 -6.719502222740000434e+03 -1.118953921020000024e+02 2.055560938560000039e+01 -6.011839787350000108e+01
6.500000000000000222e-01 4.104662898739999946e+03 -5.060925019559999782e+03 -6.510811505439999564e+03 -1.125999853710000025e+02 2.206871028140000135e+01 -5.708179837529999645e+01
6.500000000000000222e-01 4.050443837889999941e+03 -4.811527732710000237e+03 -6.697642031700000189e+03 -1.120611018480000070e+02 2.064554938390000061e+01 -5.806437991890000205e+01
6.500000000000000222e-01 3.850997121129999869e+03 -5.072087580579999667e+03 -6.670923892730000262e+03 -1.118179671430000042e+02 2.129472689170000166e+01 -5.700461716000000223e+01
6.500000000000000222e-01 4.225291243960000429e+03 -5.147533435710000049e+03 -6.549117863280000165e+03 -1.132019463519999931e+02 2.143441160500000109e+01 -5.683345890719999716e+01
6.500000000000000222e-01 4.381533664120000140e+03 -5.089245970969999689e+03 -6.731501078049999705e+03 -1.126011296220000020e+02 2.044393269789999934e+01 -5.792013709599999771e+01
6.500000000000000222e-01 4.168351969020000070e+03 -4.930183679339999799e+03 -6.553070222649999778e+03 -1.136426994349999973e+02 2.192799039599999844e+01 -5.701532812619999646e+01
6.500000000000000222e-01 4.090708887839999989e+03 -5.149178528250000454e+03 -6.524400764340000023e+03 -1.130396486559999971e+02 2.043399904469999839e+01 -5.766713995570000151e+01
6.500000000000000222e-01 4.126801880279999750e+03 -5.042140979900000275e+03 -6.512472066379999887e+03 -1.114225649119999986e+02 2.277533861319999886e+01 -5.721453254789999932e+01
6.500000000000000222e-01 4.158542731239999739e+03 -5.154634896370000206e+03 -6.528706518040000446e+03 -1.123419432949999930e+02 2.149019355929999975e+01 -5.710611913969999875e+01
6.500000000000000222e-01 4.061165301380000074e+03 -5.078029192449999755e+03 -6.514024975680000352e+03 -1.115837266129999961e+02 2.177005471789999902e+01 -5.683538718180000160e+01
6.500000000000000222e-01 4.095741738539999915e+03 -5.068538107940000373e+03 -6.510897160219999932e+03 -1.128822624790000049e+02 2.132049004259999947e+01 -5.708131497669999987e+01
6.500000000000000222e-01 3.984752911749999839e+03 -5.211278584489999957e+03 -6.583854322660000435e+03 -1.131730123749999990e+02 2.192978484769999881e+01 -5.777173467330000278e+01
6.500000000000000222e-01 4.301329850740000438e+03 -5.238202015810000375e+03 -6.669220619290000286e+03 -1.113999977440000038e+02 2.005337660669999877e+01 -5.924285931019999651e+01
6.500000000000000222e-01 3.994056733790000180e+03 -4.894219574179999654e+03 -6.601802642609999566e+03 -1.112311151130000013e+02 1.942139043819999955e+01 -5.487267872270000169e+01
6.500000000000000222e-01 4.205367807059999905e+03 -5.165257338209999944e+03 -6.552241208399999778e+03 -1.123711165109999968e+02 2.110923721340000014e+01 -5.814820345929999945e+01
6.500000000000000222e-01 4.098592814949999592e+03 -5.053501759710000442e+03 -6.510530382130000362e+03 -1.116267968559999986e+02 1.924710364039999888e+01 -5.676705531980000075e+01
6.500000000000000222e-01 4.120534761910000270e+03 -4.850227021609999611e+03 -6.618244519040000341e+03 -1.120783815340000018e+02 1.892104368169999873e+01 -5.514261502730000331e+01
6.500000000000000222e-01 4.048176854140000160e+03 -5.025902204699999857e+03 -6.518014779230000386e+03 -1.118303890570000050e+02 2.094074996530000021e+01 -5.653379499820000120e+01
6.500000000000000222e-01 4.183829073040000367e+03 -5.178357097109999813e+03 -6.548899570929999754e+03 -1.120164951760000065e+02 2.047829327799999888e+01 -5.835537889020000080e+01
6.500000000000000222e-01 3.994490448689999994e+03 -4.973186009390000436e+03 -6.552356331769999997e+03 -1.109216836180000030e+02 1.990782382160000097e+01 -5.581071734279999674e+01
6.500000000000000222e-01 4.264647875460000250e+03 -4.979425865840000370e+03 -6.577927989460000390e+03 -1.137256548630000026e+02 1.975053088379999977e+01 -5.600847696630000172e+01
6.500000000000000222e-01 3.892343096789999890e+03 -5.240575070529999721e+03 -6.729188427469999624e+03 -1.109523251349999953e+02 2.145779158699999911e+01 -5.536970018129999715e+01
6.500000000000000222e-01 3.965122465450000163e+03 -5.309754675559999669e+03 -6.748479860659999758e+03 -1.111062572280000040e+02 2.129263847069999827e+01 -5.628743916359999844e+01
6.500000000000000222e-01 4.201744390099999691e+03 -5.039444406399999934e+03 -6.529653476440000304e+03 -1.137528823349999954e+02 2.053282609269999881e+01 -5.673491454069999662e+01
6.500000000000000222e-01 4.092172329290000107e+03 -5.193645218290000230e+03 -6.539254893000000266e+03 -1.114693249780000031e+02 2.049574962350000007e+01 -5.744540277859999833e+01
6.500000000000000222e-01 4.160771259469999677e+03 -5.180366008300000431e+03 -6.544775392090000423e+03 -1.136959315360000033e+02 2.313301908440000076e+01 -5.686159192720000277e+01
6.500000000000000222e-01 4.062124615730000187e+03 -5.007685524759999680e+03 -6.519811843079999562e+03 -1.111587938650000069e+02 1.943701670629999967e+01 -5.617079505969999786e+01
6.500000000000000222e-01 4.165983832580000126e+03 -5.023286900090000017e+03 -6.521507068719999552e+03 -1.128951039570000034e+02 2.159315443870000095e+01 -5.717933017090000192e+01
6.500000000000000222e-01 4.100658940950000215e+03 -5.336194830970000112e+03 -6.694201956750000136e+03 -1.113379438649999997e+02 2.151165476290000100e+01 -5.611010354049999904e+01
6.500000000000000222e-01 4.045954307890000109e+03 -5.020469532039999649e+03 -6.521116755930000181e+03 -1.126177276789999979e+02 2.135574555479999859e+01 -5.701497316620000078e+01
6.500000000000000222e-01 4.132659889679999651e+03 -5.067337804849999884e+03 -6.512041102459999820e+03 -1.148986868180000016e+02 2.125327425509999912e+01 -5.681547843839999956e+01
6.500000000000000222e-01 4.069985560260000057e+03 -5.189662568370000372e+03 -6.539993424840000444e+03 -1.112817745269999961e+02 2.107553124729999894e+01 -5.712113331390000326e+01
6.500000000000000222e-01 4.017524931620000189e+03 -5.081446660939999674e+03 -6.524693735269999706e+03 -1.132053864770000047e+02 2.122697589639999904e+01 -5.723810156409999905e+01
6.500000000000000222e-01 3.862196056310000131e+03 -4.972818324849999954e+03 -6.686569315669999924e+03 -1.123969975440000013e+02 2.122347681859999824e+01 -5.820568086720000167e+01
6.500000000000000222e-01 3.921080823310000142e+03 -4.872200422320000143e+03 -6.708933220670000082e+03 -1.114632251919999959e+02 2.018261220899999842e+01 -5.431559955899999892e+01
6.500000000000000222e-01 4.349224814459999834e+03 -5.187639017380000041e+03 -6.711170403179999994e+03 -1.118748140929999977e+02 2.049268195650000024e+01 -6.002583018920000058e+01
6.500000000000000222e-01 4.185477543459999652e+03 -5.173035767540000052e+03 -6.542387601979999999e+03 -1.111441850939999938e+02 1.965282384469999855e+01 -5.820893869790000252e+01
6.500000000000000222e-01 4.166515916899999866e+03 -5.149642674669999906e+03 -6.528985374330000013e+03 -1.126121270179999954e+02 2.164237983159999956e+01 -5.702731466729999710e+01
6.500000000000000222e-01 4.336827861740000117e+03 -4.986722205869999925e+03 -6.653213612870000361e+03 -1.129018172109999938e+02 2.007111667470000071e+01 -5.678830816330000175e+01
6.500000000000000222e-01 3.891330384299999878e+03 -5.165760592589999760e+03 -6.636187442589999591e+03 -1.129316209520000029e+02 2.139196113650000086e+01 -5.832245515550000192e+01
6.500000000000000222e-01 4.320005307020000146e+03 -5.082780091130000073e+03 -6.611308287670000027e+03 -1.112393286679999989e+02 2.075980027330000155e+01 -5.924264937870000125e+01
6.500000000000000222e-01 4.014504553409999971e+03 -4.979934678089999579e+03 -6.542048878059999879e+03 -1.113193882300000013e+02 2.014230920039999972e+01 -5.631238251380000293e+01
6.500000000000000222e-01 4.084674277799999800e+03 -5.151632610349999595e+03 -6.524042681079999966e+03 -1.119923535490000006e+02 2.036130904970000088e+01 -5.741879994170000145e+01
6.500000000000000222e-01 4.042796584730000177e+03 -4.901634185879999677e+03 -6.577144104830000288e+03 -1.121994774180000007e+02 2.132187593329999942e+01 -5.752283015039999725e+01
6.500000000000000222e-01 4.112982803150000109e+03 -5.072514006469999913e+03 -6.510505936350000411e+03 -1.106265407749999952e+02 2.016579674830000002e+01 -5.704108474569999743e+01
6.500000000000000222e-01 4.084664622790000067e+03 -4.994911171200000354e+03 -6.521672863550000329e+03 -1.118201066470000029e+02 1.999760206250000039e+01 -5.664975002580000307e+01
6.500000000000000222e-01 4.037025816859999850e+03 -4.854825794200000018e+03 -6.608835504779999610e+03 -1.132018827060000064e+02 2.098052152769999879e+01 -5.553326298820000062e+01
6.500000000000000222e-01 3.938488138900000195e+03 -4.902383246999999756e+03 -6.638544416650000130e+03 -1.126382597980000071e+02 2.143404969339999866e+01 -5.801884747900000150e+01
6.500000000000000222e-01 4.138829811040000095e+03 -5.059972151500000109e+03 -6.512684931740000138e+03 -1.104905732579999977e+02 2.177843072800000002e+01 -5.728264744100000172e+01
6.500000000000000222e-01 4.120910173039999790e+03 -5.133379468610000004e+03 -6.518993009259999781e+03 -1.119311210169999953e+02 1.919749797380000089e+01 -5.767171711499999986e+01
6.500000000000000222e-01 3.936864629799999875e+03 -5.109377070919999824e+03 -6.570666564899999685e+03 -1.107058356950000046e+02 2.156868067859999982e+01 -5.591329204990000079e+01
6.500000000000000222e-01 4.094203144120000161e+03 -5.077490961999999854e+03 -6.511188233969999601e+03 -1.128090030129999946e+02 2.124670100519999849e+01 -5.710370687369999843e+01
6.500000000000000222e-01 4.089527879740000117e+03 -5.150560427299999901e+03 -6.523467324260000169e+03 -1.125421390059999993e+02 1.935086668690000167e+01 -5.773094793909999822e+01
1.390000000000000000e+04 -9.048640154459999394e+03 1.654391438019999896e+03 1.349731977910000023e+04 -2.437876480049999941e+02 2.035419383390000121e+02 -3.235285940589999996e+02
6.500000000000000222e-01 -9.053356627330000265e+03 1.652991628369999944e+03 1.364058518390000063e+04 -2.433037085539999964e+02 2.037597085330000084e+02 -3.234180105429999799e+02
6.500000000000000222e-01 -9.004237693249999211e+03 1.706224315969999907e+03 1.362296930860000066e+04 -2.435133082039999977e+02 2.039036730169999885e+02 -3.237867443779999803e+02
6.500000000000000222e-01 -9.098205368180000733e+03 1.649536854689999927e+03 1.363186826440000004e+04 -2.437119250140000020e+02 2.035996049219999975e+02 -3.233644654660000128e+02
6.500000000000000222e-01 -9.051046395780000239e+03 1.667932076410000036e+03 1.364000742750000063e+04 -2.438675772400000028e+02 2.029933014620000051e+02 -3.233875937999999906e+02
6.500000000000000222e-01 -9.180224988030000532e+03 1.633579354140000078e+03 1.354981826299999921e+04 -2.439035359019999873e+02 2.035849531560000116e+02 -3.237125753820000114e+02
6.500000000000000222e-01 -9.056280863739999404e+03 1.631224801470000102e+03 1.363857811410000068e+04 -2.436946273599999984e+02 2.037605705329999921e+02 -3.234041821039999718e+02
6.500000000000000222e-01 -9.006860835490000682e+03 1.716264309110000113e+03 1.361917721399999937e+04 -2.435429061129999866e+02 2.038628006870000036e+02 -3.238042383139999743e+02
6.500000000000000222e-01 -9.040396945270000288e+03 1.699490193880000106e+03 1.363328199490000043e+04 -2.441125610340000094e+02 2.035843539290000024e+02 -3.234292564450000214e+02
6.500000000000000222e-01 -9.110360165710000729e+03 1.672172910170000023e+03 1.362551986129999932e+04 -2.433069639949999896e+02 2.033624925150000138e+02 -3.231296696210000050e+02
6.500000000000000222e-01 -9.065647617380000156e+03 1.639027485869999964e+03 1.363879162189999988e+04 -2.437513753540000039e+02 2.034860112929999900e+02 -3.234437807840000119e+02
6.500000000000000222e-01 -9.000957675319999908e+03 1.593438573579999911e+03 1.361759816309999951e+04 -2.435453569029999983e+02 2.031562753880000116e+02 -3.238445744399999739e+02
6.500000000000000222e-01 -8.953862394399999175e+03 1.739687041890000046e+03 1.356110368340000059e+04 -2.441358650660000080e+02 2.033225841960000082e+02 -3.229968577820000064e+02
6.500000000000000222e-01 -9.082436084670000128e+03 1.697185913450000044e+03 1.363007494520000000e+04 -2.435414411719999919e+02 2.030817139220000058e+02 -3.231768666369999892e+02
6.500000000000000222e-01 -9.043404545530000178e+03 1.658383882979999953e+03 1.364047184960000050e+04 -2.433793863150000050e+02 2.039200248680000129e+02 -3.234752233940000110e+02
6.500000000000000222e-01 -9.038881390489999831e+03 1.674630787979999923e+03 1.363881454499999927e+04 -2.437085724949999985e+02 2.040360822739999946e+02 -3.235366788559999804e+02
6.500000000000000222e-01 -9.017304573560000790e+03 1.683041184709999925e+03 1.363400230410000040e+04 -2.434980268120000062e+02 2.039542286010000112e+02 -3.236526369499999873e+02
6.500000000000000222e-01 -9.026761119979999421e+03 1.632115984649999973e+03 1.363703793840000071e+04 -2.443513199429999929e+02 2.040237109320000002e+02 -3.233207925739999951e+02
6.500000000000000222e-01 -9.079378143960000671e+03 1.692570720489999985e+03 1.363250053990000015e+04 -2.442033213470000135e+02 2.038990673270000116e+02 -3.235464815380000232e+02
6.500000000000000222e-01 -9.089477662549999877e+03 1.635087342450000051e+03 1.363345818890000010e+04 -2.444069886169999961e+02 2.032996150929999999e+02 -3.236186234759999820e+02
6.500000000000000222e-01 -8.942197897840000223e+03 1.717369065480000017e+03 1.356853683249999995e+04 -2.440816026910000005e+02 2.032750861050000140e+02 -3.230656107419999898e+02
6.500000000000000222e-01 -9.020773630010000488e+03 1.630526846729999988e+03 1.363574152160000085e+04 -2.443378916160000074e+02 2.039354502269999898e+02 -3.233096733119999726e+02
6.500000000000000222e-01 -8.929863021839999419e+03 1.689860380650000025e+03 1.356730561979999948e+04 -2.441861141580000094e+02 2.034911862310000004e+02 -3.231541069310000012e+02
6.500000000000000222e-01 -9.162463713889999781e+03 1.683021860470000092e+03 1.358025425560000076e+04 -2.439769195510000088e+02 2.036268740049999906e+02 -3.235757448240000258e+02
6.500000000000000222e-01 -8.948150418859999263e+03 1.701396198700000014e+03 1.358692033939999965e+04 -2.442863015490000009e+02 2.033485069269999883e+02 -3.230480348099999901e+02
6.500000000000000222e-01 -9.095047558599999320e+03 1.622760981590000029e+03 1.362924281759999940e+04 -2.442562994390000028e+02 2.032299495830000069e+02 -3.236485752710000270e+02
6.500000000000000222e-01 -9.005897100019999925e+03 1.561956317720000015e+03 1.359782315399999970e+04 -2.436502502740000011e+02 2.031777177060000099e+02 -3.239619358609999722e+02
6.500000000000000222e-01 -9.024506617670000196e+03 1.598927336590000095e+03 1.362760664080000060e+04 -2.439103564570000060e+02 2.038454973000000052e+02 -3.232834392820000176e+02
6.500000000000000222e-01 -9.035133127490000334e+03 1.691358369959999891e+03 1.363486621870000090e+04 -2.436495142699999974e+02 2.038347243320000075e+02 -3.235904491809999968e+02
6.500000000000000222e-01 -9.043026716779999333e+03 1.741952270730000009e+03 1.361172273959999984e+04 -2.441975107110000067e+02 2.036664808360000052e+02 -3.233938425219999999e+02
6.500000000000000222e-01 -9.082691437990000850e+03 1.590709061519999977e+03 1.362055341129999942e+04 -2.441811745999999914e+02 2.036791576589999977e+02 -3.235647994949999884e+02
6.500000000000000222e-01 -9.020982275039999877e+03 1.652717463879999968e+03 1.363775480020000032e+04 -2.434659858349999979e+02 2.035236036830000046e+02 -3.235615320229999838e+02
6.500000000000000222e-01 -9.042686338080000496e+03 1.614078108700000030e+03 1.363440266150000025e+04 -2.440670719819999874e+02 2.042263343680000105e+02 -3.232869787949999818e+02
6.500000000000000222e-01 -9.036744563320000452e+03 1.639210867329999928e+03 1.363909075660000053e+04 -2.439750181530000077e+02 2.036420937599999945e+02 -3.234729378769999926e+02
6.500000000000000222e-01 -9.046940382349999709e+03 1.544846480310000061e+03 1.358736959899999965e+04 -2.440406845340000075e+02 2.041634419689999902e+02 -3.230785336260000236e+02
6.500000000000000222e-01 -8.957332480569999461e+03 1.657494535399999904e+03 1.360685550239999975e+04 -2.441466066689999934e+02 2.035468014319999952e+02 -3.233677011190000030e+02
6.500000000000000222e-01 -9.027397260559999268e+03 1.637793124699999908e+03 1.363795236870000008e+04 -2.444014893810000046e+02 2.039489921089999882e+02 -3.233393841170000087e+02
6.500000000000000222e-01 -8.950220420269999522e+03 1.587452881939999997e+03 1.357801591249999910e+04 -2.436226555670000096e+02 2.033689919169999882e+02 -3.237933978340000181e+02
6.500000000000000222e-01 -9.169208983270000317e+03 1.693276398179999887e+03 1.356338210609999987e+04 -2.434916011880000042e+02 2.034019407099999910e+02 -3.228803262330000052e+02
6.500000000000000222e-01 -9.059433931269999448e+03 1.642377799189999905e+03 1.363970848929999920e+04 -2.439594778340000119e+02 2.033922869660000003e+02 -3.234733893289999855e+02
6.500000000000000222e-01 -9.026881681830000161e+03 1.612367543220000016e+03 1.363168725049999921e+04 -2.440824839569999938e+02 2.037723997999999881e+02 -3.234901136589999737e+02
6.500000000000000222e-01 -9.072213195149999592e+03 1.738286417280000023e+03 1.361196342250000089e+04 -2.441407588509999869e+02 2.040590235340000049e+02 -3.237645282940000016e+02
6.500000000000000222e-01 -9.176983631549999700e+03 1.658891872610000064e+03 1.356055284419999953e+04 -2.440441089420000083e+02 2.035566169340000044e+02 -3.239449355259999948e+02
6.500000000000000222e-01 -8.946547758959999555e+03 1.614676905820000002e+03 1.358959444140000051e+04 -2.440534635630000082e+02 2.035804756779999991e+02 -3.232708484300000009e+02
6.500000000000000222e-01 -8.972016739110000344e+03 1.721018049969999993e+03 1.359767431070000021e+04 -2.437230128639999975e+02 2.032413634689999924e+02 -3.235005301049999957e+02
6.500000000000000222e-01 -9.130220851379999658e+03 1.578378048119999903e+03 1.358701937899999939e+04 -2.434470677490000128e+02 2.037523312040000008e+02 -3.229853636779999988e+02
6.500000000000000222e-01 -9.087200288120000550e+03 1.541073893980000094e+03 1.357350320199999987e+04 -2.440184876300000099e+02 2.040522346870000092e+02 -3.232328823180000086e+02
6.500000000000000222e-01 -9.079673260839999784e+03 1.540605842550000034e+03 1.357897080309999910e+04 -2.435972616759999880e+02 2.038141605430000141e+02 -3.230104199549999748e+02
6.500000000000000222e-01 -9.010166194400000677e+03 1.651094060260000106e+03 1.363509486929999912e+04 -2.434780886380000027e+02 2.035099339150000048e+02 -3.236043796920000091e+02
6.500000000000000222e-01 -9.098510206340000877e+03 1.773808572440000034e+03 1.355747827590000088e+04 -2.439010807139999883e+02 2.036750317130000099e+02 -3.240266073700000220e+02
6.500000000000000222e-01 -9.047774709819999771e+03 1.622414967980000029e+03 1.363708077199999934e+04 -2.438267561389999969e+02 2.040528876449999984e+02 -3.233286570440000105e+02
6.500000000000000222e-01 -9.051345982360000562e+03 1.667184609429999909e+03 1.364006954500000029e+04 -2.438197294940000006e+02 2.030293277609999905e+02 -3.233934655709999788e+02
6.500000000000000222e-01 -8.954138195719999203e+03 1.591258539769999970e+03 1.358361902150000060e+04 -2.435639507399999957e+02 2.033748508529999981e+02 -3.240666266349999773e+02
6.500000000000000222e-01 -9.044322051760000249e+03 1.654765172859999893e+03 1.364054129359999934e+04 -2.445068771409999897e+02 2.035123110620000091e+02 -3.234288744130000168e+02
6.500000000000000222e-01 -8.966273902319999252e+03 1.728386383289999912e+03 1.358735072919999948e+04 -2.435563551159999918e+02 2.034640047409999966e+02 -3.238335766619999845e+02
6.500000000000000222e-01 -9.048124551499999143e+03 1.682339451970000027e+03 1.363783878840000034e+04 -2.438563038249999977e+02 2.041224554359999956e+02 -3.235658307979999790e+02
6.500000000000000222e-01 -9.089305746910000380e+03 1.694774932170000056e+03 1.362818629979999969e+04 -2.434528624330000071e+02 2.031029479530000117e+02 -3.232444647170000280e+02
6.500000000000000222e-01 -9.070752414900000076e+03 1.522393665670000019e+03 1.354708396680000078e+04 -2.438310836930000107e+02 2.034239990410000019e+02 -3.240956733940000163e+02
6.500000000000000222e-01 -8.922347803579999891e+03 1.630362508570000045e+03 1.355842739350000011e+04 -2.441400948680000056e+02 2.036327152549999937e+02 -3.231423578399999883e+02
6.500000000000000222e-01 -8.909538166500000443e+03 1.678886621220000052e+03 1.351691860909999923e+04 -2.438049584480000078e+02 2.035370969219999893e+02 -3.241932192689999965e+02
6.500000000000000222e-01 -8.923831251049999992e+03 1.698207406570000103e+03 1.355064627920000021e+04 -2.441056468799999948e+02 2.034122370400000079e+02 -3.229962041790000171e+02
6.500000000000000222e-01 -9.013669102530000600e+03 1.692374594540000089e+03 1.363075978509999914e+04 -2.443538228689999983e+02 2.031453926279999962e+02 -3.232481282250000163e+02
6.500000000000000222e-01 -9.029421140910000759e+03 1.673978239089999988e+03 1.363786117980000017e+04 -2.435022763759999975e+02 2.038623415570000077e+02 -3.235636386589999915e+02
6.500000000000000222e-01 -8.992558270109999285e+03 1.670754766419999896e+03 1.362784557979999954e+04 -2.444325276630000019e+02 2.033557785309999986e+02 -3.232409767249999959e+02
6.500000000000000222e-01 -9.036875424850000854e+03 1.644467650130000038e+03 1.363968867549999959e+04 -2.435660199190000128e+02 2.032896928010000011e+02 -3.235130560950000245e+02
6.500000000000000222e-01 -9.065251870669999334e+03 1.745889619060000086e+03 1.360659609620000083e+04 -2.440216101999999978e+02 2.040176790129999915e+02 -3.238492478719999781e+02
6.500000000000000222e-01 -9.031944130620000578e+03 1.631973634059999995e+03 1.363784304379999958e+04 -2.435339820799999870e+02 2.030806471230000056e+02 -3.235717735910000101e+02
6.500000000000000222e-01 -9.185205486619999647e+03 1.676404959409999947e+03 1.353249734429999990e+04 -2.436621534399999973e+02 2.034994297750000101e+02 -3.232041351660000146e+02
6.500000000000000222e-01 -9.100676331419999769e+03 1.642918619959999887e+03 1.363057764700000007e+04 -2.436760105660000022e+02 2.036681124780000118e+02 -3.233315944240000022e+02
6.500000000000000222e-01 -9.087257471450000594e+03 1.569925065339999946e+03 1.360571922099999938e+04 -2.438377064039999880e+02 2.041679678239999873e+02 -3.230868763060000219e+02
6.500000000000000222e-01 -9.103600593659999504e+03 1.767682667660000106e+03 1.356067165620000014e+04 -2.435629904280000062e+02 2.031710564649999924e+02 -3.233576490319999834e+02
6.500000000000000222e-01 -9.064112411509999220e+03 1.642226097049999908e+03 1.363933189520000087e+04 -2.435309487860000104e+02 2.040012396850000016e+02 -3.233605003040000270e+02
6.500000000000000222e-01 -8.963334962779999842e+03 1.558913061429999971e+03 1.356068256370000017e+04 -2.440301971140000035e+02 2.038085283389999915e+02 -3.229937676999999780e+02
6.500000000000000222e-01 -8.983272179809999216e+03 1.590042347500000005e+03 1.360660922030000074e+04 -2.435663126610000120e+02 2.032762976900000069e+02 -3.239316989889999832e+02
6.500000000000000222e-01 -9.062354068669999833e+03 1.634861122880000039e+03 1.363867241300000023e+04 -2.435466037820000054e+02 2.038881875739999998e+02 -3.233642487789999791e+02
6.500000000000000222e-01 -9.146150745929999175e+03 1.672716520910000099e+03 1.360040241160000005e+04 -2.440016084089999993e+02 2.035326261310000007e+02 -3.236379702369999904e+02
6.500000000000000222e-01 -9.073625963329999649e+03 1.659446641920000047e+03 1.363842910850000044e+04 -2.439932754939999882e+02 2.035900825440000119e+02 -3.234600789639999903e+02
6.500000000000000222e-01 -9.148350645939999595e+03 1.618676277490000075e+03 1.359427930580000066e+04 -2.440636174850000089e+02 2.036356049229999883e+02 -3.235924035599999797e+02
6.500000000000000222e-01 -9.189926091139999698e+03 1.654662404659999993e+03 1.351850503039999967e+04 -2.436459249440000008e+02 2.035502040510000086e+02 -3.228068811690000075e+02
6.500000000000000222e-01 -9.062589951919999294e+03 1.779999475439999969e+03 1.356047332509999978e+04 -2.436436694429999932e+02 2.033815849940000078e+02 -3.238127251199999819e+02
6.500000000000000222e-01 -9.049150577529999282e+03 1.665738132339999993e+03 1.364018376279999939e+04 -2.439534343169999886e+02 2.031448071709999965e+02 -3.234169806090000066e+02
6.500000000000000222e-01 -9.078872054080000453e+03 1.663475339959999928e+03 1.363725513150000006e+04 -2.439951704739999911e+02 2.036084671840000055e+02 -3.234583689359999994e+02
6.500000000000000222e-01 -9.035093146450000859e+03 1.682373326229999975e+03 1.363716160719999971e+04 -2.441933837670000003e+02 2.032781989249999981e+02 -3.233761425189999841e+02
6.500000000000000222e-01 -9.082929364159999750e+03 1.625303200070000003e+03 1.363350444640000023e+04 -2.434297886690000041e+02 2.039982744650000086e+02 -3.232210374079999724e+02
6.500000000000000222e-01 -9.050028812639999160e+03 1.662662870220000059e+03 1.364035234710000077e+04 -2.439213438019999955e+02 2.039129100380000068e+02 -3.234758326369999963e+02
6.500000000000000222e-01 -9.029361958749999758e+03 1.660892079140000078e+03 1.363906927069999983e+04 -2.434559750059999885e+02 2.036768370050000101e+02 -3.235318381299999828e+02
6.500000000000000222e-01 -9.132456391030000304e+03 1.712380630760000031e+03 1.359842038879999927e+04 -2.434919906840000010e+02 2.032820549140000139e+02 -3.229466705820000243e+02
6.500000000000000222e-01 -9.049048451329999807e+03 1.686431731639999953e+03 1.363668649980000009e+04 -2.437443051060000130e+02 2.031970685569999944e+02 -3.234158854240000096e+02
6.500000000000000222e-01 -9.025888833850000083e+03 1.752451216680000016e+03 1.359889552729999923e+04 -2.440142763240000079e+02 2.030480625719999921e+02 -3.230221561870000073e+02
6.500000000000000222e-01 -9.035432562509999116e+03 1.636184521950000089e+03 1.363883411300000080e+04 -2.441281997270000090e+02 2.039233969349999995e+02 -3.233848489079999808e+02
6.500000000000000222e-01 -8.943054380109999329e+03 1.610217240579999952e+03 1.358350619120000010e+04 -2.440243473849999987e+02 2.035776184650000005e+02 -3.232707748450000054e+02
6.500000000000000222e-01 -8.971376960069999768e+03 1.661358536929999900e+03 1.361714160210000045e+04 -2.443662191509999957e+02 2.035205174689999978e+02 -3.232404824449999978e+02
6.500000000000000222e-01 -8.971822876529999121e+03 1.727653711789999988e+03 1.359273292129999936e+04 -2.435375408810000124e+02 2.036969703069999866e+02 -3.239792591919999722e+02
6.500000000000000222e-01 -9.120677410419999433e+03 1.559182921029999989e+03 1.357607543120000082e+04 -2.435834233909999966e+02 2.039066569000000015e+02 -3.228942196419999959e+02
6.500000000000000222e-01 -9.049336185289999776e+03 1.661538354829999889e+03 1.364046591760000047e+04 -2.438648301709999942e+02 2.029002571919999980e+02 -3.234089367049999737e+02
6.500000000000000222e-01 -9.100591370660000393e+03 1.656771060820000002e+03 1.363099772379999922e+04 -2.442579934419999859e+02 2.035651833299999964e+02 -3.235756379929999866e+02
6.500000000000000222e-01 -9.042933965500000340e+03 1.774887088270000049e+03 1.357584854869999981e+04 -2.440817690480000124e+02 2.034012715830000104e+02 -3.231077740939999785e+02
6.500000000000000222e-01 -8.982723131930000818e+03 1.725636102290000053e+03 1.360203214409999964e+04 -2.442973986210000135e+02 2.034390147109999987e+02 -3.232355732799999828e+02
6.500000000000000222e-01 -9.106226545460000125e+03 1.581292658769999889e+03 1.360633770550000008e+04 -2.438091480999999874e+02 2.032054825189999860e+02 -3.236723113859999899e+02
6.500000000000000222e-01 -9.041415656870000021e+03 1.648713578569999981e+03 1.364024577890000000e+04 -2.436631992949999983e+02 2.033844450359999882e+02 -3.234842390969999997e+02
6.500000000000000222e-01 -9.009871552790000351e+03 1.729321523529999922e+03 1.361285024270000031e+04 -2.442050822090000111e+02 2.031082889660000035e+02 -3.231137477959999842e+02
3.690000000000000000e+05 2.303181657229999928e+03 8.446042971269999953e+02 -9.440168355150000252e+02 -1.218194955449999952e+02 6.799098730069999874e+00 -2.192557014610000010e+01
6.500000000000000222e-01 2.312540528670000185e+03 8.916563812110000526e+02 -8.212356618769999841e+02 -1.267027744349999949e+02 3.950196415240000203e+00 -2.445522887710000148e+01
6.500000000000000222e-01 2.404242927589999908e+03 9.075092680159999645e+02 -8.826614642900000263e+02 -1.216857432169999953e+02 6.540805161339999785e+00 -2.909513200010000133e+01
6.500000000000000222e-01 2.307714155680000204e+03 8.954984124490000568e+02 -8.210926602499999944e+02 -1.244719988049999984e+02 7.122235706239999686e+00 -2.567803676320000150e+01
6.500000000000000222e-01 2.235065598409999893e+03 7.383035157250000111e+02 -8.743835012910000160e+02 -1.261985640409999974e+02 1.098532305950000065e+01 -1.884170258340000004e+01
6.500000000000000222e-01 2.203870681849999983e+03 7.712788339200000109e+02 -8.429149172769999723e+02 -1.258404906359999984e+02 9.314553417999999141e+00 -1.742834401749999884e+01
6.500000000000000222e-01 2.416150253299999804e+03 7.868065560479999476e+02 -8.911912850950000120e+02 -1.231500479019999972e+02 8.745369013559999516e+00 -2.622063235470000109e+01
6.500000000000000222e-01 2.255929009049999877e+03 9.159374382910000350e+02 -8.284338395529999843e+02 -1.264014392969999960e+02 5.065296181629999950e+00 -2.401714598870000117e+01
6.500000000000000222e-01 2.305317101369999818e+03 8.947577186959999835e+02 -8.201365065229999800e+02 -1.246611261129999946e+02 7.243058142869999827e+00 -2.558048951419999995e+01
6.500000000000000222e-01 2.242950077670000155e+03 8.010018102279999539e+02 -8.129914513740000075e+02 -1.287969212980000009e+02 3.954696271450000022e+00 -2.319044470029999871e+01
6.500000000000000222e-01 2.297960074309999982e+03 7.140179772530000264e+02 -8.881427584829999660e+02 -1.239182808569999992e+02 9.690275463969999947e+00 -2.137334459379999885e+01
6.500000000000000222e-01 2.322456670059999851e+03 9.299457445059999827e+02 -8.475906492980000166e+02 -1.237434168289999974e+02 7.931663303000000553e-01 -2.233501244820000053e+01
6.500000000000000222e-01 2.164610386440000184e+03 8.132577400640000178e+02 -8.614824922499999502e+02 -1.270147127930000011e+02 4.849140872699999605e+00 -2.121673922940000168e+01
6.500000000000000222e-01 2.212826218809999773e+03 8.215693709680000438e+02 -8.190206141329999809e+02 -1.263038098960000042e+02 4.867519580149999747e+00 -2.120083273819999903e+01
6.500000000000000222e-01 2.194163959569999861e+03 9.323938624500000287e+02 -9.065456528419999813e+02 -1.228822766069999943e+02 2.786497613669999929e+00 -2.142949836529999885e+01
6.500000000000000222e-01 2.294174849999999878e+03 8.747175905679999914e+02 -8.120939109580000377e+02 -1.267514268660000027e+02 2.690215590100000220e+00 -2.370336457579999845e+01
6.500000000000000222e-01 2.276671491430000060e+03 8.467897256749999997e+02 -8.063005636020000111e+02 -1.247676577419999973e+02 3.587223767049999790e+00 -2.330629735719999829e+01
6.500000000000000222e-01 2.283336717770000178e+03 8.579939494929999455e+02 -8.072173715830000447e+02 -1.268624915040000047e+02 7.810196567500000242e+00 -2.401834695410000009e+01
6.500000000000000222e-01 2.313997897660000035e+03 8.455753054939999629e+02 -8.119707888609999600e+02 -1.259909717710000052e+02 5.442740833120000232e+00 -2.479873918410000044e+01
6.500000000000000222e-01 2.185334225739999965e+03 8.835640963319999628e+02 -8.457212825730000532e+02 -1.257262853179999951e+02 3.855046674260000028e+00 -2.075203624490000109e+01
6.500000000000000222e-01 2.300758677570000145e+03 8.288325310019999961e+02 -8.087678186819999837e+02 -1.285014390489999982e+02 8.932907623329999325e+00 -2.348373640870000045e+01
6.500000000000000222e-01 2.380512101799999982e+03 7.519512429870000005e+02 -9.006597861159999638e+02 -1.246406916100000046e+02 1.167949883510000042e+01 -2.156302139010000118e+01
6.500000000000000222e-01 2.298431773249999878e+03 9.474121909130000176e+02 -8.543553824550000400e+02 -1.245494696070000060e+02 2.460509566889999888e+00 -2.282982371290000145e+01
6.500000000000000222e-01 2.287844146970000111e+03 9.341071472500000255e+02 -8.398309002460000556e+02 -1.254336319220000036e+02 3.083225503630000031e+00 -2.335574216370000045e+01
6.500000000000000222e-01 2.283039134399999966e+03 9.044219771790000095e+02 -8.288619012450000128e+02 -1.230334126150000031e+02 -7.082489456479999779e-02 -2.203839716310000085e+01
6.500000000000000222e-01 2.298546078870000201e+03 8.458374947290000136e+02 -8.064307461680000415e+02 -1.238357548289999954e+02 6.722953849599999643e+00 -2.396816515469999942e+01
6.500000000000000222e-01 2.422132211950000055e+03 8.334534563089999892e+02 -8.826790878089999524e+02 -1.222294088889999983e+02 7.560092605650000408e+00 -2.857363567590000031e+01
6.500000000000000222e-01 2.181211693019999984e+03 8.545193118219999633e+02 -8.454482179660000156e+02 -1.256697094170000071e+02 3.751354374439999972e+00 -2.080432971950000010e+01
6.500000000000000222e-01 2.300568546049999895e+03 9.260206338519999463e+02 -8.504545175040000231e+02 -1.225104246380000035e+02 2.519700510299999863e+00 -2.534165706739999990e+01
6.500000000000000222e-01 2.291530752910000047e+03 8.372921146459999591e+02 -8.050064985940000497e+02 -1.236135049039999956e+02 3.954484704229999981e+00 -2.351470484800000094e+01
6.500000000000000222e-01 2.313140899250000075e+03 7.564397046440000167e+02 -8.324215476690000060e+02 -1.248874294569999961e+02 6.338437033609999993e+00 -2.404772162180000095e+01
6.500000000000000222e-01 2.269078957379999792e+03 8.765211256139999705e+02 -8.114723547999999482e+02 -1.273032579980000065e+02 7.177345499420000330e+00 -2.425928567329999908e+01
6.500000000000000222e-01 2.312041331269999773e+03 9.471029032310000275e+02 -8.737191921099999945e+02 -1.218692482210000065e+02 3.037402546640000089e+00 -2.639715338590000115e+01
6.500000000000000222e-01 2.298776166409999860e+03 8.052728224180000325e+02 -8.110361782160000530e+02 -1.256857538529999943e+02 4.393157032280000429e+00 -2.423572335960000146e+01
6.500000000000000222e-01 2.319205202019999888e+03 8.374390356269999529e+02 -8.106544325630000003e+02 -1.231265306110000068e+02 5.409536053640000119e+00 -2.482675014200000163e+01
6.500000000000000222e-01 2.242603477709999879e+03 9.127736266699999987e+02 -8.315971063800000138e+02 -1.237343616510000004e+02 1.072444159010000009e+00 -2.017929529570000113e+01
6.500000000000000222e-01 2.333717607630000202e+03 8.405101191060000474e+02 -8.181082586909999463e+02 -1.270097712099999967e+02 6.328002094630000407e+00 -2.490305882110000013e+01
6.500000000000000222e-01 2.280551214829999935e+03 7.992421964369999614e+02 -8.152238780870000028e+02 -1.276962678139999952e+02 8.054736766299999573e+00 -2.334689116859999913e+01
6.500000000000000222e-01 2.264577845830000115e+03 8.245731795140000031e+02 -8.069387349019999647e+02 -1.287109550399999875e+02 3.966771876080000148e+00 -2.355887338360000172e+01
6.500000000000000222e-01 2.363269484800000100e+03 7.562957952379999824e+02 -8.873373490699999593e+02 -1.253132607969999981e+02 1.063616244219999984e+01 -2.550218244199999873e+01
6.500000000000000222e-01 2.402109030879999864e+03 8.265213130990000536e+02 -8.654949203090000083e+02 -1.245725518060000070e+02 8.209523372259999618e+00 -2.652853804149999917e+01
6.500000000000000222e-01 2.365303297989999919e+03 8.170644872039999882e+02 -8.324724842729999637e+02 -1.273221929049999943e+02 8.333718171939999309e+00 -2.374157076339999861e+01
6.500000000000000222e-01 2.293829127540000172e+03 8.689910583900000347e+02 -8.115862597760000199e+02 -1.253646320430000003e+02 5.987980867680000152e+00 -2.459407397980000098e+01
6.500000000000000222e-01 2.235454851930000132e+03 7.677766734890000180e+02 -8.289034630840000091e+02 -1.259286108139999953e+02 5.698959865540000003e+00 -2.158483198889999954e+01
6.500000000000000222e-01 2.352673898300000019e+03 9.047931819579999910e+02 -8.438841898660000425e+02 -1.232451025609999959e+02 1.882616487399999983e+00 -2.489159185640000160e+01
6.500000000000000222e-01 2.283232404580000093e+03 8.341326536469999837e+02 -8.068464377789999844e+02 -1.274524779380000012e+02 3.746222762229999947e+00 -2.388283433890000040e+01
6.500000000000000222e-01 2.300889361540000209e+03 8.305717843029999585e+02 -8.099133159460000115e+02 -1.276965293159999959e+02 7.584027788650000268e+00 -2.407768109370000076e+01
6.500000000000000222e-01 2.233967609050000192e+03 8.588656281099999887e+02 -8.128008685949999972e+02 -1.289974679199999912e+02 5.570972633510000271e+00 -2.341108180339999834e+01
6.500000000000000222e-01 2.304035511430000042e+03 7.984960082540000030e+02 -8.140000298400000247e+02 -1.274098165470000055e+02 1.045642221089999957e+01 -2.216069987370000050e+01
6.500000000000000222e-01 2.283891026310000143e+03 7.404919195850000051e+02 -8.429188376289999951e+02 -1.249178715129999944e+02 9.979044316030000417e+00 -1.973696340500000090e+01
6.500000000000000222e-01 2.405915247729999919e+03 8.708794269180000356e+02 -8.629690674060000219e+02 -1.247250683820000035e+02 5.681733667019999601e+00 -2.480025324780000062e+01
6.500000000000000222e-01 2.194449749219999831e+03 7.708428677379999954e+02 -8.510934687540000141e+02 -1.255180827349999930e+02 8.962789292120000084e+00 -1.685865902460000143e+01
6.500000000000000222e-01 2.252601086459999806e+03 9.078926713109999582e+02 -8.414750808620000271e+02 -1.224579574069999950e+02 5.856063156580000317e-01 -2.192101303740000162e+01
6.500000000000000222e-01 2.309449713099999826e+03 8.579574222659999805e+02 -8.103245211680000466e+02 -1.240833615460000061e+02 6.876331560739999738e+00 -2.474697437560000068e+01
6.500000000000000222e-01 2.325358697659999962e+03 7.385300203340000280e+02 -8.509979942209999990e+02 -1.243358088970000068e+02 7.366725546949999703e+00 -2.405404194240000137e+01
6.500000000000000222e-01 2.288053777359999913e+03 7.564316864740000028e+02 -8.325261726789999557e+02 -1.262792112439999954e+02 5.288394033160000340e+00 -2.437381852520000081e+01
6.500000000000000222e-01 2.379212100799999916e+03 8.761349812480000310e+02 -8.443721684900000355e+02 -1.224607725710000068e+02 5.964948937329999978e+00 -2.751355605730000065e+01
6.500000000000000222e-01 2.355019884599999841e+03 7.565356633599999441e+02 -8.530878995690000011e+02 -1.238619127909999946e+02 6.863322453340000351e+00 -2.596404906289999914e+01
6.500000000000000222e-01 2.366464472589999787e+03 7.491883293769999455e+02 -8.696546335010000348e+02 -1.235466070739999935e+02 7.668232772169999656e+00 -2.629232127730000101e+01
6.500000000000000222e-01 2.329396208969999861e+03 7.467453538080000044e+02 -8.441129865489999702e+02 -1.245885955189999947e+02 8.300022198489999781e+00 -2.311717727350000118e+01
6.500000000000000222e-01 2.307714502050000192e+03 8.788952790160000177e+02 -8.176817249340000444e+02 -1.245384574910000026e+02 1.163247308989999951e+00 -2.380076539619999920e+01
6.500000000000000222e-01 2.290827757449999808e+03 8.524033432280000397e+02 -8.084789857929999926e+02 -1.263766771389999946e+02 5.295953583570000234e+00 -2.422568958689999974e+01
6.500000000000000222e-01 2.253121559870000056e+03 8.910381956600000422e+02 -8.228730398709999463e+02 -1.229103317139999945e+02 4.063773699570000231e-01 -2.090770525630000165e+01
6.500000000000000222e-01 2.242970402699999795e+03 8.150527773610000395e+02 -8.101956657440000527e+02 -1.291990154940000082e+02 4.071036500820000015e+00 -2.321614442850000160e+01
6.500000000000000222e-01 2.401684783180000068e+03 8.134558026949999885e+02 -8.675586210110000138e+02 -1.230895919889999988e+02 7.815105832859999602e+00 -2.800620324470000000e+01
6.500000000000000222e-01 2.344308943640000052e+03 8.439715575530000251e+02 -8.198714990329999637e+02 -1.227066320649999938e+02 6.112368968570000227e+00 -2.604222044730000007e+01
6.500000000000000222e-01 2.218529637910000019e+03 9.098696352509999770e+02 -8.500139209870000059e+02 -1.221743220830000070e+02 6.919159053029999562e-01 -1.847262285889999944e+01
6.500000000000000222e-01 2.349752478750000137e+03 9.368277679850000368e+02 -8.729576375069999585e+02 -1.215445626759999982e+02 1.336049155810000055e+00 -2.461646891319999852e+01
6.500000000000000222e-01 2.282506152840000141e+03 8.391726764940000294e+02 -8.046603543439999839e+02 -1.252634719899999993e+02 7.982164281700000252e+00 -2.322597381170000119e+01
6.500000000000000222e-01 2.366777489470000091e+03 8.087090282499999603e+02 -8.388703728530000490e+02 -1.235835018580000053e+02 6.670912944210000362e+00 -2.689587508929999871e+01
6.500000000000000222e-01 2.285981399859999783e+03 8.416226053399999500e+02 -8.069314513330000409e+02 -1.284006442419999985e+02 6.609009827410000426e+00 -2.390292964320000024e+01
6.500000000000000222e-01 2.178101762539999982e+03 8.472721023689999811e+02 -8.424062533909999502e+02 -1.271605822570000015e+02 4.421382376030000394e+00 -2.145929411530000053e+01
6.500000000000000222e-01 2.210439192240000011e+03 8.759987307679999731e+02 -8.261961983239999654e+02 -1.229399134359999977e+02 1.963761039780000051e+00 -1.842343329999999924e+01
6.500000000000000222e-01 2.280403535869999814e+03 8.353918105159999641e+02 -8.033326195639999696e+02 -1.238606221390000002e+02 7.112027014129999714e+00 -2.274648715160000023e+01
6.500000000000000222e-01 2.344461687739999888e+03 7.597574864680000246e+02 -8.509704696359999616e+02 -1.245207533800000022e+02 6.859189374449999654e+00 -2.618100082080000135e+01
6.500000000000000222e-01 2.264122048709999945e+03 8.798862913850000496e+02 -8.134858421940000426e+02 -1.272079069170000025e+02 6.653643729729999734e+00 -2.426986749840000002e+01
6.500000000000000222e-01 2.341942479870000170e+03 8.145805971109999746e+02 -8.215635790349999752e+02 -1.241566194730000063e+02 5.708079937459999975e+00 -2.564460955710000079e+01
6.500000000000000222e-01 2.288527157749999787e+03 8.291997407989999829e+02 -8.070776005359999772e+02 -1.261018978879999963e+02 6.082699153680000137e+00 -2.382422858349999828e+01
6.500000000000000222e-01 2.193751268519999940e+03 8.656578706980000106e+02 -8.308290154920000532e+02 -1.246355442640000035e+02 3.638493537820000068e+00 -1.926235954610000078e+01
6.500000000000000222e-01 2.282908207599999969e+03 8.395172377919999462e+02 -8.040214338389999966e+02 -1.236051462960000009e+02 5.221022209750000087e+00 -2.308057149240000072e+01
6.500000000000000222e-01 2.291071236889999909e+03 8.378374997890000486e+02 -8.073572625330000392e+02 -1.280554208270000061e+02 7.865456915700000273e+00 -2.382394957669999869e+01
6.500000000000000222e-01 2.230284424819999913e+03 8.335438561910000317e+02 -8.120648092659999975e+02 -1.276174276539999966e+02 4.813684166529999864e+00 -2.253620586519999947e+01
6.500000000000000222e-01 2.409671578729999965e+03 8.188825608700000203e+02 -8.697118486419999499e+02 -1.224168318220000060e+02 7.360117775610000024e+00 -2.823364633419999947e+01
6.500000000000000222e-01 2.171304948640000021e+03 7.737780468629999859e+02 -8.898039170170000034e+02 -1.238135157929999934e+02 7.615837067970000263e+00 -1.413658874749999939e+01
6.500000000000000222e-01 2.179097306980000212e+03 7.796335270570000375e+02 -8.606326538309999705e+02 -1.262575628910000063e+02 7.830076989150000166e+00 -1.856050545300000110e+01
6.500000000000000222e-01 2.268773991619999833e+03 7.268216034490000084e+02 -8.589833530399999972e+02 -1.246604899999999958e+02 7.634423425849999667e+00 -2.177884141230000026e+01
6.500000000000000222e-01 2.356150522530000217e+03 9.678182958559999634e+02 -9.217543986160000031e+02 -1.210908145829999967e+02 4.307671396930000007e+00 -2.827612872359999940e+01
6.500000000000000222e-01 2.170878200279999874e+03 7.969410094359999448e+02 -8.575370233480000479e+02 -1.256119963729999967e+02 6.850975516000000098e+00 -1.795722468789999837e+01
6.500000000000000222e-01 2.274351414899999781e+03 8.441830824139999550e+02 -8.063591153910000457e+02 -1.291896487980000074e+02 6.212689255989999992e+00 -2.375204562629999927e+01
6.500000000000000222e-01 2.313712961409999934e+03 8.235115849190000290e+02 -8.112389034190000530e+02 -1.246584848170000015e+02 4.932479784019999869e+00 -2.470066617579999857e+01
6.500000000000000222e-01 2.234037190080000073e+03 7.442014364030000024e+02 -8.559659970379999550e+02 -1.275030123720000006e+02 7.241286001019999752e+00 -2.279585670650000040e+01
6.500000000000000222e-01 2.239857807429999866e+03 8.850923750309999605e+02 -8.247784270409999863e+02 -1.258042861509999994e+02 3.892417053870000032e+00 -2.351866897020000025e+01
6.500000000000000222e-01 2.181516646200000196e+03 9.063788035369999534e+02 -8.779496398290000343e+02 -1.229129829839999957e+02 2.519680401460000052e+00 -1.774354761520000068e+01
6.500000000000000222e-01 2.304682875259999946e+03 9.028915008389999457e+02 -8.239762464489999729e+02 -1.246830605029999930e+02 7.011299804970000160e+00 -2.577242933710000017e+01
6.500000000000000222e-01 2.318583599109999795e+03 9.110190246849999767e+02 -8.381555711749999773e+02 -1.229238949859999934e+02 3.414382611180000193e+00 -2.575971965580000145e+01
6.500000000000000222e-01 2.409646310130000074e+03 8.575487017389999664e+02 -8.663210296429999744e+02 -1.243341048019999988e+02 6.616449433919999734e+00 -2.585320827159999979e+01
6.500000000000000222e-01 2.271961134770000172e+03 7.966129593650000515e+02 -8.108743575989999499e+02 -1.259691002880000070e+02 5.676158359679999599e+00 -2.296229352119999945e+01
6.500000000000000222e-01 2.363298879519999900e+03 8.792590121490000001e+02 -8.361608169260000523e+02 -1.235633660799999944e+02 4.561514250920000180e+00 -2.633632230659999962e+01
6.500000000000000222e-01 2.236092417100000148e+03 9.014462644180000552e+02 -8.246494268369999645e+02 -1.242872864029999960e+02 1.815180862340000090e+00 -2.051189238690000138e+01
6.500000000000000222e-01 2.250416659949999939e+03 7.594761120360000177e+02 -8.296598488880000559e+02 -1.256472739130000065e+02 6.005632591140000365e+00 -2.189744223659999989e+01
6.500000000000000222e-01 2.410623957939999855e+03 7.711928776329999664e+02 -9.029750124439999581e+02 -1.237987199899999951e+02 1.052561884420000027e+01 -2.233176854039999881e+01
