3.450000000000000000e+05 3.975729656439999872e+03 -5.044295172060000368e+03 -6.860107326659999671e+03 -1.139370607750000062e+02 2.311191795259999893e+01 -5.328291669509999906e+01
6.500000000000000222e-01 3.890120979750000060e+03 -4.957716464400000405e+03 -6.601430686839999908e+03 -1.140154454230000027e+02 2.332886667360000033e+01 -5.277849921419999646e+01
6.500000000000000222e-01 3.801270335879999948e+03 -5.164310502549999910e+03 -7.048953752710000117e+03 -1.141330628660000031e+02 2.312818164220000128e+01 -5.241507360970000207e+01
6.500000000000000222e-01 4.165028027530000145e+03 -4.972552396369999769e+03 -6.662114140910000060e+03 -1.135179759610000048e+02 2.346914796909999978e+01 -5.468169624629999959e+01
6.500000000000000222e-01 3.954329249330000039e+03 -5.142494056079999609e+03 -7.129737109489999966e+03 -1.135786187839999997e+02 2.041152064959999990e+01 -5.299901540940000189e+01
6.500000000000000222e-01 4.088231423820000145e+03 -5.244751444520000405e+03 -7.021489937800000007e+03 -1.141300940830000030e+02 2.329999445210000175e+01 -5.339591389249999764e+01
6.500000000000000222e-01 4.077145226829999956e+03 -4.814140184150000096e+03 -6.987474066439999660e+03 -1.147387633740000012e+02 2.142437327889999921e+01 -5.505091570380000121e+01
6.500000000000000222e-01 3.746333343280000008e+03 -4.938223074049999923e+03 -6.988937906729999668e+03 -1.127590085239999951e+02 2.281053487309999994e+01 -5.410598475129999940e+01
6.500000000000000222e-01 4.140817677170000024e+03 -4.857031639740000173e+03 -6.989819464340000195e+03 -1.142568180380000058e+02 2.112672902799999974e+01 -5.462405967830000009e+01
6.500000000000000222e-01 3.751458767120000175e+03 -4.976260299169999598e+03 -6.689237260769999921e+03 -1.137320702030000064e+02 2.395892240390000083e+01 -5.186013288950000089e+01
6.500000000000000222e-01 3.702353945240000030e+03 -5.066458227930000248e+03 -6.787239288730000226e+03 -1.128989743850000025e+02 2.378409226959999856e+01 -5.050884843880000119e+01
6.500000000000000222e-01 3.801565238260000115e+03 -5.183103094520000013e+03 -7.035503133379999781e+03 -1.142319636400000036e+02 2.256719724310000075e+01 -5.180170137569999866e+01
6.500000000000000222e-01 4.063132007749999957e+03 -5.070630291870000292e+03 -6.592835643790000177e+03 -1.157274842279999945e+02 2.424153195890000134e+01 -5.315240726580000086e+01
6.500000000000000222e-01 3.914965276769999946e+03 -4.886353814580000289e+03 -7.092335022360000039e+03 -1.141652062600000050e+02 2.247431731289999846e+01 -5.341550030279999817e+01
6.500000000000000222e-01 3.818680567790000168e+03 -4.982954190960000233e+03 -7.086094267000000400e+03 -1.114703698000000003e+02 2.196460326329999901e+01 -5.435869096719999760e+01
6.500000000000000222e-01 4.130504025629999887e+03 -5.005864611830000285e+03 -6.627941556890000356e+03 -1.150931571139999932e+02 2.368213648260000070e+01 -5.351350295449999805e+01
6.500000000000000222e-01 3.845885998459999882e+03 -5.262964345340000364e+03 -6.986088427980000233e+03 -1.124635560659999953e+02 2.408758809569999926e+01 -5.575043868529999713e+01
6.500000000000000222e-01 3.757500047760000143e+03 -5.112269801929999630e+03 -7.024764437859999816e+03 -1.141665309640000032e+02 2.262246036009999983e+01 -5.133851997939999734e+01
6.500000000000000222e-01 3.988480749159999959e+03 -5.157286852420000287e+03 -6.603522767540000132e+03 -1.152236149440000048e+02 2.620013857249999845e+01 -5.268067547039999710e+01
6.500000000000000222e-01 3.863527918499999942e+03 -5.123179792490000182e+03 -6.610199589290000404e+03 -1.124344167360000029e+02 2.479977743390000100e+01 -5.205449297050000013e+01
6.500000000000000222e-01 4.020024103929999910e+03 -4.949709752939999817e+03 -7.122938988670000072e+03 -1.131739470349999976e+02 2.051364654010000166e+01 -5.370116494660000228e+01
6.500000000000000222e-01 3.776467163429999800e+03 -4.875718517340000290e+03 -6.979218418790000214e+03 -1.142735771790000001e+02 2.354006185849999966e+01 -5.148236408350000204e+01
6.500000000000000222e-01 3.821378115080000043e+03 -4.850284991090000403e+03 -6.997783115360000011e+03 -1.130929765850000024e+02 2.197962085059999993e+01 -5.443494534159999887e+01
6.500000000000000222e-01 4.105721378150000419e+03 -4.873469515019999562e+03 -6.673560519980000208e+03 -1.161600274369999966e+02 2.244518949100000071e+01 -5.141411032530000114e+01
6.500000000000000222e-01 4.207886609119999775e+03 -5.064043740860000071e+03 -6.702157697579999876e+03 -1.151854729009999971e+02 2.316651608990000000e+01 -5.322004364949999911e+01
6.500000000000000222e-01 4.196338800999999876e+03 -5.036360840659999667e+03 -6.685830789470000127e+03 -1.145128156140000044e+02 2.321183704479999932e+01 -5.418028186259999757e+01
6.500000000000000222e-01 3.949459149039999829e+03 -5.272729564139999638e+03 -6.693424007239999810e+03 -1.132720573630000018e+02 2.471817184709999893e+01 -5.206933648719999752e+01
6.500000000000000222e-01 3.851843826090000221e+03 -4.892756141490000118e+03 -7.069252088029999868e+03 -1.147171908149999950e+02 2.393265610119999920e+01 -5.179647973050000331e+01
6.500000000000000222e-01 3.782165858100000150e+03 -5.232774966099999801e+03 -6.940880678239999725e+03 -1.136535841209999944e+02 2.324262397269999880e+01 -5.143519408350000077e+01
6.500000000000000222e-01 3.870978538729999855e+03 -4.794255757070000072e+03 -6.958538676840000335e+03 -1.144520004609999972e+02 2.303555696249999940e+01 -5.269630966409999928e+01
6.500000000000000222e-01 3.850544878990000143e+03 -5.189131728360000125e+03 -6.650796626090000245e+03 -1.148936725810000041e+02 2.273329830220000147e+01 -5.469599688539999960e+01
6.500000000000000222e-01 4.164515912040000330e+03 -4.874835075609999876e+03 -6.737057485880000058e+03 -1.144307560620000004e+02 2.213059490479999880e+01 -5.306301931320000165e+01
6.500000000000000222e-01 3.745756746890000159e+03 -5.134296371389999877e+03 -6.719657552040000155e+03 -1.146777315439999967e+02 2.358826386979999867e+01 -5.483026274400000233e+01
6.500000000000000222e-01 3.697166027209999811e+03 -5.083080133090000345e+03 -6.881042716070000097e+03 -1.133919253549999979e+02 2.348589395429999982e+01 -5.053255463989999896e+01
6.500000000000000222e-01 4.042984206890000223e+03 -4.990031748569999763e+03 -7.132368049200000314e+03 -1.150188763780000016e+02 2.163784694719999990e+01 -5.398423285469999655e+01
6.500000000000000222e-01 3.863149145620000127e+03 -4.783982868439999947e+03 -6.835518465709999873e+03 -1.140398706800000070e+02 2.269191848210000018e+01 -5.036612693960000087e+01
6.500000000000000222e-01 3.972420135150000078e+03 -4.763328086640000038e+03 -6.907600282589999551e+03 -1.146375826459999985e+02 2.276976540809999960e+01 -5.246740400289999684e+01
6.500000000000000222e-01 4.004731103999999959e+03 -4.909558489269999882e+03 -7.103105888690000029e+03 -1.127142418279999987e+02 2.065326566579999934e+01 -5.341133799020000339e+01
6.500000000000000222e-01 4.052287203750000117e+03 -4.930664164759999949e+03 -6.610475467539999954e+03 -1.145075681839999930e+02 2.203630458590000174e+01 -5.258039272090000082e+01
6.500000000000000222e-01 3.844698104829999920e+03 -5.171890798360000190e+03 -6.643927106670000285e+03 -1.143171477230000050e+02 2.541423044860000147e+01 -5.273147953760000206e+01
6.500000000000000222e-01 4.047761115490000066e+03 -4.869872118880000016e+03 -6.645702296090000345e+03 -1.139994500229999943e+02 2.459378225649999905e+01 -5.422455085789999885e+01
9.810000000000000000e+05 8.287879693369999586e+04 -2.669810867869999811e+02 3.516756263349999790e+04 -9.152293454860000566e+00 2.647672925410000033e+01 -5.249548523850000237e+01
6.500000000000000222e-01 8.341342510189999302e+04 -1.675412767770000073e+03 3.710839945949999674e+04 -8.404651232830000041e+00 2.557123200419999876e+01 -5.284879402490000189e+01
6.500000000000000222e-01 8.446186123399999633e+04 1.040817133340000055e+03 3.382470345220000308e+04 -9.467550130150000243e+00 2.586422975829999871e+01 -5.342407999419999953e+01
6.500000000000000222e-01 8.358018407790000492e+04 -1.806158145439999998e+03 3.694503453150000132e+04 -9.462123517200000222e+00 2.735176046000000127e+01 -5.160317399489999701e+01
6.500000000000000222e-01 8.046379642119999335e+04 -4.301431998959999987e+02 3.476394281130000309e+04 -9.271505808169999696e+00 2.649376825599999918e+01 -5.231774015780000298e+01
6.500000000000000222e-01 8.457340822749999643e+04 1.322938384369999994e+03 3.438043187710000348e+04 -8.934992829240000489e+00 2.680346489329999926e+01 -5.128331706800000234e+01
6.500000000000000222e-01 8.179064687019999838e+04 1.929513063169999896e+03 3.525654858470000181e+04 -9.139099349129999439e+00 2.638565663769999858e+01 -5.290237993929999760e+01
6.500000000000000222e-01 8.235388894279999658e+04 3.390579693440000142e+02 3.748585397389999707e+04 -8.252050121570000840e+00 2.547821890899999886e+01 -5.212521574950000058e+01
6.500000000000000222e-01 8.285137947159999749e+04 2.185996620809999968e+03 3.515069389329999831e+04 -9.145109800900000252e+00 2.640001239789999943e+01 -5.290741453399999727e+01
6.500000000000000222e-01 8.267706225659999473e+04 6.305804828200000429e+02 3.289208500510000158e+04 -9.287131273239999985e+00 2.581981167260000021e+01 -5.283906212450000339e+01
6.500000000000000222e-01 8.179597449209999468e+04 -2.851287179049999736e+02 3.296587432950000220e+04 -9.025666575489999843e+00 2.648989163030000071e+01 -5.258186904840000153e+01
6.500000000000000222e-01 8.463570764629999758e+04 -1.408110604839999951e+03 3.389544345320000139e+04 -9.037133689359999167e+00 2.652965378409999886e+01 -5.174779878689999890e+01
6.500000000000000222e-01 8.229701774520000617e+04 -2.282108672130000002e+02 3.755057345809999970e+04 -9.068621840349999630e+00 2.649139454199999832e+01 -5.253429626380000173e+01
6.500000000000000222e-01 8.190063650670000061e+04 -2.116172381219999806e+03 3.645186872369999764e+04 -8.604960808490000446e+00 2.606050598579999900e+01 -5.245288488469999777e+01
6.500000000000000222e-01 8.255812639289999788e+04 -2.610876311770000029e+03 3.451182766149999952e+04 -8.895376218199999130e+00 2.652898421200000101e+01 -5.334211095940000291e+01
6.500000000000000222e-01 8.124412782049999805e+04 -2.087258360360000097e+03 3.535196358299999702e+04 -9.095157042140000314e+00 2.655045493380000110e+01 -5.143186274039999972e+01
6.500000000000000222e-01 8.404645821219999925e+04 -2.234507169229999818e+03 3.429217988769999647e+04 -9.396582707609999474e+00 2.672052127210000094e+01 -5.197817848390000250e+01
6.500000000000000222e-01 8.521420878210000228e+04 3.441053632669999729e+02 3.560911644530000194e+04 -8.934804366759999894e+00 2.643343773440000177e+01 -5.302054201349999829e+01
6.500000000000000222e-01 8.531845697749999817e+04 -1.180882549640000079e+01 3.522868730499999947e+04 -9.102977484400000208e+00 2.647230212530000060e+01 -5.225188781819999662e+01
6.500000000000000222e-01 8.174445312869999907e+04 -1.741096127900000056e+03 3.356673677889999817e+04 -8.547146330629999511e+00 2.628669061940000162e+01 -5.285148296810000090e+01
6.500000000000000222e-01 8.197660010029999830e+04 5.114167626459999951e+02 3.731376609959999769e+04 -8.838282953200000236e+00 2.624648756579999898e+01 -5.213857740409999764e+01
6.500000000000000222e-01 8.202980629150000459e+04 1.049549745309999935e+03 3.327698186539999733e+04 -9.949602973099999303e+00 2.744472963839999835e+01 -5.173817340669999965e+01
6.500000000000000222e-01 8.441971212080000259e+04 -1.763118154129999994e+03 3.397497222920000058e+04 -9.057822101539999338e+00 2.642701654740000095e+01 -5.305545311600000247e+01
6.500000000000000222e-01 8.387880674420000287e+04 -2.491824388909999925e+03 3.542804094920000352e+04 -9.087397949999999724e+00 2.643073611450000016e+01 -5.375861443290000352e+01
6.500000000000000222e-01 8.294890080770000350e+04 1.166860113219999903e+03 3.317603445130000182e+04 -9.522942575640000129e+00 2.766092991660000067e+01 -5.184797239710000127e+01
6.500000000000000222e-01 8.479858937879999576e+04 -1.654161579419999953e+03 3.581533750149999833e+04 -8.776432750039999675e+00 2.623703953240000075e+01 -5.313632369070000294e+01
6.500000000000000222e-01 8.160547840480000013e+04 1.504622211780000043e+03 3.628376933799999824e+04 -8.621524481159999809e+00 2.578446263429999874e+01 -5.160996856439999902e+01
6.500000000000000222e-01 8.442197070930000336e+04 -1.591200822269999890e+03 3.653539001419999840e+04 -9.045882551249999182e+00 2.651948842090000014e+01 -5.316770351739999967e+01
6.500000000000000222e-01 8.444196278980000352e+04 6.485411654649999491e+02 3.351376263279999694e+04 -8.730822569609999917e+00 2.700775906280000171e+01 -5.165577575620000061e+01
6.500000000000000222e-01 8.250363798149999639e+04 -5.618562946609999926e+02 3.276096939500000008e+04 -1.011638645859999919e+01 2.593472103350000069e+01 -5.225711483010000080e+01
6.500000000000000222e-01 8.269448013939999510e+04 -5.687304153740000174e+02 3.273985925290000159e+04 -9.700101619030000677e+00 2.602845580669999848e+01 -5.235486632719999989e+01
6.500000000000000222e-01 8.071523552269999345e+04 -9.496344814320000296e+02 3.610321168700000271e+04 -9.572980846329999238e+00 2.652339352059999911e+01 -5.326141697410000120e+01
6.500000000000000222e-01 8.323243056680000154e+04 1.929144619850000026e+03 3.620946953819999908e+04 -9.623196070200000563e+00 2.686902544209999988e+01 -5.241058904479999825e+01
6.500000000000000222e-01 8.190681310440000379e+04 1.631826155149999977e+03 3.637143188570000348e+04 -8.916675172179999720e+00 2.635895344580000099e+01 -5.321130545230000308e+01
6.500000000000000222e-01 8.423911772609999753e+04 -2.158584517209999831e+03 3.593179461979999905e+04 -9.016122432390000441e+00 2.635384877519999947e+01 -5.361076329210000324e+01
6.500000000000000222e-01 8.484816946960000496e+04 1.044814349080000056e+03 3.451767267049999646e+04 -8.962686525020000516e+00 2.623821862930000037e+01 -5.256239315420000224e+01
6.500000000000000222e-01 8.290728956229999312e+04 5.375348295520000192e+02 3.748576376010000240e+04 -9.313439551880000167e+00 2.767555507089999978e+01 -5.286769709450000221e+01
6.500000000000000222e-01 8.472032979319999868e+04 -1.750299244909999970e+03 3.581405541490000178e+04 -9.369867995099999902e+00 2.677531965680000070e+01 -5.211524832300000298e+01
6.500000000000000222e-01 8.045296056779999344e+04 -3.071700938810000139e+02 3.553410029770000256e+04 -9.402736070910000521e+00 2.647494024690000103e+01 -5.385237138909999999e+01
6.500000000000000222e-01 8.361648854010000650e+04 1.806146891670000059e+03 3.625728876019999734e+04 -9.555631001020000070e+00 2.700926637250000084e+01 -5.272384435640000078e+01
6.500000000000000222e-01 8.519734081409999635e+04 9.041890725880000446e+01 3.588608479619999707e+04 -9.300876566919999533e+00 2.649101618319999929e+01 -5.190386801929999905e+01
4.560000000000000000e+04 6.247071113080000032e+03 2.611676578330000211e+03 1.741975715109999874e+04 2.062132183500000053e+02 -6.020694279749999822e+01 2.066283593349999990e+02
6.500000000000000222e-01 6.320861371050000344e+03 2.583484968329999901e+03 1.760958239809999941e+04 2.054589356580000015e+02 -5.976725564310000038e+01 2.071386422760000130e+02
6.500000000000000222e-01 6.206716636299999664e+03 2.653777228769999965e+03 1.722208025160000034e+04 2.054853553410000018e+02 -5.961567511479999837e+01 2.067013172489999988e+02
6.500000000000000222e-01 6.188259061529999599e+03 2.640456152289999864e+03 1.761450270240000100e+04 2.072091833519999966e+02 -6.060903077529999905e+01 2.070751011220000066e+02
6.500000000000000222e-01 6.356084913949999645e+03 2.466609794840000177e+03 1.732975653769999917e+04 2.056726051130000030e+02 -5.963061117750000051e+01 2.059200040679999972e+02
6.500000000000000222e-01 6.358641693329999725e+03 2.459432213940000111e+03 1.734807824420000179e+04 2.059217276400000003e+02 -5.995928478900000158e+01 2.070380931100000055e+02
6.500000000000000222e-01 6.150532562450000114e+03 2.577286134680000032e+03 1.759770429169999989e+04 2.059910709909999866e+02 -6.008937976240000012e+01 2.065290006660000017e+02
6.500000000000000222e-01 6.142604974869999751e+03 2.560840681900000163e+03 1.725010406149999835e+04 2.068861794249999946e+02 -6.008992856830000306e+01 2.060058925099999954e+02
6.500000000000000222e-01 6.382636237830000027e+03 2.603010414070000024e+03 1.726642475360000026e+04 2.053042426460000058e+02 -6.018866215980000334e+01 2.059267235199999959e+02
6.500000000000000222e-01 6.374446315850000246e+03 2.488502557109999998e+03 1.751668213829999877e+04 2.059737120640000114e+02 -5.987214001310000100e+01 2.064476986290000013e+02
6.500000000000000222e-01 6.187387492189999648e+03 2.426789667540000210e+03 1.735948703519999981e+04 2.060004545429999894e+02 -5.971510042770000126e+01 2.062499342940000133e+02
6.500000000000000222e-01 6.301822335910000220e+03 2.468417447270000139e+03 1.755153374830000030e+04 2.057401112850000118e+02 -5.930287266020000203e+01 2.072186321039999939e+02
6.500000000000000222e-01 6.421882367619999968e+03 2.505764391310000065e+03 1.741669065190000038e+04 2.060591234139999983e+02 -6.009009482110000278e+01 2.057171042120000095e+02
6.500000000000000222e-01 6.303522080490000008e+03 2.427221584290000010e+03 1.747910407359999954e+04 2.059469473009999945e+02 -5.981557124260000080e+01 2.063708126239999956e+02
6.500000000000000222e-01 6.287770620379999855e+03 2.483007005869999830e+03 1.757756232749999981e+04 2.067548232990000088e+02 -6.080030167519999651e+01 2.063993941600000142e+02
6.500000000000000222e-01 6.164888347279999834e+03 2.692638989430000038e+03 1.724846218610000142e+04 2.065510175580000123e+02 -6.069177297699999940e+01 2.059892929369999877e+02
6.500000000000000222e-01 6.445199559310000041e+03 2.657276070710000113e+03 1.739841291049999927e+04 2.059542840930000125e+02 -6.025309447109999894e+01 2.057978855949999968e+02
6.500000000000000222e-01 6.201560240540000450e+03 2.806187698799999907e+03 1.746501754929999879e+04 2.063031997999999874e+02 -6.054251585000000091e+01 2.076335515840000028e+02
6.500000000000000222e-01 6.401722823109999808e+03 2.649657206249999945e+03 1.754900349769999957e+04 2.064491673919999926e+02 -6.001512793629999720e+01 2.063314556960000061e+02
6.500000000000000222e-01 6.389848368089999894e+03 2.757612394809999842e+03 1.743042296219999844e+04 2.061249823100000071e+02 -6.038040394960000157e+01 2.068778643699999975e+02
6.500000000000000222e-01 6.288167519139999968e+03 2.804518997719999788e+03 1.747734292759999880e+04 2.060601275180000016e+02 -6.047657042189999999e+01 2.075587738330000036e+02
6.500000000000000222e-01 6.440915752949999842e+03 2.676921699120000085e+03 1.742545746309999959e+04 2.061039011590000030e+02 -6.024176368679999882e+01 2.058149888069999918e+02
6.500000000000000222e-01 6.130745113310000306e+03 2.476350100959999963e+03 1.751942606940000042e+04 2.066029225300000007e+02 -5.966651756219999925e+01 2.074541019149999954e+02
6.500000000000000222e-01 6.056275641549999818e+03 2.591641701309999917e+03 1.734854016739999861e+04 2.062903503310000133e+02 -6.026508864979999913e+01 2.067272236249999935e+02
6.500000000000000222e-01 6.220968666589999884e+03 2.813036317730000064e+03 1.740184332780000113e+04 2.062866865240000038e+02 -6.038062434239999732e+01 2.075149595649999981e+02
6.500000000000000222e-01 6.320646037000000433e+03 2.623249791249999817e+03 1.761189421360000051e+04 2.058331980030000068e+02 -6.027907987329999884e+01 2.069895157919999917e+02
6.500000000000000222e-01 6.178599425340000380e+03 2.422785510140000042e+03 1.738554155790000004e+04 2.060684107079999876e+02 -5.995164933699999921e+01 2.069594536529999971e+02
6.500000000000000222e-01 6.342093907419999596e+03 2.756539500200000020e+03 1.731078477800000110e+04 2.057124310119999961e+02 -6.066477973090000120e+01 2.058471596980000129e+02
6.500000000000000222e-01 6.206653848570000264e+03 2.420230481969999801e+03 1.748394175990000076e+04 2.065427809349999961e+02 -6.033159653130000066e+01 2.064236828299999900e+02
6.500000000000000222e-01 6.422952870400000393e+03 2.560903426549999949e+03 1.751135674099999960e+04 2.064795830980000062e+02 -6.019572092709999822e+01 2.059610919010000032e+02
6.500000000000000222e-01 6.092117151720000038e+03 2.482208381599999939e+03 1.738627236859999903e+04 2.062297045800000035e+02 -5.999192510299999981e+01 2.064991912890000094e+02
6.500000000000000222e-01 6.141486217390000093e+03 2.746433071320000181e+03 1.753264116310000099e+04 2.066637649179999983e+02 -6.069244356469999957e+01 2.075193554870000128e+02
6.500000000000000222e-01 6.316254565029999867e+03 2.672643488019999950e+03 1.723637871680000171e+04 2.067574035879999883e+02 -5.980898047480000201e+01 2.069535590950000028e+02
6.500000000000000222e-01 6.364366106770000442e+03 2.461840786209999806e+03 1.749643678519999958e+04 2.064231841950000046e+02 -6.037323306100000053e+01 2.058220655140000019e+02
6.500000000000000222e-01 6.413932806900000287e+03 2.729433366239999941e+03 1.740895055470000079e+04 2.060517281939999918e+02 -6.032942363819999798e+01 2.057852480260000050e+02
6.500000000000000222e-01 6.341226890109999658e+03 2.789724403050000092e+03 1.738661313850000079e+04 2.061439300129999879e+02 -6.055635774449999786e+01 2.059340247419999912e+02
6.500000000000000222e-01 6.102198125650000293e+03 2.481843069349999951e+03 1.748226002320000043e+04 2.066091605400000049e+02 -5.994252094029999967e+01 2.074568902759999958e+02
6.500000000000000222e-01 6.106339720969999689e+03 2.753210679119999895e+03 1.746369550309999977e+04 2.062138278019999973e+02 -6.018328235330000098e+01 2.056817481999999870e+02
6.500000000000000222e-01 6.368159286170000087e+03 2.459290791110000100e+03 1.748909196819999852e+04 2.062205604559999870e+02 -6.008707759440000018e+01 2.071787220559999980e+02
6.500000000000000222e-01 6.422010628510000060e+03 2.695019190330000129e+03 1.748642975469999874e+04 2.058227823850000107e+02 -6.036037573259999789e+01 2.077137880209999992e+02
6.500000000000000222e-01 6.158143643909999810e+03 2.559740370949999942e+03 1.759730978859999959e+04 2.056317018590000032e+02 -6.040705466859999717e+01 2.062762489890000097e+02
1.390000000000000000e+04 -9.330539532290000352e+03 1.890372375220000094e+03 1.312043520360000002e+04 -2.423343664600000125e+02 2.032636654229999920e+02 -3.257977030900000273e+02
6.500000000000000222e-01 -9.436300479650000852e+03 1.979714590699999917e+03 1.315702460160000010e+04 -2.424698255879999920e+02 2.033155749860000014e+02 -3.262676688290000016e+02
6.500000000000000222e-01 -9.398158712200000082e+03 1.870135997600000110e+03 1.324534299160000046e+04 -2.427659975029999941e+02 2.031344418319999932e+02 -3.259024687429999858e+02
6.500000000000000222e-01 -9.250758302300000651e+03 1.870054791300000034e+03 1.323738631340000029e+04 -2.425967031060000068e+02 2.032686007910000114e+02 -3.256852156410000134e+02
6.500000000000000222e-01 -9.248406801999999516e+03 1.928132545129999926e+03 1.300887372820000019e+04 -2.418081947610000100e+02 2.034012815650000050e+02 -3.255418621379999990e+02
6.500000000000000222e-01 -9.222623764429999937e+03 1.963896254100000078e+03 1.317697801310000068e+04 -2.426971011400000009e+02 2.031085283969999864e+02 -3.253173629219999725e+02
6.500000000000000222e-01 -9.373099667869999394e+03 1.981025275559999955e+03 1.322327693919999911e+04 -2.422608686620000071e+02 2.028119798989999936e+02 -3.252307743150000192e+02
6.500000000000000222e-01 -9.280362736180000866e+03 1.772373851210000112e+03 1.306118273530000079e+04 -2.423817081699999960e+02 2.033623563250000075e+02 -3.254617178820000163e+02
6.500000000000000222e-01 -9.376442853219999961e+03 1.762296036239999921e+03 1.316118847930000084e+04 -2.423968588509999904e+02 2.036442355000000077e+02 -3.253009495530000095e+02
6.500000000000000222e-01 -9.339014784490000238e+03 1.774666443119999940e+03 1.320659543510000003e+04 -2.421029876339999873e+02 2.030274385829999915e+02 -3.258585431899999776e+02
6.500000000000000222e-01 -9.274977947350000250e+03 1.998212254699999903e+03 1.319372876370000085e+04 -2.422614414599999861e+02 2.028007339369999897e+02 -3.256007238049999728e+02
6.500000000000000222e-01 -9.190991839919999620e+03 1.882058939289999898e+03 1.309126942779999990e+04 -2.424909101339999893e+02 2.032703262279999876e+02 -3.263848025890000031e+02
6.500000000000000222e-01 -9.307118014960000437e+03 1.755127236249999896e+03 1.307921674680000069e+04 -2.421896330929999976e+02 2.031531879929999889e+02 -3.253014940169999818e+02
6.500000000000000222e-01 -9.240997214119999626e+03 1.780330179329999964e+03 1.309975310170000012e+04 -2.423002122139999983e+02 2.033163334230000032e+02 -3.259005962850000060e+02
6.500000000000000222e-01 -9.326083435680000548e+03 1.798915022189999945e+03 1.300924682030000076e+04 -2.420347296420000021e+02 2.027583641930000056e+02 -3.255496018840000261e+02
6.500000000000000222e-01 -9.440195136270000148e+03 1.886741177200000038e+03 1.321269839250000041e+04 -2.425143289380000056e+02 2.032706713940000043e+02 -3.258580123630000003e+02
6.500000000000000222e-01 -9.219405543529999704e+03 1.804977757209999936e+03 1.309339199200000076e+04 -2.422725505600000133e+02 2.032739439880000134e+02 -3.252971127359999741e+02
6.500000000000000222e-01 -9.264843031689999407e+03 1.846682027639999887e+03 1.300172050569999919e+04 -2.426078117819999989e+02 2.035786920029999862e+02 -3.260854291169999897e+02
6.500000000000000222e-01 -9.268445194800000536e+03 1.870337017730000071e+03 1.324734656440000072e+04 -2.420311003649999861e+02 2.031715475720000086e+02 -3.260384315069999843e+02
6.500000000000000222e-01 -9.426637150560000009e+03 1.786565821830000004e+03 1.310455378460000065e+04 -2.422816232780000121e+02 2.034529051369999877e+02 -3.259008157690000189e+02
6.500000000000000222e-01 -9.392704228189999412e+03 2.006474552529999983e+03 1.317023318570000083e+04 -2.421584290080000130e+02 2.029474757739999973e+02 -3.256903239289999874e+02
6.500000000000000222e-01 -9.300155831930000204e+03 1.779487131150000096e+03 1.320694278979999945e+04 -2.423477897209999981e+02 2.035483472779999943e+02 -3.253500617239999997e+02
6.500000000000000222e-01 -9.392038055869999880e+03 1.892530634030000101e+03 1.299148472790000051e+04 -2.416289607269999919e+02 2.032337285520000023e+02 -3.260919045129999745e+02
6.500000000000000222e-01 -9.417973661750000247e+03 1.924325818860000027e+03 1.322991511050000008e+04 -2.427472804530000019e+02 2.034416797769999903e+02 -3.258988308250000046e+02
6.500000000000000222e-01 -9.257738741200000732e+03 1.959127790909999931e+03 1.301811331919999975e+04 -2.424874710100000073e+02 2.034028131469999892e+02 -3.258798547239999834e+02
6.500000000000000222e-01 -9.396995426760000555e+03 1.830710771889999933e+03 1.300904999239999961e+04 -2.426142863100000113e+02 2.031304772210000067e+02 -3.254667089170000054e+02
6.500000000000000222e-01 -9.351136813389999588e+03 1.815995539170000029e+03 1.299920758700000079e+04 -2.420278588379999860e+02 2.028615454309999961e+02 -3.257037911699999881e+02
6.500000000000000222e-01 -9.353478644090000671e+03 1.812968778180000072e+03 1.300295545510000011e+04 -2.424744585800000038e+02 2.030398240609999903e+02 -3.255449220369999921e+02
6.500000000000000222e-01 -9.193884851650000201e+03 1.878938606989999926e+03 1.308037845279999965e+04 -2.425164316800000108e+02 2.032825976089999926e+02 -3.263768942020000168e+02
6.500000000000000222e-01 -9.308457532489999721e+03 1.836180161210000051e+03 1.325090523360000043e+04 -2.427081492760000003e+02 2.038971845309999935e+02 -3.254689991750000218e+02
6.500000000000000222e-01 -9.328073031629999605e+03 1.752000233620000017e+03 1.308934058879999975e+04 -2.423713480119999986e+02 2.033650401520000059e+02 -3.252911513220000188e+02
6.500000000000000222e-01 -9.306163390530000470e+03 1.750257339920000049e+03 1.313238039089999984e+04 -2.423103160500000115e+02 2.033310209660000112e+02 -3.263988295230000176e+02
6.500000000000000222e-01 -9.259036305490000814e+03 1.842995100569999977e+03 1.300536692020000010e+04 -2.427032236130000058e+02 2.035908985089999987e+02 -3.263386045500000137e+02
6.500000000000000222e-01 -9.188265641939999114e+03 1.900481501700000081e+03 1.311589913490000072e+04 -2.423908668139999918e+02 2.032427613499999950e+02 -3.253264812479999932e+02
6.500000000000000222e-01 -9.265927063529999941e+03 1.952373064359999944e+03 1.300855395150000004e+04 -2.426713328520000061e+02 2.031461720750000097e+02 -3.261571652160000099e+02
6.500000000000000222e-01 -9.334282850640000106e+03 1.751150442070000054e+03 1.314937040600000000e+04 -2.423699030539999910e+02 2.035640710970000100e+02 -3.251763612159999752e+02
6.500000000000000222e-01 -9.423509194899999784e+03 1.983518434620000107e+03 1.306260576860000037e+04 -2.424849781249999978e+02 2.034161405080000122e+02 -3.253358321050000086e+02
6.500000000000000222e-01 -9.323097955420000289e+03 1.938592665310000029e+03 1.325520509610000045e+04 -2.425816407549999951e+02 2.026471255490000090e+02 -3.254857359590000101e+02
6.500000000000000222e-01 -9.269253184440000041e+03 1.878497527020000007e+03 1.299091550889999962e+04 -2.417753461849999894e+02 2.031429885260000106e+02 -3.257206557970000063e+02
6.500000000000000222e-01 -9.349857733009999720e+03 1.887043398999999908e+03 1.326262400089999937e+04 -2.418790544560000058e+02 2.033766289929999971e+02 -3.256072306749999825e+02
6.500000000000000222e-01 -9.382114215999999942e+03 1.872582723409999971e+03 1.325333230779999940e+04 -2.429982548570000063e+02 2.031135093329999961e+02 -3.259050324440000281e+02
1.190000000000000000e+04 -5.011199525189999804e+03 6.181006194149999828e+03 -1.323539377509999940e+04 -2.688294197989999930e+02 -2.833269968500000147e+01 7.936051813059999915e+01
6.500000000000000222e-01 -5.095939018330000181e+03 6.090280987209999694e+03 -1.318729053070000009e+04 -2.687889890949999767e+02 -2.848023851479999990e+01 7.888217650570000217e+01
6.500000000000000222e-01 -5.102001480300000367e+03 6.087708518790000198e+03 -1.320859948690000056e+04 -2.686639450399999873e+02 -2.813325132710000176e+01 7.990672161720000588e+01
6.500000000000000222e-01 -4.894940873249999640e+03 6.215547553420000440e+03 -1.328961016930000005e+04 -2.687850101519999839e+02 -2.825003861580000120e+01 7.988273450590000380e+01
6.500000000000000222e-01 -4.909143485720000172e+03 6.096737039349999577e+03 -1.325042364799999996e+04 -2.689515336640000100e+02 -2.825707011700000137e+01 7.903332347030000449e+01
6.500000000000000222e-01 -5.028158376450000105e+03 6.280145746950000103e+03 -1.332317607230000067e+04 -2.687470528000000058e+02 -2.879154376119999981e+01 7.872988851309999347e+01
6.500000000000000222e-01 -5.090274673660000190e+03 6.285115543920000164e+03 -1.320913344239999969e+04 -2.687244512880000116e+02 -2.847346694550000024e+01 7.977853648250000163e+01
6.500000000000000222e-01 -4.978974949319999723e+03 6.175451357879999705e+03 -1.310547706099999959e+04 -2.686262111620000042e+02 -2.846156282990000008e+01 7.942974864730000206e+01
6.500000000000000222e-01 -5.131297632609999710e+03 6.153117045089999920e+03 -1.328472268090000034e+04 -2.687471257220000211e+02 -2.829747108049999937e+01 7.950605979770000431e+01
6.500000000000000222e-01 -5.050310037039999770e+03 6.087502749430000222e+03 -1.332232650439999998e+04 -2.687994092280000018e+02 -2.862717249150000143e+01 7.974396585830000106e+01
6.500000000000000222e-01 -4.986834285830000226e+03 6.129546358309999960e+03 -1.311502403769999910e+04 -2.689597989559999860e+02 -2.825410759480000067e+01 7.946637050850000605e+01
6.500000000000000222e-01 -5.110657700060000025e+03 6.094703049200000351e+03 -1.325262413299999935e+04 -2.687396918250000226e+02 -2.829131899340000089e+01 7.992429176139999925e+01
6.500000000000000222e-01 -4.971847724119999839e+03 6.137068257259999882e+03 -1.335487813800000004e+04 -2.685911227860000281e+02 -2.857759632100000147e+01 7.958713493259999439e+01
6.500000000000000222e-01 -5.082994108040000356e+03 6.251431374130000222e+03 -1.314869397589999971e+04 -2.684179589380000266e+02 -2.874898785930000145e+01 7.979853107569999793e+01
6.500000000000000222e-01 -4.934961011610000241e+03 6.287772278450000158e+03 -1.321406996360000085e+04 -2.689502591570000050e+02 -2.834619390159999952e+01 7.887748261570000352e+01
6.500000000000000222e-01 -4.918062489210000422e+03 6.163107783280000149e+03 -1.314156311839999944e+04 -2.691605778859999987e+02 -2.832876314729999834e+01 7.973339012700000694e+01
6.500000000000000222e-01 -5.139331975639999655e+03 6.206621335609999733e+03 -1.325929781000000003e+04 -2.686549305529999856e+02 -2.833016392860000110e+01 7.916012017879999974e+01
6.500000000000000222e-01 -4.926345545410000341e+03 6.210812832509999680e+03 -1.313632571190000090e+04 -2.689530550059999996e+02 -2.863185502509999836e+01 7.961322502909999344e+01
6.500000000000000222e-01 -4.990830994109999665e+03 6.180463220980000187e+03 -1.310290622299999995e+04 -2.681994013409999980e+02 -2.845732071140000130e+01 7.939838884569999777e+01
6.500000000000000222e-01 -5.005642420199999833e+03 6.124517274370000450e+03 -1.311469211849999920e+04 -2.689972064120000255e+02 -2.785926767799999837e+01 7.966840941530000464e+01
6.500000000000000222e-01 -5.008773643069999707e+03 6.313319983890000003e+03 -1.324565281449999929e+04 -2.688254990259999886e+02 -2.845742103699999959e+01 7.965917147499999373e+01
6.500000000000000222e-01 -4.886544575980000445e+03 6.143547527339999760e+03 -1.320590488410000034e+04 -2.689412480080000023e+02 -2.838136194690000025e+01 7.956423691320000557e+01
6.500000000000000222e-01 -5.071552055940000173e+03 6.065627703000000110e+03 -1.320655767879999985e+04 -2.686556637190000174e+02 -2.840661644080000059e+01 7.907204385590000584e+01
6.500000000000000222e-01 -4.915431180120000136e+03 6.263482628480000130e+03 -1.319427696119999928e+04 -2.687679300099999864e+02 -2.835582584830000030e+01 7.879270273299999872e+01
6.500000000000000222e-01 -4.992701487199999974e+03 6.049713295059999837e+03 -1.322644103200000063e+04 -2.688392960659999744e+02 -2.817450041909999925e+01 7.986359669140000506e+01
6.500000000000000222e-01 -5.135718877219999740e+03 6.139053410890000123e+03 -1.321559011140000075e+04 -2.686202470360000234e+02 -2.824189399180000137e+01 7.977960462250000262e+01
6.500000000000000222e-01 -5.088530708270000105e+03 6.234870730630000253e+03 -1.333035359729999982e+04 -2.691363618060000249e+02 -2.805990402759999824e+01 7.961910194710000610e+01
6.500000000000000222e-01 -5.007979517890000352e+03 6.052698080950000076e+03 -1.320409018760000072e+04 -2.689230373039999904e+02 -2.813383721359999967e+01 7.932910937830000364e+01
6.500000000000000222e-01 -4.989382758130000184e+03 6.273473976090000178e+03 -1.332959606159999930e+04 -2.687985265450000156e+02 -2.793463904269999887e+01 7.964751376370000457e+01
6.500000000000000222e-01 -5.089308968160000404e+03 6.287535464180000417e+03 -1.321574957790000008e+04 -2.688549311269999862e+02 -2.831568223489999880e+01 7.876334387119999292e+01
6.500000000000000222e-01 -5.086172021020000102e+03 6.212297065910000128e+03 -1.312915327939999952e+04 -2.690449933500000270e+02 -2.823905012610000043e+01 7.915636852100000453e+01
6.500000000000000222e-01 -5.122130178739999792e+03 6.170892995680000240e+03 -1.316294687970000086e+04 -2.689120562279999831e+02 -2.840221625419999896e+01 7.895379918170000622e+01
6.500000000000000222e-01 -5.074860850830000345e+03 6.120085252799999580e+03 -1.313493918920000033e+04 -2.684380163839999796e+02 -2.797910142750000162e+01 7.985577647610000440e+01
6.500000000000000222e-01 -4.966770077860000129e+03 6.239420821919999980e+03 -1.312391383929999938e+04 -2.685274229199999922e+02 -2.807029028819999894e+01 7.909072186650000447e+01
6.500000000000000222e-01 -5.018261016550000022e+03 6.313843236890000298e+03 -1.324183351650000077e+04 -2.688657716299999834e+02 -2.839962388549999872e+01 7.984390931059999730e+01
6.500000000000000222e-01 -5.134850511280000319e+03 6.187081799919999867e+03 -1.328471627710000030e+04 -2.685693916660000014e+02 -2.826662238049999942e+01 7.886333345859999611e+01
6.500000000000000222e-01 -5.005314800850000211e+03 6.252997108319999825e+03 -1.334737372110000069e+04 -2.686905041669999719e+02 -2.814495608140000016e+01 7.944722543679999660e+01
6.500000000000000222e-01 -4.942370919480000339e+03 6.250290220419999969e+03 -1.332639197269999931e+04 -2.686162041140000269e+02 -2.830703810259999997e+01 7.955672116949999406e+01
6.500000000000000222e-01 -5.076618027620000248e+03 6.104975007109999751e+03 -1.332264567270000043e+04 -2.688312710669999888e+02 -2.779602102599999824e+01 7.906159835360000443e+01
6.500000000000000222e-01 -4.905409998920000362e+03 6.100691337969999950e+03 -1.324436046499999975e+04 -2.689432568070000116e+02 -2.827614407040000089e+01 7.917829978320000350e+01
6.500000000000000222e-01 -4.960395691460000307e+03 6.275926774200000182e+03 -1.331417817939999986e+04 -2.687168983459999936e+02 -2.810864392410000079e+01 7.971956296880000536e+01
