3.450000000000000000e+05 1.916841098939999938e+03 -4.391452475090000007e+03 -7.266784790699999576e+03 -1.346132126669999991e+02 5.650029610770000232e+01 6.072234722110000149e+00
6.500000000000000222e-01 1.824166457249999894e+03 -4.290022627860000284e+03 -6.986642379570000230e+03 -1.352895782619999920e+02 5.812499519669999870e+01 8.348684915430000686e+00
6.500000000000000222e-01 1.755998501510000096e+03 -4.512378944359999878e+03 -7.445464911240000220e+03 -1.327692008420000036e+02 5.634215178569999694e+01 6.300934612089999831e+00
6.500000000000000222e-01 2.095346327830000064e+03 -4.311244419550000202e+03 -7.090811960320000253e+03 -1.363614643930000057e+02 5.720022861409999848e+01 4.934961788249999870e+00
6.500000000000000222e-01 1.912484695520000059e+03 -4.542108259120000184e+03 -7.542192162409999582e+03 -1.329726707499999918e+02 5.281812105670000079e+01 4.870255741010000250e+00
6.500000000000000222e-01 2.029189520290000019e+03 -4.591203088729999763e+03 -7.445964584710000054e+03 -1.345418846910000070e+02 5.640130748349999834e+01 3.920741035159999832e+00
6.500000000000000222e-01 2.000473317369999904e+03 -4.205778743500000019e+03 -7.419104261389999920e+03 -1.359645131149999884e+02 5.273657591749999796e+01 4.767808867980000365e+00
6.500000000000000222e-01 1.720915779610000072e+03 -4.296691455070000302e+03 -7.400172777449999558e+03 -1.316642306770000062e+02 5.533303938769999775e+01 6.227801293689999795e+00
6.500000000000000222e-01 2.069472605450000174e+03 -4.252980687889999899e+03 -7.418610667900000408e+03 -1.358447819859999868e+02 5.253819001539999789e+01 4.685448199419999682e+00
6.500000000000000222e-01 1.700506216470000027e+03 -4.299157694540000193e+03 -7.057435625000000073e+03 -1.337442189710000093e+02 5.860295979229999830e+01 9.430061216820000425e+00
6.500000000000000222e-01 1.672361776940000027e+03 -4.392638692350000383e+03 -7.138716196510000373e+03 -1.320722314390000065e+02 5.838153094060000114e+01 1.002314305960000063e+01
6.500000000000000222e-01 1.754565844340000012e+03 -4.538812598329999673e+03 -7.422583803980000084e+03 -1.328806924440000046e+02 5.599755277679999921e+01 6.834805078339999618e+00
6.500000000000000222e-01 1.962329487470000004e+03 -4.386934842110000318e+03 -6.995392827679999755e+03 -1.378597337410000137e+02 5.918712995829999812e+01 6.638268913590000153e+00
6.500000000000000222e-01 1.860100595540000086e+03 -4.259516271600000437e+03 -7.497273502750000262e+03 -1.338923774149999986e+02 5.391307526880000012e+01 6.306077609439999954e+00
6.500000000000000222e-01 1.814008775860000014e+03 -4.359360378989999845e+03 -7.508420075779999934e+03 -1.305181649890000131e+02 5.400969145669999705e+01 5.066103314680000302e+00
6.500000000000000222e-01 2.036400551940000014e+03 -4.336975203680000050e+03 -7.036669393979999768e+03 -1.377135821390000103e+02 5.794009703180000059e+01 6.231693301840000032e+00
6.500000000000000222e-01 1.825521220860000085e+03 -4.590874912090000180e+03 -7.442597809490000145e+03 -1.314487496959999930e+02 5.778428861599999777e+01 2.329359752529999827e+00
6.500000000000000222e-01 1.712392892849999953e+03 -4.468226663989999906e+03 -7.399233305830000063e+03 -1.326836104079999927e+02 5.590624507249999908e+01 7.922787831229999966e+00
6.500000000000000222e-01 1.901566993160000038e+03 -4.437518371420000221e+03 -6.999886946130000069e+03 -1.366883969190000130e+02 6.158760647409999933e+01 6.914806388349999722e+00
6.500000000000000222e-01 1.827828083310000011e+03 -4.425409977250000338e+03 -6.991117077480000262e+03 -1.332632275509999999e+02 6.030444261889999780e+01 8.113910847979999730e+00
6.500000000000000222e-01 1.978084137479999981e+03 -4.355637568610000017e+03 -7.540009850909999841e+03 -1.333783696239999870e+02 5.193426207139999917e+01 5.063172298799999638e+00
6.500000000000000222e-01 1.723024643499999911e+03 -4.223892850270000054e+03 -7.344244456540000101e+03 -1.335440337750000026e+02 5.589317138410000041e+01 9.295680682169999542e+00
6.500000000000000222e-01 1.785458331150000049e+03 -4.227422677710000244e+03 -7.413039312730000347e+03 -1.326087593169999934e+02 5.390046624669999886e+01 6.079523304460000332e+00
6.500000000000000222e-01 1.994435214110000061e+03 -4.230696194340000147e+03 -7.041063262360000408e+03 -1.386952953999999920e+02 5.603644893829999774e+01 9.165657212330000192e+00
6.500000000000000222e-01 2.111957066240000131e+03 -4.406383643410000332e+03 -7.113135260539999763e+03 -1.379093024930000126e+02 5.711099453260000303e+01 5.613524503189999848e+00
6.500000000000000222e-01 2.110917564949999814e+03 -4.378340534500000103e+03 -7.110814379000000372e+03 -1.372976096280000036e+02 5.708502046809999797e+01 4.868505060859999567e+00
6.500000000000000222e-01 1.901336436970000022e+03 -4.576673440149999806e+03 -7.086612149089999548e+03 -1.339945135650000054e+02 6.020807797989999699e+01 6.564264750229999557e+00
6.500000000000000222e-01 1.790352429710000024e+03 -4.239439116159999685e+03 -7.444598169589999998e+03 -1.341218117790000122e+02 5.567250628789999922e+01 8.330471637669999652e+00
6.500000000000000222e-01 1.743584893590000092e+03 -4.570802960279999752e+03 -7.321615563770000335e+03 -1.324274441409999952e+02 5.749151462830000270e+01 7.284675492569999911e+00
6.500000000000000222e-01 1.807804735460000074e+03 -4.154734920410000086e+03 -7.342500046500000281e+03 -1.345496401309999897e+02 5.489854485989999944e+01 8.231279986460000586e+00
6.500000000000000222e-01 1.779183287979999932e+03 -4.524851650329999757e+03 -7.079638690730000235e+03 -1.350694786280000130e+02 5.829049107529999674e+01 4.827926698329999766e+00
6.500000000000000222e-01 2.080570734880000145e+03 -4.242118166680000286e+03 -7.135988511380000091e+03 -1.371706836749999923e+02 5.508388445770000175e+01 6.916910684270000331e+00
6.500000000000000222e-01 1.684590438550000044e+03 -4.459661571870000444e+03 -7.145880378230000133e+03 -1.340213290009999980e+02 5.863731080929999706e+01 5.245664381040000102e+00
6.500000000000000222e-01 1.662840846439999950e+03 -4.417994303010000294e+03 -7.235723726940000233e+03 -1.321091309790000139e+02 5.760837040290000033e+01 9.599433002919999680e+00
6.500000000000000222e-01 1.971040479539999978e+03 -4.376889526320000186e+03 -7.556393340290000197e+03 -1.351600271730000031e+02 5.312040785699999645e+01 4.516919464589999933e+00
6.500000000000000222e-01 1.802482004230000030e+03 -4.143859775029999582e+03 -7.177106102679999822e+03 -1.346501758050000035e+02 5.538797271260000343e+01 1.114177450240000056e+01
6.500000000000000222e-01 1.898718097940000007e+03 -4.128821083320000071e+03 -7.288403788159999749e+03 -1.356604230469999948e+02 5.458258101669999718e+01 8.440656329999999485e+00
6.500000000000000222e-01 1.969598585619999994e+03 -4.313651751280000099e+03 -7.512519680870000229e+03 -1.330083776810000131e+02 5.201306573770000341e+01 5.728883559889999866e+00
6.500000000000000222e-01 1.969683084869999902e+03 -4.288626235210000232e+03 -6.997259368809999614e+03 -1.368612510730000054e+02 5.634539231749999999e+01 7.968277050000000195e+00
6.500000000000000222e-01 1.781792125420000048e+03 -4.463702023240000017e+03 -7.038280645099999674e+03 -1.346504763899999944e+02 6.093944600329999872e+01 7.133813815999999974e+00
6.500000000000000222e-01 1.973655949409999948e+03 -4.190814674449999984e+03 -7.056745006359999934e+03 -1.363389451140000119e+02 5.820423499139999990e+01 6.675957686760000342e+00
4.560000000000000000e+04 9.521410879049999494e+03 1.606037471760000017e+03 2.056625580139999875e+04 1.958398867829999972e+02 -6.303194929400000035e+01 1.804000752190000014e+02
6.500000000000000222e-01 9.579494762660000561e+03 1.477429090990000077e+03 2.072602104500000132e+04 1.964615945589999910e+02 -6.330882884719999737e+01 1.803985229070000003e+02
6.500000000000000222e-01 9.642179093299999295e+03 1.700872015389999888e+03 2.043763264640000125e+04 1.951459864459999949e+02 -6.378754539730000062e+01 1.797484018730000059e+02
6.500000000000000222e-01 9.574454930109999623e+03 1.497724490009999954e+03 2.073402365999999893e+04 1.956527860010000097e+02 -6.199103979070000037e+01 1.813185244850000117e+02
6.500000000000000222e-01 9.324146502620000319e+03 1.592258918300000005e+03 2.053189180019999912e+04 1.962092236599999922e+02 -6.304210918300000088e+01 1.802132852979999882e+02
6.500000000000000222e-01 9.661434266520000165e+03 1.740584453189999977e+03 2.052342267569999967e+04 1.956063074010000093e+02 -6.312929210890000320e+01 1.814751672810000116e+02
6.500000000000000222e-01 9.434451353129999916e+03 1.782506122190000042e+03 2.056704011779999928e+04 1.961143953849999946e+02 -6.356643906259999710e+01 1.800939744780000069e+02
6.500000000000000222e-01 9.497564113020000150e+03 1.639421306330000107e+03 2.077126807890000055e+04 1.968635191879999979e+02 -6.377787951279999845e+01 1.809732856919999904e+02
6.500000000000000222e-01 9.519819556599999487e+03 1.803731277489999911e+03 2.055929680260000168e+04 1.958836027030000082e+02 -6.359637957769999872e+01 1.802015142179999998e+02
6.500000000000000222e-01 9.500205399329999636e+03 1.665756718399999954e+03 2.036549328700000115e+04 1.955396197510000036e+02 -6.380419042909999661e+01 1.798408842169999957e+02
6.500000000000000222e-01 9.433649771919999694e+03 1.602959277380000003e+03 2.037467308609999964e+04 1.959094857169999955e+02 -6.313933148880000346e+01 1.799101086290000069e+02
6.500000000000000222e-01 9.663344126239999241e+03 1.513955026650000036e+03 2.047181054740000036e+04 1.954093548810000129e+02 -6.278142707159999958e+01 1.809388209159999974e+02
6.500000000000000222e-01 9.478682280810000520e+03 1.610970305659999894e+03 2.076909037479999824e+04 1.962741321809999988e+02 -6.292960583379999662e+01 1.806340814760000058e+02
6.500000000000000222e-01 9.453096138139999312e+03 1.449407728820000102e+03 2.067469623090000096e+04 1.965477918089999889e+02 -6.291059814409999973e+01 1.804244817750000038e+02
6.500000000000000222e-01 9.498587992950000626e+03 1.416213963109999895e+03 2.049313607209999827e+04 1.959721517330000040e+02 -6.254767442250000187e+01 1.795325175860000115e+02
6.500000000000000222e-01 9.390487473959999988e+03 1.459409373290000076e+03 2.059766890699999931e+04 1.962230432249999978e+02 -6.261516298259999758e+01 1.809724077809999869e+02
6.500000000000000222e-01 9.609831953279999652e+03 1.450392986199999996e+03 2.050041294489999927e+04 1.952965253479999888e+02 -6.245991929790000086e+01 1.807117070710000064e+02
6.500000000000000222e-01 9.714278605850000531e+03 1.655705936209999891e+03 2.059807200190000003e+04 1.955782578140000112e+02 -6.313294096500000308e+01 1.803475285620000079e+02
6.500000000000000222e-01 9.719278623320000406e+03 1.627282018670000070e+03 2.057891481280000153e+04 1.953942344650000109e+02 -6.304518451740000273e+01 1.808711864939999998e+02
6.500000000000000222e-01 9.438169261900000492e+03 1.481730519250000043e+03 2.042039646949999951e+04 1.963083643939999945e+02 -6.295789095250000145e+01 1.797235460619999969e+02
6.500000000000000222e-01 9.456758664810000482e+03 1.666556036200000108e+03 2.075597943099999975e+04 1.964970089130000019e+02 -6.326980801669999721e+01 1.809059706829999925e+02
6.500000000000000222e-01 9.437203060219999315e+03 1.728140613029999940e+03 2.041744134480000139e+04 1.952560887539999896e+02 -6.270203723840000265e+01 1.806741828309999960e+02
6.500000000000000222e-01 9.645497507770000084e+03 1.483292367409999997e+03 2.045499728590000086e+04 1.954324428760000103e+02 -6.279183643609999876e+01 1.799153887260000033e+02
6.500000000000000222e-01 9.602865738750000673e+03 1.425116825370000015e+03 2.056596048109999901e+04 1.956598071640000001e+02 -6.258016374830000217e+01 1.794901701420000109e+02
6.500000000000000222e-01 9.518619816149999679e+03 1.741548548170000004e+03 2.040809978269999920e+04 1.953678833460000135e+02 -6.255988475529999704e+01 1.806906504529999893e+02
6.500000000000000222e-01 9.683263335330000700e+03 1.490182487589999937e+03 2.061181878199999846e+04 1.957674334470000019e+02 -6.286354086440000088e+01 1.801531089009999960e+02
6.500000000000000222e-01 9.429732611539999198e+03 1.738331328700000086e+03 2.067732882969999991e+04 1.966480836650000015e+02 -6.386356222770000102e+01 1.811698119129999895e+02
6.500000000000000222e-01 9.649023264069999641e+03 1.500623700220000046e+03 2.067246592239999882e+04 1.957223675140000125e+02 -6.264278497699999804e+01 1.801800927310000020e+02
6.500000000000000222e-01 9.653102286319999621e+03 1.688747151069999973e+03 2.044198625990000073e+04 1.956681463740000027e+02 -6.288613247640000026e+01 1.810349820099999931e+02
6.500000000000000222e-01 9.471411791520000406e+03 1.570886846330000026e+03 2.036334457420000035e+04 1.949437058880000109e+02 -6.348262741960000000e+01 1.801751553299999955e+02
6.500000000000000222e-01 9.493997008640000786e+03 1.571989878430000090e+03 2.036008951259999958e+04 1.952039093369999989e+02 -6.341088358550000237e+01 1.801254093640000065e+02
6.500000000000000222e-01 9.340463189129999591e+03 1.551582298040000069e+03 2.062994459160000042e+04 1.960599190609999880e+02 -6.285136422850000315e+01 1.796836192760000017e+02
6.500000000000000222e-01 9.543491500699999960e+03 1.791959615149999991e+03 2.065898164470000120e+04 1.955755752000000030e+02 -6.313782503329999685e+01 1.807437247160000027e+02
6.500000000000000222e-01 9.448882331189999604e+03 1.758681553829999984e+03 2.065700811120000071e+04 1.963646012959999894e+02 -6.347352694709999810e+01 1.800068707860000075e+02
6.500000000000000222e-01 9.633880170989999897e+03 1.451251985899999909e+03 2.061237516189999951e+04 1.957005683810000107e+02 -6.267589171070000020e+01 1.797226718029999972e+02
6.500000000000000222e-01 9.683091554590000669e+03 1.708321916289999990e+03 2.051273346319999837e+04 1.955245353109999940e+02 -6.347457217769999716e+01 1.805421252929999980e+02
6.500000000000000222e-01 9.523761570029999348e+03 1.693794276670000045e+03 2.075891079929999978e+04 1.959759184460000085e+02 -6.221985560299999918e+01 1.804757831519999911e+02
6.500000000000000222e-01 9.666663249589999396e+03 1.491780071350000071e+03 2.062949193720000039e+04 1.953566729430000066e+02 -6.244776708140000210e+01 1.809031387109999969e+02
6.500000000000000222e-01 9.321737941859999410e+03 1.602404507010000088e+03 2.057091671610000049e+04 1.961816690310000126e+02 -6.305088417240000354e+01 1.791633637630000067e+02
6.500000000000000222e-01 9.575665514820000681e+03 1.784508934200000112e+03 2.065791520099999980e+04 1.955473142010000061e+02 -6.300501747130000041e+01 1.805491724759999954e+02
6.500000000000000222e-01 9.706938334329999634e+03 1.636343179870000085e+03 2.064123948160000145e+04 1.953552137899999934e+02 -6.302346374959999764e+01 1.812087810689999969e+02
1.390000000000000000e+04 -1.308255588069999976e+04 5.148969385329999568e+03 7.574751969670000108e+03 -2.155482821759999865e+02 1.947867841999999996e+02 -3.527407231000000252e+02
6.500000000000000222e-01 -1.304524895579999975e+04 5.134304181649999919e+03 7.709900091999999859e+03 -2.165434696480000127e+02 1.951631956729999899e+02 -3.526275436230000082e+02
6.500000000000000222e-01 -1.311184401760000037e+04 5.183725172710000152e+03 7.439255695079999896e+03 -2.155277497550000021e+02 1.950398014810000120e+02 -3.525273508390000075e+02
6.500000000000000222e-01 -1.311970337319999999e+04 5.164981577999999899e+03 7.717153028349999659e+03 -2.154236595250000050e+02 1.945920643819999896e+02 -3.523135946869999771e+02
6.500000000000000222e-01 -1.300848764750000009e+04 5.055559844569999768e+03 7.500705099179999706e+03 -2.155727546960000041e+02 1.953188009049999891e+02 -3.535396010559999809e+02
6.500000000000000222e-01 -1.300466367039999932e+04 5.047306398489999992e+03 7.525104080750000321e+03 -2.154625482609999949e+02 1.951305449269999883e+02 -3.528188887000000022e+02
6.500000000000000222e-01 -1.315788019270000041e+04 5.127578086079999593e+03 7.700860979140000381e+03 -2.161419279179999933e+02 1.950618789549999974e+02 -3.525854449309999836e+02
6.500000000000000222e-01 -1.314230319070000041e+04 5.115904238840000289e+03 7.453555859039999632e+03 -2.146090043339999909e+02 1.949467694999999878e+02 -3.528672028959999807e+02
6.500000000000000222e-01 -1.299240538940000079e+04 5.142248784020000130e+03 7.455873914490000061e+03 -2.157269522420000101e+02 1.946590892909999866e+02 -3.535458264380000060e+02
6.500000000000000222e-01 -1.299899788149999949e+04 5.068151763099999698e+03 7.635931868599999689e+03 -2.158992712650000101e+02 1.951933656559999974e+02 -3.532618893860000071e+02
6.500000000000000222e-01 -1.312336369550000018e+04 5.028554802300000119e+03 7.530576675469999827e+03 -2.154079162140000108e+02 1.954602805259999911e+02 -3.528898533899999848e+02
6.500000000000000222e-01 -1.305304222060000029e+04 5.060894755809999879e+03 7.670738796810000167e+03 -2.161355602920000081e+02 1.956646616859999881e+02 -3.525679232940000247e+02
6.500000000000000222e-01 -1.296178958629999943e+04 5.077155833879999591e+03 7.556978247979999651e+03 -2.155770891070000062e+02 1.949391259100000013e+02 -3.538518280549999986e+02
6.500000000000000222e-01 -1.304706653910000023e+04 5.027379459320000024e+03 7.611235382959999697e+03 -2.157713998540000091e+02 1.953732296649999967e+02 -3.531415825579999819e+02
6.500000000000000222e-01 -1.305312015930000052e+04 5.055227060270000038e+03 7.680772354990000167e+03 -2.155271190969999964e+02 1.946719798780000019e+02 -3.530783316650000074e+02
6.500000000000000222e-01 -1.313095670319999954e+04 5.199173605459999635e+03 7.451621394009999676e+03 -2.149093554199999971e+02 1.943010503179999944e+02 -3.528858915459999821e+02
6.500000000000000222e-01 -1.294686174700000083e+04 5.178335232489999726e+03 7.544524078899999949e+03 -2.156956956779999928e+02 1.945301243829999862e+02 -3.537951964050000129e+02
6.500000000000000222e-01 -1.311588792850000027e+04 5.278178964419999829e+03 7.618644434069999988e+03 -2.157395791529999940e+02 1.942696290540000064e+02 -3.518860508330000130e+02
6.500000000000000222e-01 -1.297696007289999943e+04 5.176148817999999665e+03 7.656603125929999806e+03 -2.157714221989999999e+02 1.947940761039999984e+02 -3.533504514250000170e+02
6.500000000000000222e-01 -1.298523189920000004e+04 5.245645081040000150e+03 7.580218999050000093e+03 -2.157405825189999860e+02 1.943172625370000048e+02 -3.528974702479999905e+02
6.500000000000000222e-01 -1.305851909060000071e+04 5.277250359339999704e+03 7.623556355460000304e+03 -2.159361609299999998e+02 1.942632058160000099e+02 -3.521642021679999743e+02
6.500000000000000222e-01 -1.294930476310000086e+04 5.191881433319999815e+03 7.563743774620000295e+03 -2.156831447460000106e+02 1.945152507660000083e+02 -3.537680463589999817e+02
6.500000000000000222e-01 -1.316213016210000023e+04 5.063312860269999874e+03 7.656579970540000431e+03 -2.154776744240000141e+02 1.955011870339999973e+02 -3.519575156110000194e+02
6.500000000000000222e-01 -1.321220924469999954e+04 5.135680500620000203e+03 7.532591554749999887e+03 -2.152906599030000052e+02 1.948799870359999886e+02 -3.521636071830000105e+02
6.500000000000000222e-01 -1.310047630419999950e+04 5.284297299840000051e+03 7.572758633129999907e+03 -2.155881309400000134e+02 1.943190194279999901e+02 -3.520017271009999718e+02
6.500000000000000222e-01 -1.304176042000000052e+04 5.156008565019999878e+03 7.710007789340000272e+03 -2.163235074559999873e+02 1.947569818819999909e+02 -3.527142394460000219e+02
6.500000000000000222e-01 -1.312961839390000023e+04 5.023462309329999698e+03 7.556450198829999863e+03 -2.154353382989999943e+02 1.953327725810000004e+02 -3.524072064900000214e+02
6.500000000000000222e-01 -1.301875894940000035e+04 5.242001014759999634e+03 7.487593310090000159e+03 -2.156763408150000032e+02 1.941121299509999858e+02 -3.534321869569999990e+02
6.500000000000000222e-01 -1.310840802190000068e+04 5.017701492299999700e+03 7.618412256839999827e+03 -2.153792337239999881e+02 1.951053226409999866e+02 -3.528572563390000028e+02
6.500000000000000222e-01 -1.296013347310000063e+04 5.113708794359999956e+03 7.625604412489999959e+03 -2.155925019359999908e+02 1.948088133749999997e+02 -3.536853915859999802e+02
6.500000000000000222e-01 -1.318855219530000068e+04 5.063907732110000325e+03 7.555120747449999726e+03 -2.153626052209999955e+02 1.952483846179999887e+02 -3.524579327380000109e+02
6.500000000000000222e-01 -1.315587371300000086e+04 5.236398609019999640e+03 7.666463008050000099e+03 -2.156378484909999997e+02 1.943484083740000017e+02 -3.518408806749999940e+02
6.500000000000000222e-01 -1.302276959220000026e+04 5.193926713009999730e+03 7.448149152470000445e+03 -2.147401890970000125e+02 1.948077867359999971e+02 -3.526652213969999821e+02
6.500000000000000222e-01 -1.300044407689999935e+04 5.044753933609999876e+03 7.615554163380000318e+03 -2.155174014760000034e+02 1.949064514549999956e+02 -3.536589758260000167e+02
6.500000000000000222e-01 -1.296836996469999940e+04 5.226803856100000303e+03 7.552918608750000203e+03 -2.157049666160000072e+02 1.943721600579999915e+02 -3.536905379209999865e+02
6.500000000000000222e-01 -1.301760622839999996e+04 5.265825422900000376e+03 7.541458738229999653e+03 -2.156195258420000016e+02 1.941527132580000057e+02 -3.533706896209999968e+02
6.500000000000000222e-01 -1.318074719929999992e+04 5.064270014849999825e+03 7.631675831550000112e+03 -2.153765331380000134e+02 1.953150742850000086e+02 -3.518736525329999836e+02
6.500000000000000222e-01 -1.318287460119999923e+04 5.246356869150000421e+03 7.600326677840000229e+03 -2.157435443059999898e+02 1.946528020369999865e+02 -3.529406298440000000e+02
6.500000000000000222e-01 -1.299969055710000066e+04 5.046031606730000021e+03 7.624562080239999887e+03 -2.156473570310000127e+02 1.950989499659999922e+02 -3.527726144040000236e+02
6.500000000000000222e-01 -1.296752810080000017e+04 5.203229261370000131e+03 7.626853845259999616e+03 -2.160590648870000052e+02 1.944547072949999915e+02 -3.524634898560000238e+02
6.500000000000000222e-01 -1.315624082559999988e+04 5.112279804570000124e+03 7.697637774239999999e+03 -2.163643246739999881e+02 1.948828917609999962e+02 -3.527776402370000142e+02
3.690000000000000000e+05 -1.173918197909999890e+03 -2.554735835820000034e+02 7.162510362230000283e+02 -1.793163600020000104e+02 -1.400092170450000140e+02 7.003971137969999461e+01
6.500000000000000222e-01 -1.193023992599999929e+03 -3.382957530520000091e+02 7.243579552060000424e+02 -1.635187154639999960e+02 -1.453426022289999935e+02 6.308052333620000240e+01
6.500000000000000222e-01 -1.326076724320000039e+03 -3.858229059490000168e+02 6.886604777359999616e+02 -1.683005182089999892e+02 -1.351920363469999984e+02 3.971675173669999737e+01
6.500000000000000222e-01 -1.235991321629999902e+03 -2.649674613779999959e+02 6.549805504060000203e+02 -1.832428106579999962e+02 -1.370547042940000040e+02 5.346900587729999899e+01
6.500000000000000222e-01 -9.964697205249999570e+02 -1.088503943479999947e+02 6.861752294630000506e+02 -1.920499839919999943e+02 -1.451483039309999867e+02 1.003195691949999997e+02
6.500000000000000222e-01 -1.176277266759999975e+03 -2.478349442049999993e+02 6.697602054330000101e+02 -1.914945389519999992e+02 -1.472117751709999993e+02 6.687855653200000461e+01
6.500000000000000222e-01 -1.252446084769999970e+03 -3.840874978150000061e+02 6.542637049200000092e+02 -1.744362969489999955e+02 -1.438752356429999963e+02 3.701828993910000065e+01
6.500000000000000222e-01 -1.181645958979999932e+03 -1.836861776540000051e+02 7.404511664909999809e+02 -1.899884398259999898e+02 -1.326363213180000002e+02 7.924301857049999853e+01
6.500000000000000222e-01 -1.298781074900000021e+03 -2.900532704650000255e+02 7.085755967029999738e+02 -1.761080461859999957e+02 -1.292314205620000109e+02 4.392090152720000162e+01
6.500000000000000222e-01 -1.281148742829999946e+03 -3.087202955299999871e+02 6.920565812830000141e+02 -1.795321017820000122e+02 -1.283751469869999937e+02 4.798394924669999995e+01
6.500000000000000222e-01 -1.188154711679999991e+03 -2.950612150219999990e+02 6.737260792260000244e+02 -1.889025971599999991e+02 -1.458236317760000134e+02 6.573452211250000232e+01
6.500000000000000222e-01 -1.056050680309999962e+03 -1.256236605900000001e+02 6.825362701210000296e+02 -1.918150267309999890e+02 -1.404021766930000013e+02 1.033059419599999984e+02
6.500000000000000222e-01 -1.194854463639999949e+03 -2.112120781209999905e+02 7.022623159109999733e+02 -1.821303662759999895e+02 -1.304646092730000078e+02 6.023558945719999969e+01
6.500000000000000222e-01 -1.152488514370000075e+03 -1.730542441629999928e+02 7.159650007489999552e+02 -1.911691473310000049e+02 -1.325299307170000134e+02 8.308272278280000478e+01
6.500000000000000222e-01 -1.129265088820000074e+03 -2.147331681670000023e+02 7.538571466329999566e+02 -1.853773219910000023e+02 -1.318271311279999907e+02 8.618564295960000265e+01
6.500000000000000222e-01 -1.302603423719999910e+03 -3.860778335940000261e+02 7.014889845190000415e+02 -1.651949866820000068e+02 -1.369738242370000023e+02 4.089861823159999688e+01
6.500000000000000222e-01 -1.147208215979999977e+03 -1.736619798970000090e+02 6.999339443280000523e+02 -1.952957208189999960e+02 -1.344817034369999931e+02 7.579569523019999622e+01
6.500000000000000222e-01 -1.058786327260000007e+03 -1.128968011179999991e+02 7.240642319830000133e+02 -1.845769199560000118e+02 -1.380459610359999942e+02 1.080437381609999932e+02
6.500000000000000222e-01 -1.207517138350000096e+03 -2.462803560849999940e+02 6.513013731730000018e+02 -1.815298338609999860e+02 -1.334281189349999863e+02 5.691138886830000132e+01
6.500000000000000222e-01 -1.239211959689999958e+03 -2.895979649220000169e+02 7.552636670130000311e+02 -1.691886060200000088e+02 -1.307042501660000084e+02 6.129486386760000016e+01
6.500000000000000222e-01 -1.177896882719999894e+03 -3.504390229470000122e+02 6.851625574329999608e+02 -1.707678631310000128e+02 -1.466778581799999870e+02 5.431115244069999903e+01
6.500000000000000222e-01 -1.282185436149999987e+03 -2.661108177390000264e+02 6.740517354920000344e+02 -1.836438098120000006e+02 -1.308515989329999911e+02 4.423465561860000150e+01
6.500000000000000222e-01 -1.055235965869999973e+03 -1.964406576080000093e+02 7.478712462529999812e+02 -1.763430116449999900e+02 -1.410544038680000085e+02 9.632253460969999992e+01
6.500000000000000222e-01 -1.294205904830000009e+03 -3.742873526870000092e+02 6.928485361809999858e+02 -1.658617401850000022e+02 -1.407743955809999932e+02 4.281101653239999649e+01
6.500000000000000222e-01 -1.023865633819999971e+03 -1.238569717820000022e+02 6.969442878869999731e+02 -1.857222628289999875e+02 -1.469105271020000032e+02 1.054782147640000005e+02
6.500000000000000222e-01 -1.152963839499999949e+03 -2.416184519029999933e+02 7.667758973820000392e+02 -1.698323608540000009e+02 -1.329024437360000093e+02 7.412749844120000375e+01
6.500000000000000222e-01 -1.118256521810000095e+03 -2.147923864299999934e+02 7.620337023450000515e+02 -1.817829477759999861e+02 -1.334503989600000011e+02 8.935688906709999912e+01
6.500000000000000222e-01 -1.171007808370000021e+03 -2.220595193350000045e+02 7.822900622500000054e+02 -1.848714397980000115e+02 -1.352853067979999935e+02 8.658715744939999581e+01
6.500000000000000222e-01 -1.051823607810000112e+03 -1.209685006210000040e+02 6.849974017939999840e+02 -1.913842511370000068e+02 -1.401352187059999892e+02 1.051078404590000019e+02
6.500000000000000222e-01 -1.301436831080000047e+03 -2.834241551370000138e+02 6.609914477040000520e+02 -1.796682114140000124e+02 -1.363377893729999926e+02 4.070088798039999745e+01
6.500000000000000222e-01 -1.218793551909999906e+03 -2.227417927209999959e+02 7.270655291340000304e+02 -1.802059886520000020e+02 -1.284931763840000087e+02 6.137311499789999658e+01
6.500000000000000222e-01 -1.161561049409999896e+03 -2.049974223559999871e+02 7.463191923860000543e+02 -1.726185796830000072e+02 -1.314991866279999897e+02 7.730620068630000219e+01
6.500000000000000222e-01 -1.054096619720000035e+03 -1.040839430240000070e+02 7.212400373049999871e+02 -1.837551830090000067e+02 -1.374723600709999971e+02 1.127521077210000016e+02
6.500000000000000222e-01 -1.106429804410000088e+03 -1.672393416660000014e+02 6.741524910870000440e+02 -1.964256899019999878e+02 -1.421568266419999986e+02 7.822207099710000477e+01
6.500000000000000222e-01 -1.026859723810000105e+03 -1.375671293059999982e+02 7.062811654910000243e+02 -1.825923148120000121e+02 -1.451675427600000035e+02 1.115821103239999985e+02
6.500000000000000222e-01 -1.276470300680000037e+03 -2.589699741329999938e+02 7.043439520189999712e+02 -1.811662440249999975e+02 -1.285470181409999952e+02 4.791655277640000321e+01
6.500000000000000222e-01 -1.139183447330000035e+03 -2.900342934160000254e+02 7.197068532429999550e+02 -1.673747295370000074e+02 -1.447811131279999870e+02 6.235402828569999656e+01
6.500000000000000222e-01 -1.278436643730000014e+03 -3.763397418569999786e+02 6.524510965760000545e+02 -1.776122825500000033e+02 -1.400418564740000136e+02 4.004253796550000288e+01
6.500000000000000222e-01 -1.011344474050000031e+03 -1.299773793340000054e+02 7.055404240169999639e+02 -1.896000066130000050e+02 -1.403056346179999991e+02 1.030092321009999949e+02
6.500000000000000222e-01 -1.268985776909999913e+03 -3.322375030300000276e+02 6.440696348389999457e+02 -1.781675553420000142e+02 -1.385127439670000058e+02 3.638756346710000145e+01
6.500000000000000222e-01 -1.334292527009999958e+03 -3.849793853979999767e+02 6.879464972230000512e+02 -1.688334534980000115e+02 -1.353004977530000019e+02 4.047663529900000157e+01
