3.450000000000000000e+05 2.318959727160000057e+03 -4.552466285319999770e+03 -7.266569574400000420e+03 -1.317593598169999893e+02 5.044702113569999824e+01 -5.534171495729999890e+00
6.500000000000000222e-01 2.470778218920000199e+03 -4.706230481239999790e+03 -7.160806281660000423e+03 -1.338960957559999940e+02 5.249769675820000003e+01 -7.266477786920000348e+00
6.500000000000000222e-01 2.190114475159999984e+03 -4.636450141530000110e+03 -7.035077680630000032e+03 -1.301335092639999971e+02 5.324720279209999774e+01 -4.048664419809999693e+00
6.500000000000000222e-01 2.148448323850000179e+03 -4.583695108169999912e+03 -7.031566471180000008e+03 -1.303159469489999935e+02 5.376176103840000309e+01 -2.979209850620000211e+00
6.500000000000000222e-01 2.258716003980000096e+03 -4.775229918089999956e+03 -7.153309109969999554e+03 -1.308635104450000028e+02 5.361089772889999949e+01 -4.660609729129999934e+00
6.500000000000000222e-01 2.394492696580000029e+03 -4.674789388320000398e+03 -7.033051244760000372e+03 -1.327762453580000113e+02 5.259824974859999713e+01 -5.872515182509999931e+00
6.500000000000000222e-01 2.359500819460000002e+03 -4.400378095170000051e+03 -7.010689451670000381e+03 -1.330687052979999976e+02 5.329586337949999830e+01 -4.952561720610000329e+00
6.500000000000000222e-01 2.175068355150000116e+03 -4.471466180290000011e+03 -7.004408066220000364e+03 -1.336051949829999899e+02 5.294418439209999860e+01 -4.289656392680000430e+00
6.500000000000000222e-01 2.376394668209999963e+03 -4.416549653269999908e+03 -7.011284524779999629e+03 -1.337665374700000029e+02 5.305636985379999970e+01 -4.966154337529999907e+00
6.500000000000000222e-01 2.468139648060000127e+03 -4.591528976329999750e+03 -7.050157388710000305e+03 -1.333012176150000130e+02 5.146645104889999800e+01 -6.584639916549999583e+00
6.500000000000000222e-01 2.393778803910000079e+03 -4.524020609250000234e+03 -6.992126208970000334e+03 -1.317961943980000115e+02 5.248262278180000351e+01 -5.440771999169999873e+00
6.500000000000000222e-01 2.205762709680000171e+03 -4.624275398689999747e+03 -7.017074075909999920e+03 -1.301316124729999899e+02 5.398988696419999656e+01 -3.542902499439999797e+00
6.500000000000000222e-01 2.076161907979999796e+03 -4.458494892319999963e+03 -7.153442806019999807e+03 -1.306310870130000126e+02 5.142559014860000133e+01 -3.919084224910000191e+00
6.500000000000000222e-01 2.244367439220000051e+03 -4.342620261600000049e+03 -7.086714706599999772e+03 -1.320851347280000141e+02 5.027409299029999801e+01 -3.688845544249999886e+00
6.500000000000000222e-01 2.090155340669999987e+03 -4.443459650490000058e+03 -7.091840753419999601e+03 -1.326966980130000024e+02 5.255970064150000098e+01 -4.794174909069999657e+00
6.500000000000000222e-01 2.106822542160000012e+03 -4.581529342429999815e+03 -7.086071286860000328e+03 -1.304275949299999979e+02 5.256379269039999969e+01 -4.050938755389999812e+00
6.500000000000000222e-01 2.230063866559999951e+03 -4.651014845329999844e+03 -7.018917639029999918e+03 -1.334358651139999949e+02 5.156521906719999748e+01 -6.076799761280000212e+00
6.500000000000000222e-01 2.181119551859999774e+03 -4.563845475019999867e+03 -7.002088434139999663e+03 -1.301165685500000109e+02 5.364751550780000144e+01 -2.807662147819999898e+00
6.500000000000000222e-01 2.273781026759999804e+03 -4.303171716650000235e+03 -7.138922160529999928e+03 -1.325515482769999949e+02 5.028137911710000196e+01 -4.591428928420000055e+00
6.500000000000000222e-01 2.496718583849999959e+03 -4.399798031119999905e+03 -7.147145458250000047e+03 -1.340268532380000011e+02 5.081705724790000289e+01 -6.804670069130000165e+00
6.500000000000000222e-01 2.369152731430000131e+03 -4.293484977299999628e+03 -7.150779515430000174e+03 -1.344008704789999911e+02 5.063971346729999823e+01 -4.624766367750000384e+00
6.500000000000000222e-01 2.233557983260000128e+03 -4.472917329560000326e+03 -6.983162607999999636e+03 -1.315389549500000044e+02 5.123187138720000178e+01 -3.093636846899999959e+00
6.500000000000000222e-01 2.204766772569999830e+03 -4.407771314610000445e+03 -7.009843348710000100e+03 -1.338693737069999941e+02 5.339451388389999664e+01 -4.252686901789999752e+00
6.500000000000000222e-01 2.196816277190000164e+03 -4.690407914970000093e+03 -7.065360479599999962e+03 -1.321635333160000130e+02 5.169101470279999688e+01 -6.653732395129999588e+00
6.500000000000000222e-01 2.146091153219999796e+03 -4.511755077589999928e+03 -7.018051316729999598e+03 -1.325364185649999911e+02 5.288640972219999981e+01 -4.099547883999999698e+00
6.500000000000000222e-01 2.148207533480000166e+03 -4.531587003249999725e+03 -7.020024227490000158e+03 -1.311950944939999886e+02 5.289282426850000007e+01 -3.437058075159999948e+00
6.500000000000000222e-01 2.310691319579999799e+03 -4.344684526400000323e+03 -7.032152305130000059e+03 -1.340089472500000056e+02 5.329995565259999779e+01 -4.583134452000000358e+00
6.500000000000000222e-01 2.199306418849999773e+03 -4.401432795830000032e+03 -7.032415205260000221e+03 -1.311552894769999966e+02 5.012105392910000035e+01 -1.778184710689999948e+00
6.500000000000000222e-01 2.273996339429999807e+03 -4.566077001100000416e+03 -6.976989288949999718e+03 -1.311051471520000007e+02 5.426311547979999972e+01 -4.055432196409999968e+00
6.500000000000000222e-01 2.275750492279999889e+03 -4.451588274650000130e+03 -6.985087781240000368e+03 -1.327365615070000047e+02 5.170177608080000198e+01 -3.875000532380000084e+00
6.500000000000000222e-01 2.409779676319999908e+03 -4.404589353770000344e+03 -7.039702640409999731e+03 -1.354729300120000062e+02 4.968051088280000016e+01 -2.702058361729999802e+00
6.500000000000000222e-01 2.208999502900000152e+03 -4.595050006299999950e+03 -7.004066309820000242e+03 -1.328620149950000098e+02 5.370625586439999921e+01 -4.843070379120000268e+00
6.500000000000000222e-01 2.395315191090000098e+03 -4.498207805809999627e+03 -6.998481276700000308e+03 -1.360642946540000082e+02 5.096771113110000329e+01 -3.834503261920000128e+00
6.500000000000000222e-01 2.309334003829999801e+03 -4.527085816040000282e+03 -6.968676862229999642e+03 -1.310213220109999952e+02 5.306056051129999673e+01 -4.181806711020000122e+00
6.500000000000000222e-01 2.514810137779999877e+03 -4.397348079430000325e+03 -7.196048166739999942e+03 -1.336794460549999997e+02 4.933973880130000111e+01 -6.671851403169999806e+00
6.500000000000000222e-01 2.318212156569999934e+03 -4.570409516540000368e+03 -6.976906624000000193e+03 -1.326259860300000071e+02 5.102750687180000000e+01 -4.895203636869999819e+00
6.500000000000000222e-01 2.307299759389999963e+03 -4.491788872750000337e+03 -6.974807252909999988e+03 -1.331293298360000108e+02 5.187859998190000255e+01 -4.262319063659999685e+00
6.500000000000000222e-01 2.308937874319999992e+03 -4.289830022930000268e+03 -7.102370787480000217e+03 -1.345328525259999992e+02 5.134147735220000186e+01 -3.674057144639999883e+00
6.500000000000000222e-01 2.177459737289999794e+03 -4.722053669029999583e+03 -7.140669168749999699e+03 -1.317322208530000012e+02 5.354289399959999685e+01 -6.641896873970000392e+00
6.500000000000000222e-01 2.455132631609999862e+03 -4.404681669479999982e+03 -7.080708017490000202e+03 -1.333683071000000098e+02 5.002451670349999802e+01 -5.235355712009999607e+00
6.500000000000000222e-01 2.240766423779999968e+03 -4.695970122149999952e+03 -7.058433533940000416e+03 -1.312400860459999876e+02 5.479648148319999734e+01 -4.217734275989999837e+00
4.560000000000000000e+04 8.937928474860000279e+03 1.791950021480000032e+03 2.002368443750000006e+04 1.977356759310000029e+02 -6.269314308530000091e+01 1.847054438739999966e+02
6.500000000000000222e-01 8.877371493239999836e+03 1.944228051079999886e+03 2.015814446849999877e+04 1.977391982880000114e+02 -6.283276279759999738e+01 1.852056373599999972e+02
6.500000000000000222e-01 9.033910930260000896e+03 1.875203928919999953e+03 2.019018053739999959e+04 1.982304549060000056e+02 -6.217984008759999881e+01 1.846143665410000096e+02
6.500000000000000222e-01 8.873957414930000596e+03 1.937279417100000046e+03 2.015294940589999896e+04 1.977696025360000078e+02 -6.233808428860000106e+01 1.841743200720000004e+02
6.500000000000000222e-01 8.911665517780000300e+03 1.791026442560000078e+03 2.022953007040000011e+04 1.982458089760000064e+02 -6.258981392550000322e+01 1.849653090660000032e+02
6.500000000000000222e-01 8.976389962609999202e+03 1.823532491330000084e+03 2.022831062440000096e+04 1.973573252470000057e+02 -6.334206919870000263e+01 1.853465249680000113e+02
6.500000000000000222e-01 8.940865038080000886e+03 1.792733947120000039e+03 2.023235143930000049e+04 1.978429084310000121e+02 -6.228918440110000176e+01 1.849944551750000130e+02
6.500000000000000222e-01 9.065491033730000709e+03 1.646499060520000057e+03 2.007430347740000070e+04 1.976793313199999886e+02 -6.246239897299999910e+01 1.839850007050000045e+02
6.500000000000000222e-01 8.940701729730000807e+03 1.801077019049999990e+03 2.023225019059999977e+04 1.979962731509999969e+02 -6.228694499849999744e+01 1.849840883820000101e+02
6.500000000000000222e-01 8.902331769050000730e+03 1.974104680339999959e+03 2.008792767459999959e+04 1.980944195019999938e+02 -6.305165137579999879e+01 1.841484567740000102e+02
6.500000000000000222e-01 8.758167081989999133e+03 1.788994584040000063e+03 2.010979930139999851e+04 1.981627668509999864e+02 -6.267841652890000148e+01 1.844252136489999998e+02
6.500000000000000222e-01 9.022700064619999466e+03 1.738643421300000000e+03 2.020938769379999940e+04 1.975451849799999877e+02 -6.235810588180000025e+01 1.853456889999999930e+02
6.500000000000000222e-01 9.133270496929999354e+03 1.779550489299999981e+03 2.007512661189999926e+04 1.974217397159999905e+02 -6.261622877479999971e+01 1.849824034240000117e+02
6.500000000000000222e-01 8.982396376900000178e+03 1.894793289770000001e+03 2.020194468209999832e+04 1.975362538589999986e+02 -6.239032952710000046e+01 1.850160483209999995e+02
6.500000000000000222e-01 8.927699408810000023e+03 1.731470283310000013e+03 2.022057014390000040e+04 1.977355392210000105e+02 -6.290083169620000092e+01 1.847537229829999887e+02
6.500000000000000222e-01 8.961629867010000453e+03 1.817607120149999901e+03 2.023075544670000090e+04 1.984992899510000086e+02 -6.198738322260000189e+01 1.849519676209999943e+02
6.500000000000000222e-01 8.978929218609999225e+03 1.732803637179999896e+03 2.022149223279999933e+04 1.979813307210000062e+02 -6.239219064499999945e+01 1.851225473920000013e+02
6.500000000000000222e-01 8.913506819309999628e+03 1.787202124509999976e+03 2.022994531490000008e+04 1.984359504010000137e+02 -6.242628118230000211e+01 1.850118093019999890e+02
6.500000000000000222e-01 8.933107428470000741e+03 1.792458754100000078e+03 2.023204455450000023e+04 1.978797855429999970e+02 -6.260346808199999913e+01 1.849713036550000140e+02
6.500000000000000222e-01 8.849032597890000034e+03 1.693132818080000106e+03 2.017505352589999893e+04 1.975771834900000101e+02 -6.223231593749999746e+01 1.845140444939999895e+02
6.500000000000000222e-01 9.080967527340000743e+03 1.670390457340000012e+03 2.011452819919999820e+04 1.980003368220000084e+02 -6.273722969330000154e+01 1.844058340009999881e+02
6.500000000000000222e-01 8.866665200109999205e+03 1.908534305690000110e+03 2.017022399999999834e+04 1.985886744379999982e+02 -6.359201129059999857e+01 1.855226123299999870e+02
6.500000000000000222e-01 9.011746129360000850e+03 1.724405028220000077e+03 2.020128157479999936e+04 1.978970143370000017e+02 -6.249667781440000169e+01 1.847485771169999964e+02
6.500000000000000222e-01 8.940618203550000544e+03 1.794459846859999971e+03 2.023329846000000180e+04 1.984302417899999966e+02 -6.350669291159999830e+01 1.850893826859999933e+02
6.500000000000000222e-01 8.953864177569999811e+03 1.939369656690000056e+03 2.015988998910000009e+04 1.981634213650000049e+02 -6.374318602129999789e+01 1.856080411410000011e+02
6.500000000000000222e-01 8.903677068979999603e+03 1.820773728410000103e+03 2.022732171569999991e+04 1.983688757230000022e+02 -6.283519396300000182e+01 1.850748572210000020e+02
6.500000000000000222e-01 8.997784243780000907e+03 1.712150123180000037e+03 2.020241934250000122e+04 1.980593547169999908e+02 -6.277298324640000260e+01 1.846286120489999973e+02
6.500000000000000222e-01 8.868688876919999529e+03 1.853728822240000000e+03 2.020323329010000089e+04 1.987582527849999963e+02 -6.334598858940000099e+01 1.852124643269999922e+02
6.500000000000000222e-01 9.049841637210000044e+03 1.852029443740000033e+03 2.019089828249999846e+04 1.973684578140000099e+02 -6.318700520139999810e+01 1.856363552710000135e+02
6.500000000000000222e-01 8.788099020080000628e+03 1.671095969599999989e+03 2.007704550499999823e+04 1.982846638949999942e+02 -6.236530013609999656e+01 1.852692263110000113e+02
6.500000000000000222e-01 8.838508370749999813e+03 1.622217008690000057e+03 2.006171897280000121e+04 1.981029391920000080e+02 -6.230302424660000327e+01 1.850398528700000043e+02
6.500000000000000222e-01 9.005257728590000625e+03 1.811313694129999931e+03 2.022217303449999963e+04 1.974381670070000041e+02 -6.287547033860000312e+01 1.852861792939999930e+02
6.500000000000000222e-01 8.934402673430000505e+03 1.700248213379999925e+03 2.021110223540000152e+04 1.983445380370000066e+02 -6.282248329850000346e+01 1.848660588379999865e+02
6.500000000000000222e-01 8.974108317910000551e+03 1.721670740179999939e+03 2.021132681009999942e+04 1.973482222529999888e+02 -6.164602512460000128e+01 1.852430541749999975e+02
6.500000000000000222e-01 8.916645313869999882e+03 1.827569009849999929e+03 2.022752924089999942e+04 1.986598923999999897e+02 -6.348798985709999698e+01 1.852356385790000104e+02
6.500000000000000222e-01 8.983593494259999716e+03 1.826699098170000070e+03 2.022515793159999885e+04 1.978488452310000127e+02 -6.247166425430000203e+01 1.850234210929999961e+02
6.500000000000000222e-01 8.935599335110000538e+03 1.605169459189999998e+03 2.010556772060000003e+04 1.980083290130000080e+02 -6.212557743250000186e+01 1.854245909900000129e+02
6.500000000000000222e-01 8.898783765759999369e+03 1.826313139330000013e+03 2.022305903979999857e+04 1.980320705219999979e+02 -6.266778427300000232e+01 1.848640124620000051e+02
6.500000000000000222e-01 8.951098748840000553e+03 1.793551485729999968e+03 2.023339300029999868e+04 1.969950813289999871e+02 -6.260070383219999712e+01 1.851610997219999888e+02
6.500000000000000222e-01 8.919266203450000830e+03 1.705276910360000102e+03 2.021132592039999872e+04 1.984354022640000039e+02 -6.259316418070000054e+01 1.849608887569999922e+02
6.500000000000000222e-01 8.875234624419999818e+03 1.782177804299999934e+03 2.021958242729999984e+04 1.977462641490000124e+02 -6.267884102690000248e+01 1.847566889779999997e+02
1.390000000000000000e+04 -1.246440467399999943e+04 4.594980259820000356e+03 8.565536546650000673e+03 -2.212061517619999904e+02 1.969524898999999891e+02 -3.487188609849999921e+02
6.500000000000000222e-01 -1.258885031349999917e+04 4.642450173379999796e+03 8.618991798380000546e+03 -2.214369159899999886e+02 1.969542613350000124e+02 -3.488057950880000249e+02
6.500000000000000222e-01 -1.255624452910000036e+04 4.689775011280000399e+03 8.616719677040000533e+03 -2.211421320789999925e+02 1.965725364570000124e+02 -3.477982972649999738e+02
6.500000000000000222e-01 -1.234345324599999913e+04 4.536897849689999930e+03 8.600867337060000864e+03 -2.212492419170000062e+02 1.970200912939999967e+02 -3.496697018099999923e+02
6.500000000000000222e-01 -1.242454506030000084e+04 4.539943894869999895e+03 8.691671361750000870e+03 -2.211902027380000106e+02 1.967020289010000056e+02 -3.489901332680000223e+02
6.500000000000000222e-01 -1.243792959390000033e+04 4.556592732430000069e+03 8.701510048280000774e+03 -2.216209202249999919e+02 1.972386301710000112e+02 -3.486390450069999929e+02
6.500000000000000222e-01 -1.235184185880000041e+04 4.634250636689999737e+03 8.637189390080000521e+03 -2.215754224320000105e+02 1.966694635759999983e+02 -3.487948231760000226e+02
6.500000000000000222e-01 -1.257663994570000068e+04 4.547677145659999951e+03 8.645548921120000159e+03 -2.216456912900000020e+02 1.971954694160000088e+02 -3.487839909919999855e+02
6.500000000000000222e-01 -1.235654267540000001e+04 4.588312269369999740e+03 8.652794095999999627e+03 -2.211464689340000120e+02 1.969470459519999963e+02 -3.494364683570000238e+02
6.500000000000000222e-01 -1.251011055649999980e+04 4.635578939500000160e+03 8.696081502940000064e+03 -2.212345577929999934e+02 1.966199022909999883e+02 -3.483820778950000090e+02
6.500000000000000222e-01 -1.247738014400000066e+04 4.551818404740000005e+03 8.703371375400000034e+03 -2.214450672950000012e+02 1.968651129110000113e+02 -3.486839843370000267e+02
6.500000000000000222e-01 -1.249772197369999958e+04 4.677617351459999554e+03 8.674494686609999917e+03 -2.214455788040000073e+02 1.968829428200000109e+02 -3.487758434269999839e+02
6.500000000000000222e-01 -1.245934940119999919e+04 4.590201061679999839e+03 8.710390731139999843e+03 -2.210665621409999915e+02 1.967215759970000022e+02 -3.486300254569999879e+02
6.500000000000000222e-01 -1.247630695770000057e+04 4.627955009639999844e+03 8.705272727159999704e+03 -2.213881015450000120e+02 1.965941338279999968e+02 -3.485254158569999845e+02
6.500000000000000222e-01 -1.250291072279999935e+04 4.700106923729999835e+03 8.663354749460000676e+03 -2.217033790520000025e+02 1.967567915239999934e+02 -3.482262222109999925e+02
6.500000000000000222e-01 -1.255104859260000012e+04 4.677607382690000122e+03 8.642743859750000411e+03 -2.215299115990000018e+02 1.969284483030000104e+02 -3.488363417479999953e+02
6.500000000000000222e-01 -1.244598822289999953e+04 4.600748540890000186e+03 8.708499333409999963e+03 -2.210264673240000093e+02 1.971663164740000127e+02 -3.487200204549999967e+02
6.500000000000000222e-01 -1.245898012940000081e+04 4.557814643810000234e+03 8.704881152070000098e+03 -2.214318779930000005e+02 1.965180675409999935e+02 -3.487946400430000153e+02
6.500000000000000222e-01 -1.254801378889999978e+04 4.575562610990000394e+03 8.684192284959999597e+03 -2.210635460070000136e+02 1.971664024199999972e+02 -3.481574298470000031e+02
6.500000000000000222e-01 -1.247454361040000003e+04 4.590624480299999959e+03 8.710064511439999478e+03 -2.216863757559999897e+02 1.970374407760000111e+02 -3.486242140709999831e+02
6.500000000000000222e-01 -1.247646104360000027e+04 4.549679465440000058e+03 8.702770462889999180e+03 -2.216125067510000122e+02 1.965815282359999969e+02 -3.487777698090000058e+02
6.500000000000000222e-01 -1.246417777380000007e+04 4.597313230769999791e+03 8.710837496440000905e+03 -2.210243473669999901e+02 1.972557659850000107e+02 -3.485885244360000002e+02
6.500000000000000222e-01 -1.241827810990000035e+04 4.651587955359999796e+03 8.687254099570000108e+03 -2.212465949449999982e+02 1.972446352350000041e+02 -3.490268900429999803e+02
6.500000000000000222e-01 -1.251465478219999932e+04 4.591731399899999815e+03 8.703573471280000376e+03 -2.213923135009999896e+02 1.971297717770000020e+02 -3.484381932750000033e+02
6.500000000000000222e-01 -1.247000813659999949e+04 4.601265449870000339e+03 8.710717186759999095e+03 -2.215838789659999861e+02 1.964929854179999893e+02 -3.485509798609999734e+02
6.500000000000000222e-01 -1.259776282929999979e+04 4.575757714139999734e+03 8.617398326570000791e+03 -2.213603412999999875e+02 1.971459423379999976e+02 -3.486305744530000084e+02
6.500000000000000222e-01 -1.247272545299999911e+04 4.575943068149999817e+03 8.709016469680000228e+03 -2.213982542409999894e+02 1.973082114890000014e+02 -3.485758100030000151e+02
6.500000000000000222e-01 -1.242129386390000036e+04 4.660857098079999560e+03 8.683278389040000548e+03 -2.212720019669999942e+02 1.971809414260000040e+02 -3.490327418759999887e+02
6.500000000000000222e-01 -1.246317388919999939e+04 4.640494147110000085e+03 8.703395192750000206e+03 -2.218489758910000091e+02 1.969769892520000099e+02 -3.485877636540000140e+02
6.500000000000000222e-01 -1.252081707719999940e+04 4.610563259730000027e+03 8.700880869720000192e+03 -2.209844535370000074e+02 1.968496859789999860e+02 -3.481729456470000059e+02
6.500000000000000222e-01 -1.248411683230000017e+04 4.580187337579999621e+03 8.708720333200000823e+03 -2.215121931859999904e+02 1.970504864039999973e+02 -3.485950676609999732e+02
6.500000000000000222e-01 -1.241502579719999994e+04 4.529711821560000317e+03 8.680517832150000686e+03 -2.212012045220000118e+02 1.967508504799999969e+02 -3.491637349569999742e+02
6.500000000000000222e-01 -1.237649735529999998e+04 4.675650469850000263e+03 8.636198348249999981e+03 -2.217914142019999986e+02 1.965378643230000080e+02 -3.483244914759999915e+02
6.500000000000000222e-01 -1.249664002009999967e+04 4.630994264859999930e+03 8.704491231550000521e+03 -2.212577711669999871e+02 1.965055081859999859e+02 -3.482561203849999742e+02
6.500000000000000222e-01 -1.245543784769999911e+04 4.604951116440000078e+03 8.709767401709999831e+03 -2.211098063889999992e+02 1.973980085659999872e+02 -3.486612590070000124e+02
6.500000000000000222e-01 -1.245575819360000060e+04 4.622613208329999907e+03 8.707227597029999743e+03 -2.214446379700000023e+02 1.974749453889999984e+02 -3.487169157509999877e+02
6.500000000000000222e-01 -1.243115386000000035e+04 4.629602178379999714e+03 8.700390065139999933e+03 -2.212371919100000071e+02 1.973595247860000086e+02 -3.488777349410000284e+02
6.500000000000000222e-01 -1.245295705889999954e+04 4.580563378400000147e+03 8.708306170530000600e+03 -2.220679574890000083e+02 1.975512845640000137e+02 -3.485428995699999746e+02
6.500000000000000222e-01 -1.250320615589999943e+04 4.638413947119999648e+03 8.701428347830000348e+03 -2.219104370679999931e+02 1.973252310210000076e+02 -3.486282790359999808e+02
6.500000000000000222e-01 -1.251609165899999971e+04 4.573133884910000234e+03 8.701304036920000726e+03 -2.220800455549999981e+02 1.968643475249999995e+02 -3.487093652880000150e+02
6.500000000000000222e-01 -1.236413235170000007e+04 4.652995050489999812e+03 8.642371495690000302e+03 -2.217445104100000037e+02 1.965377805489999901e+02 -3.484319344470000033e+02
