3.450000000000000000e+05 3.611172714069999984e+03 -4.963161973780000153e+03 -7.013605045549999886e+03 -1.187316057919999963e+02 2.947484654819999861e+01 -4.277354000390000266e+01
6.500000000000000222e-01 3.780931334630000038e+03 -5.134180761040000107e+03 -6.894108503829999790e+03 -1.201061537359999960e+02 3.080584950629999952e+01 -4.368155298149999766e+01
6.500000000000000222e-01 3.466730076979999922e+03 -5.069018568569999843e+03 -6.795369754889999967e+03 -1.173093206559999970e+02 3.093652136129999874e+01 -4.164939657680000096e+01
6.500000000000000222e-01 3.427527032930000132e+03 -5.022095546229999854e+03 -6.801226288150000073e+03 -1.175992287610000062e+02 3.155157456399999916e+01 -4.088737093499999986e+01
6.500000000000000222e-01 3.543451921379999931e+03 -5.212171731020000152e+03 -6.912253394870000193e+03 -1.181845385959999959e+02 3.143465901849999966e+01 -4.132351166330000325e+01
6.500000000000000222e-01 3.693458819110000150e+03 -5.101410977499999717e+03 -6.777779645339999661e+03 -1.190304029619999966e+02 3.044858729310000101e+01 -4.283541200799999871e+01
6.500000000000000222e-01 3.660158051299999897e+03 -4.837777183399999558e+03 -6.758484233469999708e+03 -1.190395933580000047e+02 3.181996257719999832e+01 -4.311975368609999748e+01
6.500000000000000222e-01 3.485909133199999815e+03 -4.902797203789999912e+03 -6.758137949099999787e+03 -1.204500692679999929e+02 3.099325315540000148e+01 -4.264674731649999728e+01
6.500000000000000222e-01 3.683896001040000101e+03 -4.851402863299999808e+03 -6.759543129370000315e+03 -1.196719225249999994e+02 3.156979099320000159e+01 -4.301534221819999715e+01
6.500000000000000222e-01 3.770299949839999954e+03 -5.008665817559999596e+03 -6.786911840619999566e+03 -1.191291837259999937e+02 2.973336017480000137e+01 -4.367012159659999782e+01
6.500000000000000222e-01 3.681221093170000131e+03 -4.950951242680000178e+03 -6.737644763160000366e+03 -1.177623214839999974e+02 3.061110205689999830e+01 -4.309361578040000040e+01
6.500000000000000222e-01 3.481719814590000169e+03 -5.064405448550000074e+03 -6.782340144890000374e+03 -1.171886162229999968e+02 3.166455989190000153e+01 -4.117598520439999987e+01
6.500000000000000222e-01 3.360722481920000064e+03 -4.876982900400000290e+03 -6.911246243569999933e+03 -1.183241382180000016e+02 2.999467598569999893e+01 -4.228625017680000298e+01
6.500000000000000222e-01 3.538221812000000227e+03 -4.750967955899999652e+03 -6.845666532879999977e+03 -1.186841173269999956e+02 2.919304083769999991e+01 -4.225553984399999763e+01
6.500000000000000222e-01 3.394531629749999865e+03 -4.872526454619999640e+03 -6.839786052209999980e+03 -1.200944923760000052e+02 3.091724733810000103e+01 -4.329783398189999843e+01
6.500000000000000222e-01 3.388626235660000020e+03 -5.008495857570000226e+03 -6.844738461979999556e+03 -1.180037671089999947e+02 3.051833789879999870e+01 -4.197675372540000183e+01
6.500000000000000222e-01 3.539223662800000056e+03 -5.066012635500000215e+03 -6.758868634299999940e+03 -1.203062217640000000e+02 2.921255009629999932e+01 -4.357024444230000171e+01
6.500000000000000222e-01 3.456899646400000165e+03 -5.000979880439999761e+03 -6.773090909710000233e+03 -1.171620525229999998e+02 3.142371204770000048e+01 -4.078793747929999824e+01
6.500000000000000222e-01 3.572046600080000189e+03 -4.713468499689999589e+03 -6.888761132290000205e+03 -1.190756858010000059e+02 2.955322305110000158e+01 -4.312881264450000174e+01
6.500000000000000222e-01 3.805469387019999886e+03 -4.815593361309999636e+03 -6.879119186699999773e+03 -1.196783077749999933e+02 3.009582191419999830e+01 -4.437681508949999909e+01
6.500000000000000222e-01 3.684175828909999836e+03 -4.708469840439999643e+03 -6.901492780139999923e+03 -1.204929795639999952e+02 3.011357000989999833e+01 -4.290812659470000057e+01
6.500000000000000222e-01 3.521702029260000018e+03 -4.886681549709999672e+03 -6.749532282649999615e+03 -1.181279667759999938e+02 2.930716030470000177e+01 -4.139405524379999690e+01
6.500000000000000222e-01 3.517248282300000028e+03 -4.845013034059999882e+03 -6.763046436179999546e+03 -1.205060574169999938e+02 3.168727352280000176e+01 -4.277401395169999887e+01
6.500000000000000222e-01 3.494570830340000157e+03 -5.106751692069999990e+03 -6.800283859060000395e+03 -1.193672516550000040e+02 2.933959994239999958e+01 -4.399226278260000100e+01
6.500000000000000222e-01 3.447146398349999799e+03 -4.941964499110000361e+03 -6.774389446119999775e+03 -1.196228050240000016e+02 3.083163728339999921e+01 -4.234431948019999936e+01
6.500000000000000222e-01 3.435717724279999857e+03 -4.961631538800000271e+03 -6.783642699070000162e+03 -1.183446890050000064e+02 3.079552482980000150e+01 -4.159852037310000128e+01
6.500000000000000222e-01 3.621983397389999936e+03 -4.783124863789999836e+03 -6.782224163859999862e+03 -1.201502107630000040e+02 3.201359188440000025e+01 -4.304343508750000069e+01
6.500000000000000222e-01 3.484498258350000015e+03 -4.805861926259999564e+03 -6.810975092790000417e+03 -1.179359542309999966e+02 2.860293102749999861e+01 -4.035175862020000181e+01
6.500000000000000222e-01 3.557382327639999858e+03 -5.009508645980000438e+03 -6.736100171150000278e+03 -1.176576966039999945e+02 3.203356280189999694e+01 -4.183479457770000209e+01
6.500000000000000222e-01 3.574998956389999876e+03 -4.870808724659999825e+03 -6.743594018869999672e+03 -1.190854571659999976e+02 2.989489557670000153e+01 -4.213004803959999833e+01
6.500000000000000222e-01 3.734215016329999798e+03 -4.806138629510000101e+03 -6.811741278049999892e+03 -1.212568811889999978e+02 2.850437584180000172e+01 -4.066760540730000173e+01
6.500000000000000222e-01 3.512334738160000143e+03 -5.032450906830000349e+03 -6.755253370159999577e+03 -1.197533676240000062e+02 3.141628620719999887e+01 -4.259905107210000352e+01
6.500000000000000222e-01 3.726234057579999899e+03 -4.910410406560000411e+03 -6.760242289499999970e+03 -1.219206193419999948e+02 2.928881391739999884e+01 -4.152755408619999855e+01
6.500000000000000222e-01 3.590628252550000070e+03 -4.958863103460000275e+03 -6.725865162930000224e+03 -1.173350040050000018e+02 3.097475566430000171e+01 -4.208134129279999769e+01
6.500000000000000222e-01 3.820151521639999828e+03 -4.799165357589999985e+03 -6.929968697190000057e+03 -1.193708089680000057e+02 2.885929824329999960e+01 -4.414746283000000204e+01
6.500000000000000222e-01 3.616008452170000055e+03 -4.980932888440000170e+03 -6.727827699579999717e+03 -1.189247106480000014e+02 2.888981642230000091e+01 -4.259976942549999990e+01
6.500000000000000222e-01 3.609964007089999996e+03 -4.912178332520000367e+03 -6.730482804209999813e+03 -1.193612350039999939e+02 2.994986446360000087e+01 -4.229091630519999967e+01
6.500000000000000222e-01 3.626129068799999914e+03 -4.710622477719999551e+03 -6.861462426179999966e+03 -1.207706845090000058e+02 3.054593849300000130e+01 -4.221698674360000325e+01
6.500000000000000222e-01 3.472452976500000204e+03 -5.158197321239999837e+03 -6.877110289790000024e+03 -1.192720002530000016e+02 3.132666732999999937e+01 -4.371784066650000256e+01
6.500000000000000222e-01 3.757408815490000052e+03 -4.810713193409999803e+03 -6.827613324590000047e+03 -1.190710882780000048e+02 2.900686187630000035e+01 -4.303920473069999986e+01
6.500000000000000222e-01 3.528212418449999859e+03 -5.144274598789999800e+03 -6.819291507259999889e+03 -1.183201934549999947e+02 3.245119906570000268e+01 -4.136405499010000142e+01
4.560000000000000000e+04 6.901542416260000209e+03 2.419053624870000021e+03 1.807137468200000148e+04 2.042699306050000132e+02 -6.093411166500000320e+01 2.011701347370000121e+02
6.500000000000000222e-01 6.841621876219999649e+03 2.572066331399999854e+03 1.820101292209999883e+04 2.041362970989999894e+02 -6.093610914719999982e+01 2.016148255900000095e+02
6.500000000000000222e-01 6.992665099099999679e+03 2.496849842929999795e+03 1.823951070270000127e+04 2.047346903590000124e+02 -6.037179288990000003e+01 2.009287689980000096e+02
6.500000000000000222e-01 6.837913270369999736e+03 2.560134969260000162e+03 1.820623373580000043e+04 2.041630693969999868e+02 -6.044882234989999858e+01 2.005893934540000032e+02
6.500000000000000222e-01 6.870828044439999758e+03 2.417223594930000218e+03 1.827496810439999899e+04 2.046344267020000132e+02 -6.086233473930000315e+01 2.013478996160000065e+02
6.500000000000000222e-01 6.944293958170000224e+03 2.457199620460000006e+03 1.827010949719999917e+04 2.038011490050000134e+02 -6.158216232670000068e+01 2.016830116630000020e+02
6.500000000000000222e-01 6.903991585810000288e+03 2.415908694629999900e+03 1.827759435389999999e+04 2.042563312620000033e+02 -6.056649575520000184e+01 2.013567179160000080e+02
6.500000000000000222e-01 7.029281224110000039e+03 2.272093336200000067e+03 1.812968744800000059e+04 2.042954124489999970e+02 -6.087382106529999959e+01 2.003697852079999961e+02
6.500000000000000222e-01 6.902275332530000014e+03 2.424169169939999847e+03 1.827760229759999856e+04 2.044094704750000062e+02 -6.055317506509999959e+01 2.013454110000000128e+02
6.500000000000000222e-01 6.862714418839999780e+03 2.603924700070000199e+03 1.814143168259999948e+04 2.045447252339999977e+02 -6.110695341120000279e+01 2.005732842470000037e+02
6.500000000000000222e-01 6.718447274559999641e+03 2.415975547340000048e+03 1.815998167040000044e+04 2.044925118239999904e+02 -6.092542489510000081e+01 2.009572255779999921e+02
6.500000000000000222e-01 6.988441862960000435e+03 2.362779495020000013e+03 1.825122596139999951e+04 2.040424800369999900e+02 -6.068952948940000169e+01 2.016782717590000118e+02
6.500000000000000222e-01 7.099434894629999690e+03 2.406033969199999774e+03 1.812069965280000179e+04 2.040875731600000051e+02 -6.089117017120000241e+01 2.013064120740000078e+02
6.500000000000000222e-01 6.948410344519999853e+03 2.518465424370000164e+03 1.824710226740000144e+04 2.039950285109999868e+02 -6.056008597329999787e+01 2.013502516160000084e+02
6.500000000000000222e-01 6.891919159449999825e+03 2.361117818530000022e+03 1.826814025680000123e+04 2.041478306669999938e+02 -6.123380374509999768e+01 2.011388468789999990e+02
6.500000000000000222e-01 6.918041175149999617e+03 2.437599695049999809e+03 1.827649753190000047e+04 2.049253651550000086e+02 -6.024035255439999759e+01 2.013006738249999898e+02
6.500000000000000222e-01 6.940462511280000399e+03 2.357310034290000203e+03 1.826548237729999892e+04 2.044343638599999906e+02 -6.072868229750000069e+01 2.014770404559999974e+02
6.500000000000000222e-01 6.870733912200000304e+03 2.411778157730000203e+03 1.827491282380000121e+04 2.048259776330000079e+02 -6.070610289049999864e+01 2.013945884949999936e+02
6.500000000000000222e-01 6.895899106949999805e+03 2.418803552599999875e+03 1.827749672619999910e+04 2.042853316860000064e+02 -6.087788636909999695e+01 2.013383747469999889e+02
6.500000000000000222e-01 6.815028104560000429e+03 2.316166172589999860e+03 1.822468561140000020e+04 2.039537366490000068e+02 -6.059787651039999901e+01 2.009745587159999900e+02
6.500000000000000222e-01 7.041588422089999767e+03 2.298656631219999781e+03 1.816580162689999997e+04 2.046001852960000065e+02 -6.112609311770000176e+01 2.007589408270000035e+02
6.500000000000000222e-01 6.822397281339999608e+03 2.544214177370000016e+03 1.820981747479999831e+04 2.049670969919999948e+02 -6.172480075139999656e+01 2.019452576120000060e+02
6.500000000000000222e-01 6.973941513830000076e+03 2.350012798320000002e+03 1.824909370009999839e+04 2.043891462560000036e+02 -6.084154312279999743e+01 2.010962212899999884e+02
6.500000000000000222e-01 6.897818908739999642e+03 2.429926453579999816e+03 1.827757423890000064e+04 2.048378584220000107e+02 -6.177352089610000263e+01 2.014525266230000113e+02
6.500000000000000222e-01 6.913526626750000105e+03 2.576441479590000199e+03 1.819888049110000065e+04 2.046203076500000009e+02 -6.184740496170000057e+01 2.019772031480000010e+02
6.500000000000000222e-01 6.861623180880000291e+03 2.449308119979999901e+03 1.827164253870000175e+04 2.047508624749999910e+02 -6.107678867509999776e+01 2.014587810799999943e+02
6.500000000000000222e-01 6.958394609549999586e+03 2.340610911369999940e+03 1.825140213629999926e+04 2.045388388259999886e+02 -6.112828477349999901e+01 2.009854378560000043e+02
6.500000000000000222e-01 6.822778106349999689e+03 2.487228305510000155e+03 1.824600958130000072e+04 2.051211768279999887e+02 -6.154327082839999719e+01 2.016268147499999941e+02
6.500000000000000222e-01 7.017242559039999833e+03 2.483981182479999916e+03 1.822991007069999978e+04 2.038928201109999918e+02 -6.139774693969999930e+01 2.019436204659999987e+02
6.500000000000000222e-01 6.746884660820000136e+03 2.295503159710000091e+03 1.811859923419999905e+04 2.046684805310000002e+02 -6.073396417579999707e+01 2.018209624360000021e+02
6.500000000000000222e-01 6.798869866170000023e+03 2.246250226099999963e+03 1.810568219170000157e+04 2.045414262410000106e+02 -6.072419478879999843e+01 2.015751772870000025e+02
6.500000000000000222e-01 6.972207854489999590e+03 2.440327187339999909e+03 1.826464455159999852e+04 2.039097672750000072e+02 -6.113168655430000342e+01 2.016108568600000126e+02
6.500000000000000222e-01 6.892396338560000004e+03 2.329251963960000012e+03 1.825751069700000153e+04 2.047676066280000100e+02 -6.118603757670000221e+01 2.012575720760000024e+02
6.500000000000000222e-01 6.942027708089999578e+03 2.338685509760000059e+03 1.825403706859999875e+04 2.038079973199999984e+02 -5.999749394159999838e+01 2.016092577469999867e+02
6.500000000000000222e-01 6.871598264979999840e+03 2.462671712960000150e+03 1.827026128669999889e+04 2.050507352269999899e+02 -6.171896327740000032e+01 2.016115102759999900e+02
6.500000000000000222e-01 6.946483409509999547e+03 2.451547974900000099e+03 1.827024153289999958e+04 2.042987808000000030e+02 -6.071382700689999723e+01 2.013581621110000128e+02
6.500000000000000222e-01 6.896647643989999779e+03 2.227540607859999909e+03 1.814600837289999981e+04 2.045040024959999982e+02 -6.057583171659999977e+01 2.018833463189999975e+02
6.500000000000000222e-01 6.860151922760000161e+03 2.453117701499999839e+03 1.826949726400000145e+04 2.044122386280000114e+02 -6.090264123120000050e+01 2.012509847700000023e+02
6.500000000000000222e-01 6.922767132230000243e+03 2.419867834650000077e+03 1.827698961639999834e+04 2.034198274690000119e+02 -6.087516268990000157e+01 2.015139204779999886e+02
6.500000000000000222e-01 6.876401694520000092e+03 2.331932865249999850e+03 1.825672821639999893e+04 2.048455411879999986e+02 -6.095201112059999815e+01 2.013616801299999963e+02
6.500000000000000222e-01 6.839563778370000364e+03 2.409309890489999816e+03 1.826700212710000051e+04 2.041133151409999869e+02 -6.095767440360000222e+01 2.011654204380000124e+02
1.390000000000000000e+04 -1.007991151659999923e+04 2.522418545439999889e+03 1.209727693019999970e+04 -2.381547064910000131e+02 2.023017194809999921e+02 -3.316053361639999935e+02
6.500000000000000222e-01 -1.020247445119999975e+04 2.569988298339999801e+03 1.215266660520000005e+04 -2.383033170319999954e+02 2.022916064370000129e+02 -3.318987314999999967e+02
6.500000000000000222e-01 -1.017302533650000078e+04 2.620785207290000017e+03 1.213983173569999963e+04 -2.379912463510000009e+02 2.020044438159999913e+02 -3.308675132029999872e+02
6.500000000000000222e-01 -9.958720347500000571e+03 2.463862265289999868e+03 1.214130158189999929e+04 -2.381374855459999935e+02 2.023161539740000023e+02 -3.323373445579999839e+02
6.500000000000000222e-01 -1.004108982099999957e+04 2.470628067420000207e+03 1.222562771520000024e+04 -2.379604652149999993e+02 2.019259017999999912e+02 -3.317808809669999732e+02
6.500000000000000222e-01 -1.005011289469999974e+04 2.481652507369999967e+03 1.223194962189999933e+04 -2.383742852000000028e+02 2.024746741069999985e+02 -3.314529416220000257e+02
6.500000000000000222e-01 -9.964267059609999706e+03 2.564171078930000022e+03 1.216883506999999918e+04 -2.383684279039999865e+02 2.021025127940000061e+02 -3.315186352650000003e+02
6.500000000000000222e-01 -1.018805063940000036e+04 2.473490731660000165e+03 1.217862211980000029e+04 -2.385138553140000113e+02 2.023795452340000054e+02 -3.318096651249999809e+02
6.500000000000000222e-01 -9.973420751820000078e+03 2.515793138080000062e+03 1.219099773309999910e+04 -2.379347688379999965e+02 2.022935789640000053e+02 -3.321467958979999935e+02
6.500000000000000222e-01 -1.012643696300000011e+04 2.566606535060000169e+03 1.222465150999999969e+04 -2.379755147189999889e+02 2.019508256370000083e+02 -3.313482293239999876e+02
6.500000000000000222e-01 -1.009134595719999925e+04 2.480874380910000127e+03 1.223457934360000036e+04 -2.382106471630000044e+02 2.020793760269999950e+02 -3.315579710079999813e+02
6.500000000000000222e-01 -1.011182476859999952e+04 2.605503476930000033e+03 1.220716936800000076e+04 -2.381937322770000094e+02 2.022925873460000048e+02 -3.317416983580000078e+02
6.500000000000000222e-01 -1.007743752700000005e+04 2.520434006059999774e+03 1.224100567539999975e+04 -2.377944030259999977e+02 2.019976203100000021e+02 -3.314979745100000059e+02
6.500000000000000222e-01 -1.009111416250000002e+04 2.559238083830000051e+03 1.223502989479999997e+04 -2.381100885889999859e+02 2.019251932450000027e+02 -3.314347874719999822e+02
6.500000000000000222e-01 -1.011430708539999978e+04 2.629115560990000176e+03 1.219045342340000025e+04 -2.384613026620000085e+02 2.022040316119999943e+02 -3.312125900649999721e+02
6.500000000000000222e-01 -1.016400697969999965e+04 2.605092562089999774e+03 1.217649990339999931e+04 -2.383362443359999929e+02 2.023269564240000022e+02 -3.318856398990000116e+02
6.500000000000000222e-01 -1.006451217130000077e+04 2.526256230070000129e+03 1.223996790069999952e+04 -2.377497223210000072e+02 2.024624128460000065e+02 -3.315718895769999790e+02
6.500000000000000222e-01 -1.007315314729999955e+04 2.490386544580000191e+03 1.223711172719999922e+04 -2.381814072560000000e+02 2.017495594250000011e+02 -3.316444048170000087e+02
6.500000000000000222e-01 -1.016583121199999914e+04 2.501479492930000106e+03 1.221059103040000082e+04 -2.378606198210000002e+02 2.023889212480000026e+02 -3.311542607119999957e+02
6.500000000000000222e-01 -1.008619045220000044e+04 2.517621782019999955e+03 1.224071988260000035e+04 -2.384185404419999941e+02 2.023061872709999989e+02 -3.315098262029999887e+02
6.500000000000000222e-01 -1.008873908259999916e+04 2.481718946999999844e+03 1.223494567590000042e+04 -2.383673827540000048e+02 2.017908860999999945e+02 -3.316496866030000206e+02
6.500000000000000222e-01 -1.008271548330000041e+04 2.521977552930000002e+03 1.224107497970000077e+04 -2.377515739389999965e+02 2.025367390890000081e+02 -3.314662918569999874e+02
6.500000000000000222e-01 -1.003451675419999992e+04 2.575754358430000138e+03 1.222183099600000060e+04 -2.379697868830000118e+02 2.026415334440000038e+02 -3.318597082160000014e+02
6.500000000000000222e-01 -1.012928166319999946e+04 2.517859034730000076e+03 1.223263571159999992e+04 -2.381432502659999955e+02 2.023838610390000099e+02 -3.313884641610000017e+02
6.500000000000000222e-01 -1.008275673509999979e+04 2.533795279110000138e+03 1.224061333720000039e+04 -2.383085697569999866e+02 2.017851538090000076e+02 -3.314369418740000128e+02
6.500000000000000222e-01 -1.021197517789999984e+04 2.501852935020000132e+03 1.214915760699999919e+04 -2.382638650959999893e+02 2.023763134110000124e+02 -3.317060161640000047e+02
6.500000000000000222e-01 -1.008730988330000037e+04 2.500249445500000093e+03 1.223912444049999976e+04 -2.381393553679999968e+02 2.025531377220000024e+02 -3.314534208960000115e+02
6.500000000000000222e-01 -1.003726259969999956e+04 2.585604610240000056e+03 1.221796885850000035e+04 -2.379973392539999963e+02 2.025936671979999915e+02 -3.318749732050000034e+02
6.500000000000000222e-01 -1.007322977220000030e+04 2.567675669929999913e+03 1.223371832100000029e+04 -2.385645696869999881e+02 2.023320376959999862e+02 -3.314794461380000143e+02
6.500000000000000222e-01 -1.013969558770000003e+04 2.539452947530000074e+03 1.222730745759999991e+04 -2.377339260690000060e+02 2.021328456880000033e+02 -3.311455928149999863e+02
6.500000000000000222e-01 -1.009752500160000091e+04 2.507154665309999928e+03 1.223912845879999986e+04 -2.382535801180000021e+02 2.022992100220000111e+02 -3.314918562240000028e+02
6.500000000000000222e-01 -1.003135113210000054e+04 2.459920710289999988e+03 1.221617867169999954e+04 -2.379897222140000110e+02 2.019673687590000100e+02 -3.319348176380000268e+02
6.500000000000000222e-01 -9.986768636680000782e+03 2.606663352529999884e+03 1.216327118829999927e+04 -2.385743395110000051e+02 2.020269194720000030e+02 -3.311051748200000020e+02
6.500000000000000222e-01 -1.011279664980000052e+04 2.563229200750000018e+03 1.223163791189999938e+04 -2.379797837920000063e+02 2.018335386459999938e+02 -3.312037948810000216e+02
6.500000000000000222e-01 -1.007310914860000048e+04 2.528056343509999806e+03 1.224070724239999981e+04 -2.378323608750000062e+02 2.026943203859999869e+02 -3.315283613710000168e+02
6.500000000000000222e-01 -1.006998841130000073e+04 2.544777869699999883e+03 1.223878568649999943e+04 -2.381620264569999961e+02 2.027991878779999979e+02 -3.315902582800000005e+02
6.500000000000000222e-01 -1.004751861400000053e+04 2.552822392099999888e+03 1.223345152640000015e+04 -2.379552212860000111e+02 2.027095136549999950e+02 -3.317188810490000037e+02
6.500000000000000222e-01 -1.006061483890000090e+04 2.502257336120000218e+03 1.223790736719999950e+04 -2.388032915990000049e+02 2.028124821909999866e+02 -3.313863116790000163e+02
6.500000000000000222e-01 -1.011257447280000088e+04 2.562115731150000101e+03 1.223247891999999956e+04 -2.386439138409999998e+02 2.026549619349999887e+02 -3.315757427990000110e+02
6.500000000000000222e-01 -1.012352979280000000e+04 2.502146018469999945e+03 1.223312670719999915e+04 -2.388396069020000141e+02 2.020932597130000090e+02 -3.316484432220000258e+02
6.500000000000000222e-01 -9.974883508450000591e+03 2.584172018029999890e+03 1.217039345909999975e+04 -2.385255224089999899e+02 2.019940016980000053e+02 -3.311823570829999994e+02
