3.450000000000000000e+05 3.212057087419999789e+03 -4.855311314120000134e+03 -7.136646495850000065e+03 -1.231240163030000048e+02 3.579014811340000080e+01 -3.200109007759999713e+01
6.500000000000000222e-01 3.376919502700000066e+03 -5.021602770880000207e+03 -7.020604011770000398e+03 -1.247168701159999955e+02 3.732456000380000205e+01 -3.317979349109999987e+01
6.500000000000000222e-01 3.072392202420000103e+03 -4.955672149259999969e+03 -6.914558520229999885e+03 -1.216484774299999998e+02 3.765330879190000246e+01 -3.078984983859999858e+01
6.500000000000000222e-01 3.032280759289999878e+03 -4.906767656119999629e+03 -6.917756351459999678e+03 -1.219094146239999930e+02 3.823976508909999694e+01 -2.994076348309999958e+01
6.500000000000000222e-01 3.146333699610000167e+03 -5.097263524330000109e+03 -7.030818708329999936e+03 -1.224631723140000048e+02 3.810504546840000017e+01 -3.073297071889999899e+01
6.500000000000000222e-01 3.292994073010000193e+03 -4.989779450480000378e+03 -6.901226500890000352e+03 -1.236394987949999944e+02 3.710458906689999736e+01 -3.217984163220000227e+01
6.500000000000000222e-01 3.259486002480000025e+03 -4.721938810460000241e+03 -6.882298787059999995e+03 -1.237513785090000056e+02 3.828483639590000109e+01 -3.212287673449999659e+01
6.500000000000000222e-01 3.080994362989999900e+03 -4.789443148610000208e+03 -6.880274393030000283e+03 -1.249153224749999964e+02 3.760243505710000278e+01 -3.158109752049999841e+01
6.500000000000000222e-01 3.281104592669999874e+03 -4.736390519990000030e+03 -6.883074752509999598e+03 -1.244038628849999952e+02 3.803466347290000016e+01 -3.205486969329999880e+01
6.500000000000000222e-01 3.369293457379999836e+03 -4.899603652110000439e+03 -6.913053032370000437e+03 -1.238670068560000033e+02 3.626393085149999962e+01 -3.297936828219999938e+01
6.500000000000000222e-01 3.284781525280000096e+03 -4.838911547120000250e+03 -6.861613075119999849e+03 -1.224640574459999982e+02 3.718936687139999719e+01 -3.224094406860000106e+01
6.500000000000000222e-01 3.087725900710000133e+03 -4.948651428999999553e+03 -6.899965336840000418e+03 -1.215605338700000004e+02 3.838509444999999687e+01 -3.031435208650000135e+01
6.500000000000000222e-01 2.963263805369999773e+03 -4.767163607759999650e+03 -7.032114514509999935e+03 -1.225255876530000023e+02 3.645885779080000333e+01 -3.117791433220000030e+01
6.500000000000000222e-01 3.139023584539999774e+03 -4.643994664740000189e+03 -6.966376554630000101e+03 -1.232148451989999955e+02 3.553822085339999859e+01 -3.111090654439999881e+01
6.500000000000000222e-01 2.991063593859999855e+03 -4.759556729660000201e+03 -6.963957488400000329e+03 -1.243960106039999971e+02 3.744534701469999760e+01 -3.216737632139999903e+01
6.500000000000000222e-01 2.992179161909999948e+03 -4.896649962039999991e+03 -6.964823992360000375e+03 -1.222331985120000013e+02 3.716189898710000250e+01 -3.100933520990000147e+01
6.500000000000000222e-01 3.134811978279999948e+03 -4.958342914990000281e+03 -6.884455603430000338e+03 -1.247556817060000043e+02 3.593595143539999981e+01 -3.274716546089999980e+01
6.500000000000000222e-01 3.062978896130000066e+03 -4.886071580099999665e+03 -6.889267783610000151e+03 -1.215418912709999972e+02 3.811335911369999963e+01 -2.982577802639999831e+01
6.500000000000000222e-01 3.171518755470000087e+03 -4.605474920939999720e+03 -7.012361361590000342e+03 -1.236292021069999976e+02 3.579785877749999656e+01 -3.198996391360000047e+01
6.500000000000000222e-01 3.402553113280000161e+03 -4.705825037560000055e+03 -7.007344559639999716e+03 -1.244742642049999972e+02 3.633298368940000245e+01 -3.353886505770000070e+01
6.500000000000000222e-01 3.278763206409999839e+03 -4.598741002920000028e+03 -7.024516287520000333e+03 -1.251726285449999949e+02 3.629198083530000218e+01 -3.185740009710000109e+01
6.500000000000000222e-01 3.124342819599999984e+03 -4.778921151030000146e+03 -6.867554788110000118e+03 -1.226566706859999982e+02 3.589826863940000123e+01 -3.034012098779999889e+01
6.500000000000000222e-01 3.112043681269999979e+03 -4.729489698250000401e+03 -6.885532919790000051e+03 -1.250340145100000058e+02 3.822474150979999763e+01 -3.166597088560000017e+01
6.500000000000000222e-01 3.093433577639999839e+03 -4.998652197970000088e+03 -6.927315987959999802e+03 -1.237115685240000005e+02 3.606879535110000035e+01 -3.320225309149999759e+01
6.500000000000000222e-01 3.045091216759999952e+03 -4.829088127359999817e+03 -6.895568273859999863e+03 -1.240106034009999973e+02 3.747368746970000331e+01 -3.130349306600000148e+01
6.500000000000000222e-01 3.037926714910000101e+03 -4.848854837920000136e+03 -6.902395390349999616e+03 -1.227047271560000041e+02 3.744930804250000023e+01 -3.057844800530000029e+01
6.500000000000000222e-01 3.217716173599999820e+03 -4.666739882609999768e+03 -6.905640782700000273e+03 -1.248201181999999960e+02 3.842334354079999770e+01 -3.195925023139999865e+01
6.500000000000000222e-01 3.087868382550000206e+03 -4.700632489470000110e+03 -6.925404972350000207e+03 -1.224072926949999953e+02 3.507007988019999800e+01 -2.920680702359999970e+01
6.500000000000000222e-01 3.161580908110000109e+03 -4.892587833649999993e+03 -6.855853682680000020e+03 -1.221844362239999953e+02 3.872402532219999927e+01 -3.094482195610000019e+01
6.500000000000000222e-01 3.174354539150000164e+03 -4.761167093050000403e+03 -6.864081248319999759e+03 -1.236895818769999948e+02 3.645173766180000285e+01 -3.109719519409999933e+01
6.500000000000000222e-01 3.326133461519999855e+03 -4.701435437979999733e+03 -6.927559022759999607e+03 -1.260261812810000066e+02 3.485404007489999856e+01 -2.972556370130000047e+01
6.500000000000000222e-01 3.109764669029999823e+03 -4.917533135169999696e+03 -6.877526810999999725e+03 -1.241925555199999991e+02 3.812640473710000322e+01 -3.170911552389999954e+01
6.500000000000000222e-01 3.315994464979999975e+03 -4.802862754869999662e+03 -6.879043329610000001e+03 -1.266709987539999958e+02 3.579166114699999923e+01 -3.067237858429999875e+01
6.500000000000000222e-01 3.195768372389999968e+03 -4.845513266660000227e+03 -6.846371123539999644e+03 -1.219347243240000012e+02 3.761861716599999994e+01 -3.115528824109999917e+01
6.500000000000000222e-01 3.418278502239999852e+03 -4.693602750820000438e+03 -7.057466970120000042e+03 -1.241501383680000004e+02 3.502115063829999997e+01 -3.332798656029999762e+01
6.500000000000000222e-01 3.215881167370000185e+03 -4.874449406210000234e+03 -6.850128128340000330e+03 -1.235376263139999935e+02 3.554122843169999868e+01 -3.172476759070000085e+01
6.500000000000000222e-01 3.208355540699999892e+03 -4.802298267719999785e+03 -6.851619341020000320e+03 -1.239982448060000024e+02 3.654119050079999909e+01 -3.132836734689999858e+01
6.500000000000000222e-01 3.219861797349999961e+03 -4.599335534630000438e+03 -6.982089163790000384e+03 -1.254127769140000055e+02 3.680321822959999878e+01 -3.109589490879999829e+01
6.500000000000000222e-01 3.071815107569999782e+03 -5.043600660080000125e+03 -7.003360966969999936e+03 -1.235071575099999990e+02 3.802167000829999921e+01 -3.300154803129999692e+01
6.500000000000000222e-01 3.356513708030000089e+03 -4.704403891689999909e+03 -6.951313161240000227e+03 -1.238553181580000029e+02 3.532403316439999941e+01 -3.213395639680000215e+01
6.500000000000000222e-01 3.130506491950000054e+03 -5.025920435729999554e+03 -6.937779857810000067e+03 -1.226809045060000045e+02 3.917593660509999864e+01 -3.064668382820000048e+01
4.560000000000000000e+04 7.508864151560000209e+03 2.236047763009999926e+03 1.866449327949999861e+04 2.023178938050000113e+02 -6.156547654799999947e+01 1.959601811109999971e+02
6.500000000000000222e-01 7.448610319909999816e+03 2.388989680600000156e+03 1.879549272550000023e+04 2.022279242429999897e+02 -6.161052174400000325e+01 1.964260005959999944e+02
6.500000000000000222e-01 7.601388420350000160e+03 2.315504189209999822e+03 1.883198511290000170e+04 2.027914999749999936e+02 -6.101653763640000250e+01 1.957693080459999919e+02
6.500000000000000222e-01 7.444984356429999934e+03 2.378519184669999959e+03 1.879764824700000099e+04 2.022563830249999910e+02 -6.111997275080000236e+01 1.953992215430000101e+02
6.500000000000000222e-01 7.479307987969999886e+03 2.234450574089999918e+03 1.886866240800000014e+04 2.027283558579999863e+02 -6.148180639640000322e+01 1.961670492369999863e+02
6.500000000000000222e-01 7.550255588910000370e+03 2.272258985670000129e+03 1.886482776260000173e+04 2.018761427059999960e+02 -6.221289976810000155e+01 1.965172255550000102e+02
6.500000000000000222e-01 7.511329214000000320e+03 2.234022037700000055e+03 1.887132475429999977e+04 2.023418830800000023e+02 -6.118431597939999733e+01 1.961823233160000086e+02
6.500000000000000222e-01 7.636638329899999917e+03 2.089351050979999854e+03 1.872045285140000124e+04 2.023165407699999889e+02 -6.145007068999999689e+01 1.951849260349999895e+02
6.500000000000000222e-01 7.510071246370000154e+03 2.242317868860000090e+03 1.887129926409999825e+04 2.024954685650000101e+02 -6.117390598490000286e+01 1.961712524890000111e+02
6.500000000000000222e-01 7.470899210679999669e+03 2.420314643749999959e+03 1.873279209919999994e+04 2.026204364390000023e+02 -6.179660202059999818e+01 1.953792690610000022e+02
6.500000000000000222e-01 7.326534225839999635e+03 2.232999265439999817e+03 1.875243579289999980e+04 2.026066806800000109e+02 -6.155446206410000087e+01 1.957280871629999979e+02
6.500000000000000222e-01 7.595098202580000361e+03 2.180551459109999996e+03 1.884592918239999926e+04 2.021001181960000110e+02 -6.129000015270000290e+01 1.965121651569999983e+02
6.500000000000000222e-01 7.706145395069999722e+03 2.223174364970000170e+03 1.871429319060000125e+04 2.020918416050000133e+02 -6.151077872980000194e+01 1.961413774080000110e+02
6.500000000000000222e-01 7.554944982459999665e+03 2.336546062030000030e+03 1.884082761190000019e+04 2.020658137320000094e+02 -6.121220057720000085e+01 1.961852398510000057e+02
6.500000000000000222e-01 7.498933264530000088e+03 2.177263412450000033e+03 1.886120858420000150e+04 2.022337746970000012e+02 -6.183444568350000026e+01 1.959570657980000021e+02
6.500000000000000222e-01 7.527372170210000149e+03 2.256676566659999935e+03 1.887006643099999928e+04 2.030073227599999939e+02 -6.086537363629999930e+01 1.961302597670000125e+02
6.500000000000000222e-01 7.548312298240000018e+03 2.174967441379999855e+03 1.885957427079999979e+04 2.025069228780000117e+02 -6.132755814819999785e+01 1.963041626339999937e+02
6.500000000000000222e-01 7.479785855140000422e+03 2.229475369620000038e+03 1.886874617030000081e+04 2.029197156550000045e+02 -6.132325437829999970e+01 1.962134818019999898e+02
6.500000000000000222e-01 7.503327174699999887e+03 2.235984954560000006e+03 1.887117029550000007e+04 2.023733897950000085e+02 -6.149676993359999955e+01 1.961626166169999976e+02
6.500000000000000222e-01 7.421480359119999775e+03 2.134227376029999959e+03 1.881722606599999926e+04 2.020515078710000125e+02 -6.118805253659999721e+01 1.957683070610000016e+02
6.500000000000000222e-01 7.649863099060000422e+03 2.115150300509999852e+03 1.875774537910000072e+04 2.026260649529999966e+02 -6.170926357150000285e+01 1.955844793770000081e+02
6.500000000000000222e-01 7.431877423719999570e+03 2.358794401569999991e+03 1.880527746140000090e+04 2.030651063969999939e+02 -6.239048714670000351e+01 1.967518683950000025e+02
6.500000000000000222e-01 7.581637544379999781e+03 2.167336682789999941e+03 1.884205128920000061e+04 2.024493344320000006e+02 -6.143797732430000025e+01 1.959255685489999905e+02
6.500000000000000222e-01 7.506896962619999613e+03 2.244426680730000044e+03 1.887159059759999946e+04 2.029254710499999987e+02 -6.239596552780000138e+01 1.962779613490000088e+02
6.500000000000000222e-01 7.521931637689999661e+03 2.390641642059999867e+03 1.879446151950000058e+04 2.026925418799999932e+02 -6.252221805519999975e+01 1.968007852609999873e+02
6.500000000000000222e-01 7.470454599699999562e+03 2.265878987290000168e+03 1.886566763250000076e+04 2.028471596660000102e+02 -6.170644437909999880e+01 1.962776084509999919e+02
6.500000000000000222e-01 7.566544409649999579e+03 2.157082641729999978e+03 1.884402431409999917e+04 2.026033360849999951e+02 -6.172171715860000063e+01 1.958118342999999868e+02
6.500000000000000222e-01 7.432726151699999718e+03 2.302382695750000039e+03 1.884052230140000029e+04 2.032242124679999904e+02 -6.218794263289999691e+01 1.964361047010000050e+02
6.500000000000000222e-01 7.623438532320000377e+03 2.299577430159999949e+03 1.882541946240000107e+04 2.019416929840000137e+02 -6.203776022800000334e+01 1.967863076669999884e+02
6.500000000000000222e-01 7.355470135280000250e+03 2.113156731049999962e+03 1.871361983609999879e+04 2.027647572570000136e+02 -6.132462209839999900e+01 1.965830489479999983e+02
6.500000000000000222e-01 7.407048908269999629e+03 2.063958287649999875e+03 1.869997523139999976e+04 2.026199708640000097e+02 -6.129810593650000072e+01 1.963418118959999958e+02
6.500000000000000222e-01 7.578480476880000424e+03 2.256741188880000209e+03 1.885915211849999832e+04 2.019758149890000141e+02 -6.175661925779999706e+01 1.964483702310000126e+02
6.500000000000000222e-01 7.501257526800000051e+03 2.145554900300000099e+03 1.885092888630000016e+04 2.028505387900000017e+02 -6.177697458749999981e+01 1.960727527640000005e+02
6.500000000000000222e-01 7.548001954149999619e+03 2.158535628879999877e+03 1.884851860540000052e+04 2.018777895119999926e+02 -6.059094053999999829e+01 1.964328301969999870e+02
6.500000000000000222e-01 7.481321584930000427e+03 2.277317560179999873e+03 1.886474640200000067e+04 2.031443929970000113e+02 -6.235284130619999843e+01 1.964328273909999893e+02
6.500000000000000222e-01 7.553929951209999672e+03 2.269204534840000179e+03 1.886398949490000086e+04 2.023724834580000049e+02 -6.134263972299999779e+01 1.961925511290000088e+02
6.500000000000000222e-01 7.504685520089999955e+03 2.045707368549999956e+03 1.874125885449999987e+04 2.025632845499999917e+02 -6.113962199899999916e+01 1.966743730190000008e+02
6.500000000000000222e-01 7.467972398740000244e+03 2.270205705020000096e+03 1.886290096089999861e+04 2.025090007599999922e+02 -6.153436002520000159e+01 1.960693255779999902e+02
6.500000000000000222e-01 7.527598663800000395e+03 2.237057561770000120e+03 1.887119499179999912e+04 2.015008168649999902e+02 -6.149393874679999783e+01 1.963430080789999863e+02
6.500000000000000222e-01 7.485502127830000063e+03 2.148932979660000001e+03 1.885045293650000167e+04 2.029327059979999888e+02 -6.154426960690000215e+01 1.961738952329999961e+02
6.500000000000000222e-01 7.446497305650000271e+03 2.226254629860000023e+03 1.886013953469999979e+04 2.022141079030000128e+02 -6.157540073949999737e+01 1.959767177299999901e+02
1.390000000000000000e+04 -1.080127501739999934e+04 3.139281669200000124e+03 1.107443751169999996e+04 -2.335521180879999861e+02 2.010543641870000044e+02 -3.371653155199999787e+02
6.500000000000000222e-01 -1.092431122429999959e+04 3.186813897680000082e+03 1.112902958849999959e+04 -2.337143855719999976e+02 2.010408772099999908e+02 -3.373942275730000233e+02
6.500000000000000222e-01 -1.089391323510000075e+04 3.236689197270000022e+03 1.111933608780000031e+04 -2.334061133200000029e+02 2.007255465080000079e+02 -3.363709119229999942e+02
6.500000000000000222e-01 -1.068008037680000052e+04 3.080803240740000092e+03 1.111613296950000040e+04 -2.335652617169999985e+02 2.010900664389999974e+02 -3.379570627400000262e+02
6.500000000000000222e-01 -1.076194933329999913e+04 3.086397707090000040e+03 1.120223013370000081e+04 -2.334158991859999901e+02 2.007150974429999906e+02 -3.373565623210000126e+02
6.500000000000000222e-01 -1.077224214260000008e+04 3.099094558910000160e+03 1.120956441380000069e+04 -2.338326436609999917e+02 2.012600173909999910e+02 -3.370223837710000225e+02
6.500000000000000222e-01 -1.068636631400000078e+04 3.180390688529999807e+03 1.114619654319999972e+04 -2.338184006799999963e+02 2.008326580339999907e+02 -3.371212630009999884e+02
6.500000000000000222e-01 -1.091053864249999970e+04 3.090657807210000101e+03 1.115523338030000014e+04 -2.339291025690000083e+02 2.011757824930000140e+02 -3.373214289410000220e+02
6.500000000000000222e-01 -1.069419964339999933e+04 3.132637871479999831e+03 1.116643773099999999e+04 -2.333883494760000019e+02 2.010501572439999904e+02 -3.377501685369999791e+02
6.500000000000000222e-01 -1.084733678719999989e+04 3.182394642809999823e+03 1.120265293080000083e+04 -2.334286693040000102e+02 2.007031184539999913e+02 -3.368741581649999830e+02
6.500000000000000222e-01 -1.081296511359999931e+04 3.097115083969999887e+03 1.121190156349999961e+04 -2.336629648429999975e+02 2.008699072210000054e+02 -3.371088355329999899e+02
6.500000000000000222e-01 -1.083338868000000002e+04 3.222302791550000165e+03 1.118396243449999929e+04 -2.336446910880000019e+02 2.010225993079999967e+02 -3.372704940059999785e+02
6.500000000000000222e-01 -1.079779937240000072e+04 3.136394910420000087e+03 1.121850911769999948e+04 -2.332571844510000005e+02 2.007688954399999943e+02 -3.370503635960000111e+02
6.500000000000000222e-01 -1.081243945259999964e+04 3.174949969710000005e+03 1.121274235109999972e+04 -2.335718742889999930e+02 2.006787442010000007e+02 -3.369766422609999950e+02
6.500000000000000222e-01 -1.083668143090000012e+04 3.245625310679999984e+03 1.116887008830000013e+04 -2.339073687210000116e+02 2.009219709969999883e+02 -3.367375078809999991e+02
6.500000000000000222e-01 -1.088597411470000043e+04 3.221999427039999773e+03 1.115288539649999984e+04 -2.337664242539999861e+02 2.010587159300000053e+02 -3.373927379119999728e+02
6.500000000000000222e-01 -1.078474029560000054e+04 3.143631733910000094e+03 1.121723736160000044e+04 -2.332143289630000140e+02 2.012290156070000080e+02 -3.371293996780000271e+02
6.500000000000000222e-01 -1.079469200119999914e+04 3.105609317439999813e+03 1.121415868609999961e+04 -2.336396407640000064e+02 2.005341539270000055e+02 -3.372024111050000101e+02
6.500000000000000222e-01 -1.088635258170000088e+04 3.118657517929999813e+03 1.118919960809999975e+04 -2.332962994899999956e+02 2.011736870379999971e+02 -3.366711219520000213e+02
6.500000000000000222e-01 -1.080845767589999923e+04 3.134529502559999855e+03 1.121819302989999960e+04 -2.338791476170000010e+02 2.010794563419999861e+02 -3.370581774139999993e+02
6.500000000000000222e-01 -1.081084240879999925e+04 3.097075817100000222e+03 1.121198539720000008e+04 -2.338230629280000130e+02 2.005806035589999965e+02 -3.372018183800000202e+02
6.500000000000000222e-01 -1.080294486820000020e+04 3.139585967770000025e+03 1.121867929430000004e+04 -2.332135123660000033e+02 2.013070738700000106e+02 -3.370160570709999774e+02
6.500000000000000222e-01 -1.075541892379999990e+04 3.193633866449999914e+03 1.119820642670000052e+04 -2.334349220199999877e+02 2.013794788209999922e+02 -3.374257831630000055e+02
6.500000000000000222e-01 -1.085069252679999954e+04 3.135008449999999812e+03 1.121050867079999989e+04 -2.335949348700000030e+02 2.011600106360000098e+02 -3.369180858319999743e+02
6.500000000000000222e-01 -1.080469086729999981e+04 3.149097096970000166e+03 1.121830982030000087e+04 -2.337713084130000141e+02 2.005505191949999926e+02 -3.369850185980000106e+02
6.500000000000000222e-01 -1.093367733530000078e+04 3.118987747560000116e+03 1.112610394869999982e+04 -2.336656539980000105e+02 2.011580775930000016e+02 -3.372056086709999931e+02
6.500000000000000222e-01 -1.080871997299999930e+04 3.117924504619999880e+03 1.121676741299999958e+04 -2.335977765300000044e+02 2.013341741630000001e+02 -3.370036007169999834e+02
6.500000000000000222e-01 -1.075824712320000071e+04 3.203330063230000178e+03 1.119430091290000018e+04 -2.334612967490000131e+02 2.013266611699999942e+02 -3.374388101299999789e+02
6.500000000000000222e-01 -1.079594931150000048e+04 3.184622687730000052e+03 1.121128397480000058e+04 -2.340289945449999891e+02 2.010794896970000138e+02 -3.370277881029999776e+02
6.500000000000000222e-01 -1.085985199590000047e+04 3.155819780020000053e+03 1.120593332200000077e+04 -2.331841948390000141e+02 2.008994489499999929e+02 -3.366685938869999859e+02
6.500000000000000222e-01 -1.081928289319999931e+04 3.124049684149999848e+03 1.121666217999999935e+04 -2.337111062170000082e+02 2.010781411529999900e+02 -3.370365932540000244e+02
6.500000000000000222e-01 -1.075229426039999998e+04 3.075822007190000022e+03 1.119230027909999990e+04 -2.334411478979999970e+02 2.007595928359999959e+02 -3.375169508889999861e+02
6.500000000000000222e-01 -1.070949519479999981e+04 3.222622877729999800e+03 1.114192029670000011e+04 -2.340232397339999864e+02 2.007385175269999991e+02 -3.366924737609999738e+02
6.500000000000000222e-01 -1.083372509999999966e+04 3.178655639239999800e+03 1.121008049460000075e+04 -2.334429134209999859e+02 2.005856797419999964e+02 -3.367317428609999865e+02
6.500000000000000222e-01 -1.079358870720000050e+04 3.146140823600000203e+03 1.121811626459999934e+04 -2.332962335510000003e+02 2.014607443069999988e+02 -3.370816392709999718e+02
6.500000000000000222e-01 -1.079147782560000087e+04 3.163170171769999797e+03 1.121600631520000024e+04 -2.336269794039999965e+02 2.015572256460000062e+02 -3.371427881390000039e+02
6.500000000000000222e-01 -1.076837804099999994e+04 3.170930455220000113e+03 1.121026389740000013e+04 -2.334215893139999878e+02 2.014609398359999943e+02 -3.372810899009999730e+02
6.500000000000000222e-01 -1.078406093689999943e+04 3.120719958879999922e+03 1.121573785700000008e+04 -2.342649956649999865e+02 2.015897180480000088e+02 -3.369478650080000079e+02
6.500000000000000222e-01 -1.083551837049999995e+04 3.180064746869999908e+03 1.120976795139999922e+04 -2.340968302990000041e+02 2.014100888730000065e+02 -3.371108146430000261e+02
6.500000000000000222e-01 -1.084706935359999989e+04 3.118417649200000142e+03 1.121019824870000048e+04 -2.342903809780000017e+02 2.008765797510000084e+02 -3.371820933590000209e+02
6.500000000000000222e-01 -1.069746500969999943e+04 3.200047030790000008e+03 1.114879482490000009e+04 -2.339769378050000057e+02 2.007160278510000069e+02 -3.367774531150000143e+02
