3.450000000000000000e+05 -2.999109653729999991e+03 2.255195127739999862e+03 3.447346068689999811e+03 1.066242911220000025e+02 8.081966960830000346e+01 2.231426089320000017e+02
6.500000000000000222e-01 -2.814601056519999929e+03 2.120928125089999867e+03 3.475606939969999985e+03 1.130095365520000001e+02 7.956823960030000364e+01 2.200636485310000126e+02
6.500000000000000222e-01 -2.608664354300000014e+03 2.445617987810000159e+03 3.797897133609999855e+03 1.145951947599999983e+02 7.871774240460000271e+01 2.079607413470000097e+02
6.500000000000000222e-01 -2.550818512289999944e+03 2.460462586019999890e+03 3.886087794269999904e+03 1.159009272330000044e+02 7.670297641770000041e+01 2.052726774230000046e+02
6.500000000000000222e-01 -2.864454371939999874e+03 2.418106602639999892e+03 3.501861157589999948e+03 1.092084945990000051e+02 8.246533499029999348e+01 2.173433987630000104e+02
6.500000000000000222e-01 -2.856743157580000116e+03 2.431176688219999960e+03 3.669079928870000003e+03 1.071631633389999934e+02 8.189129710970000531e+01 2.136556758160000129e+02
6.500000000000000222e-01 -2.704327299170000060e+03 2.417867594729999837e+03 3.925331750819999797e+03 1.092678307759999967e+02 7.230407914059999541e+01 2.080278008740000075e+02
6.500000000000000222e-01 -2.712805451889999858e+03 2.438487377670000114e+03 3.866948195349999878e+03 1.136575295509999961e+02 7.531770859300000609e+01 2.058115846720000093e+02
6.500000000000000222e-01 -2.750127367260000028e+03 2.418917454349999844e+03 3.903719248200000038e+03 1.085017418369999973e+02 7.352209196229999577e+01 2.085889168719999986e+02
6.500000000000000222e-01 -2.921536337770000046e+03 2.378189743869999802e+03 3.645624999770000159e+03 1.048979779659999991e+02 8.075055629679999925e+01 2.153509328590000109e+02
6.500000000000000222e-01 -2.683455660609999995e+03 2.424497191829999792e+03 3.862399341150000055e+03 1.093016154559999933e+02 7.666286187820000464e+01 2.087975088309999876e+02
6.500000000000000222e-01 -2.563986763009999777e+03 2.472484702430000198e+03 3.869725655400000051e+03 1.144331292789999992e+02 7.757039279110000507e+01 2.063400667329999862e+02
6.500000000000000222e-01 -2.698281255790000159e+03 2.321148878120000063e+03 3.701843330130000140e+03 1.163746732479999935e+02 7.539820624339999711e+01 2.109848117040000091e+02
6.500000000000000222e-01 -2.669096750459999839e+03 2.321836803959999997e+03 3.874314385959999981e+03 1.133485044279999983e+02 7.383523389450000707e+01 2.075393485239999904e+02
6.500000000000000222e-01 -2.771941764619999958e+03 2.373193251289999807e+03 3.731769236059999912e+03 1.147157384230000048e+02 7.435294754180000609e+01 2.099624608050000063e+02
6.500000000000000222e-01 -2.657234578349999992e+03 2.396905240659999890e+03 3.732382376770000064e+03 1.160417759289999964e+02 7.784266472330000397e+01 2.093209488139999905e+02
6.500000000000000222e-01 -2.856637449870000182e+03 2.412194063320000168e+03 3.633839901719999943e+03 1.114288534439999978e+02 8.233698573840000279e+01 2.112682520170000089e+02
6.500000000000000222e-01 -2.495984754059999887e+03 2.471201554549999855e+03 3.953027902610000183e+03 1.157900772419999953e+02 7.612092372659999739e+01 2.033034439660000032e+02
6.500000000000000222e-01 -2.777299657540000226e+03 2.279393690809999953e+03 3.781547113730000092e+03 1.112004096090000047e+02 7.271051052629999845e+01 2.118008719620000022e+02
6.500000000000000222e-01 -3.015245681440000226e+03 2.272835680900000170e+03 3.607051166109999940e+03 1.029436054819999953e+02 7.583881545159999860e+01 2.186592756539999982e+02
6.500000000000000222e-01 -2.894338176560000193e+03 2.285188054029999876e+03 3.768395427630000086e+03 1.073926409639999946e+02 7.302126919650000048e+01 2.139077671359999897e+02
6.500000000000000222e-01 -2.538933393390000219e+03 2.423481679049999912e+03 3.975774619910000183e+03 1.150445837540000014e+02 7.669397367930000087e+01 2.020557311229999868e+02
6.500000000000000222e-01 -2.711437034690000019e+03 2.434191100070000175e+03 3.909881607970000005e+03 1.126653356540000033e+02 7.284575970759999564e+01 2.058740703260000089e+02
6.500000000000000222e-01 -2.868699101650000102e+03 2.384433471089999784e+03 3.519739838559999953e+03 1.118205859100000055e+02 8.232493836620000138e+01 2.140937488179999946e+02
6.500000000000000222e-01 -2.675415570929999831e+03 2.435073529230000076e+03 3.843212482750000163e+03 1.148272379980000011e+02 7.621190715269999316e+01 2.060424810639999862e+02
6.500000000000000222e-01 -2.586513498280000022e+03 2.439469936399999824e+03 3.883698130729999775e+03 1.158270499949999959e+02 7.633360346249999395e+01 2.048612768119999998e+02
6.500000000000000222e-01 -2.742892010619999837e+03 2.405711407729999792e+03 3.925076110120000067e+03 1.097756367989999973e+02 7.099381270109999775e+01 2.079463722970000106e+02
6.500000000000000222e-01 -2.501477654669999993e+03 2.377921526860000085e+03 4.005704110000000128e+03 1.164241948100000030e+02 7.585497866730000283e+01 2.012672379679999892e+02
6.500000000000000222e-01 -2.574152045580000049e+03 2.485765242099999796e+03 3.935675230920000104e+03 1.126130034279999990e+02 7.571705965840000374e+01 2.052885277270000017e+02
6.500000000000000222e-01 -2.629535915909999858e+03 2.422324686760000077e+03 3.945786592219999875e+03 1.128730355510000010e+02 7.586036641869999642e+01 2.041469205630000090e+02
6.500000000000000222e-01 -2.795224576909999996e+03 2.370605857999999898e+03 3.929076125200000206e+03 1.085405852269999940e+02 7.864433273429999360e+01 2.066533734520000110e+02
6.500000000000000222e-01 -2.735107555019999836e+03 2.465241828660000010e+03 3.791292632319999939e+03 1.125221051420000009e+02 7.802797889059999648e+01 2.082013527350000004e+02
6.500000000000000222e-01 -2.850514067860000068e+03 2.422299922789999982e+03 3.869733056569999917e+03 1.079367542319999984e+02 8.013688180900000191e+01 2.074472588570000084e+02
6.500000000000000222e-01 -2.557164368589999867e+03 2.459212188450000212e+03 3.957043849000000137e+03 1.124480546540000034e+02 7.581966723520000073e+01 2.045668047720000118e+02
6.500000000000000222e-01 -3.069592344979999780e+03 2.202931289940000170e+03 3.501589828709999892e+03 1.031573119699999950e+02 7.790055517780000116e+01 2.187772974830000123e+02
6.500000000000000222e-01 -2.700647939689999930e+03 2.423377193230000103e+03 3.831841321280000102e+03 1.116004119090000017e+02 8.036542103729999553e+01 2.067599094669999999e+02
6.500000000000000222e-01 -2.669438978170000155e+03 2.435543754320000062e+03 3.918361480670000219e+03 1.117335616369999940e+02 7.712186554640000224e+01 2.050862509119999970e+02
6.500000000000000222e-01 -2.802643473929999800e+03 2.335420984549999957e+03 3.881067920049999884e+03 1.096947916120000031e+02 7.210542418939999720e+01 2.095570595700000069e+02
6.500000000000000222e-01 -2.888280338749999828e+03 2.355761567349999950e+03 3.408386842169999909e+03 1.117737865040000003e+02 7.864161400259999368e+01 2.179046272859999931e+02
6.500000000000000222e-01 -2.835253870179999922e+03 2.317001513619999969e+03 3.783318900450000001e+03 1.067442390429999932e+02 7.681705582499999707e+01 2.125829770480000036e+02
6.500000000000000222e-01 -2.721721214690000124e+03 2.476308478360000208e+03 3.734873915589999797e+03 1.114639969579999956e+02 7.940433208310000168e+01 2.114127934400000015e+02
6.500000000000000222e-01 -2.628047704279999834e+03 2.385717286420000164e+03 4.008588187870000183e+03 1.141038504920000065e+02 7.302181899670000575e+01 2.030134349930000042e+02
6.500000000000000222e-01 -2.810128407669999888e+03 2.379034940510000069e+03 3.822819655920000059e+03 1.066784190430000052e+02 7.402170712470000069e+01 2.119971920149999960e+02
6.500000000000000222e-01 -2.747773765970000113e+03 2.364970975170000202e+03 3.857691268380000110e+03 1.123028388439999929e+02 7.108376919069999644e+01 2.086726241940000079e+02
6.500000000000000222e-01 -2.649332524469999953e+03 2.457373181330000079e+03 3.903552624299999934e+03 1.125717350890000006e+02 7.695180169379999313e+01 2.052122114160000024e+02
6.500000000000000222e-01 -2.775668795309999950e+03 2.426049450040000011e+03 3.887374778039999910e+03 1.104464928170000064e+02 8.025961941830000512e+01 2.052993304039999884e+02
6.500000000000000222e-01 -2.720581868159999885e+03 2.467154394369999864e+03 3.889353905219999888e+03 1.108149868229999981e+02 7.667723096989999476e+01 2.064395190200000059e+02
6.500000000000000222e-01 -3.267619558490000145e+03 2.268649035550000008e+03 3.130082456820000061e+03 9.747140012459999525e+01 8.671314863909999815e+01 2.331205015840000101e+02
6.500000000000000222e-01 -2.696132405020000078e+03 2.464854607679999845e+03 3.906982962839999800e+03 1.110185989449999937e+02 7.613695994200000428e+01 2.060687122900000077e+02
6.500000000000000222e-01 -2.795332442660000197e+03 2.256388557199999923e+03 3.742766000749999876e+03 1.114275468430000018e+02 7.289114711409999359e+01 2.129080008009999858e+02
6.500000000000000222e-01 -2.697226234870000098e+03 2.360740297750000082e+03 3.687230477950000022e+03 1.163001540510000069e+02 7.681795931429999769e+01 2.108939561869999864e+02
6.500000000000000222e-01 -2.874255580300000020e+03 2.440193455810000160e+03 3.745143813390000105e+03 1.067061095669999986e+02 8.067623817230000327e+01 2.118256532679999964e+02
6.500000000000000222e-01 -3.200953649479999967e+03 2.333622290849999899e+03 3.518433758640000178e+03 9.800534665290000191e+01 8.555470986570000491e+01 2.302988981050000064e+02
6.500000000000000222e-01 -2.766213446790000035e+03 2.414631150650000109e+03 3.932364925819999826e+03 1.093043636600000070e+02 7.425058528530000501e+01 2.068887447070000007e+02
6.500000000000000222e-01 -2.814354110039999796e+03 2.432257086290000188e+03 3.717884266930000194e+03 1.106394023860000004e+02 8.102978453929999603e+01 2.099910312810000050e+02
6.500000000000000222e-01 -2.646465827210000043e+03 2.461889805920000072e+03 3.944506753440000011e+03 1.103980398719999982e+02 7.409835616700000571e+01 2.063092959980000103e+02
6.500000000000000222e-01 -2.787680358860000069e+03 2.452083053570000175e+03 3.777026732100000117e+03 1.088768160359999939e+02 7.976050775070000043e+01 2.101694874650000031e+02
6.500000000000000222e-01 -2.622332824510000137e+03 2.464056589880000047e+03 3.920268228120000003e+03 1.125549501520000035e+02 7.636627302280000151e+01 2.050824888770000030e+02
6.500000000000000222e-01 -2.714627531900000122e+03 2.455886888429999999e+03 3.878804022610000175e+03 1.114124119589999964e+02 7.760601386800000512e+01 2.061009972200000107e+02
6.500000000000000222e-01 -2.843628510219999953e+03 2.432011868059999870e+03 3.612067089719999785e+03 1.117491624019999961e+02 7.982581787120000172e+01 2.131048211719999870e+02
6.500000000000000222e-01 -3.159841369320000013e+03 2.312572762060000059e+03 3.317158902210000178e+03 9.921976878910000153e+01 8.638812767039999585e+01 2.287988704720000044e+02
6.500000000000000222e-01 -2.491110697969999819e+03 2.382934579289999874e+03 4.040202889700000014e+03 1.162649511019999977e+02 7.604416867950000380e+01 2.001890255819999993e+02
6.500000000000000222e-01 -2.921260056929999791e+03 2.405307916469999782e+03 3.617754560320000110e+03 1.061640633189999932e+02 8.073406029369999715e+01 2.150842197899999917e+02
6.500000000000000222e-01 -2.648546264820000033e+03 2.421847062370000003e+03 3.884105503719999888e+03 1.125998296260000018e+02 8.013052675129999614e+01 2.047847227729999986e+02
6.500000000000000222e-01 -2.621955274660000214e+03 2.344776124070000151e+03 3.993626168799999959e+03 1.127297107790000013e+02 7.701631831369999759e+01 2.034006943070000091e+02
6.500000000000000222e-01 -2.596440016309999919e+03 2.448598571070000162e+03 3.958273614430000180e+03 1.135757686009999929e+02 7.651783752219999712e+01 2.031924142350000011e+02
6.500000000000000222e-01 -2.911438892550000219e+03 2.395820091539999794e+03 3.587687294710000060e+03 1.067900769059999959e+02 8.163542577040000481e+01 2.151633745659999875e+02
6.500000000000000222e-01 -2.504723913039999843e+03 2.415740825150000092e+03 3.997784419330000219e+03 1.158336656649999981e+02 7.653465721850000136e+01 2.011647550579999972e+02
6.500000000000000222e-01 -2.842971097160000227e+03 2.382399517889999970e+03 3.855477280019999853e+03 1.073078817439999995e+02 8.005075033759999314e+01 2.087500683469999956e+02
6.500000000000000222e-01 -2.720645168609999928e+03 2.379656983459999992e+03 3.578617235900000196e+03 1.146116857009999990e+02 8.087859344710000187e+01 2.144139804129999902e+02
6.500000000000000222e-01 -3.157524756310000157e+03 2.344677836310000203e+03 3.380580737990000216e+03 1.000221714240000068e+02 8.215799839739999300e+01 2.245108566320000136e+02
6.500000000000000222e-01 -2.814111383689999911e+03 2.428057854449999923e+03 3.851871652929999982e+03 1.086468672630000043e+02 7.941012460960000396e+01 2.077968206799999962e+02
6.500000000000000222e-01 -2.766082267580000007e+03 2.428721307889999935e+03 3.699016123719999996e+03 1.105522261309999976e+02 8.148621119560000636e+01 2.111463314730000036e+02
6.500000000000000222e-01 -2.858576109239999823e+03 2.483178171819999989e+03 3.762956545470000037e+03 1.076747019999999964e+02 7.855542923470000005e+01 2.113715375380000125e+02
6.500000000000000222e-01 -2.558243057310000040e+03 2.425298500979999972e+03 3.968680653330000041e+03 1.141300192860000067e+02 7.842047424780000142e+01 2.020992226509999909e+02
6.500000000000000222e-01 -2.749722020210000210e+03 2.438607244549999905e+03 3.890887725659999887e+03 1.094346357759999933e+02 7.654515106809999736e+01 2.072732522340000116e+02
6.500000000000000222e-01 -2.979182381789999909e+03 2.392392074110000067e+03 3.413212855629999922e+03 1.050493830690000010e+02 8.271722439719999898e+01 2.191279811080000002e+02
6.500000000000000222e-01 -2.657869000170000163e+03 2.445933650559999933e+03 3.921285731999999825e+03 1.130136640319999941e+02 7.597599800710000295e+01 2.045504629170000044e+02
6.500000000000000222e-01 -2.822005212030000166e+03 2.465286745549999978e+03 3.858570714529999805e+03 1.100303862170000002e+02 7.889678217510000025e+01 2.064807362269999942e+02
6.500000000000000222e-01 -2.719110583489999954e+03 2.444558768970000074e+03 3.747751824880000186e+03 1.113257870890000021e+02 8.030498706449999702e+01 2.099326095760000044e+02
6.500000000000000222e-01 -2.717436939650000113e+03 2.450919183930000145e+03 3.838565266770000107e+03 1.131344033099999962e+02 7.780489592290000189e+01 2.062213920719999862e+02
6.500000000000000222e-01 -2.770619794759999877e+03 2.312426245839999865e+03 3.645709846910000124e+03 1.153498533420000030e+02 7.472963445130000082e+01 2.127352347560000112e+02
6.500000000000000222e-01 -2.534301907260000007e+03 2.334987235990000045e+03 3.965389274449999903e+03 1.171358903349999991e+02 7.476831015679999837e+01 2.035932917620000069e+02
6.500000000000000222e-01 -3.259157726729999922e+03 2.261614201760000014e+03 3.219390650809999897e+03 9.656937708220000616e+01 8.501296297769999910e+01 2.318977778400000034e+02
6.500000000000000222e-01 -2.857485146909999912e+03 2.387030374370000118e+03 3.617529480390000117e+03 1.074528929580000067e+02 8.265872073670000475e+01 2.142566620089999958e+02
6.500000000000000222e-01 -2.797436991640000088e+03 2.455743025490000036e+03 3.785101485090000097e+03 1.086315021980000068e+02 7.958690664159999528e+01 2.100645906279999906e+02
6.500000000000000222e-01 -2.987351353699999891e+03 2.309656136550000156e+03 3.671610577729999932e+03 1.033193298139999996e+02 8.031207269959999451e+01 2.160643137380000098e+02
6.500000000000000222e-01 -2.844668860660000064e+03 2.372277974000000086e+03 3.532761867079999774e+03 1.137893463850000018e+02 7.893715576050000493e+01 2.144939803720000100e+02
6.500000000000000222e-01 -3.064100525459999972e+03 2.285116451100000177e+03 3.468248907499999859e+03 1.024276504390000042e+02 7.791896196659999418e+01 2.186067986209999958e+02
6.500000000000000222e-01 -2.552547897349999857e+03 2.417118630699999812e+03 3.969178046420000101e+03 1.149482321020000057e+02 7.643891738530000168e+01 2.023764685509999879e+02
6.500000000000000222e-01 -2.747952279860000090e+03 2.433404185700000198e+03 3.752087088459999904e+03 1.112692933080000017e+02 8.076547616989999767e+01 2.091983971600000132e+02
6.500000000000000222e-01 -2.671214416799999981e+03 2.376365550720000101e+03 3.907263047460000053e+03 1.128295488180000063e+02 7.314614987359999532e+01 2.064264492229999917e+02
6.500000000000000222e-01 -2.625345555280000099e+03 2.428406671969999934e+03 3.884473403169999983e+03 1.118054529070000029e+02 7.870085183529999995e+01 2.060206192139999928e+02
6.500000000000000222e-01 -2.621061722110000119e+03 2.421274813089999952e+03 3.942743686580000031e+03 1.129593050539999979e+02 7.751421960109999532e+01 2.036758987739999895e+02
6.500000000000000222e-01 -2.624527338349999809e+03 2.387767836139999872e+03 4.020642772589999822e+03 1.138906484630000051e+02 7.347349865590000206e+01 2.025965249520000100e+02
6.500000000000000222e-01 -2.730151039880000098e+03 2.338160956220000116e+03 3.786566833320000114e+03 1.143416749080000017e+02 7.292074730480000255e+01 2.094737200739999992e+02
6.500000000000000222e-01 -2.630015972629999851e+03 2.442504239930000040e+03 3.912796236919999956e+03 1.104453505419999999e+02 7.581414091759999963e+01 2.069532211519999976e+02
6.500000000000000222e-01 -2.777247867460000180e+03 2.406763375579999774e+03 3.723035667220000050e+03 1.106023716199999996e+02 8.232586352990000478e+01 2.097265490059999991e+02
6.500000000000000222e-01 -2.538506560610000179e+03 2.450655562850000024e+03 3.900099987900000087e+03 1.158761285890000039e+02 7.686235349529999894e+01 2.045442600979999952e+02
6.500000000000000222e-01 -2.716805345509999825e+03 2.455187852590000148e+03 3.868407359020000058e+03 1.114215546890000041e+02 7.790127422519999811e+01 2.063357220860000041e+02
6.500000000000000222e-01 -2.802698926879999817e+03 2.411779264870000134e+03 3.695219557989999885e+03 1.110712447220000030e+02 8.256577684510000381e+01 2.099930189559999860e+02
1.390000000000000000e+04 -2.346257388680000076e+04 1.592002041219999956e+04 -1.554622183579999910e+04 -1.232710112689999988e+02 1.449515149450000138e+02 -3.479108417680000116e+02
6.500000000000000222e-01 -2.346555082250000123e+04 1.594552771240000038e+04 -1.542868528300000071e+04 -1.232695461520000038e+02 1.452116288070000110e+02 -3.486979983130000278e+02
6.500000000000000222e-01 -2.343845094880000033e+04 1.598023229250000077e+04 -1.547586924940000063e+04 -1.236666471350000052e+02 1.447550065400000108e+02 -3.489926753839999947e+02
6.500000000000000222e-01 -2.354355144780000046e+04 1.594305816559999948e+04 -1.541766541219999999e+04 -1.236723889219999961e+02 1.453839750159999937e+02 -3.484204038159999754e+02
6.500000000000000222e-01 -2.350789819229999921e+04 1.590269878140000037e+04 -1.542609378060000017e+04 -1.237468608519999975e+02 1.446284785160000013e+02 -3.486528284510000049e+02
6.500000000000000222e-01 -2.362213839160000134e+04 1.594319851860000017e+04 -1.549054498310000054e+04 -1.237018737970000046e+02 1.458184846219999997e+02 -3.480907296490000249e+02
6.500000000000000222e-01 -2.349629057079999984e+04 1.593561119069999950e+04 -1.542772805309999967e+04 -1.235730499280000032e+02 1.454558158350000099e+02 -3.486681375730000241e+02
6.500000000000000222e-01 -2.344436064529999931e+04 1.598385452869999972e+04 -1.547867642630000046e+04 -1.237188418570000010e+02 1.446619690699999978e+02 -3.489708392300000241e+02
6.500000000000000222e-01 -2.352662929269999950e+04 1.596600932009999997e+04 -1.542987983580000036e+04 -1.242490822580000014e+02 1.448851081759999886e+02 -3.486123342370000273e+02
6.500000000000000222e-01 -2.352466295000000173e+04 1.594059300540000004e+04 -1.540219117569999980e+04 -1.233211533719999977e+02 1.450384757019999995e+02 -3.481699403499999903e+02
6.500000000000000222e-01 -2.351207337280000138e+04 1.592445972380000057e+04 -1.542890071200000057e+04 -1.236552434569999974e+02 1.452730655370000079e+02 -3.486827531339999950e+02
6.500000000000000222e-01 -2.340793890789999932e+04 1.585113216579999971e+04 -1.549360733810000056e+04 -1.230504812899999934e+02 1.449469748790000097e+02 -3.490358386949999954e+02
6.500000000000000222e-01 -2.342826507040000070e+04 1.594607832219999909e+04 -1.547462811979999969e+04 -1.241485982300000046e+02 1.438549676160000104e+02 -3.481701575540000135e+02
6.500000000000000222e-01 -2.351981525450000117e+04 1.593192073519999940e+04 -1.540630120429999988e+04 -1.236092872530000051e+02 1.445746671109999966e+02 -3.482873487879999743e+02
6.500000000000000222e-01 -2.346349558189999880e+04 1.595999577800000043e+04 -1.543307990240000072e+04 -1.233906001290000063e+02 1.452806257729999970e+02 -3.487481016120000277e+02
6.500000000000000222e-01 -2.349020570270000098e+04 1.598061563510000087e+04 -1.543788117910000074e+04 -1.238183399720000040e+02 1.453175676550000048e+02 -3.487869941210000206e+02
6.500000000000000222e-01 -2.344932307930000024e+04 1.597297525040000073e+04 -1.545570234539999910e+04 -1.235889907250000022e+02 1.450321596039999861e+02 -3.489221317710000108e+02
6.500000000000000222e-01 -2.352274999730000127e+04 1.595413512169999922e+04 -1.542869534919999933e+04 -1.242768628609999979e+02 1.456468140419999884e+02 -3.486870713229999978e+02
6.500000000000000222e-01 -2.357595246599999882e+04 1.599424200949999977e+04 -1.543079124760000013e+04 -1.244510261479999969e+02 1.454064107030000059e+02 -3.486079049990000271e+02
6.500000000000000222e-01 -2.358847215309999956e+04 1.591405719209999916e+04 -1.543714553119999982e+04 -1.243169411249999996e+02 1.453281741039999986e+02 -3.486739735599999790e+02
6.500000000000000222e-01 -2.340848685820000173e+04 1.592619289439999920e+04 -1.547828331719999915e+04 -1.240128842839999948e+02 1.439347059629999990e+02 -3.482863347279999857e+02
6.500000000000000222e-01 -2.351330968779999967e+04 1.594481962879999992e+04 -1.542819253550000030e+04 -1.242123158210000042e+02 1.455498360580000110e+02 -3.486434333149999816e+02
6.500000000000000222e-01 -2.339994906130000163e+04 1.592232080560000031e+04 -1.549029729430000043e+04 -1.240479892660000019e+02 1.442521529599999894e+02 -3.483911341699999866e+02
6.500000000000000222e-01 -2.362909253370000079e+04 1.597915265290000025e+04 -1.545632265560000087e+04 -1.241124241589999997e+02 1.455351075039999955e+02 -3.481509115810000026e+02
6.500000000000000222e-01 -2.343337047470000107e+04 1.592580178589999923e+04 -1.546251624190000075e+04 -1.241985055880000033e+02 1.441890665109999929e+02 -3.484029334049999989e+02
6.500000000000000222e-01 -2.357729389810000066e+04 1.590049372170000061e+04 -1.544287492799999927e+04 -1.240748472150000055e+02 1.453399738120000109e+02 -3.486723082280000199e+02
6.500000000000000222e-01 -2.341001595470000029e+04 1.583238935830000082e+04 -1.551800261289999980e+04 -1.229598245459999930e+02 1.451983412019999946e+02 -3.489901916960000108e+02
6.500000000000000222e-01 -2.347234316330000001e+04 1.591404063820000010e+04 -1.543715438510000058e+04 -1.235928602249999955e+02 1.455989658500000132e+02 -3.486398888329999863e+02
6.500000000000000222e-01 -2.348193908490000103e+04 1.597451602070000081e+04 -1.544520051679999960e+04 -1.237718326829999995e+02 1.450047750569999891e+02 -3.488179195120000031e+02
6.500000000000000222e-01 -2.354071556179999970e+04 1.599979014540000026e+04 -1.544092665470000065e+04 -1.244888258309999998e+02 1.447102087789999985e+02 -3.484435671470000102e+02
6.500000000000000222e-01 -2.355134266729999945e+04 1.590928393379999943e+04 -1.544958990950000043e+04 -1.238584201820000033e+02 1.458261745160000089e+02 -3.486505694479999988e+02
6.500000000000000222e-01 -2.344262814670000080e+04 1.592222944180000013e+04 -1.544816188479999983e+04 -1.233610664389999982e+02 1.449122134430000131e+02 -3.488931870889999800e+02
6.500000000000000222e-01 -2.351214873850000004e+04 1.595806584389999989e+04 -1.542508549160000075e+04 -1.239398456140000064e+02 1.459279328490000012e+02 -3.485930933980000077e+02
6.500000000000000222e-01 -2.350050346859999991e+04 1.592914255989999947e+04 -1.543437322780000068e+04 -1.238572854250000006e+02 1.452661838379999892e+02 -3.487533462459999782e+02
6.500000000000000222e-01 -2.348753131719999874e+04 1.590564303690000088e+04 -1.545339394089999951e+04 -1.234236737359999978e+02 1.463123082550000049e+02 -3.483006929929999842e+02
6.500000000000000222e-01 -2.342786390300000130e+04 1.591504986359999930e+04 -1.547216160859999945e+04 -1.239843736189999959e+02 1.446942022949999966e+02 -3.487844031820000055e+02
6.500000000000000222e-01 -2.352781134229999952e+04 1.595128868809999949e+04 -1.542905257789999996e+04 -1.243233999859999983e+02 1.455389791009999954e+02 -3.486960443020000184e+02
6.500000000000000222e-01 -2.335058034599999883e+04 1.584844110430000001e+04 -1.553098966029999974e+04 -1.229301567320000004e+02 1.448426956309999980e+02 -3.488220425569999747e+02
6.500000000000000222e-01 -2.359280134130000079e+04 1.596627358889999960e+04 -1.541730967400000009e+04 -1.235365409679999971e+02 1.451952782689999992e+02 -3.474875416279999740e+02
6.500000000000000222e-01 -2.352039495579999857e+04 1.591513454009999987e+04 -1.542826177180000013e+04 -1.237992097940000065e+02 1.451078638230000024e+02 -3.486666378049999935e+02
6.500000000000000222e-01 -2.349217044639999949e+04 1.591939056180000080e+04 -1.544818909789999998e+04 -1.238279013410000005e+02 1.455092574619999937e+02 -3.488394461849999857e+02
6.500000000000000222e-01 -2.356805854239999826e+04 1.603297633999999925e+04 -1.546121843479999916e+04 -1.245455451960000062e+02 1.452102692789999878e+02 -3.486591271660000189e+02
6.500000000000000222e-01 -2.363831992760000139e+04 1.595896545150000020e+04 -1.549779149019999932e+04 -1.240102569759999938e+02 1.456746555949999902e+02 -3.483208973229999970e+02
6.500000000000000222e-01 -2.339528903889999856e+04 1.588558480050000071e+04 -1.548302695809999932e+04 -1.236209681779999983e+02 1.449268386239999984e+02 -3.485805968710000116e+02
6.500000000000000222e-01 -2.341636693060000107e+04 1.593247704309999972e+04 -1.548172135809999963e+04 -1.237746266810000009e+02 1.439870525450000116e+02 -3.487337815640000258e+02
6.500000000000000222e-01 -2.353061876359999951e+04 1.590935217030000058e+04 -1.542439847840000039e+04 -1.230072670960000067e+02 1.459975848290000044e+02 -3.478949118770000268e+02
6.500000000000000222e-01 -2.352202368339999884e+04 1.590190805159999945e+04 -1.546606880559999991e+04 -1.233386510849999951e+02 1.464154375319999986e+02 -3.482181845630000225e+02
6.500000000000000222e-01 -2.347976982199999838e+04 1.587942406160000064e+04 -1.544740169729999980e+04 -1.229002347520000029e+02 1.461015317389999950e+02 -3.480556616779999786e+02
6.500000000000000222e-01 -2.343130043360000127e+04 1.591767038649999995e+04 -1.545624350659999982e+04 -1.233578520589999954e+02 1.448638435320000042e+02 -3.489479511650000063e+02
6.500000000000000222e-01 -2.356530834939999841e+04 1.602555044959999941e+04 -1.551615074769999956e+04 -1.242191103680000026e+02 1.446663455210000109e+02 -3.484875627480000162e+02
6.500000000000000222e-01 -2.349879721390000122e+04 1.595021496259999913e+04 -1.542558797459999914e+04 -1.237179442719999969e+02 1.457193135420000090e+02 -3.486348339080000187e+02
6.500000000000000222e-01 -2.350674172959999851e+04 1.590361969959999988e+04 -1.542731691850000061e+04 -1.237793371900000068e+02 1.446318586540000126e+02 -3.486788577450000162e+02
6.500000000000000222e-01 -2.335184765020000123e+04 1.585224868609999976e+04 -1.554589493100000072e+04 -1.229296982770000000e+02 1.448494971810000038e+02 -3.490516385459999924e+02
6.500000000000000222e-01 -2.355615182070000083e+04 1.593606630369999948e+04 -1.542500722329999917e+04 -1.244852782770000061e+02 1.452130909359999862e+02 -3.486612448559999962e+02
6.500000000000000222e-01 -2.339650122629999896e+04 1.594985570659999939e+04 -1.551435039829999914e+04 -1.236785859579999993e+02 1.440242937970000128e+02 -3.488840605280000204e+02
6.500000000000000222e-01 -2.351426246900000115e+04 1.599451574050000090e+04 -1.543885014749999937e+04 -1.240348235010000053e+02 1.454108331820000046e+02 -3.487886633749999987e+02
6.500000000000000222e-01 -2.351770877349999864e+04 1.593275220850000005e+04 -1.541186850869999944e+04 -1.234973005110000059e+02 1.446216072590000010e+02 -3.483169511199999988e+02
6.500000000000000222e-01 -2.347247148379999999e+04 1.583669045790000018e+04 -1.555403923129999930e+04 -1.228761752829999949e+02 1.460065603840000108e+02 -3.486531337850000227e+02
6.500000000000000222e-01 -2.337365235749999920e+04 1.589217765660000077e+04 -1.550148282010000003e+04 -1.236821483330000007e+02 1.447258307849999994e+02 -3.483200698360000160e+02
6.500000000000000222e-01 -2.332593915030000062e+04 1.590657178609999937e+04 -1.560926331150000078e+04 -1.232920779519999996e+02 1.441670728770000096e+02 -3.487971625139999787e+02
6.500000000000000222e-01 -2.338363670260000072e+04 1.591872113270000045e+04 -1.549175896760000069e+04 -1.238991944330000052e+02 1.440768862769999998e+02 -3.481361498009999877e+02
6.500000000000000222e-01 -2.351434733780000170e+04 1.592376016510000045e+04 -1.542645858930000031e+04 -1.243472049039999945e+02 1.444794759490000047e+02 -3.485553224149999778e+02
6.500000000000000222e-01 -2.346110905070000081e+04 1.596340069050000056e+04 -1.544384817939999994e+04 -1.235557885139999996e+02 1.450861359490000098e+02 -3.488423295430000053e+02
6.500000000000000222e-01 -2.349490351630000077e+04 1.592100901010000052e+04 -1.543527575950000028e+04 -1.243352832829999954e+02 1.446946815910000055e+02 -3.486388317540000230e+02
6.500000000000000222e-01 -2.346603803619999962e+04 1.590310995960000037e+04 -1.544004922389999956e+04 -1.234150504790000014e+02 1.448695889690000058e+02 -3.488202402730000244e+02
6.500000000000000222e-01 -2.355008620439999868e+04 1.603157054919999973e+04 -1.547338923330000034e+04 -1.244070441690000024e+02 1.450523469720000094e+02 -3.487157785699999977e+02
6.500000000000000222e-01 -2.345258782269999938e+04 1.587875344340000083e+04 -1.544751034819999950e+04 -1.232621785099999983e+02 1.447699471850000066e+02 -3.488553914689999829e+02
6.500000000000000222e-01 -2.361201471680000031e+04 1.596366265249999924e+04 -1.546302759390000028e+04 -1.235703675639999943e+02 1.454470402430000036e+02 -3.475618059509999966e+02
6.500000000000000222e-01 -2.354245173670000077e+04 1.594531660469999952e+04 -1.541705187499999920e+04 -1.236577507399999973e+02 1.455100837010000134e+02 -3.484369970010000088e+02
6.500000000000000222e-01 -2.352335822700000062e+04 1.593000226189999921e+04 -1.542704490799999985e+04 -1.234506142980000050e+02 1.462853890330000013e+02 -3.482109713820000252e+02
6.500000000000000222e-01 -2.353932087029999821e+04 1.598243553830000019e+04 -1.546578019130000030e+04 -1.237261568429999983e+02 1.442123578700000053e+02 -3.480038096519999726e+02
6.500000000000000222e-01 -2.349474754770000072e+04 1.596067832869999984e+04 -1.542119461480000064e+04 -1.235045690409999963e+02 1.455688120389999938e+02 -3.485993663309999988e+02
6.500000000000000222e-01 -2.339373180929999944e+04 1.586784531559999959e+04 -1.548483805960000063e+04 -1.232973579030000053e+02 1.455172688030000074e+02 -3.481783067819999928e+02
6.500000000000000222e-01 -2.338855581879999954e+04 1.585333760939999956e+04 -1.551265061520000017e+04 -1.230433453400000019e+02 1.449776153690000058e+02 -3.490670797139999877e+02
6.500000000000000222e-01 -2.349206481859999985e+04 1.594744275360000029e+04 -1.542376979600000050e+04 -1.234701376740000001e+02 1.455218331659999933e+02 -3.486311868720000007e+02
6.500000000000000222e-01 -2.361570481210000071e+04 1.596341893859999982e+04 -1.544965312900000026e+04 -1.241008689979999957e+02 1.454621392429999958e+02 -3.483531252390000077e+02
6.500000000000000222e-01 -2.354494950049999898e+04 1.594662914839999939e+04 -1.542447959930000070e+04 -1.240184852680000063e+02 1.452732151369999940e+02 -3.486148707720000175e+02
6.500000000000000222e-01 -2.361114409789999991e+04 1.593518989949999923e+04 -1.545436305920000086e+04 -1.239181293660000023e+02 1.458724626730000011e+02 -3.483161537889999977e+02
6.500000000000000222e-01 -2.360893489169999884e+04 1.595301035679999950e+04 -1.544512839429999985e+04 -1.234276510709999997e+02 1.456162094700000011e+02 -3.471778646380000168e+02
6.500000000000000222e-01 -2.350565892869999880e+04 1.599583296410000003e+04 -1.550775541949999933e+04 -1.238408519599999948e+02 1.440506327939999949e+02 -3.484585584060000087e+02
6.500000000000000222e-01 -2.351260259959999894e+04 1.591143640190000042e+04 -1.542067362069999945e+04 -1.238475956300000007e+02 1.447320568739999942e+02 -3.485894696240000030e+02
6.500000000000000222e-01 -2.355116885859999820e+04 1.595152264570000079e+04 -1.542356508880000001e+04 -1.240429692200000034e+02 1.452843294090000086e+02 -3.485874584740000159e+02
6.500000000000000222e-01 -2.352300529860000097e+04 1.593119687359999989e+04 -1.542697762859999966e+04 -1.241959420489999957e+02 1.447278370530000018e+02 -3.486454318770000214e+02
6.500000000000000222e-01 -2.350166347200000018e+04 1.595260090339999988e+04 -1.541229709329999969e+04 -1.233312484960000006e+02 1.457407757519999905e+02 -3.484132703970000193e+02
6.500000000000000222e-01 -2.351701587030000155e+04 1.596691430629999923e+04 -1.542946630940000068e+04 -1.239812354169999935e+02 1.453813067659999945e+02 -3.487127719889999753e+02
6.500000000000000222e-01 -2.345360268189999988e+04 1.594074265770000056e+04 -1.544197920089999934e+04 -1.234207607630000041e+02 1.450141077410000037e+02 -3.488394849370000088e+02
6.500000000000000222e-01 -2.356577092890000131e+04 1.596546838629999911e+04 -1.540128043640000033e+04 -1.236521137449999941e+02 1.448540979839999920e+02 -3.477903448619999836e+02
6.500000000000000222e-01 -2.349989672499999870e+04 1.592747649579999961e+04 -1.542736326310000004e+04 -1.237464503409999992e+02 1.446076150849999920e+02 -3.486331868490000261e+02
6.500000000000000222e-01 -2.350278782689999935e+04 1.595381404549999934e+04 -1.542863403540000036e+04 -1.241517592569999948e+02 1.439783928290000006e+02 -3.481439962019999825e+02
6.500000000000000222e-01 -2.351259370340000169e+04 1.594887929640000038e+04 -1.542973696320000090e+04 -1.240490955450000001e+02 1.455160786140000084e+02 -3.486935337329999811e+02
6.500000000000000222e-01 -2.338667101710000134e+04 1.588105644480000046e+04 -1.548851269139999931e+04 -1.235451549299999954e+02 1.449248921310000071e+02 -3.485353078790000154e+02
6.500000000000000222e-01 -2.346374511659999916e+04 1.592104929099999936e+04 -1.545028209509999942e+04 -1.242134288959999964e+02 1.447585601959999906e+02 -3.486862803409999856e+02
6.500000000000000222e-01 -2.340254592419999972e+04 1.596779144760000054e+04 -1.551949312180000015e+04 -1.236974912320000044e+02 1.442259596799999883e+02 -3.490079629339999769e+02
6.500000000000000222e-01 -2.352615383189999920e+04 1.590639117729999998e+04 -1.542970430780000061e+04 -1.230354705029999991e+02 1.462146777289999875e+02 -3.478125400640000180e+02
6.500000000000000222e-01 -2.350480593779999981e+04 1.589076951299999928e+04 -1.542607741759999954e+04 -1.237282304609999954e+02 1.445717580829999918e+02 -3.486545162819999746e+02
6.500000000000000222e-01 -2.359348536130000139e+04 1.594972847689999981e+04 -1.543175871899999947e+04 -1.243212838870000070e+02 1.454435328710000022e+02 -3.485864270079999869e+02
6.500000000000000222e-01 -2.352738883039999928e+04 1.599756379670000024e+04 -1.544640318800000023e+04 -1.243422726499999982e+02 1.442132582700000114e+02 -3.480130088949999845e+02
6.500000000000000222e-01 -2.347867719740000030e+04 1.595714962689999993e+04 -1.545411119759999929e+04 -1.243665632170000066e+02 1.442817848480000009e+02 -3.485112800979999861e+02
6.500000000000000222e-01 -2.353598712019999948e+04 1.586907279770000059e+04 -1.546486163920000035e+04 -1.233215916949999951e+02 1.455382724629999984e+02 -3.485874030279999829e+02
6.500000000000000222e-01 -2.348054456030000074e+04 1.591414546159999918e+04 -1.543475085229999968e+04 -1.235519481890000009e+02 1.449490916949999928e+02 -3.487709245070000179e+02
6.500000000000000222e-01 -2.350094095999999990e+04 1.594203628530000060e+04 -1.542944424169999911e+04 -1.242854870820000031e+02 1.441482495589999928e+02 -3.483511507069999880e+02
3.690000000000000000e+05 1.358891014490000089e+03 2.653525988639999923e+03 -6.792340286659999720e+02 -6.194257532969999858e+01 -3.371679539309999996e+01 -6.106660988339999818e+01
6.500000000000000222e-01 1.393092592539999941e+03 2.572091553669999939e+03 -7.029876591409999946e+02 -6.811958055879999563e+01 -4.060762527930000232e+01 2.013706956300000073e+01
6.500000000000000222e-01 1.514984072100000049e+03 2.867007954199999858e+03 -6.306267667930000016e+02 -5.199354682759999946e+01 -2.007459308030000145e+01 -7.297595356040000070e+01
6.500000000000000222e-01 1.256297564319999992e+03 2.543901880039999924e+03 -7.068682728349999707e+02 -7.211982822150000061e+01 -4.673146482229999776e+01 2.148458956509999851e+01
6.500000000000000222e-01 1.269327881180000077e+03 2.378254047070000070e+03 -7.600246138310000106e+02 -8.047792360900000119e+01 -5.736767646780000263e+01 6.149152735120000379e+00
6.500000000000000222e-01 1.235463279679999914e+03 2.323983937519999927e+03 -6.558234493449999718e+02 -8.439608708880000165e+01 -6.359442718689999907e+01 3.882137844390000225e+01
6.500000000000000222e-01 1.694080169909999995e+03 2.789063969280000038e+03 -6.386151243399999657e+02 -4.813676242580000064e+01 -4.103427068210000250e+00 -6.329730127749999724e+01
6.500000000000000222e-01 1.214998609859999988e+03 2.558546954769999957e+03 -7.277664695160000292e+02 -7.201620159700000556e+01 -4.916165664009999858e+01 1.606502194400000150e+01
6.500000000000000222e-01 1.259286381769999934e+03 2.547755927010000050e+03 -7.073914376169999514e+02 -7.203654240900000616e+01 -4.628268216490000242e+01 2.146308716589999932e+01
6.500000000000000222e-01 1.335247829469999942e+03 2.405420027489999939e+03 -6.841318910620000224e+02 -7.822715889699999536e+01 -5.702020067939999848e+01 2.720814572689999977e+01
6.500000000000000222e-01 1.388004728639999939e+03 2.404699852809999811e+03 -7.682317179010000245e+02 -7.627401956209999412e+01 -5.020016761680000172e+01 -8.454716664030000217e+00
6.500000000000000222e-01 1.449858618389999947e+03 2.576247676859999956e+03 -6.867950759179999523e+02 -6.507208263040000418e+01 -3.906442779089999817e+01 2.333654980920000099e+01
6.500000000000000222e-01 1.066633897299999944e+03 2.321854414150000139e+03 -7.667052576620000082e+02 -8.221082580590000077e+01 -7.331715824949999671e+01 3.407792254979999935e+00
6.500000000000000222e-01 1.242289971760000071e+03 2.364007921819999865e+03 -6.393285073829999874e+02 -8.147179313719999527e+01 -6.319683441800000168e+01 3.984574664960000234e+01
6.500000000000000222e-01 1.041784089660000063e+03 2.491120312200000171e+03 -7.790352969690000009e+02 -7.260393948790000707e+01 -6.235875295280000330e+01 -1.927182100110000107e+01
6.500000000000000222e-01 1.412266121690000091e+03 2.526049372559999938e+03 -6.685563527350000186e+02 -7.050181160210000542e+01 -4.414149753360000261e+01 2.961226064019999882e+01
6.500000000000000222e-01 1.383985801549999906e+03 2.442230451500000072e+03 -6.155991849260000208e+02 -7.549902798870000709e+01 -5.126411051280000208e+01 4.189869905609999989e+01
6.500000000000000222e-01 1.310685128509999913e+03 2.519920455670000138e+03 -6.833149136160000126e+02 -7.389404128569999841e+01 -4.635034993960000094e+01 2.884471101380000135e+01
6.500000000000000222e-01 1.411214987719999954e+03 2.515100675979999778e+03 -6.821334551209999972e+02 -7.142445301550000636e+01 -4.304426361090000341e+01 2.653172667040000121e+01
6.500000000000000222e-01 1.116863721460000079e+03 2.425583973740000147e+03 -7.157026955530000123e+02 -7.832413437229999431e+01 -6.434760022320000417e+01 2.277352916510000114e+01
6.500000000000000222e-01 1.378172533310000063e+03 2.532419925199999852e+03 -6.976572792499999878e+02 -7.274475577399999793e+01 -4.159126561010000245e+01 2.471868282850000043e+01
6.500000000000000222e-01 1.396365024420000054e+03 2.564422446730000047e+03 -7.583128340619999790e+02 -7.006185463680000680e+01 -3.396991758450000276e+01 -2.282119953670000090e+00
6.500000000000000222e-01 1.302146061180000061e+03 2.595922778829999970e+03 -7.277235358279999673e+02 -6.735015535310000701e+01 -4.323346429259999724e+01 1.320980674730000004e+01
6.500000000000000222e-01 1.302257312160000083e+03 2.592995837429999938e+03 -7.228402606180000021e+02 -6.816850714160000280e+01 -4.342267035540000109e+01 1.556145486920000032e+01
6.500000000000000222e-01 1.417784237600000097e+03 2.497905884859999787e+03 -6.319670155139999679e+02 -7.051943977300000199e+01 -4.703487261629999949e+01 3.764065083389999700e+01
6.500000000000000222e-01 1.363123633530000006e+03 2.468951377570000204e+03 -6.314046515979999867e+02 -7.491507787819999464e+01 -4.793267446019999767e+01 3.962006038850000067e+01
6.500000000000000222e-01 1.583194991620000110e+03 2.816297908640000060e+03 -6.474716715189999832e+02 -5.090404884630000026e+01 -7.082573257209999973e+00 -6.192299786840000309e+01
6.500000000000000222e-01 1.127189331320000065e+03 2.376390148529999806e+03 -7.106303642619999437e+02 -8.026750857460000077e+01 -6.765962793069999748e+01 2.405775519679999874e+01
6.500000000000000222e-01 1.222726057229999924e+03 2.484631563269999788e+03 -7.099534992589999547e+02 -7.283793149109999376e+01 -5.495279692999999810e+01 1.838713977869999994e+01
6.500000000000000222e-01 1.419184366899999986e+03 2.431081808209999963e+03 -5.982515066939999997e+02 -7.542286376490000066e+01 -4.990563791099999946e+01 4.488321615230000106e+01
6.500000000000000222e-01 1.482164020169999958e+03 2.421080349509999905e+03 -7.041562919740000552e+02 -7.447974291410000092e+01 -4.687376163860000133e+01 1.960821420979999985e+01
6.500000000000000222e-01 1.263797456400000101e+03 2.534000226770000154e+03 -7.036379899629999954e+02 -7.366007267090000710e+01 -4.789116872409999814e+01 2.370583287959999907e+01
6.500000000000000222e-01 1.617107796550000103e+03 2.890069078859999991e+03 -2.499816345430000126e+02 -3.749906763909999796e+01 4.582674381630000404e+00 -1.118204546479999948e+02
6.500000000000000222e-01 1.450006705170000032e+03 2.441630320369999936e+03 -6.578073584019999771e+02 -7.439532608899999389e+01 -4.796157883040000058e+01 3.193088375110000143e+01
6.500000000000000222e-01 1.423140019389999907e+03 2.466389467439999862e+03 -6.402537148100000195e+02 -7.336661581490000117e+01 -4.579752956680000153e+01 3.632366715029999682e+01
6.500000000000000222e-01 1.312148719399999891e+03 2.482513978559999941e+03 -6.285632091080000237e+02 -7.365629400939999982e+01 -5.259691703819999731e+01 4.068699393570000211e+01
6.500000000000000222e-01 1.429125437339999962e+03 2.548893423810000058e+03 -7.087122537159999638e+02 -6.958485417430000552e+01 -3.811772482309999788e+01 1.876220704389999838e+01
6.500000000000000222e-01 1.363419241699999930e+03 2.464342097440000089e+03 -6.956254602190000469e+02 -7.584799291420000600e+01 -4.850893442859999993e+01 2.505667743380000090e+01
6.500000000000000222e-01 1.372491763129999981e+03 2.458956284169999890e+03 -6.749662097939999512e+02 -7.534757738570000640e+01 -5.119574921139999901e+01 2.894837341539999898e+01
6.500000000000000222e-01 1.057857555889999958e+03 2.372650787720000153e+03 -7.782966164370000115e+02 -8.033976890339999954e+01 -6.268255404250000140e+01 -2.049858232889999954e+01
6.500000000000000222e-01 1.719819202469999937e+03 2.871129507470000135e+03 -5.971151909479999631e+02 -4.255401668929999914e+01 4.739286453920000142e+00 -6.952374640969999575e+01
6.500000000000000222e-01 1.479310881950000066e+03 2.586760607159999836e+03 -7.372866407779999918e+02 -6.829154402339999308e+01 -3.144005835919999825e+01 9.282141940669999869e+00
6.500000000000000222e-01 1.333183677270000089e+03 2.515751713850000215e+03 -6.773927260660000229e+02 -7.278034864340000354e+01 -4.646592127990000165e+01 2.909395281729999994e+01
6.500000000000000222e-01 1.324843787069999962e+03 2.334709626689999823e+03 -6.662158844790000103e+02 -8.161629122969999628e+01 -6.106631834750000110e+01 3.283533806410000011e+01
6.500000000000000222e-01 1.435854222980000031e+03 2.533270554780000111e+03 -6.910430549420000261e+02 -6.785769191830000580e+01 -3.998980632300000337e+01 2.097871290040000147e+01
6.500000000000000222e-01 1.407064170030000014e+03 2.475561106829999972e+03 -6.645130245349999996e+02 -7.371287656100000163e+01 -4.807537516120000021e+01 3.088484207779999835e+01
6.500000000000000222e-01 1.382351829250000037e+03 2.518193196329999864e+03 -6.943924491120000084e+02 -7.278704345219999539e+01 -4.333179565729999894e+01 2.475893447190000174e+01
6.500000000000000222e-01 1.234003648209999938e+03 2.483557290730000204e+03 -7.060801433430000316e+02 -7.629203696140000091e+01 -5.459254822550000341e+01 2.326250189730000173e+01
6.500000000000000222e-01 1.404094094970000015e+03 2.497568830669999898e+03 -6.836937684670000408e+02 -7.436622878980000451e+01 -4.205909937770000084e+01 2.915276512899999872e+01
6.500000000000000222e-01 1.432035618569999997e+03 2.389908758630000193e+03 -6.803045613599999797e+02 -7.823212947950000284e+01 -4.926126295579999947e+01 3.003719712239999851e+01
6.500000000000000222e-01 1.796918118360000108e+03 2.896589686440000150e+03 -6.200110577950000561e+02 -3.730810189259999987e+01 1.065757828859999989e+01 -6.378159998320000312e+01
6.500000000000000222e-01 1.217367333079999980e+03 2.311306321959999877e+03 -6.662652303590000429e+02 -8.479887290070000461e+01 -6.542106568689999335e+01 3.687486658880000334e+01
6.500000000000000222e-01 1.312338677460000099e+03 2.478762215830000059e+03 -6.632501259020000361e+02 -7.275622148809999601e+01 -5.321091799559999913e+01 3.210761675180000196e+01
6.500000000000000222e-01 1.351391820829999915e+03 2.499263856500000202e+03 -6.598521093890000202e+02 -7.334746503520000260e+01 -4.596417882869999971e+01 3.323277331490000108e+01
6.500000000000000222e-01 1.481599248629999920e+03 2.428701745029999984e+03 -7.383856997960000399e+02 -7.370155208970000160e+01 -4.559467047449999910e+01 6.763925949219999900e+00
6.500000000000000222e-01 1.427008492530000012e+03 2.404507815479999863e+03 -7.213169248570000036e+02 -7.599507042999999840e+01 -5.171381268340000048e+01 1.400281833859999914e+01
6.500000000000000222e-01 1.679287757529999908e+03 2.837640555500000119e+03 -6.921102582029999439e+02 -4.669875173289999992e+01 -4.012569337739999575e+00 -4.868658434230000154e+01
6.500000000000000222e-01 1.464808295009999938e+03 2.459346928269999808e+03 -7.516065915169999698e+02 -7.215577052480000475e+01 -4.347258037739999992e+01 -3.347539165969999786e+00
6.500000000000000222e-01 1.373882763829999931e+03 2.439336317629999940e+03 -7.625340732959999741e+02 -7.438962873270000387e+01 -4.719609450800000161e+01 -2.047879972850000030e+01
6.500000000000000222e-01 1.498231175330000042e+03 2.442868006889999833e+03 -7.204300021120000110e+02 -7.335540633959999468e+01 -4.307246150350000136e+01 1.521139184379999953e+01
6.500000000000000222e-01 1.457926034049999998e+03 2.509744872669999950e+03 -6.497323884400000225e+02 -6.957255781060000288e+01 -4.349315719930000057e+01 3.293170012619999909e+01
6.500000000000000222e-01 1.370069196850000026e+03 2.501906652189999932e+03 -6.709226620169999933e+02 -7.305837006800000211e+01 -4.649705015640000028e+01 3.019360604259999903e+01
6.500000000000000222e-01 1.364986543470000015e+03 2.439781297879999784e+03 -5.888188499760000241e+02 -7.491044936749999295e+01 -5.372792835719999971e+01 4.717957615849999797e+01
6.500000000000000222e-01 1.324601832889999969e+03 2.428042070320000221e+03 -6.843815011159999813e+02 -7.749134633260000271e+01 -5.580862884190000273e+01 2.736096120719999902e+01
6.500000000000000222e-01 1.634040076859999999e+03 2.807068490170000132e+03 -6.353204238939999868e+02 -4.985358361619999812e+01 -6.550859085839999985e+00 -6.419184635519999915e+01
6.500000000000000222e-01 1.378081093109999983e+03 2.463777212389999931e+03 -6.667201086940000323e+02 -7.395418150620000119e+01 -4.699156547580000165e+01 2.999134185080000137e+01
6.500000000000000222e-01 1.272481527390000110e+03 2.442058587529999841e+03 -6.296914945290000105e+02 -7.550682001750000438e+01 -5.749603394769999909e+01 4.132006795430000068e+01
6.500000000000000222e-01 1.675606335639999998e+03 2.779613767060000100e+03 -7.301003780830000096e+02 -4.977336794139999654e+01 -1.230290879570000051e+01 -3.455740258310000002e+01
6.500000000000000222e-01 1.330403337319999991e+03 2.469844275819999893e+03 -6.391764282059999687e+02 -7.610127681900000596e+01 -4.898340037709999706e+01 3.901831476310000113e+01
6.500000000000000222e-01 1.337908715880000045e+03 2.428138931429999957e+03 -7.307422831090000273e+02 -7.610980204049999998e+01 -5.006928977140000114e+01 9.898352136250000655e+00
6.500000000000000222e-01 1.361842888899999934e+03 2.516862067189999834e+03 -6.902978551339999740e+02 -7.319900105019999614e+01 -4.527916408219999767e+01 2.594030204999999967e+01
6.500000000000000222e-01 1.106523520720000079e+03 2.380821843459999855e+03 -7.315853043680000383e+02 -8.043594671580000011e+01 -6.797648361999999622e+01 1.775344701539999903e+01
6.500000000000000222e-01 1.268854240749999917e+03 2.371053076749999946e+03 -5.522021383420000120e+02 -8.029893186779999326e+01 -6.235219012740000011e+01 5.559908013230000279e+01
6.500000000000000222e-01 1.346279645500000015e+03 2.434034331389999807e+03 -5.988363330299999916e+02 -7.737999546209999835e+01 -5.126320899209999737e+01 4.664285961979999939e+01
6.500000000000000222e-01 1.433208573299999898e+03 2.462996490900000026e+03 -7.546088068020000037e+02 -7.263759385790000067e+01 -4.482981830970000203e+01 -5.241136870070000064e+00
6.500000000000000222e-01 1.254345084360000101e+03 2.530122286410000015e+03 -7.062128723340000533e+02 -7.374948162260000117e+01 -4.895552338430000106e+01 2.289450898340000151e+01
6.500000000000000222e-01 1.460994306809999898e+03 2.488256418599999961e+03 -6.941759331060000022e+02 -7.149317895229999920e+01 -4.207721485940000150e+01 2.207443029830000114e+01
6.500000000000000222e-01 1.380520711639999945e+03 2.469440879549999863e+03 -6.565168530400000009e+02 -7.480919469120000542e+01 -4.807349212569999963e+01 3.383831761070000255e+01
6.500000000000000222e-01 1.191772278339999957e+03 2.377817759709999791e+03 -6.218730353119999563e+02 -8.080939692539999442e+01 -6.471880123580000088e+01 4.432421494759999803e+01
6.500000000000000222e-01 1.377734563089999938e+03 2.428916346590000103e+03 -5.934549506140000403e+02 -7.660260745159999374e+01 -5.128652204830000016e+01 4.669559919280000315e+01
6.500000000000000222e-01 1.356787879440000097e+03 2.520279394369999864e+03 -6.910412341029999652e+02 -7.336845623840000030e+01 -4.433804733739999904e+01 2.627509316820000151e+01
6.500000000000000222e-01 1.267720262540000022e+03 2.418778025009999965e+03 -6.639522881999999981e+02 -7.873759998570000107e+01 -5.830169573010000050e+01 3.366949265680000281e+01
6.500000000000000222e-01 1.623598604210000076e+03 2.790175457670000014e+03 -6.692157859540000118e+02 -5.124938242969999891e+01 -9.116368629309999250e+00 -5.626200115430000182e+01
6.500000000000000222e-01 1.182257358099999919e+03 2.290107930459999807e+03 -7.124122834099999864e+02 -8.448520721990000482e+01 -6.883355618890000471e+01 2.634980329780000119e+01
6.500000000000000222e-01 1.144501114149999921e+03 2.312944677410000168e+03 -7.295647881920000373e+02 -8.402330619309999804e+01 -6.917170152079999923e+01 2.017831973259999856e+01
6.500000000000000222e-01 1.381793123160000050e+03 2.356171832349999931e+03 -7.349052465900000470e+02 -7.895872665529999779e+01 -5.563064915950000255e+01 1.173081014419999946e+01
6.500000000000000222e-01 1.455075605380000070e+03 2.864810386300000118e+03 -5.268599589479999850e+02 -4.689493019959999742e+01 -8.859973129500000155e+00 -8.393126796689999480e+01
6.500000000000000222e-01 1.135313307570000006e+03 2.306598119870000119e+03 -7.032778209829999696e+02 -8.433788211600000295e+01 -7.048874458180000602e+01 2.810210035700000120e+01
6.500000000000000222e-01 1.343284983239999974e+03 2.514829002590000073e+03 -6.947319057780000549e+02 -7.367613141639999697e+01 -4.677527295390000006e+01 2.493177611269999971e+01
6.500000000000000222e-01 1.443942414460000009e+03 2.468888460260000102e+03 -6.583690401799999563e+02 -7.301294220569999993e+01 -4.536564451249999763e+01 3.192394344310000065e+01
6.500000000000000222e-01 1.254164037029999918e+03 2.357240265509999972e+03 -7.653947727070000155e+02 -8.030869235279999430e+01 -6.179110256589999750e+01 -2.447328751290000159e+00
6.500000000000000222e-01 1.230894525079999994e+03 2.484374612659999912e+03 -6.989234233600000152e+02 -7.495565910359999862e+01 -5.512074252800000096e+01 2.464340563209999857e+01
6.500000000000000222e-01 1.133781921660000080e+03 2.438758618310000202e+03 -7.199846302810000225e+02 -7.645079913089999479e+01 -6.292911498910000034e+01 2.185104913920000058e+01
6.500000000000000222e-01 1.239516375539999899e+03 2.553927753420000045e+03 -7.173937676079999619e+02 -7.177360684760000709e+01 -4.681840800900000232e+01 1.824706892289999871e+01
6.500000000000000222e-01 1.262957540269999981e+03 2.485335398799999894e+03 -6.930417443699999467e+02 -7.310633733560000280e+01 -5.245543353179999713e+01 2.316245579910000174e+01
6.500000000000000222e-01 1.705860764810000092e+03 2.850597557760000200e+03 -6.747544858559999739e+02 -4.484305763550000279e+01 4.095614446520000063e-01 -5.358220279919999740e+01
6.500000000000000222e-01 1.389671587659999886e+03 2.405537545619999946e+03 -6.408663387980000152e+02 -7.776725131039999894e+01 -5.289870276839999974e+01 3.724952901969999886e+01
6.500000000000000222e-01 1.230091034940000100e+03 2.373592179700000088e+03 -6.805943008189999546e+02 -7.991989363519999756e+01 -5.887596195500000107e+01 2.704615868879999852e+01
6.500000000000000222e-01 1.291054825980000032e+03 2.464472573439999906e+03 -6.210588057799999433e+02 -7.522654577020000488e+01 -5.467404979309999646e+01 4.248183792089999855e+01
6.500000000000000222e-01 1.363097890289999896e+03 2.344397828080000181e+03 -6.698493643689999999e+02 -8.062929300070000238e+01 -5.841516818009999668e+01 3.138696278520000149e+01
6.500000000000000222e-01 1.792158014200000025e+03 2.798636608629999955e+03 -6.926341023100000029e+02 -4.458228124280000060e+01 2.516113690050000073e+00 -5.085313694850000132e+01
