3.450000000000000000e+05 3.056264068450000195e+03 -4.806034839910000301e+03 -7.167687186400000428e+03 -1.252315395589999980e+02 3.894352981560000160e+01 -2.654049663019999983e+01
6.500000000000000222e-01 2.968541361980000147e+03 -4.715311806689999685e+03 -6.902478128910000123e+03 -1.256813773060000017e+02 3.980985572569999675e+01 -2.531495315300000115e+01
6.500000000000000222e-01 2.884083629409999958e+03 -4.926134653320000325e+03 -7.350538404789999731e+03 -1.244454477900000029e+02 3.889901843869999709e+01 -2.587249575570000104e+01
6.500000000000000222e-01 3.244855333349999910e+03 -4.731021838229999958e+03 -6.980468923499999619e+03 -1.258360783770000069e+02 3.944387650859999894e+01 -2.792183472019999968e+01
6.500000000000000222e-01 3.040254630400000224e+03 -4.926763004360000195e+03 -7.437089009850000366e+03 -1.242007387809999983e+02 3.577486554130000229e+01 -2.680418191160000063e+01
6.500000000000000222e-01 3.168187288860000081e+03 -5.005616794229999869e+03 -7.333348864739999954e+03 -1.252128607270000060e+02 3.898665010100000217e+01 -2.755648008120000014e+01
6.500000000000000222e-01 3.150470919240000057e+03 -4.592492288120000012e+03 -7.307630064259999926e+03 -1.263034370299999978e+02 3.629754445249999861e+01 -2.805696887959999941e+01
6.500000000000000222e-01 2.838924029350000183e+03 -4.703500988400000097e+03 -7.300589313970000148e+03 -1.232550597940000046e+02 3.830339968709999710e+01 -2.680446102450000012e+01
6.500000000000000222e-01 3.217356995740000002e+03 -4.637594138460000067e+03 -7.307638597119999758e+03 -1.259576534109999955e+02 3.602477318559999730e+01 -2.787428732429999911e+01
6.500000000000000222e-01 2.834355178029999934e+03 -4.729163093410000329e+03 -6.982679665409999870e+03 -1.247986509680000040e+02 4.039502614629999755e+01 -2.426574475889999860e+01
6.500000000000000222e-01 2.793358393160000105e+03 -4.820806581539999570e+03 -7.071382489390000046e+03 -1.235294193339999964e+02 4.019404083610000100e+01 -2.321043977069999897e+01
6.500000000000000222e-01 2.883599495909999860e+03 -4.948923307029999705e+03 -7.332528122099999564e+03 -1.245499118719999956e+02 3.842321446079999703e+01 -2.529775231589999862e+01
6.500000000000000222e-01 3.127036054350000086e+03 -4.821081572670000241e+03 -6.899335402730000169e+03 -1.277638750379999948e+02 4.076732661669999658e+01 -2.635154972309999977e+01
6.500000000000000222e-01 2.995474719199999981e+03 -4.656339783219999845e+03 -7.399849880259999736e+03 -1.250086935249999982e+02 3.742273722689999715e+01 -2.641338007439999913e+01
6.500000000000000222e-01 2.921230946820000099e+03 -4.755651049340000100e+03 -7.401122655629999826e+03 -1.219652297509999954e+02 3.721893017829999906e+01 -2.744297230120000108e+01
6.500000000000000222e-01 3.198505114219999996e+03 -4.761850809849999678e+03 -6.937233552599999712e+03 -1.273363195630000035e+02 3.988414589439999958e+01 -2.672120466189999988e+01
6.500000000000000222e-01 2.941004270930000075e+03 -5.016348387719999664e+03 -7.314398525329999757e+03 -1.229140209379999931e+02 4.012761377009999819e+01 -2.950155530339999999e+01
6.500000000000000222e-01 2.840152661359999911e+03 -4.877906618990000425e+03 -7.317141966520000096e+03 -1.244477502590000029e+02 3.841420858920000114e+01 -2.454828909700000139e+01
6.500000000000000222e-01 3.057534829270000046e+03 -4.891795316679999814e+03 -6.906744641850000335e+03 -1.269300847699999935e+02 4.295699831169999783e+01 -2.597006326090000172e+01
6.500000000000000222e-01 2.955181049039999834e+03 -4.868164543220000269e+03 -6.907337157570000272e+03 -1.238306470179999934e+02 4.162256203580000147e+01 -2.502565991599999862e+01
6.500000000000000222e-01 3.107517061720000129e+03 -4.734946051650000300e+03 -7.434219189419999566e+03 -1.241928820969999947e+02 3.541835719270000027e+01 -2.711716696310000074e+01
6.500000000000000222e-01 2.856730296799999905e+03 -4.635862517419999676e+03 -7.270197295050000321e+03 -1.249525732129999938e+02 3.892116901280000008e+01 -2.402698261809999991e+01
6.500000000000000222e-01 2.910286224829999810e+03 -4.623073387159999584e+03 -7.311671437539999715e+03 -1.238797089659999955e+02 3.718005879580000084e+01 -2.705606584199999887e+01
6.500000000000000222e-01 3.165540071209999951e+03 -4.640303735559999950e+03 -6.965275622150000345e+03 -1.283941054130000055e+02 3.830230705449999817e+01 -2.423893884139999955e+01
6.500000000000000222e-01 3.275246031579999908e+03 -4.824652328379999744e+03 -7.010701407980000113e+03 -1.274246257180000015e+02 3.920067236970000124e+01 -2.682698270850000100e+01
6.500000000000000222e-01 3.268714008049999848e+03 -4.796655260159999671e+03 -7.001333159380000325e+03 -1.267876237790000005e+02 3.923185102419999737e+01 -2.768113281549999982e+01
6.500000000000000222e-01 3.035120652730000074e+03 -5.018499978539999574e+03 -6.993261417810000239e+03 -1.245681692149999975e+02 4.150691131880000029e+01 -2.572298997560000089e+01
6.500000000000000222e-01 2.928627448610000101e+03 -4.650991588869999759e+03 -7.363763890129999709e+03 -1.254249230039999929e+02 3.902592845360000240e+01 -2.463604989999999972e+01
6.500000000000000222e-01 2.868380092559999866e+03 -4.991972977139999784e+03 -7.235098976629999925e+03 -1.240381178349999942e+02 3.947529710359999910e+01 -2.492499678400000107e+01
6.500000000000000222e-01 2.948349293010000110e+03 -4.559162979839999934e+03 -7.258649039459999585e+03 -1.255261414750000029e+02 3.818506922339999932e+01 -2.518741728990000084e+01
6.500000000000000222e-01 2.924251987050000025e+03 -4.949851963410000280e+03 -6.969039294060000429e+03 -1.260323822860000007e+02 3.958772771150000125e+01 -2.789833622740000152e+01
6.500000000000000222e-01 3.237486082689999876e+03 -4.645092432149999695e+03 -7.042252899789999901e+03 -1.267082006370000045e+02 3.771689614089999765e+01 -2.611595045580000019e+01
6.500000000000000222e-01 2.822551118299999871e+03 -4.889169384470000296e+03 -7.037779469400000380e+03 -1.254388324619999935e+02 4.024494983919999669e+01 -2.774073067220000155e+01
6.500000000000000222e-01 2.785244603229999939e+03 -4.840562143750000359e+03 -7.165900450410000303e+03 -1.238006435350000061e+02 3.967501307839999924e+01 -2.338249290079999909e+01
6.500000000000000222e-01 3.116364282489999823e+03 -4.766505711019999580e+03 -7.446380837259999680e+03 -1.260225488119999966e+02 3.657702224580000205e+01 -2.754046678419999949e+01
6.500000000000000222e-01 2.942715056240000195e+03 -4.550255769870000222e+03 -7.116991673069999706e+03 -1.253652994910000018e+02 3.818489239190000006e+01 -2.264693744199999870e+01
6.500000000000000222e-01 3.046731528530000105e+03 -4.530474779199999830e+03 -7.206195529280000301e+03 -1.261407407359999979e+02 3.787351441210000047e+01 -2.501043384360000132e+01
6.500000000000000222e-01 3.095575166780000018e+03 -4.693812050730000010e+03 -7.411553399620000164e+03 -1.237784558999999973e+02 3.553334660830000047e+01 -2.666566868370000165e+01
6.500000000000000222e-01 3.125108036980000179e+03 -4.699264632579999670e+03 -6.911112021390000336e+03 -1.266565929110000042e+02 3.824637527609999665e+01 -2.540245400459999914e+01
6.500000000000000222e-01 2.922676590590000160e+03 -4.912066914850000103e+03 -6.946748645769999712e+03 -1.255047744350000016e+02 4.225892766989999672e+01 -2.583118495580000129e+01
6.500000000000000222e-01 3.124514874290000080e+03 -4.619809172840000429e+03 -6.958363426009999785e+03 -1.261399368710000033e+02 4.053566784680000268e+01 -2.688838033740000100e+01
9.810000000000000000e+05 8.280098089500000060e+04 -6.374629249150000021e+01 3.476140974599999754e+04 -1.112645389459999912e+01 2.648066755420000007e+01 -5.333764515619999713e+01
6.500000000000000222e-01 8.334154842180000560e+04 -1.478992148569999927e+03 3.669945563679999759e+04 -1.032643124640000032e+01 2.561063854120000016e+01 -5.371165035439999969e+01
6.500000000000000222e-01 8.438165945120000106e+04 1.239223000920000004e+03 3.341163507470000332e+04 -1.143278736229999915e+01 2.583487245259999909e+01 -5.421099535719999807e+01
6.500000000000000222e-01 8.350019186880000052e+04 -1.596059533509999937e+03 3.654567408910000086e+04 -1.138366679159999961e+01 2.739422237730000020e+01 -5.246011909079999924e+01
6.500000000000000222e-01 8.038482022100000177e+04 -2.267591631120000102e+02 3.435898230509999848e+04 -1.130968148540000051e+01 2.650246830560000078e+01 -5.320466584950000311e+01
6.500000000000000222e-01 8.449734619090000342e+04 1.528526450990000058e+03 3.398376572550000128e+04 -1.088654789099999931e+01 2.676712051419999838e+01 -5.207777953499999768e+01
6.500000000000000222e-01 8.171285002260000329e+04 2.131825039819999802e+03 3.484718092890000116e+04 -1.113466713220000059e+01 2.633120301840000010e+01 -5.376841397630000330e+01
6.500000000000000222e-01 8.228312673430000723e+04 5.345691414740000482e+02 3.708235393720000138e+04 -1.018862140829999952e+01 2.546661210410000109e+01 -5.301671704759999670e+01
6.500000000000000222e-01 8.277362044020000030e+04 2.388397828099999970e+03 3.474138074680000136e+04 -1.111874382919999960e+01 2.634011489199999900e+01 -5.374917416360000288e+01
6.500000000000000222e-01 8.259801476510000066e+04 8.286820413279999684e+02 3.248343500409999979e+04 -1.131249509699999933e+01 2.579996270290000027e+01 -5.364464907180000353e+01
6.500000000000000222e-01 8.171885796019999543e+04 -8.179008043039999620e+01 3.255912316869999995e+04 -1.107084836099999947e+01 2.649452332210000094e+01 -5.340705207879999961e+01
6.500000000000000222e-01 8.455883062910000444e+04 -1.204359368209999957e+03 3.349524924569999712e+04 -1.099683465470000066e+01 2.656236465450000139e+01 -5.253261984979999966e+01
6.500000000000000222e-01 8.221998846759999287e+04 -2.486755321980000133e+01 3.714392482590000145e+04 -1.100514703300000008e+01 2.649428784390000047e+01 -5.342810751180000040e+01
6.500000000000000222e-01 8.182704761799999687e+04 -1.915945858450000060e+03 3.604588272339999821e+04 -1.057236260340000022e+01 2.611305833140000132e+01 -5.333681088440000195e+01
6.500000000000000222e-01 8.248220959169999696e+04 -2.407003416800000196e+03 3.409919813900000008e+04 -1.088854709159999956e+01 2.659473139940000053e+01 -5.417864340620000263e+01
6.500000000000000222e-01 8.116662904780000099e+04 -1.883269030539999903e+03 3.495383072740000352e+04 -1.110100828350000057e+01 2.660356986440000071e+01 -5.231147684849999990e+01
6.500000000000000222e-01 8.396680445369999507e+04 -2.029208812750000106e+03 3.389014806059999682e+04 -1.136100097779999984e+01 2.677464885430000052e+01 -5.278110316610000297e+01
6.500000000000000222e-01 8.513829043680000177e+04 5.469491583970000192e+02 3.519908429520000209e+04 -1.084933244329999980e+01 2.642210974449999838e+01 -5.382343935979999827e+01
6.500000000000000222e-01 8.524122822479999741e+04 1.913668290370000022e+02 3.482458640279999963e+04 -1.102260652390000040e+01 2.646972541770000120e+01 -5.304655963649999961e+01
6.500000000000000222e-01 8.167105645699999877e+04 -1.539165888960000075e+03 3.315787094259999867e+04 -1.058008938629999918e+01 2.633077676199999928e+01 -5.368849237980000311e+01
6.500000000000000222e-01 8.190129376810000394e+04 7.128068598969999812e+02 3.691014289509999799e+04 -1.078651172440000039e+01 2.623021465009999886e+01 -5.303545507110000301e+01
6.500000000000000222e-01 8.194564618429999973e+04 1.260078426569999920e+03 3.287670311789999687e+04 -1.198226833390000046e+01 2.741318374409999947e+01 -5.256423853500000121e+01
6.500000000000000222e-01 8.434266469419999339e+04 -1.560119653519999929e+03 3.356472061620000022e+04 -1.102059720449999958e+01 2.646886245139999971e+01 -5.384566688040000315e+01
6.500000000000000222e-01 8.380159964570000011e+04 -2.288726686649999920e+03 3.501225731320000341e+04 -1.103269585019999965e+01 2.649101524510000161e+01 -5.458406608149999784e+01
6.500000000000000222e-01 8.286809157289999712e+04 1.379038544479999928e+03 3.277499269959999947e+04 -1.153570920399999977e+01 2.762687945869999950e+01 -5.265324719779999896e+01
6.500000000000000222e-01 8.472387071050000668e+04 -1.452635613960000001e+03 3.540437380909999774e+04 -1.069515016959999976e+01 2.627515612239999854e+01 -5.395041023889999821e+01
6.500000000000000222e-01 8.153172197100000631e+04 1.702364287130000093e+03 3.588423810010000307e+04 -1.059937692549999966e+01 2.574162396430000044e+01 -5.249774916070000330e+01
6.500000000000000222e-01 8.434520778149999387e+04 -1.387512723309999956e+03 3.612411182739999640e+04 -1.095841775799999951e+01 2.655610019270000066e+01 -5.400101484390000195e+01
6.500000000000000222e-01 8.436739050110000244e+04 8.557616808679999849e+02 3.311428562429999874e+04 -1.070254226519999996e+01 2.698820204520000132e+01 -5.243772080059999752e+01
6.500000000000000222e-01 8.241819917019999411e+04 -3.627504448010000146e+02 3.235678144339999926e+04 -1.214871019809999986e+01 2.594676845580000091e+01 -5.306392889610000196e+01
6.500000000000000222e-01 8.261225244929999462e+04 -3.689046574019999980e+02 3.233493754249999984e+04 -1.172823216889999998e+01 2.604062529049999952e+01 -5.315736479049999730e+01
6.500000000000000222e-01 8.063408272269999725e+04 -7.459698928550000119e+02 3.569094074679999903e+04 -1.157541223870000024e+01 2.654597923689999917e+01 -5.416596872080000225e+01
6.500000000000000222e-01 8.315111669640000036e+04 2.135174905729999864e+03 3.580393091909999930e+04 -1.156695571590000071e+01 2.681676435330000174e+01 -5.326251580710000155e+01
6.500000000000000222e-01 8.183082395340000221e+04 1.833965824529999963e+03 3.595962971870000183e+04 -1.088605376019999937e+01 2.631302470119999981e+01 -5.409390499380000250e+01
6.500000000000000222e-01 8.416252441670000553e+04 -1.956111844669999982e+03 3.551714057370000228e+04 -1.094400531299999990e+01 2.640503923200000003e+01 -5.443759341930000062e+01
6.500000000000000222e-01 8.477192729930000496e+04 1.246091820019999886e+03 3.411120050110000011e+04 -1.090581908859999949e+01 2.620915756489999993e+01 -5.335390267580000057e+01
6.500000000000000222e-01 8.282842494189999707e+04 7.498917910010000014e+02 3.707661007000000245e+04 -1.123854639890000051e+01 2.765882555519999997e+01 -5.374745568179999822e+01
6.500000000000000222e-01 8.464105018710000149e+04 -1.544632461749999948e+03 3.541092279509999935e+04 -1.129018772899999945e+01 2.681586197449999887e+01 -5.293093088839999893e+01
6.500000000000000222e-01 8.037304179689999728e+04 -1.039437634199999962e+02 3.511730829939999967e+04 -1.142411056809999970e+01 2.648020628109999919e+01 -5.475304530670000247e+01
6.500000000000000222e-01 8.353572791820000566e+04 2.013267175689999931e+03 3.584937283590000152e+04 -1.149034755449999956e+01 2.696055717979999855e+01 -5.356872627949999810e+01
6.500000000000000222e-01 8.511863188970000192e+04 2.937285854709999739e+02 3.548460446930000035e+04 -1.121040904210000022e+01 2.648593477969999910e+01 -5.271175469079999942e+01
4.560000000000000000e+04 7.811207810189999691e+03 2.142788205580000067e+03 1.895391704039999968e+04 2.013455048710000028e+02 -6.186476432770000145e+01 1.934065497580000113e+02
6.500000000000000222e-01 7.879355998609999915e+03 2.118204172430000199e+03 1.914811284420000084e+04 2.006313319520000107e+02 -6.136817026079999948e+01 1.940302532679999956e+02
6.500000000000000222e-01 7.765024598770000011e+03 2.189134265990000131e+03 1.875638935349999883e+04 2.005552287870000043e+02 -6.134660905169999978e+01 1.933768091359999914e+02
6.500000000000000222e-01 7.760558186930000375e+03 2.168507959449999817e+03 1.915235835080000106e+04 2.024731532780000123e+02 -6.226125582619999932e+01 1.939186658110000110e+02
6.500000000000000222e-01 7.915565426440000010e+03 2.002596284340000011e+03 1.885842522200000167e+04 2.006766025210000066e+02 -6.117360373380000027e+01 1.926871392900000046e+02
6.500000000000000222e-01 7.920062467349999679e+03 1.992939009890000079e+03 1.888536690259999887e+04 2.009334170959999994e+02 -6.149088014270000002e+01 1.938154270240000017e+02
6.500000000000000222e-01 7.713547877310000331e+03 2.109508518380000169e+03 1.913122125329999835e+04 2.012721887250000066e+02 -6.169578876250000121e+01 1.933347112529999947e+02
6.500000000000000222e-01 7.711861077139999907e+03 2.092878963569999996e+03 1.877894593370000075e+04 2.020040946370000086e+02 -6.173892787430000340e+01 1.926490284529999997e+02
6.500000000000000222e-01 7.939134247779999896e+03 2.134218718999999965e+03 1.879516680550000092e+04 2.002688020839999865e+02 -6.185662445610000049e+01 1.926987623379999945e+02
6.500000000000000222e-01 7.936541373920000296e+03 2.022688382629999978e+03 1.904977714679999917e+04 2.010559232269999939e+02 -6.140298113419999737e+01 1.933077214029999880e+02
6.500000000000000222e-01 7.749903347460000077e+03 1.962242886479999925e+03 1.889040039279999837e+04 2.011354365029999940e+02 -6.122860535030000051e+01 1.929432416999999873e+02
6.500000000000000222e-01 7.862391004510000130e+03 2.007041204260000086e+03 1.909046330830000079e+04 2.008906137220000119e+02 -6.081694442620000274e+01 1.940572552250000058e+02
6.500000000000000222e-01 7.984320688820000214e+03 2.038164133600000014e+03 1.894410297630000059e+04 2.010613195999999903e+02 -6.164894688420000080e+01 1.925593907969999918e+02
6.500000000000000222e-01 7.865524987370000417e+03 1.962008671589999949e+03 1.901137390210000012e+04 2.010574201270000003e+02 -6.130333983469999737e+01 1.931717880760000128e+02
6.500000000000000222e-01 7.856208769159999974e+03 2.010104467650000061e+03 1.911024259850000090e+04 2.019246971640000083e+02 -6.232184224950000129e+01 1.932476332010000135e+02
6.500000000000000222e-01 7.731540214020000349e+03 2.219622792539999864e+03 1.877730342190000010e+04 2.016610117429999889e+02 -6.245069898500000249e+01 1.926631990610000003e+02
6.500000000000000222e-01 8.006772782340000049e+03 2.187914248340000086e+03 1.892655708170000071e+04 2.009410102079999945e+02 -6.194158472409999661e+01 1.926675707400000022e+02
6.500000000000000222e-01 7.766648730500000056e+03 2.334101481960000001e+03 1.900702988940000068e+04 2.015019378080000081e+02 -6.235849562060000295e+01 1.944444135880000033e+02
6.500000000000000222e-01 7.967492467330000181e+03 2.182237468400000125e+03 1.908142348539999875e+04 2.015376879760000008e+02 -6.167557803870000299e+01 1.932453818159999912e+02
6.500000000000000222e-01 7.952972180200000366e+03 2.286951107679999950e+03 1.896688268030000108e+04 2.011729288409999867e+02 -6.215080485189999848e+01 1.937531704289999936e+02
6.500000000000000222e-01 7.851175256219999937e+03 2.332976203130000158e+03 1.901895925669999997e+04 2.012050580190000062e+02 -6.228337539430000191e+01 1.944150436230000025e+02
6.500000000000000222e-01 8.003704374519999874e+03 2.207599022989999867e+03 1.895378576539999995e+04 2.011076630789999911e+02 -6.194266041800000266e+01 1.926976105059999895e+02
6.500000000000000222e-01 7.698349380509999719e+03 2.012098033349999923e+03 1.905980704229999901e+04 2.018565329170000098e+02 -6.120115301439999911e+01 1.942024160070000107e+02
6.500000000000000222e-01 7.621402262290000181e+03 2.122280971140000020e+03 1.888296430039999905e+04 2.015219511530000034e+02 -6.192841052800000057e+01 1.933799295149999864e+02
6.500000000000000222e-01 7.785762698139999884e+03 2.342124681960000089e+03 1.894287363109999933e+04 2.014425310020000097e+02 -6.221365714310000072e+01 1.943084923399999866e+02
6.500000000000000222e-01 7.882024205560000155e+03 2.153916096999999809e+03 1.914931111500000043e+04 2.010079022049999935e+02 -6.191111793019999965e+01 1.938887442250000106e+02
6.500000000000000222e-01 7.741711651399999937e+03 1.956453588220000029e+03 1.892193177740000101e+04 2.012228550199999972e+02 -6.145727043889999663e+01 1.936605952140000113e+02
6.500000000000000222e-01 7.901956222970000454e+03 2.283602484080000067e+03 1.883902695600000152e+04 2.007349459499999966e+02 -6.245750228789999881e+01 1.926452400269999998e+02
6.500000000000000222e-01 7.773502568169999904e+03 1.951056493159999945e+03 1.901644861809999929e+04 2.017214742179999973e+02 -6.181912240430000338e+01 1.931816573749999861e+02
6.500000000000000222e-01 7.988804604169999948e+03 2.092371330150000176e+03 1.904084729589999915e+04 2.015294154849999870e+02 -6.178612114349999729e+01 1.928541389220000042e+02
6.500000000000000222e-01 7.656720727300000362e+03 2.015345057640000050e+03 1.891900795529999959e+04 2.014473364129999879e+02 -6.155403913389999815e+01 1.931681301099999928e+02
6.500000000000000222e-01 7.709612701379999635e+03 2.273428914040000109e+03 1.907374727980000171e+04 2.019309362079999914e+02 -6.244949625630000156e+01 1.943220675930000141e+02
6.500000000000000222e-01 7.884045668079999814e+03 2.206493369329999950e+03 1.877288075480000043e+04 2.017561236559999998e+02 -6.154594673289999918e+01 1.936956297010000014e+02
6.500000000000000222e-01 7.929896916450000390e+03 1.992251185179999993e+03 1.902466041050000058e+04 2.015015059899999983e+02 -6.188575157129999837e+01 1.926652486549999992e+02
6.500000000000000222e-01 7.976376776959999916e+03 2.259245852210000066e+03 1.893700730910000129e+04 2.010692911939999874e+02 -6.207891343029999831e+01 1.926564278849999994e+02
6.500000000000000222e-01 7.904551095869999699e+03 2.317561271779999970e+03 1.891568068580000181e+04 2.012045775299999946e+02 -6.236479235390000042e+01 1.927713543449999918e+02
6.500000000000000222e-01 7.669863933440000437e+03 2.015426535939999894e+03 1.902254628980000052e+04 2.018658136200000115e+02 -6.148817388829999686e+01 1.941759967799999913e+02
6.500000000000000222e-01 7.670984243330000027e+03 2.284025408290000087e+03 1.899050528140000097e+04 2.014724522610000008e+02 -6.196326233519999960e+01 1.924352010069999892e+02
6.500000000000000222e-01 7.932114804949999780e+03 1.991901515490000065e+03 1.902772997630000100e+04 2.012940563010000119e+02 -6.159850785439999754e+01 1.940225124289999883e+02
6.500000000000000222e-01 7.982823021680000238e+03 2.224767549029999827e+03 1.902942118869999831e+04 2.008743050239999945e+02 -6.206605815759999700e+01 1.946187073300000066e+02
6.500000000000000222e-01 7.718376066179999725e+03 2.089586359049999828e+03 1.912888495949999924e+04 2.009067773509999881e+02 -6.199747249560000029e+01 1.930813068079999937e+02
1.390000000000000000e+04 -1.114937467409999954e+04 3.440488783690000218e+03 1.056497286229999918e+04 -2.311307642449999946e+02 2.003395052580000026e+02 -3.398299806809999950e+02
6.500000000000000222e-01 -1.125622151789999953e+04 3.529943417240000144e+03 1.059852159489999940e+04 -2.312879459579999946e+02 2.003212466150000068e+02 -3.401495338999999944e+02
6.500000000000000222e-01 -1.122069755930000065e+04 3.419528923620000114e+03 1.068946488139999929e+04 -2.316706228500000009e+02 2.002861125389999870e+02 -3.398397813810000230e+02
6.500000000000000222e-01 -1.107221057049999945e+04 3.420360054960000070e+03 1.068255724410000039e+04 -2.315482128239999895e+02 2.003843118979999929e+02 -3.397874412229999734e+02
6.500000000000000222e-01 -1.106290082129999973e+04 3.478951994189999823e+03 1.045494975499999964e+04 -2.305195669379999970e+02 2.003789062749999914e+02 -3.396794796519999977e+02
6.500000000000000222e-01 -1.104471907180000017e+04 3.512466285030000108e+03 1.062488935219999985e+04 -2.316157994190000124e+02 2.000899398239999982e+02 -3.394354702879999763e+02
6.500000000000000222e-01 -1.119180300189999980e+04 3.527411121820000062e+03 1.067253563589999976e+04 -2.311789610149999987e+02 1.998241704309999989e+02 -3.391702803759999938e+02
6.500000000000000222e-01 -1.109931054770000082e+04 3.323694737209999857e+03 1.050791413780000039e+04 -2.311046037200000001e+02 2.005516071380000085e+02 -3.395946720649999975e+02
6.500000000000000222e-01 -1.119576426610000090e+04 3.315989003099999991e+03 1.060964689790000011e+04 -2.311952994240000123e+02 2.008934913820000077e+02 -3.393096976059999861e+02
6.500000000000000222e-01 -1.115633363389999977e+04 3.323585699069999919e+03 1.065067238050000014e+04 -2.309657536690000086e+02 2.002666768269999977e+02 -3.398980765680000218e+02
6.500000000000000222e-01 -1.109373540689999936e+04 3.544323246850000032e+03 1.063972844599999917e+04 -2.311859785579999880e+02 1.997593060270000080e+02 -3.396498859710000033e+02
6.500000000000000222e-01 -1.101112388570000076e+04 3.432126501830000052e+03 1.053067653959999916e+04 -2.313016247760000113e+02 2.003142127669999866e+02 -3.405815599669999756e+02
6.500000000000000222e-01 -1.112461214749999999e+04 3.304957754139999906e+03 1.052728834789999928e+04 -2.309195805310000082e+02 2.003740815520000069e+02 -3.394070623910000108e+02
6.500000000000000222e-01 -1.105954662959999951e+04 3.331265211939999972e+03 1.054299336840000069e+04 -2.310804794350000009e+02 2.004964585319999912e+02 -3.400691424259999849e+02
6.500000000000000222e-01 -1.114209078459999910e+04 3.345461499529999855e+03 1.045546196179999970e+04 -2.306873481009999978e+02 1.999122241430000031e+02 -3.396368419820000213e+02
6.500000000000000222e-01 -1.126061526349999986e+04 3.437102432929999850e+03 1.065731633099999999e+04 -2.313726133600000026e+02 2.004025000700000021e+02 -3.397517343549999964e+02
6.500000000000000222e-01 -1.103777763290000075e+04 3.355454589800000122e+03 1.054119177350000064e+04 -2.310622219349999966e+02 2.004188258789999963e+02 -3.394840921190000245e+02
6.500000000000000222e-01 -1.108534504500000003e+04 3.399241283370000019e+03 1.044361362929999996e+04 -2.312824931840000033e+02 2.006550303550000081e+02 -3.402257721110000261e+02
6.500000000000000222e-01 -1.108556590250000045e+04 3.419918091510000068e+03 1.068988228229999913e+04 -2.309860015220000093e+02 2.002932731969999907e+02 -3.401219637899999952e+02
6.500000000000000222e-01 -1.124476837300000079e+04 3.338661538639999890e+03 1.054858413339999970e+04 -2.310017753740000046e+02 2.006687609770000051e+02 -3.398582168440000260e+02
6.500000000000000222e-01 -1.121038384629999928e+04 3.553738127380000151e+03 1.061601608010000018e+04 -2.310146092880000026e+02 1.999160307349999925e+02 -3.396120730380000055e+02
6.500000000000000222e-01 -1.111942758069999945e+04 3.332352253839999776e+03 1.065477028290000089e+04 -2.312285992850000014e+02 2.007722349660000134e+02 -3.394296288620000155e+02
6.500000000000000222e-01 -1.120481890310000017e+04 3.442321550770000158e+03 1.043389245010000013e+04 -2.302587461610000048e+02 2.002829860349999933e+02 -3.400815918619999820e+02
6.500000000000000222e-01 -1.124031618049999997e+04 3.475831027199999880e+03 1.067418661059999977e+04 -2.316409770870000102e+02 2.005291186919999973e+02 -3.398014121979999800e+02
6.500000000000000222e-01 -1.107748953389999951e+04 3.509833748219999961e+03 1.046168451180000011e+04 -2.312113865059999966e+02 2.003485160470000039e+02 -3.399926253620000125e+02
6.500000000000000222e-01 -1.121736112590000084e+04 3.380019474629999877e+03 1.045624371729999984e+04 -2.312491309069999943e+02 2.002621524809999869e+02 -3.394608815579999828e+02
6.500000000000000222e-01 -1.116702165880000030e+04 3.363262114350000047e+03 1.044435494359999939e+04 -2.306639988270000003e+02 1.999971398920000070e+02 -3.397590935279999940e+02
6.500000000000000222e-01 -1.117279883960000006e+04 3.361626039459999902e+03 1.044933769059999941e+04 -2.311129530139999986e+02 2.001813574749999987e+02 -3.395955087670000125e+02
6.500000000000000222e-01 -1.101415899849999914e+04 3.429105904500000179e+03 1.051984512910000012e+04 -2.313128846879999969e+02 2.003277336660000003e+02 -3.405731806539999980e+02
6.500000000000000222e-01 -1.113070288000000073e+04 3.391512398110000049e+03 1.069795802200000071e+04 -2.316465951589999861e+02 2.010672007329999929e+02 -3.395129774360000283e+02
6.500000000000000222e-01 -1.114696824589999960e+04 3.303497623130000193e+03 1.053759052019999945e+04 -2.311044752669999980e+02 2.005974678100000119e+02 -3.393707329700000059e+02
6.500000000000000222e-01 -1.112479381439999997e+04 3.301522388379999938e+03 1.057207462359999954e+04 -2.310945977979999952e+02 2.005708122620000040e+02 -3.404960859149999806e+02
6.500000000000000222e-01 -1.108029090650000035e+04 3.395664483019999807e+03 1.044528950889999942e+04 -2.313823962639999934e+02 2.006713345599999911e+02 -3.404864693839999745e+02
6.500000000000000222e-01 -1.100776474140000028e+04 3.450279475849999926e+03 1.056346422680000069e+04 -2.312396015879999993e+02 2.002725930409999933e+02 -3.395154948289999766e+02
6.500000000000000222e-01 -1.108702479060000041e+04 3.501139743050000106e+03 1.045001550590000079e+04 -2.313779312199999936e+02 2.001002087100000040e+02 -3.402642205980000085e+02
6.500000000000000222e-01 -1.115341015279999920e+04 3.304238413739999942e+03 1.059858664180000051e+04 -2.311686273589999985e+02 2.008144494219999956e+02 -3.392375219959999981e+02
6.500000000000000222e-01 -1.124318829709999955e+04 3.534396480320000137e+03 1.051111953109999922e+04 -2.312081871960000115e+02 2.003872631270000113e+02 -3.392468958420000149e+02
6.500000000000000222e-01 -1.114443919070000084e+04 3.483899067339999874e+03 1.070229213080000045e+04 -2.315414489919999994e+02 1.997071134379999933e+02 -3.394852460820000033e+02
6.500000000000000222e-01 -1.108334305730000051e+04 3.427562538829999994e+03 1.043563580069999989e+04 -2.304457617820000053e+02 2.001805610739999963e+02 -3.398537341499999798e+02
6.500000000000000222e-01 -1.116575756150000052e+04 3.438196981080000114e+03 1.070883903040000041e+04 -2.308264727000000107e+02 2.005009246200000064e+02 -3.395927511130000198e+02
6.500000000000000222e-01 -1.120649575860000004e+04 3.421800704440000118e+03 1.069738156279999930e+04 -2.319178028729999994e+02 2.002612477959999921e+02 -3.398566558609999788e+02
1.190000000000000000e+04 -7.049616083410000101e+03 5.936821318479999718e+03 -1.256488152889999947e+04 -2.619598610329999815e+02 -3.523713169589999694e+01 9.520472866059999717e+01
6.500000000000000222e-01 -7.133473666439999761e+03 5.845266684180000084e+03 -1.252031941899999947e+04 -2.617712577969999757e+02 -3.530287742470000012e+01 9.475453553340000212e+01
6.500000000000000222e-01 -7.138604947419999917e+03 5.845427321320000374e+03 -1.253381486380000024e+04 -2.616537029230000257e+02 -3.493931375119999672e+01 9.576681657090000499e+01
6.500000000000000222e-01 -6.933659782759999871e+03 5.971888518339999791e+03 -1.261498099680000087e+04 -2.620806589410000242e+02 -3.518603631919999941e+01 9.576175954149999825e+01
6.500000000000000222e-01 -6.948838092050000341e+03 5.853373645300000135e+03 -1.258191583779999928e+04 -2.621663849529999766e+02 -3.509992764350000272e+01 9.501211249189999819e+01
6.500000000000000222e-01 -7.066245195419999618e+03 6.032368448700000044e+03 -1.265802849369999967e+04 -2.619620558369999799e+02 -3.571441468289999932e+01 9.444103175979999776e+01
6.500000000000000222e-01 -7.127631485480000265e+03 6.039481668139999783e+03 -1.253589386109999941e+04 -2.617919958819999806e+02 -3.547299515409999771e+01 9.549582907239999940e+01
6.500000000000000222e-01 -7.015583138480000343e+03 5.929862397019999662e+03 -1.243404916600000070e+04 -2.616859941170000070e+02 -3.547279524340000023e+01 9.537159401959999627e+01
6.500000000000000222e-01 -7.168725197220000155e+03 5.909597393449999799e+03 -1.261344820540000001e+04 -2.617902531139999951e+02 -3.509804704470000303e+01 9.525504217329999790e+01
6.500000000000000222e-01 -7.088474343550000413e+03 5.841712054669999816e+03 -1.264887883750000037e+04 -2.619267098569999916e+02 -3.536143142040000242e+01 9.558677896140000030e+01
6.500000000000000222e-01 -7.025939903600000434e+03 5.885759882669999570e+03 -1.244322239300000001e+04 -2.620028100910000148e+02 -3.521062525319999992e+01 9.543113109950000705e+01
6.500000000000000222e-01 -7.147942155329999878e+03 5.851325757210000120e+03 -1.257784038230000078e+04 -2.617571613360000242e+02 -3.506714044729999813e+01 9.575031719880000480e+01
6.500000000000000222e-01 -7.008868337529999735e+03 5.891477466520000235e+03 -1.268262953709999965e+04 -2.618362936170000239e+02 -3.536068429270000024e+01 9.543561921510000445e+01
6.500000000000000222e-01 -7.117814686839999922e+03 6.003614064549999966e+03 -1.247505220449999979e+04 -2.614348899220000249e+02 -3.576539925760000216e+01 9.557902081599999633e+01
6.500000000000000222e-01 -6.974674897679999958e+03 6.042935341780000272e+03 -1.254733664920000047e+04 -2.621755100650000259e+02 -3.539429856769999816e+01 9.470613412139999809e+01
6.500000000000000222e-01 -6.959091834920000110e+03 5.918618518299999778e+03 -1.246767478850000043e+04 -2.623014570569999933e+02 -3.532067850579999657e+01 9.571155877869999529e+01
6.500000000000000222e-01 -7.176017803210000238e+03 5.962589185529999668e+03 -1.259080992859999969e+04 -2.616898852250000118e+02 -3.519827561030000140e+01 9.487449475809999910e+01
6.500000000000000222e-01 -6.965794698290000269e+03 5.963816402110000126e+03 -1.246351540820000082e+04 -2.620983481669999833e+02 -3.567040995810000226e+01 9.555147365029999662e+01
6.500000000000000222e-01 -7.024119188749999921e+03 5.934893236599999909e+03 -1.243175990839999940e+04 -2.612486458889999881e+02 -3.547208381120000098e+01 9.532962007689999950e+01
6.500000000000000222e-01 -7.044953284260000146e+03 5.883797064739999769e+03 -1.244137949379999918e+04 -2.620194842860000222e+02 -3.480684621980000060e+01 9.562178186270000424e+01
6.500000000000000222e-01 -7.047357022989999678e+03 6.067716533570000138e+03 -1.257326059010000063e+04 -2.620091605139999729e+02 -3.548283233690000316e+01 9.539846040509999625e+01
6.500000000000000222e-01 -6.926175979179999558e+03 5.898888198149999880e+03 -1.253330262930000026e+04 -2.621577693020000197e+02 -3.531358469269999745e+01 9.554859245439999427e+01
6.500000000000000222e-01 -7.108183231910000359e+03 5.821296508690000337e+03 -1.253802381380000043e+04 -2.616684663450000130e+02 -3.519940391200000107e+01 9.497318418250000605e+01
6.500000000000000222e-01 -6.953740103260000069e+03 6.018577015939999910e+03 -1.252802376750000076e+04 -2.619902055310000151e+02 -3.540248613859999693e+01 9.466570091559999867e+01
6.500000000000000222e-01 -7.031078984619999574e+03 5.807181587250000121e+03 -1.255160007899999982e+04 -2.619362820019999845e+02 -3.496495056399999868e+01 9.582825802729999509e+01
6.500000000000000222e-01 -7.171941057549999641e+03 5.895809578499999589e+03 -1.254204511099999945e+04 -2.616004800019999834e+02 -3.508103921760000077e+01 9.557080352369999332e+01
6.500000000000000222e-01 -7.129333629660000042e+03 5.992955739660000290e+03 -1.265843209829999978e+04 -2.622813815459999773e+02 -3.491911276670000319e+01 9.531384841099999505e+01
6.500000000000000222e-01 -7.046883228540000346e+03 5.810424181989999852e+03 -1.253336091699999997e+04 -2.619900387719999912e+02 -3.493737166849999909e+01 9.528969162890000177e+01
6.500000000000000222e-01 -7.028018516680000175e+03 6.032256456269999944e+03 -1.265729457580000053e+04 -2.620516030320000027e+02 -3.486454319229999754e+01 9.538859562429999528e+01
6.500000000000000222e-01 -7.127699991550000050e+03 6.043129178230000434e+03 -1.255032482309999978e+04 -2.619322924530000023e+02 -3.531013767849999851e+01 9.447405134740000676e+01
6.500000000000000222e-01 -7.125690353340000001e+03 5.968486150929999894e+03 -1.246030039519999991e+04 -2.620311756469999978e+02 -3.523059912240000102e+01 9.497057562460000213e+01
6.500000000000000222e-01 -7.160535742789999858e+03 5.926133566600000449e+03 -1.249569518360000075e+04 -2.618763184449999812e+02 -3.531409356569999858e+01 9.475532556660000694e+01
6.500000000000000222e-01 -7.109667316439999922e+03 5.878607103829999687e+03 -1.246041068230000019e+04 -2.614087138109999842e+02 -3.488400081870000236e+01 9.575020138169999484e+01
6.500000000000000222e-01 -7.002804454680000163e+03 5.996636921160000384e+03 -1.245529518789999929e+04 -2.616371423730000174e+02 -3.513397927660000164e+01 9.497994710019999332e+01
6.500000000000000222e-01 -7.057103967209999610e+03 6.068680694370000310e+03 -1.256804416130000027e+04 -2.620365544300000238e+02 -3.542572813529999820e+01 9.557733781250000504e+01
6.500000000000000222e-01 -7.170949354459999995e+03 5.943681125359999896e+03 -1.261848803709999993e+04 -2.616233761639999784e+02 -3.509747701340000248e+01 9.458300988390000441e+01
6.500000000000000222e-01 -7.043086647099999936e+03 6.010314656980000109e+03 -1.267662583579999955e+04 -2.619356552460000103e+02 -3.503552067220000055e+01 9.518397520400000644e+01
6.500000000000000222e-01 -6.979753925209999579e+03 6.006236488079999617e+03 -1.265457764830000087e+04 -2.619053869749999990e+02 -3.523140953269999898e+01 9.535421458349999568e+01
6.500000000000000222e-01 -7.114954368730000169e+03 5.865528479579999839e+03 -1.265457039980000081e+04 -2.619420559590000153e+02 -3.453951210870000210e+01 9.486744516550000128e+01
6.500000000000000222e-01 -6.945043595770000138e+03 5.857141981140000098e+03 -1.257472920750000048e+04 -2.621582957869999859e+02 -3.512939736090000054e+01 9.515999061009999593e+01
6.500000000000000222e-01 -6.998477314769999793e+03 6.033283735740000338e+03 -1.264121700509999937e+04 -2.619871891880000021e+02 -3.506218746409999909e+01 9.548935475849999932e+01
