3.450000000000000000e+05 4.284617192400000022e+03 -5.100456460770000376e+03 -6.700280075910000050e+03 -1.091978679629999931e+02 1.729758807469999837e+01 -6.255521529020000315e+01
6.500000000000000222e-01 4.461344856869999603e+03 -5.278271665330000360e+03 -6.577098653510000076e+03 -1.101971310619999969e+02 1.828076619670000014e+01 -6.289871216249999719e+01
6.500000000000000222e-01 4.132009375130000080e+03 -5.212629732710000098e+03 -6.488233923800000412e+03 -1.078528112479999947e+02 1.799287145839999980e+01 -6.157381215040000200e+01
6.500000000000000222e-01 4.094666584380000131e+03 -5.169489250130000073e+03 -6.498114786109999841e+03 -1.081901124430000039e+02 1.865589381010000025e+01 -6.096823097469999908e+01
6.500000000000000222e-01 4.214375808529999631e+03 -5.359064943110000058e+03 -6.608576950540000325e+03 -1.088910307780000011e+02 1.860446343559999960e+01 -6.074693071379999765e+01
6.500000000000000222e-01 4.367435797330000241e+03 -5.242574689389999548e+03 -6.464901932419999866e+03 -1.090912273680000055e+02 1.765453381289999868e+01 -6.233548110369999762e+01
6.500000000000000222e-01 4.333487806549999732e+03 -4.988043739439999626e+03 -6.442037594940000417e+03 -1.088623010480000062e+02 1.935048358590000106e+01 -6.323486055179999710e+01
6.500000000000000222e-01 4.168879912399999739e+03 -5.047343374629999744e+03 -6.444031544829999802e+03 -1.106955723699999936e+02 1.824840361240000064e+01 -6.291582360950000208e+01
6.500000000000000222e-01 4.360851728050000020e+03 -5.000214165739999771e+03 -6.443932744419999835e+03 -1.094580067699999972e+02 1.910960678300000026e+01 -6.305763511010000144e+01
6.500000000000000222e-01 4.444120601610000449e+03 -5.146319297060000281e+03 -6.468906807260000278e+03 -1.089452512600000063e+02 1.717628045249999857e+01 -6.323317766259999928e+01
6.500000000000000222e-01 4.347122454270000162e+03 -5.093461974660000124e+03 -6.422126200970000355e+03 -1.076291730070000057e+02 1.794203833039999907e+01 -6.295821699540000083e+01
6.500000000000000222e-01 4.146120085520000430e+03 -5.212300239129999682e+03 -6.478024447439999676e+03 -1.076792025980000034e+02 1.871473242600000120e+01 -6.109062706699999978e+01
6.500000000000000222e-01 4.032665688080000109e+03 -5.016395714829999633e+03 -6.598832524890000059e+03 -1.090784431369999936e+02 1.749803638539999895e+01 -6.271589534139999955e+01
6.500000000000000222e-01 4.210416791190000367e+03 -4.886385325059999559e+03 -6.533327816949999942e+03 -1.088205648529999934e+02 1.694686413319999829e+01 -6.271135563120000000e+01
6.500000000000000222e-01 4.076310679440000058e+03 -5.017024201960000028e+03 -6.521366239420000056e+03 -1.106378978249999960e+02 1.829971543130000100e+01 -6.372766485239999668e+01
6.500000000000000222e-01 4.058566429110000172e+03 -5.150014636560000326e+03 -6.535001962180000191e+03 -1.087257090690000041e+02 1.769737169069999894e+01 -6.212399189930000176e+01
6.500000000000000222e-01 4.221487010920000102e+03 -5.199439389600000140e+03 -6.440631050779999896e+03 -1.106015743180000044e+02 1.627425717670000083e+01 -6.340771144640000045e+01
6.500000000000000222e-01 4.121066528669999570e+03 -5.147617340759999934e+03 -6.470498553559999891e+03 -1.076257030999999955e+02 1.852892143109999878e+01 -6.088958844590000297e+01
6.500000000000000222e-01 4.246428696879999734e+03 -4.851567192679999607e+03 -6.571298657469999853e+03 -1.091698728869999968e+02 1.748757383050000058e+01 -6.357275475219999805e+01
6.500000000000000222e-01 4.482174235380000027e+03 -4.957004861589999564e+03 -6.556099429760000021e+03 -1.093727961750000048e+02 1.806806926950000047e+01 -6.421599513060000675e+01
6.500000000000000222e-01 4.366258405429999584e+03 -4.850309078039999804e+03 -6.585922160199999780e+03 -1.103668245899999931e+02 1.819244065839999891e+01 -6.315327596480000238e+01
6.500000000000000222e-01 4.190654741260000264e+03 -5.021411341750000247e+03 -6.442845135190000292e+03 -1.082818449229999942e+02 1.661505655299999873e+01 -6.166244367089999656e+01
6.500000000000000222e-01 4.200193566869999813e+03 -4.994059856210000362e+03 -6.447980360100000325e+03 -1.106344081860000017e+02 1.907320090269999824e+01 -6.310873974630000305e+01
6.500000000000000222e-01 4.171907447149999825e+03 -5.240865470020000430e+03 -6.479681504430000132e+03 -1.098695406359999964e+02 1.637705612299999913e+01 -6.379231849650000186e+01
6.500000000000000222e-01 4.125694491489999564e+03 -5.085359248830000070e+03 -6.462166700380000293e+03 -1.100239463489999991e+02 1.802106306769999833e+01 -6.258557240319999693e+01
6.500000000000000222e-01 4.106917850869999711e+03 -5.104749342279999837e+03 -6.475916796780000368e+03 -1.088173629129999966e+02 1.796390996679999930e+01 -6.181324358189999657e+01
6.500000000000000222e-01 4.302062141520000296e+03 -4.934840835070000139e+03 -6.465737794929999836e+03 -1.100300482520000003e+02 1.964432848579999913e+01 -6.331935599940000259e+01
6.500000000000000222e-01 4.152636279469999863e+03 -4.937142383289999998e+03 -6.509874652489999789e+03 -1.081948784669999952e+02 1.614637619069999985e+01 -6.081350849990000285e+01
6.500000000000000222e-01 4.223656771259999914e+03 -5.159757012189999841e+03 -6.427801991180000186e+03 -1.078512008219999956e+02 1.914147824389999997e+01 -6.177233127529999734e+01
6.500000000000000222e-01 4.249169455539999944e+03 -5.009207214609999937e+03 -6.432725893599999836e+03 -1.090929082480000005e+02 1.726669486280000143e+01 -6.233886159029999874e+01
6.500000000000000222e-01 4.420334248170000137e+03 -4.937619445860000269e+03 -6.510082973079999647e+03 -1.109757259739999995e+02 1.631344695030000125e+01 -6.068828138679999995e+01
6.500000000000000222e-01 4.191415116979999766e+03 -5.178940726959999665e+03 -6.442421516100000190e+03 -1.100791649129999996e+02 1.848803552109999870e+01 -6.254304888979999788e+01
6.500000000000000222e-01 4.416373064549999981e+03 -5.045648474710000301e+03 -6.454030249110000113e+03 -1.116705800440000047e+02 1.680732813350000043e+01 -6.137110473709999781e+01
6.500000000000000222e-01 4.254565705789999811e+03 -5.103131597589999728e+03 -6.415896882979999646e+03 -1.073862512000000038e+02 1.817574262100000126e+01 -6.208923609339999672e+01
6.500000000000000222e-01 4.495157065960000182e+03 -4.933719849920000343e+03 -6.608364647630000036e+03 -1.091053444310000060e+02 1.698164062749999914e+01 -6.397127269260000304e+01
6.500000000000000222e-01 4.289232667889999902e+03 -5.112884514909999780e+03 -6.415064442310000231e+03 -1.089273680489999947e+02 1.610087695789999884e+01 -6.252144240199999814e+01
6.500000000000000222e-01 4.285596470849999605e+03 -5.050723238350000429e+03 -6.419085827310000241e+03 -1.093145897880000064e+02 1.726385466940000057e+01 -6.235951114449999722e+01
6.500000000000000222e-01 4.310028300429999945e+03 -4.854571592790000068e+03 -6.549597839050000402e+03 -1.107002050910000008e+02 1.847860403780000027e+01 -6.258432678709999664e+01
6.500000000000000222e-01 4.149909017400000266e+03 -5.304232298490000176e+03 -6.558548461139999745e+03 -1.100032492640000044e+02 1.841950015640000160e+01 -6.338186729379999917e+01
6.500000000000000222e-01 4.430561786670000402e+03 -4.945265714170000138e+03 -6.512096909939999932e+03 -1.087765124790000044e+02 1.684291240900000020e+01 -6.301131983709999673e+01
6.500000000000000222e-01 4.199407932019999862e+03 -5.296828759009999885e+03 -6.514711832369999684e+03 -1.088485512830000062e+02 1.950568517139999969e+01 -6.099906009880000113e+01
6.500000000000000222e-01 4.199777861090000442e+03 -4.886576097569999547e+03 -6.520555916850000358e+03 -1.103148328670000069e+02 1.780514669509999948e+01 -6.121218128379999968e+01
6.500000000000000222e-01 4.407862408699999833e+03 -4.993554074179999589e+03 -6.466826195010000447e+03 -1.088667312620000018e+02 1.883909191180000064e+01 -6.360860796749999935e+01
6.500000000000000222e-01 4.194474318710000261e+03 -4.904654737300000306e+03 -6.510119968879999760e+03 -1.102753148449999969e+02 1.895453698609999904e+01 -6.363036352299999976e+01
6.500000000000000222e-01 4.238801351099999920e+03 -5.102077963370000361e+03 -6.418160297540000101e+03 -1.091638284330000062e+02 1.787405745550000091e+01 -6.232859183779999768e+01
6.500000000000000222e-01 4.343470864699999765e+03 -5.044556849540000258e+03 -6.426511471320000055e+03 -1.111188481540000055e+02 1.609368935350000029e+01 -6.177209159710000108e+01
6.500000000000000222e-01 4.286102638440000192e+03 -5.105027401530000134e+03 -6.414917916819999846e+03 -1.100349146500000046e+02 1.849599321070000002e+01 -6.246023765439999664e+01
6.500000000000000222e-01 4.462259133290000136e+03 -5.305555557980000231e+03 -6.618799104970000371e+03 -1.090503897199999983e+02 1.711524052360000070e+01 -6.526943426340000087e+01
6.500000000000000222e-01 4.283200878239999838e+03 -5.093547913340000378e+03 -6.414801465929999722e+03 -1.096899946599999964e+02 1.854655964530000034e+01 -6.246148793550000278e+01
6.500000000000000222e-01 4.228152609149999989e+03 -4.842026819589999832e+03 -6.599942495979999876e+03 -1.091958699540000026e+02 1.732483154379999846e+01 -6.358375956220000091e+01
6.500000000000000222e-01 4.028455444109999917e+03 -5.103478526429999874e+03 -6.574968482500000391e+03 -1.091273688739999983e+02 1.778586210279999946e+01 -6.247215528019999908e+01
6.500000000000000222e-01 4.404779836849999811e+03 -5.179155841300000247e+03 -6.453596640230000048e+03 -1.102723408030000058e+02 1.793555485199999922e+01 -6.210107441430000108e+01
6.500000000000000222e-01 4.560046577369999795e+03 -5.119414435710000362e+03 -6.634285113459999593e+03 -1.096589573720000033e+02 1.711577932699999849e+01 -6.312514891280000029e+01
6.500000000000000222e-01 4.348521351360000153e+03 -4.962661061949999748e+03 -6.457136132939999698e+03 -1.106785071409999972e+02 1.850630416750000151e+01 -6.243318907230000292e+01
6.500000000000000222e-01 4.269984751789999791e+03 -5.179149579539999650e+03 -6.427487560630000189e+03 -1.101690499139999986e+02 1.687919018499999879e+01 -6.300111002549999739e+01
6.500000000000000222e-01 4.303435422630000176e+03 -5.075911117589999776e+03 -6.416248651150000114e+03 -1.084962724129999998e+02 1.926830258509999894e+01 -6.259443366280000021e+01
6.500000000000000222e-01 4.336672691769999801e+03 -5.186318717060000381e+03 -6.432723112329999822e+03 -1.094404238590000062e+02 1.795596510720000083e+01 -6.240411645180000022e+01
6.500000000000000222e-01 4.238095795819999694e+03 -5.110157314369999767e+03 -6.418402134390000356e+03 -1.087047000419999989e+02 1.822900444200000081e+01 -6.222606486349999955e+01
6.500000000000000222e-01 4.274738818750000064e+03 -5.099954638569999588e+03 -6.414887924130000101e+03 -1.099792679950000007e+02 1.779271644689999832e+01 -6.246107956050000354e+01
6.500000000000000222e-01 4.164327752270000019e+03 -5.243633321719999913e+03 -6.486770514279999588e+03 -1.104080495510000048e+02 1.835127585300000064e+01 -6.310924194569999912e+01
6.500000000000000222e-01 4.477958887599999798e+03 -5.267648184059999949e+03 -6.569908477940000012e+03 -1.085141783680000032e+02 1.660657423740000027e+01 -6.441283190039999340e+01
6.500000000000000222e-01 4.170440453270000035e+03 -4.922665380960000221e+03 -6.509231544379999832e+03 -1.083761469570000031e+02 1.599280471139999982e+01 -6.038956419699999856e+01
6.500000000000000222e-01 4.383535335829999894e+03 -5.196347401519999949e+03 -6.454609821559999546e+03 -1.094581233880000042e+02 1.759760477820000091e+01 -6.341419786809999692e+01
6.500000000000000222e-01 4.275568362779999916e+03 -5.081593996700000389e+03 -6.415019020499999897e+03 -1.087175578909999984e+02 1.572691380430000052e+01 -6.215584940899999822e+01
6.500000000000000222e-01 4.298218872329999613e+03 -4.877923169939999752e+03 -6.525271344230000068e+03 -1.091482428829999947e+02 1.556004987120000038e+01 -6.061998423370000211e+01
6.500000000000000222e-01 4.225497864719999598e+03 -5.056714958290000141e+03 -6.422846915250000166e+03 -1.089440736210000011e+02 1.742053410020000115e+01 -6.196121465150000063e+01
6.500000000000000222e-01 4.361438231459999770e+03 -5.208422685669999737e+03 -6.450932549199999812e+03 -1.091173816740000007e+02 1.695284533550000106e+01 -6.362513506460000201e+01
6.500000000000000222e-01 4.170376715610000247e+03 -5.002361608690000139e+03 -6.458308931460000167e+03 -1.080661844480000013e+02 1.641489828430000131e+01 -6.128964049900000077e+01
6.500000000000000222e-01 4.444930886049999572e+03 -5.008424083980000432e+03 -6.483673991190000379e+03 -1.107375147759999976e+02 1.635220176969999883e+01 -6.134820916630000198e+01
6.500000000000000222e-01 4.068452029470000070e+03 -5.272208815730000424e+03 -6.635959821530000227e+03 -1.083137931140000063e+02 1.792550893639999998e+01 -6.071182388889999970e+01
6.500000000000000222e-01 4.141468016349999743e+03 -5.341126179570000204e+03 -6.653836135909999939e+03 -1.084547945190000036e+02 1.776423287569999943e+01 -6.155608880629999646e+01
6.500000000000000222e-01 4.382093731060000209e+03 -5.069640744989999803e+03 -6.434230215730000054e+03 -1.107926491529999993e+02 1.706148384609999979e+01 -6.207762824840000349e+01
6.500000000000000222e-01 4.268942816699999639e+03 -5.223707724730000336e+03 -6.442720409749999817e+03 -1.086201527719999973e+02 1.693139381960000023e+01 -6.275152585930000271e+01
6.500000000000000222e-01 4.341087009969999599e+03 -5.214687457170000016e+03 -6.449200869389999752e+03 -1.108082568570000035e+02 1.959748625960000012e+01 -6.213919225050000250e+01
6.500000000000000222e-01 4.238357086740000341e+03 -5.036093921509999745e+03 -6.425223719020000317e+03 -1.082602515819999951e+02 1.593060946830000013e+01 -6.160261686359999800e+01
6.500000000000000222e-01 4.344963899870000205e+03 -5.055178900760000033e+03 -6.425347848309999790e+03 -1.099453968849999939e+02 1.811221557349999856e+01 -6.254963018729999646e+01
6.500000000000000222e-01 4.277304721339999560e+03 -5.367916739780000171e+03 -6.599896452859999954e+03 -1.085972976359999933e+02 1.798189237400000096e+01 -6.131169594659999689e+01
6.500000000000000222e-01 4.224540684919999876e+03 -5.051951751960000365e+03 -6.425173512919999666e+03 -1.097321892810000037e+02 1.783909761219999979e+01 -6.244541471769999674e+01
6.500000000000000222e-01 4.314879288559999623e+03 -5.098656640100000004e+03 -6.416473007610000423e+03 -1.119750837800000056e+02 1.773858794070000044e+01 -6.217725549979999755e+01
6.500000000000000222e-01 4.246464009889999943e+03 -5.220652492559999700e+03 -6.443969982880000316e+03 -1.084441011800000041e+02 1.750633323759999982e+01 -6.243943663289999790e+01
6.500000000000000222e-01 4.197083801589999894e+03 -5.112696017500000380e+03 -6.428410550929999772e+03 -1.103554187849999977e+02 1.767787348650000112e+01 -6.264564334530000167e+01
6.500000000000000222e-01 4.040561933710000176e+03 -5.004138743759999670e+03 -6.588644453830000202e+03 -1.096779924270000066e+02 1.776914603430000028e+01 -6.372342284930000034e+01
6.500000000000000222e-01 4.097906304590000218e+03 -4.901909713390000434e+03 -6.617234874769999806e+03 -1.086942299749999989e+02 1.680464025519999893e+01 -5.986032371670000174e+01
6.500000000000000222e-01 4.526599415560000125e+03 -5.217836023609999756e+03 -6.610600517339999897e+03 -1.089677684300000067e+02 1.710218077020000038e+01 -6.519590545059999442e+01
6.500000000000000222e-01 4.361681544420000137e+03 -5.201775169210000058e+03 -6.444652168610000444e+03 -1.082400431460000050e+02 1.612698641069999894e+01 -6.348336823910000248e+01
6.500000000000000222e-01 4.345075203450000117e+03 -5.181574723220000124e+03 -6.433129399309999826e+03 -1.097048312139999950e+02 1.811290478169999929e+01 -6.232416485369999748e+01
6.500000000000000222e-01 4.515788408809999964e+03 -5.016283173290000377e+03 -6.557746391779999612e+03 -1.099151488309999962e+02 1.673225453339999902e+01 -6.207925426220000276e+01
6.500000000000000222e-01 4.070567443859999912e+03 -5.197269173550000232e+03 -6.538169583709999642e+03 -1.102285146410000038e+02 1.783513121529999879e+01 -6.372213072049999738e+01
6.500000000000000222e-01 4.496309357330000239e+03 -5.113390732279999611e+03 -6.511930205859999660e+03 -1.082698388670000043e+02 1.735005217499999830e+01 -6.449480299459999344e+01
6.500000000000000222e-01 4.191018129989999579e+03 -5.009484422769999583e+03 -6.447205394030000207e+03 -1.084495404400000069e+02 1.664627396570000073e+01 -6.177909262480000052e+01
6.500000000000000222e-01 4.262272299289999864e+03 -5.181484020840000085e+03 -6.427527118310000333e+03 -1.091272836060000060e+02 1.680301340089999940e+01 -6.275447277749999841e+01
6.500000000000000222e-01 4.220705603250000422e+03 -4.933129292839999835e+03 -6.480336035700000139e+03 -1.093068211060000010e+02 1.788881717099999946e+01 -6.301470806350000231e+01
6.500000000000000222e-01 4.288350214420000157e+03 -5.102078520320000280e+03 -6.414568939439999667e+03 -1.077156477660000036e+02 1.664133688469999939e+01 -6.241178663400000204e+01
6.500000000000000222e-01 4.261946786079999583e+03 -5.024230706549999923e+03 -6.426318937099999857e+03 -1.089059291450000018e+02 1.650452676990000001e+01 -6.207702882830000135e+01
6.500000000000000222e-01 4.216548232840000310e+03 -4.885801959329999590e+03 -6.515202289210000345e+03 -1.103134647880000045e+02 1.758446829520000065e+01 -6.105087082480000049e+01
6.500000000000000222e-01 4.117172440039999856e+03 -4.934061985219999769e+03 -6.540908374880000338e+03 -1.098331419360000041e+02 1.800496399260000047e+01 -6.355013355599999869e+01
6.500000000000000222e-01 4.313965669789999993e+03 -5.092138113140000314e+03 -6.416364660489999551e+03 -1.075635001210000041e+02 1.826778538880000013e+01 -6.264718889190000084e+01
6.500000000000000222e-01 4.298387293490000047e+03 -5.161374309769999854e+03 -6.422075569890000224e+03 -1.090379219240000026e+02 1.565522102519999947e+01 -6.300204773349999954e+01
6.500000000000000222e-01 4.112469918159999906e+03 -5.141168214409999564e+03 -6.476499813469999935e+03 -1.079325404350000071e+02 1.801054294989999960e+01 -6.133572761269999774e+01
6.500000000000000222e-01 4.273085532869999952e+03 -5.108785599849999926e+03 -6.415146651789999851e+03 -1.099097350090000020e+02 1.771472341710000009e+01 -6.247899817180000070e+01
6.500000000000000222e-01 4.268006423529999665e+03 -5.178790025629999946e+03 -6.426452006720000099e+03 -1.096737714369999992e+02 1.579428313770000081e+01 -6.306471435779999979e+01
1.390000000000000000e+04 -8.651803083950000655e+03 1.324084556410000005e+03 1.401938922979999916e+04 -2.456689584369999864e+02 2.038585494680000068e+02 -3.203976165199999855e+02
6.500000000000000222e-01 -8.657326778770000601e+03 1.322336096190000035e+03 1.416248670060000040e+04 -2.451574795600000130e+02 2.040709890489999907e+02 -3.203013952640000070e+02
6.500000000000000222e-01 -8.607871245540000018e+03 1.375323625739999898e+03 1.414546103039999980e+04 -2.453629565930000069e+02 2.042293223869999963e+02 -3.206606108749999748e+02
6.500000000000000222e-01 -8.701507769949999783e+03 1.319141996679999920e+03 1.415368939230000069e+04 -2.455729599359999895e+02 2.039096061349999900e+02 -3.202556845049999765e+02
6.500000000000000222e-01 -8.654104475899999670e+03 1.338510752769999954e+03 1.416186004839999987e+04 -2.457185903719999942e+02 2.033149050590000115e+02 -3.202714502530000118e+02
6.500000000000000222e-01 -8.783195108629999595e+03 1.303210481300000083e+03 1.407221069569999963e+04 -2.457912083429999939e+02 2.038921891269999946e+02 -3.206119647909999912e+02
6.500000000000000222e-01 -8.659616348429999562e+03 1.300572144239999943e+03 1.416045691489999990e+04 -2.455493540399999972e+02 2.040665796899999975e+02 -3.202872024079999846e+02
6.500000000000000222e-01 -8.610445671560000847e+03 1.385427831519999927e+03 1.414169773469999927e+04 -2.453934551810000073e+02 2.041909923649999996e+02 -3.206786133049999989e+02
6.500000000000000222e-01 -8.643056629479999174e+03 1.369109356250000019e+03 1.415520041900000069e+04 -2.459649861279999925e+02 2.039075114069999870e+02 -3.203109095259999890e+02
6.500000000000000222e-01 -8.714317280249999385e+03 1.342158140170000024e+03 1.414696243040000081e+04 -2.451704361250000090e+02 2.036779240580000021e+02 -3.200235092500000178e+02
6.500000000000000222e-01 -8.668889930539999114e+03 1.308818774560000065e+03 1.416073641339999995e+04 -2.456075648890000025e+02 2.037935441420000018e+02 -3.203289831100000242e+02
6.500000000000000222e-01 -8.604536852429999271e+03 1.263771497460000091e+03 1.414017959750000045e+04 -2.453978434990000039e+02 2.034551806149999891e+02 -3.207135735119999822e+02
6.500000000000000222e-01 -8.556482229630000802e+03 1.409719239139999900e+03 1.408230274169999939e+04 -2.459906112150000013e+02 2.036596699920000049e+02 -3.198559260449999897e+02
6.500000000000000222e-01 -8.686016997299999275e+03 1.367621115339999960e+03 1.415159061119999933e+04 -2.453999376040000016e+02 2.034036808580000013e+02 -3.200664804400000207e+02
6.500000000000000222e-01 -8.647253372409999429e+03 1.327466898859999901e+03 1.416246467549999943e+04 -2.452314750559999936e+02 2.042331528379999952e+02 -3.203568091579999759e+02
6.500000000000000222e-01 -8.642196786520000387e+03 1.343522546169999941e+03 1.416090660059999936e+04 -2.455601849850000065e+02 2.043529676610000081e+02 -3.204177165230000242e+02
6.500000000000000222e-01 -8.620962958190000791e+03 1.352063559200000100e+03 1.415627883490000022e+04 -2.453476357449999909e+02 2.042736884059999909e+02 -3.205293232000000216e+02
6.500000000000000222e-01 -8.629034675060000154e+03 1.301036004970000022e+03 1.415877665340000021e+04 -2.462024181570000110e+02 2.043304675699999962e+02 -3.201978045060000113e+02
6.500000000000000222e-01 -8.681886555459999727e+03 1.361681743529999949e+03 1.415461499179999919e+04 -2.460608829649999905e+02 2.042195793129999970e+02 -3.204354205710000087e+02
6.500000000000000222e-01 -8.691653957509999600e+03 1.305181596529999979e+03 1.415568971160000001e+04 -2.462668069849999881e+02 2.036063238959999921e+02 -3.205077282859999741e+02
6.500000000000000222e-01 -8.544907737650000854e+03 1.387482683129999941e+03 1.408984539779999977e+04 -2.459338211399999921e+02 2.036067428069999892e+02 -3.199223101009999937e+02
6.500000000000000222e-01 -8.623069397490000483e+03 1.299590078550000044e+03 1.415746112019999964e+04 -2.461884214529999895e+02 2.042420869860000039e+02 -3.201853558010000143e+02
6.500000000000000222e-01 -8.532404032259999440e+03 1.359628777919999948e+03 1.408875475270000061e+04 -2.460374889459999963e+02 2.038164235920000067e+02 -3.200072412989999862e+02
6.500000000000000222e-01 -8.765322366039999906e+03 1.352575966240000071e+03 1.410242550029999984e+04 -2.458553751469999895e+02 2.039452862720000041e+02 -3.204759979460000068e+02
6.500000000000000222e-01 -8.550530435160000707e+03 1.371394553679999945e+03 1.410820226209999964e+04 -2.461359564869999872e+02 2.036755174740000029e+02 -3.199070645439999794e+02
6.500000000000000222e-01 -8.697466729580000901e+03 1.292970599049999919e+03 1.415152319050000006e+04 -2.461179226799999924e+02 2.035336996780000050e+02 -3.205380379590000075e+02
6.500000000000000222e-01 -8.609302004880000823e+03 1.232260174459999917e+03 1.412059335549999923e+04 -2.455078442690000031e+02 2.034695722870000054e+02 -3.208290302920000272e+02
6.500000000000000222e-01 -8.627493210799999360e+03 1.268142356049999989e+03 1.414928287500000079e+04 -2.457638466649999884e+02 2.041448183150000091e+02 -3.201581391990000043e+02
6.500000000000000222e-01 -8.638544330299999274e+03 1.360573131119999971e+03 1.415704506720000063e+04 -2.455010771149999869e+02 2.041559230359999901e+02 -3.204709826929999963e+02
6.500000000000000222e-01 -8.645545682609999858e+03 1.411429587059999903e+03 1.413358380960000068e+04 -2.460536195560000010e+02 2.040003144249999991e+02 -3.202754698740000094e+02
6.500000000000000222e-01 -8.685231775439999183e+03 1.260196113279999963e+03 1.414269440439999926e+04 -2.460435336529999972e+02 2.039756820789999949e+02 -3.204499359160000154e+02
6.500000000000000222e-01 -8.624692354529999648e+03 1.322444107000000031e+03 1.415988362819999929e+04 -2.453159026179999955e+02 2.038356789919999983e+02 -3.204382880000000000e+02
6.500000000000000222e-01 -8.645418306440000379e+03 1.282673234309999998e+03 1.415608841079999911e+04 -2.459212530220000019e+02 2.045285838750000096e+02 -3.201662957170000254e+02
6.500000000000000222e-01 -8.639627433999999994e+03 1.308748177700000042e+03 1.416107809989999987e+04 -2.458271800439999879e+02 2.039507241000000022e+02 -3.203523354469999731e+02
6.500000000000000222e-01 -8.649706015589999879e+03 1.213555872209999961e+03 1.410871263059999910e+04 -2.459060004950000007e+02 2.044504958130000034e+02 -3.199519965640000123e+02
6.500000000000000222e-01 -8.559940557669999180e+03 1.327180712220000032e+03 1.412865752959999918e+04 -2.459943471530000068e+02 2.038622960980000016e+02 -3.202290138459999866e+02
6.500000000000000222e-01 -8.629589674430000741e+03 1.306832942730000013e+03 1.415972151510000003e+04 -2.462523234029999912e+02 2.042574289840000006e+02 -3.202167428839999843e+02
6.500000000000000222e-01 -8.553672961739999664e+03 1.257440190920000077e+03 1.410050306979999914e+04 -2.454765717020000011e+02 2.036686466870000061e+02 -3.206484538600000178e+02
6.500000000000000222e-01 -8.772851224219999494e+03 1.363192831390000038e+03 1.408442590500000006e+04 -2.453742363819999923e+02 2.037233145470000011e+02 -3.197807344330000205e+02
6.500000000000000222e-01 -8.662340145140000459e+03 1.312320008919999964e+03 1.416170034970000052e+04 -2.458139983210000139e+02 2.037011591410000051e+02 -3.203574231690000147e+02
6.500000000000000222e-01 -8.629589863279999918e+03 1.281698644110000032e+03 1.415369956640000055e+04 -2.459351295849999985e+02 2.040747485040000129e+02 -3.203659902499999816e+02
6.500000000000000222e-01 -8.674821219749999727e+03 1.407128516730000001e+03 1.413443014550000044e+04 -2.460005656509999881e+02 2.043912720010000044e+02 -3.206517913189999831e+02
6.500000000000000222e-01 -8.779728318639999998e+03 1.328564266200000020e+03 1.408332297669999934e+04 -2.459287094789999912e+02 2.038696352759999968e+02 -3.208454702290000000e+02
6.500000000000000222e-01 -8.549304406760000347e+03 1.284316170470000088e+03 1.411123515869999937e+04 -2.459041544970000075e+02 2.038864545819999989e+02 -3.201269328849999738e+02
6.500000000000000222e-01 -8.575309741270000814e+03 1.391187082209999971e+03 1.411969522519999919e+04 -2.455732141780000006e+02 2.035721741090000023e+02 -3.203660736479999969e+02
6.500000000000000222e-01 -8.733941087400000470e+03 1.247748694599999908e+03 1.410822576560000016e+04 -2.453224054469999942e+02 2.040460892529999910e+02 -3.198764876729999855e+02
6.500000000000000222e-01 -8.689995498390000648e+03 1.209964597249999997e+03 1.409510194740000043e+04 -2.458917681769999888e+02 2.043380948969999906e+02 -3.201129759489999742e+02
6.500000000000000222e-01 -8.683153177820000565e+03 1.209882581849999951e+03 1.410020804259999932e+04 -2.454684682600000087e+02 2.041000287340000057e+02 -3.198895795619999944e+02
6.500000000000000222e-01 -8.613857317079999120e+03 1.320842942589999893e+03 1.415729120709999916e+04 -2.453271514539999885e+02 2.038219054580000034e+02 -3.204787227059999850e+02
6.500000000000000222e-01 -8.701496132300000681e+03 1.443265138420000085e+03 1.408037126720000015e+04 -2.457741280200000062e+02 2.040173351999999909e+02 -3.209153109999999742e+02
6.500000000000000222e-01 -8.650896364059999541e+03 1.291289825280000059e+03 1.415883537699999943e+04 -2.456809438020000016e+02 2.043570156190000091e+02 -3.202095487230000117e+02
6.500000000000000222e-01 -8.654477320539999710e+03 1.337714730379999992e+03 1.416193089540000074e+04 -2.456760335740000016e+02 2.033391522910000049e+02 -3.202763707180000097e+02
6.500000000000000222e-01 -8.557686506550000558e+03 1.261235806390000107e+03 1.410655026659999930e+04 -2.454171607240000128e+02 2.036751824659999954e+02 -3.209229947239999774e+02
6.500000000000000222e-01 -8.646342437850000351e+03 1.324510489199999938e+03 1.416245891350000056e+04 -2.463591308629999901e+02 2.038239562550000130e+02 -3.203103457380000236e+02
6.500000000000000222e-01 -8.569836251009999614e+03 1.398192505340000025e+03 1.410991030710000086e+04 -2.454076215460000014e+02 2.037971266650000075e+02 -3.206974288079999837e+02
6.500000000000000222e-01 -8.651199393389999386e+03 1.351089878830000089e+03 1.415997970410000016e+04 -2.457091870929999970e+02 2.044409360850000041e+02 -3.204488025250000192e+02
6.500000000000000222e-01 -8.693029147029999876e+03 1.365176324830000112e+03 1.414981244429999970e+04 -2.453127773310000066e+02 2.034241566400000067e+02 -3.201351501319999784e+02
6.500000000000000222e-01 -8.673848701380000421e+03 1.192305656810000073e+03 1.407007668430000012e+04 -2.457076803020000000e+02 2.037066214470000034e+02 -3.209695853200000215e+02
6.500000000000000222e-01 -8.524961764760000733e+03 1.299912765810000110e+03 1.407985388620000049e+04 -2.459934429109999883e+02 2.039439341460000037e+02 -3.199911321750000184e+02
6.500000000000000222e-01 -8.512691001880000840e+03 1.348580942979999918e+03 1.404004524680000031e+04 -2.456638258929999949e+02 2.038617841759999862e+02 -3.210372048529999915e+02
6.500000000000000222e-01 -8.526500776240000050e+03 1.368101569879999943e+03 1.407183739149999928e+04 -2.459594221330000039e+02 2.037402271120000137e+02 -3.198468529300000114e+02
6.500000000000000222e-01 -8.615939842249999856e+03 1.362706382869999970e+03 1.415237978160000057e+04 -2.462033976110000140e+02 2.034674921470000015e+02 -3.201239749459999757e+02
6.500000000000000222e-01 -8.633071914789999937e+03 1.343151662210000040e+03 1.415999537500000042e+04 -2.453527999979999947e+02 2.041792892150000114e+02 -3.204427584069999853e+02
6.500000000000000222e-01 -8.594702711949999866e+03 1.340749246379999931e+03 1.414944973940000091e+04 -2.462804021979999902e+02 2.036731210400000123e+02 -3.201116395490000173e+02
6.500000000000000222e-01 -8.640421850110000378e+03 1.314575414639999963e+03 1.416174133710000024e+04 -2.454177509410000084e+02 2.035995231450000063e+02 -3.203928045299999781e+02
6.500000000000000222e-01 -8.668053090940000402e+03 1.414796948509999993e+03 1.412919891070000085e+04 -2.458814042230000041e+02 2.043521462059999863e+02 -3.207349315170000068e+02
6.500000000000000222e-01 -8.635542429400000401e+03 1.302422954070000060e+03 1.415998969290000059e+04 -2.453857496409999897e+02 2.033872853180000106e+02 -3.204500425360000122e+02
6.500000000000000222e-01 -8.788564343129999543e+03 1.346166012639999963e+03 1.405406610050000018e+04 -2.455531708450000110e+02 2.038174475460000110e+02 -3.201043550580000101e+02
6.500000000000000222e-01 -8.704036328739999590e+03 1.312414055510000026e+03 1.415234563440000056e+04 -2.455378325800000141e+02 2.039764132340000060e+02 -3.202230114719999960e+02
6.500000000000000222e-01 -8.690351500959999612e+03 1.238623292369999945e+03 1.412708436550000079e+04 -2.457040646080000101e+02 2.044597962199999870e+02 -3.199708867869999835e+02
6.500000000000000222e-01 -8.707134433819999686e+03 1.437957706229999985e+03 1.408248072730000058e+04 -2.454364559210000039e+02 2.035118156910000096e+02 -3.202473385129999883e+02
6.500000000000000222e-01 -8.667712677780000377e+03 1.311180786639999951e+03 1.416114143909999984e+04 -2.453864471759999901e+02 2.043102520809999874e+02 -3.202454346609999902e+02
6.500000000000000222e-01 -8.566122026859999096e+03 1.228193060390000028e+03 1.408187300959999993e+04 -2.458898578499999985e+02 2.041015067310000006e+02 -3.198486052449999875e+02
6.500000000000000222e-01 -8.586817384339999990e+03 1.260180759350000017e+03 1.412932813809999971e+04 -2.454187306249999949e+02 2.035750385419999873e+02 -3.207960344229999805e+02
6.500000000000000222e-01 -8.665928946500000166e+03 1.304001031560000001e+03 1.416048756350000076e+04 -2.454021285409999962e+02 2.041948177779999867e+02 -3.202486198529999797e+02
6.500000000000000222e-01 -8.748974015159999908e+03 1.342425713959999939e+03 1.412267306040000040e+04 -2.458743068919999928e+02 2.038482575529999963e+02 -3.205364633039999944e+02
6.500000000000000222e-01 -8.676475863699999536e+03 1.329065108289999898e+03 1.416040205779999997e+04 -2.458496927239999934e+02 2.039026802120000070e+02 -3.203473586069999897e+02
6.500000000000000222e-01 -8.751071291489999567e+03 1.288228837579999890e+03 1.411647452030000022e+04 -2.459388225399999897e+02 2.039384659380000073e+02 -3.204890289389999793e+02
6.500000000000000222e-01 -8.793308127719999902e+03 1.324345060430000103e+03 1.403942880069999956e+04 -2.455407990989999973e+02 2.038633601100000021e+02 -3.197060376950000204e+02
6.500000000000000222e-01 -8.665997408310000537e+03 1.449930000269999937e+03 1.408301406839999981e+04 -2.455115646220000087e+02 2.037261647310000114e+02 -3.206947818890000121e+02
6.500000000000000222e-01 -8.652068637540000054e+03 1.336076971619999995e+03 1.416208320049999929e+04 -2.458054598720000001e+02 2.034594222629999933e+02 -3.202998213519999808e+02
6.500000000000000222e-01 -8.681718130889999884e+03 1.333063179750000018e+03 1.415922620590000042e+04 -2.458525274220000085e+02 2.039220739550000019e+02 -3.203467405139999755e+02
6.500000000000000222e-01 -8.637622721379999348e+03 1.352492250300000023e+03 1.415899282010000024e+04 -2.460446218440000052e+02 2.035972582310000121e+02 -3.202564878809999982e+02
6.500000000000000222e-01 -8.686690611750000244e+03 1.294266505459999962e+03 1.415509003619999930e+04 -2.452891028420000055e+02 2.043025652160000050e+02 -3.201086535690000119e+02
6.500000000000000222e-01 -8.652993910220000544e+03 1.331755307240000093e+03 1.416234763890000067e+04 -2.457810556800000086e+02 2.042271761560000130e+02 -3.203592048290000207e+02
6.500000000000000222e-01 -8.633087765129999752e+03 1.330368843729999980e+03 1.416115161550000084e+04 -2.453065445329999932e+02 2.039906546070000104e+02 -3.204106265140000005e+02
6.500000000000000222e-01 -8.736107655219999288e+03 1.382488125710000077e+03 1.411956892960000005e+04 -2.453627065759999937e+02 2.036075517680000075e+02 -3.198436898439999823e+02
6.500000000000000222e-01 -8.652304616600000372e+03 1.356681481979999944e+03 1.415858453840000038e+04 -2.455975388079999959e+02 2.035170258450000063e+02 -3.202991649879999727e+02
6.500000000000000222e-01 -8.628704747499999939e+03 1.422928444650000074e+03 1.412015047070000037e+04 -2.458705672670000126e+02 2.033854111390000128e+02 -3.198995292070000005e+02
6.500000000000000222e-01 -8.638067226220000521e+03 1.305266686519999894e+03 1.416067832090000047e+04 -2.459801711400000102e+02 2.042308421909999936e+02 -3.202638640459999806e+02
6.500000000000000222e-01 -8.545857584569999744e+03 1.279861840569999913e+03 1.410514571780000006e+04 -2.458758261259999927e+02 2.038827201640000055e+02 -3.201255369209999913e+02
6.500000000000000222e-01 -8.573629200580000543e+03 1.331087092980000079e+03 1.413874046699999963e+04 -2.462136828970000124e+02 2.038363380760000041e+02 -3.201056260060000227e+02
6.500000000000000222e-01 -8.575415944279999167e+03 1.397082484589999922e+03 1.411552995190000001e+04 -2.453885569960000055e+02 2.040295953670000131e+02 -3.208446394189999751e+02
6.500000000000000222e-01 -8.724175425729999915e+03 1.228306654149999986e+03 1.409713116939999964e+04 -2.454600909179999917e+02 2.041962859699999910e+02 -3.197818192170000202e+02
6.500000000000000222e-01 -8.652401179020000200e+03 1.332276793159999897e+03 1.416235186710000016e+04 -2.457112281539999969e+02 2.032126150230000121e+02 -3.202912373030000026e+02
6.500000000000000222e-01 -8.703008070239999142e+03 1.326430559270000003e+03 1.415316176590000032e+04 -2.461193267259999971e+02 2.038769894909999891e+02 -3.204674372719999837e+02
6.500000000000000222e-01 -8.645635404459999336e+03 1.444786951379999891e+03 1.409724405490000026e+04 -2.459442908380000006e+02 2.037443127299999901e+02 -3.199871772559999954e+02
6.500000000000000222e-01 -8.585084416429999692e+03 1.395483995820000018e+03 1.412362557790000028e+04 -2.461480730609999910e+02 2.037706389820000084e+02 -3.201037094199999729e+02
6.500000000000000222e-01 -8.709365316729999904e+03 1.251549520300000040e+03 1.412865559770000073e+04 -2.456774551489999965e+02 2.034998790699999915e+02 -3.205605882109999811e+02
6.500000000000000222e-01 -8.644804124840000441e+03 1.318667097409999997e+03 1.416225259310000001e+04 -2.455154171679999990e+02 2.036950278269999899e+02 -3.203650531839999758e+02
6.500000000000000222e-01 -8.612381558900000528e+03 1.399705715379999901e+03 1.413425147260000085e+04 -2.460570314850000102e+02 2.034399367620000021e+02 -3.199884471189999999e+02
3.690000000000000000e+05 2.484528518760000225e+03 8.282691644349999933e+02 -8.920945816140000488e+02 -1.030975242269999939e+02 1.334511914670000010e+01 -4.216217051449999786e+01
6.500000000000000222e-01 2.501123027590000220e+03 8.793570467959999633e+02 -7.655060110050000048e+02 -1.071936329709999995e+02 1.117921694760000051e+01 -4.433429459069999723e+01
6.500000000000000222e-01 2.585106990169999790e+03 8.913050935940000272e+02 -8.199537646149999546e+02 -1.026325760889999970e+02 1.344109295420000016e+01 -4.837241377370000350e+01
6.500000000000000222e-01 2.492701397780000207e+03 8.780522491740000532e+02 -7.633571911940000518e+02 -1.049598629350000039e+02 1.438545096850000071e+01 -4.560436827449999697e+01
6.500000000000000222e-01 2.422802784729999985e+03 7.156225682660000302e+02 -8.268104184540000006e+02 -1.066515830480000062e+02 1.701539469200000099e+01 -3.982555725009999747e+01
6.500000000000000222e-01 2.390902716279999822e+03 7.509060857760000545e+02 -7.974891077669999504e+02 -1.061380595840000041e+02 1.581810020090000002e+01 -3.857074877050000339e+01
6.500000000000000222e-01 2.599153728830000091e+03 7.678550401889999648e+02 -8.329361418959999810e+02 -1.038319903329999931e+02 1.464955381490000086e+01 -4.571872752710000043e+01
6.500000000000000222e-01 2.444149237059999905e+03 9.015600188800000296e+02 -7.730871778629999653e+02 -1.070370337970000065e+02 1.263442245899999961e+01 -4.429474394940000082e+01
6.500000000000000222e-01 2.490603210000000217e+03 8.771143589179999935e+02 -7.625427189849999650e+02 -1.051413250220000037e+02 1.450858539849999929e+01 -4.552546121160000325e+01
6.500000000000000222e-01 2.434626224739999998e+03 7.890924140380000154e+02 -7.586419670320000250e+02 -1.089379155369999950e+02 1.069302151619999997e+01 -4.386571412020000338e+01
6.500000000000000222e-01 2.482040963450000163e+03 6.937521007379999674e+02 -8.368318684820000044e+02 -1.043998090040000051e+02 1.532995321719999993e+01 -4.193877844469999872e+01
6.500000000000000222e-01 2.506538560980000057e+03 9.225672635260000334e+02 -7.953958641509999552e+02 -1.045752099460000011e+02 8.239127421659999229e+00 -4.208232263210000212e+01
6.500000000000000222e-01 2.353759187910000037e+03 7.997269946210000171e+02 -8.097866605240000126e+02 -1.075764802009999954e+02 1.180487492129999971e+01 -4.255338087930000057e+01
6.500000000000000222e-01 2.400577846220000083e+03 8.079853007409999464e+02 -7.677095544710000468e+02 -1.065626142870000024e+02 1.185224698899999929e+01 -4.209314123610000280e+01
6.500000000000000222e-01 2.377275474219999978e+03 9.216016702250000208e+02 -8.549761258009999665e+02 -1.042130915399999935e+02 1.047383808150000029e+01 -4.220975510409999742e+01
6.500000000000000222e-01 2.482742664739999782e+03 8.644885976350000192e+02 -7.574290804339999568e+02 -1.071289198390000053e+02 9.874091862729999391e+00 -4.376001615119999855e+01
6.500000000000000222e-01 2.461930741730000136e+03 8.352385427189999518e+02 -7.520925671740000098e+02 -1.050100238339999947e+02 1.061774162610000083e+01 -4.358977875589999940e+01
6.500000000000000222e-01 2.472001266450000003e+03 8.395953068459999713e+02 -7.519325295549999737e+02 -1.071332503210000056e+02 1.487570668450000078e+01 -4.421331347560000324e+01
6.500000000000000222e-01 2.501249653830000170e+03 8.311574407150000070e+02 -7.555988570609999897e+02 -1.062569636390000056e+02 1.231624545030000029e+01 -4.478478047950000018e+01
6.500000000000000222e-01 2.372501923910000187e+03 8.711950226279999470e+02 -7.950863017149999905e+02 -1.064083342659999971e+02 1.135523086959999972e+01 -4.171048804019999778e+01
6.500000000000000222e-01 2.491997388140000112e+03 8.088729967939999597e+02 -7.543972463200000220e+02 -1.086905296770000007e+02 1.568896324520000007e+01 -4.361192564289999751e+01
6.500000000000000222e-01 2.565899947439999778e+03 7.284613179269999819e+02 -8.496350565349999897e+02 -1.053036116899999968e+02 1.733762252169999840e+01 -4.140617924840000086e+01
6.500000000000000222e-01 2.483908339619999879e+03 9.372024651460000086e+02 -8.012434769039999765e+02 -1.054917332579999965e+02 1.007715830319999917e+01 -4.272337504440000089e+01
6.500000000000000222e-01 2.474622363299999961e+03 9.229162590720000026e+02 -7.857875464610000336e+02 -1.062209724469999941e+02 1.066951174090000087e+01 -4.334727568849999813e+01
6.500000000000000222e-01 2.465809900620000008e+03 8.984452313909999930e+02 -7.768625376530000040e+02 -1.036587323199999986e+02 7.366734325140000372e+00 -4.212953691220000252e+01
6.500000000000000222e-01 2.482291654310000013e+03 8.293029357789999949e+02 -7.512889246500000127e+02 -1.040632095619999973e+02 1.365811313480000067e+01 -4.409225817539999781e+01
6.500000000000000222e-01 2.603693321339999784e+03 8.161115691779999679e+02 -8.207647071449999885e+02 -1.029594108349999999e+02 1.383812222699999950e+01 -4.790649213439999698e+01
6.500000000000000222e-01 2.368207753610000054e+03 8.424913445060000186e+02 -7.946324313860000075e+02 -1.062536709809999991e+02 1.103845496259999948e+01 -4.187947099019999797e+01
6.500000000000000222e-01 2.482666076349999912e+03 9.158195667109999931e+02 -7.932736801669999522e+02 -1.033371979209999978e+02 1.001124631290000089e+01 -4.526027452879999657e+01
6.500000000000000222e-01 2.474892286060000060e+03 8.252476543720000564e+02 -7.505333853820000058e+02 -1.038123534919999997e+02 1.086430799779999923e+01 -4.371331238740000202e+01
6.500000000000000222e-01 2.498522733960000096e+03 7.412072337140000400e+02 -7.770212675220000165e+02 -1.050454663069999981e+02 1.243992309230000082e+01 -4.432855720999999960e+01
6.500000000000000222e-01 2.458533183619999818e+03 8.589919591789999913e+02 -7.557467999729999519e+02 -1.076687004959999996e+02 1.442909783440000027e+01 -4.451787979710000087e+01
6.500000000000000222e-01 2.493292134410000017e+03 9.360192729909999798e+02 -8.149278741460000219e+02 -1.029244691499999931e+02 1.058807460999999961e+01 -4.620766011599999956e+01
6.500000000000000222e-01 2.485431536130000040e+03 7.927692772379999724e+02 -7.553771414469999854e+02 -1.058252420839999957e+02 1.099715421870000043e+01 -4.445801861550000211e+01
6.500000000000000222e-01 2.501807729669999844e+03 8.231350717520000444e+02 -7.542395413990000179e+02 -1.033567955320000067e+02 1.221168601419999966e+01 -4.481504842470000227e+01
6.500000000000000222e-01 2.426555252220000057e+03 9.048140981039999815e+02 -7.823397427869999774e+02 -1.044202880160000007e+02 8.675800896669999318e+00 -4.058392474379999726e+01
6.500000000000000222e-01 2.522631225090000044e+03 8.247669025940000438e+02 -7.616804783100000122e+02 -1.073005622579999994e+02 1.307419623020000010e+01 -4.475118098560000135e+01
6.500000000000000222e-01 2.470459786410000106e+03 7.808537189009999793e+02 -7.608683557970000493e+02 -1.078461041030000018e+02 1.462334677670000005e+01 -4.372713510380000201e+01
6.500000000000000222e-01 2.456140043089999836e+03 8.125326950779999606e+02 -7.522028991160000260e+02 -1.088827625379999944e+02 1.084263185260000029e+01 -4.398036335369999961e+01
6.500000000000000222e-01 2.549651088619999882e+03 7.344041666079999686e+02 -8.298858496829999467e+02 -1.058560759220000023e+02 1.640175699779999974e+01 -4.543212004419999772e+01
6.500000000000000222e-01 2.587325164440000208e+03 8.081038654200000337e+02 -8.067748470010000119e+02 -1.051534283780000010e+02 1.451703370709999952e+01 -4.598404306770000005e+01
6.500000000000000222e-01 2.554748605430000225e+03 7.983586695879999979e+02 -7.780412303790000124e+02 -1.076523690570000014e+02 1.474307536210000080e+01 -4.344078747460000045e+01
6.500000000000000222e-01 2.480134397599999829e+03 8.534871523690000004e+02 -7.554636616830000548e+02 -1.057056366359999942e+02 1.311331165220000017e+01 -4.468121524859999738e+01
6.500000000000000222e-01 2.422523378440000215e+03 7.532940769340000315e+02 -7.769918567989999474e+02 -1.060937219719999973e+02 1.214119990899999912e+01 -4.245476612590000087e+01
6.500000000000000222e-01 2.535839495690000149e+03 8.958847846969999864e+02 -7.876995410550000543e+02 -1.039372512839999985e+02 9.050866193179999186e+00 -4.447529111939999780e+01
6.500000000000000222e-01 2.472788640090000172e+03 8.224317223279999780e+02 -7.517325000519999776e+02 -1.076542367729999938e+02 1.064416350229999964e+01 -4.413096949829999716e+01
6.500000000000000222e-01 2.490841570330000195e+03 8.127716771149999886e+02 -7.545896381569999676e+02 -1.078996516600000035e+02 1.436351802869999972e+01 -4.420080046569999865e+01
6.500000000000000222e-01 2.426120045730000129e+03 8.439490682260000085e+02 -7.581722205879999592e+02 -1.093214791829999939e+02 1.279657660370000016e+01 -4.399580224209999813e+01
6.500000000000000222e-01 2.493471678219999831e+03 7.763055038410000179e+02 -7.617022353759999760e+02 -1.075500410700000060e+02 1.693259189549999988e+01 -4.236662818909999828e+01
6.500000000000000222e-01 2.469359519329999785e+03 7.194601274120000198e+02 -7.942329611919999479e+02 -1.051255160919999980e+02 1.598097165549999943e+01 -4.031332438510000316e+01
6.500000000000000222e-01 2.591487898029999997e+03 8.562549511629999870e+02 -8.071460345450000204e+02 -1.054455256499999933e+02 1.234004879439999947e+01 -4.412094322040000094e+01
6.500000000000000222e-01 2.381015789519999998e+03 7.510325502160000042e+02 -8.065183449979999750e+02 -1.058823989469999987e+02 1.547305422600000036e+01 -3.808615437760000333e+01
6.500000000000000222e-01 2.434545202150000023e+03 9.007812243450000551e+02 -7.894705975320000562e+02 -1.032036585310000021e+02 8.115412364850000060e+00 -4.225369181349999792e+01
6.500000000000000222e-01 2.493646619810000175e+03 8.411329653420000341e+02 -7.540247745660000191e+02 -1.043738584299999985e+02 1.386388288929999923e+01 -4.475170983950000192e+01
6.500000000000000222e-01 2.509926673859999937e+03 7.218260517139999592e+02 -7.956106857849999869e+02 -1.045876002269999958e+02 1.323875376750000044e+01 -4.431025746249999742e+01
6.500000000000000222e-01 2.475680156830000215e+03 7.428307794700000386e+02 -7.764461347300000398e+02 -1.064347602529999932e+02 1.146627948819999965e+01 -4.483899782089999775e+01
6.500000000000000222e-01 2.561023404000000028e+03 8.609074447409999493e+02 -7.840449335920000067e+02 -1.030384368440000031e+02 1.280409934719999931e+01 -4.699345265560000229e+01
6.500000000000000222e-01 2.538870368660000167e+03 7.405997589180000205e+02 -7.948476531190000287e+02 -1.041705726299999952e+02 1.279271290109999981e+01 -4.594298220740000005e+01
6.500000000000000222e-01 2.549891004479999992e+03 7.320627998390000357e+02 -8.109271595640000214e+02 -1.039591393740000029e+02 1.346442799629999953e+01 -4.622237875569999943e+01
6.500000000000000222e-01 2.514349377559999994e+03 7.284825746320000235e+02 -7.902836205520000021e+02 -1.048143903330000057e+02 1.423483263870000037e+01 -4.331571684269999878e+01
6.500000000000000222e-01 2.492757910090000223e+03 8.711398104539999849e+02 -7.629511551890000192e+02 -1.049730375519999939e+02 8.339261880729999632e+00 -4.375057400890000281e+01
6.500000000000000222e-01 2.478703868449999845e+03 8.381091544480000266e+02 -7.528990854050000507e+02 -1.066439534160000022e+02 1.230686425250000049e+01 -4.437200435569999968e+01
6.500000000000000222e-01 2.435628931490000014e+03 8.842910551290000285e+02 -7.724698558070000445e+02 -1.034552879360000048e+02 7.843008816120000226e+00 -4.127591783190000285e+01
6.500000000000000222e-01 2.435314412369999900e+03 8.028573117600000160e+02 -7.558417017890000125e+02 -1.093632774539999986e+02 1.092934450629999965e+01 -4.384556573180000072e+01
6.500000000000000222e-01 2.584488633850000042e+03 7.957571202880000101e+02 -8.064198929829999543e+02 -1.036424252160000066e+02 1.402445012809999980e+01 -4.750684815889999868e+01
6.500000000000000222e-01 2.526298090060000050e+03 8.285761724430000186e+02 -7.616612302190000037e+02 -1.030151017750000051e+02 1.286343885229999984e+01 -4.583148193440000284e+01
6.500000000000000222e-01 2.400089817479999965e+03 9.025159224279999535e+02 -8.033358190149999700e+02 -1.030141136240000037e+02 8.306252588930000513e+00 -3.909523416950000296e+01
6.500000000000000222e-01 2.530435608950000187e+03 9.286498974190000126e+02 -8.172387048780000214e+02 -1.025558106619999990e+02 8.691695176599999684e+00 -4.418057819269999698e+01
6.500000000000000222e-01 2.468527846609999870e+03 8.206132983730000205e+02 -7.505974448440000515e+02 -1.054574150669999995e+02 1.490562165629999924e+01 -4.349135932659999781e+01
6.500000000000000222e-01 2.550200899760000084e+03 7.927444562069999847e+02 -7.793335887319999529e+02 -1.039183092090000002e+02 1.301627602029999942e+01 -4.662328437170000228e+01
6.500000000000000222e-01 2.477082876649999889e+03 8.252732878849999452e+02 -7.518205039739999620e+02 -1.086197296539999968e+02 1.353852846750000083e+01 -4.410835026689999694e+01
6.500000000000000222e-01 2.367455497139999807e+03 8.341986443920000056e+02 -7.904988557750000382e+02 -1.076853900309999972e+02 1.166291698829999923e+01 -4.257395367149999998e+01
6.500000000000000222e-01 2.392978034660000048e+03 8.667414025250000122e+02 -7.794674566390000336e+02 -1.034653896309999936e+02 9.392877414750000042e+00 -3.919927189450000071e+01
6.500000000000000222e-01 2.464146823319999839e+03 8.182466170210000200e+02 -7.500162682449999920e+02 -1.040366314129999950e+02 1.402431791549999929e+01 -4.304717296799999815e+01
6.500000000000000222e-01 2.529365058419999968e+03 7.437851681109999618e+02 -7.923316760510000449e+02 -1.048160613059999946e+02 1.284101055660000057e+01 -4.621823432099999707e+01
6.500000000000000222e-01 2.453446116550000170e+03 8.631690083859999731e+02 -7.577177718350000077e+02 -1.076020935110000067e+02 1.394668154150000028e+01 -4.455987938359999845e+01
6.500000000000000222e-01 2.526209548750000067e+03 8.000297357529999545e+02 -7.639178770280000208e+02 -1.043923725740000066e+02 1.222319365599999941e+01 -4.552371285689999780e+01
6.500000000000000222e-01 2.475890244430000166e+03 8.137842159829999673e+02 -7.520738035570000193e+02 -1.062840416580000067e+02 1.291118052779999914e+01 -4.405768663639999971e+01
6.500000000000000222e-01 2.379017575089999809e+03 8.537394657219999772e+02 -7.826100300619999643e+02 -1.051478293739999970e+02 1.101408757499999957e+01 -4.020379237080000223e+01
6.500000000000000222e-01 2.466256052749999981e+03 8.253937661840000146e+02 -7.501954682709999815e+02 -1.038026902379999967e+02 1.217158391569999942e+01 -4.334547934540000114e+01
6.500000000000000222e-01 2.481606463669999812e+03 8.195058754130000125e+02 -7.523956320690000439e+02 -1.082627617929999957e+02 1.473864893520000052e+01 -4.400383784849999813e+01
6.500000000000000222e-01 2.420140208020000046e+03 8.199994504710000456e+02 -7.587576157190000004e+02 -1.078571912160000039e+02 1.185638889039999988e+01 -4.323190143379999739e+01
6.500000000000000222e-01 2.591422137349999957e+03 8.019009892880000052e+02 -8.082561917589999894e+02 -1.030086112660000026e+02 1.359144208210000038e+01 -4.767418625930000076e+01
6.500000000000000222e-01 2.355398449150000033e+03 7.561454517170000145e+02 -8.494621217940000406e+02 -1.045211296709999971e+02 1.412313016220000073e+01 -3.556453076679999725e+01
6.500000000000000222e-01 2.366935540989999936e+03 7.615670702390000315e+02 -8.132317165949999662e+02 -1.067150390470000048e+02 1.444508132780000054e+01 -3.988634985089999674e+01
6.500000000000000222e-01 2.453893136619999950e+03 7.096453178020000223e+02 -8.068691452340000296e+02 -1.049449474790000068e+02 1.355217696310000086e+01 -4.252072729230000192e+01
6.500000000000000222e-01 2.536461268240000209e+03 9.548135686980000401e+02 -8.601930967800000190e+02 -1.025327991949999955e+02 1.170577485009999918e+01 -4.777400091829999695e+01
6.500000000000000222e-01 2.357702331439999853e+03 7.803056103300000359e+02 -8.110931358279999586e+02 -1.061034298080000013e+02 1.364933068630000079e+01 -3.930374485600000156e+01
6.500000000000000222e-01 2.466730733710000095e+03 8.284240521240000135e+02 -7.514232862809999460e+02 -1.094148545439999936e+02 1.320193531249999985e+01 -4.403863949320000160e+01
6.500000000000000222e-01 2.498755663890000051e+03 8.100569477709999546e+02 -7.549670012020000058e+02 -1.048517714810000001e+02 1.163641022590000063e+01 -4.475891235550000147e+01
6.500000000000000222e-01 2.423758975549999832e+03 7.274541024039999684e+02 -8.020339525900000126e+02 -1.078046473419999955e+02 1.340810485889999981e+01 -4.374866552680000353e+01
6.500000000000000222e-01 2.427016208949999964e+03 8.727435831469999812e+02 -7.700686248700000078e+02 -1.063197747100000043e+02 1.129581549229999915e+01 -4.399943495400000160e+01
6.500000000000000222e-01 2.364436989679999897e+03 8.960808978669999760e+02 -8.321835376039999801e+02 -1.039563637340000071e+02 1.012522923619999915e+01 -3.869251807860000270e+01
6.500000000000000222e-01 2.490049463580000065e+03 8.855752839350000158e+02 -7.660839985879999858e+02 -1.052180993160000071e+02 1.433463464209999927e+01 -4.570445027179999897e+01
6.500000000000000222e-01 2.501220914540000194e+03 8.994985994280000341e+02 -7.803854743849999522e+02 -1.035959386650000056e+02 1.075298364390000039e+01 -4.557155939209999929e+01
6.500000000000000222e-01 2.594569165519999842e+03 8.415173000109999748e+02 -8.087909946070000160e+02 -1.050289543960000032e+02 1.315102329900000022e+01 -4.518559086399999813e+01
6.500000000000000222e-01 2.459052446860000146e+03 7.820322486490000529e+02 -7.570678321850000430e+02 -1.060819203300000027e+02 1.228518723390000034e+01 -4.343072623239999785e+01
6.500000000000000222e-01 2.546854775209999843e+03 8.662138642190000155e+02 -7.776587132089999841e+02 -1.041014155879999947e+02 1.150044764549999954e+01 -4.590311607710000175e+01
6.500000000000000222e-01 2.420857398409999860e+03 8.923308632440000565e+02 -7.747893545199999608e+02 -1.048753670480000011e+02 9.365025002039999436e+00 -4.099531966069999811e+01
6.500000000000000222e-01 2.437015795700000126e+03 7.445956070480000335e+02 -7.773238824149999573e+02 -1.057938235700000007e+02 1.232972430759999938e+01 -4.267028451120000199e+01
6.500000000000000222e-01 2.594719057369999973e+03 7.494909334860000172e+02 -8.509209415410000474e+02 -1.045426995119999987e+02 1.627612160190000168e+01 -4.191822911909999760e+01
