3.450000000000000000e+05 3.495454728220000106e+03 -4.932167854559999796e+03 -7.049919354319999911e+03 -1.202842041939999973e+02 3.158858125549999940e+01 -3.924417271040000088e+01
6.500000000000000222e-01 3.409070632469999964e+03 -4.843995907139999872e+03 -6.788443348619999597e+03 -1.205778721399999966e+02 3.214979145529999727e+01 -3.837544729569999902e+01
6.500000000000000222e-01 3.321274519369999780e+03 -5.052169923000000381e+03 -7.235372142559999702e+03 -1.199529255030000030e+02 3.157704668739999931e+01 -3.846333431930000302e+01
6.500000000000000222e-01 3.685353300719999879e+03 -4.858815610310000011e+03 -6.857698291599999720e+03 -1.204108938180000052e+02 3.201818167729999942e+01 -4.065425763959999728e+01
6.500000000000000222e-01 3.476291659179999897e+03 -5.041951441889999842e+03 -7.318903029570000399e+03 -1.195550778780000059e+02 2.863697321169999910e+01 -3.922338624199999657e+01
6.500000000000000222e-01 3.607446861670000089e+03 -5.132019312569999784e+03 -7.212724679699999797e+03 -1.203465672530000035e+02 3.169675366539999928e+01 -3.982893990299999842e+01
6.500000000000000222e-01 3.593277947009999934e+03 -4.709969335400000091e+03 -7.184242449409999608e+03 -1.212337849999999975e+02 2.939273207629999973e+01 -4.087227447280000092e+01
6.500000000000000222e-01 3.271733149090000097e+03 -4.827660618670000076e+03 -7.181456904059999943e+03 -1.186893870680000020e+02 3.112087233149999932e+01 -3.974916159699999696e+01
6.500000000000000222e-01 3.658797251550000055e+03 -4.754065238709999903e+03 -7.185106635809999716e+03 -1.208173399140000015e+02 2.910421303260000059e+01 -4.057627635400000088e+01
6.500000000000000222e-01 3.272226280580000093e+03 -4.859990405999999894e+03 -6.872312843179999618e+03 -1.199742208779999970e+02 3.276150883959999760e+01 -3.737664530960000064e+01
6.500000000000000222e-01 3.227035578630000145e+03 -4.950935403600000427e+03 -6.965065256249999948e+03 -1.189004179540000052e+02 3.257206671480000182e+01 -3.617104392640000299e+01
6.500000000000000222e-01 3.321158761499999855e+03 -5.073178163069999755e+03 -7.219449501410000266e+03 -1.200545260509999963e+02 3.105819618760000012e+01 -3.787057723299999878e+01
6.500000000000000222e-01 3.574684421469999961e+03 -4.953138166290000299e+03 -6.782128246389999731e+03 -1.224788969749999978e+02 3.308001667789999800e+01 -3.911087919959999937e+01
6.500000000000000222e-01 3.434245891609999944e+03 -4.777786558689999765e+03 -7.282359422059999815e+03 -1.202723813300000018e+02 3.048650105529999976e+01 -3.922130748629999886e+01
6.500000000000000222e-01 3.349398792550000053e+03 -4.876126038200000039e+03 -7.280047801839999920e+03 -1.173875527569999946e+02 3.014545402070000080e+01 -4.019948981270000132e+01
6.500000000000000222e-01 3.644442071559999931e+03 -4.891019132690000333e+03 -6.818717068850000032e+03 -1.219507191889999973e+02 3.234793439919999969e+01 -3.947418133539999729e+01
6.500000000000000222e-01 3.372593385050000052e+03 -5.146572803260000001e+03 -7.186499157770000238e+03 -1.183530618650000008e+02 3.268864411479999887e+01 -4.195522698690000141e+01
6.500000000000000222e-01 3.277388409000000138e+03 -5.002185398409999834e+03 -7.206502164730000004e+03 -1.199743088489999963e+02 3.108027611669999857e+01 -3.725573443289999886e+01
6.500000000000000222e-01 3.502468746659999852e+03 -5.031500910189999558e+03 -6.790978544270000384e+03 -1.217956154590000040e+02 3.516653753629999812e+01 -3.868665734529999867e+01
6.500000000000000222e-01 3.389287878029999774e+03 -5.003050881619999927e+03 -6.794708720820000053e+03 -1.188405795989999945e+02 3.380503262700000278e+01 -3.787947205359999714e+01
6.500000000000000222e-01 3.543202332620000107e+03 -4.849245462089999819e+03 -7.314574710500000037e+03 -1.193653460700000011e+02 2.849588573600000174e+01 -3.972406090749999663e+01
6.500000000000000222e-01 3.295458769800000027e+03 -4.762308293549999689e+03 -7.160844876420000219e+03 -1.203018330010000057e+02 3.178361543899999830e+01 -3.705409150989999745e+01
6.500000000000000222e-01 3.345088751669999965e+03 -4.743454455539999799e+03 -7.191570758750000095e+03 -1.191793169160000048e+02 3.013170488700000149e+01 -4.003854315430000099e+01
6.500000000000000222e-01 3.615280762549999963e+03 -4.764088366740000311e+03 -6.855314610549999998e+03 -1.230183400169999999e+02 3.092085587860000118e+01 -3.717148266249999722e+01
6.500000000000000222e-01 3.721478798229999938e+03 -4.951506879479999952e+03 -6.892152196650000405e+03 -1.220308678399999991e+02 3.173864967629999967e+01 -3.938846088220000041e+01
6.500000000000000222e-01 3.712643356510000103e+03 -4.923642362519999551e+03 -6.879642779669999982e+03 -1.213792290709999975e+02 3.178042332580000107e+01 -4.029120100299999763e+01
6.500000000000000222e-01 3.471924699610000062e+03 -5.152988234919999741e+03 -6.878723382109999875e+03 -1.196144008560000032e+02 3.369967282910000250e+01 -3.825228639920000262e+01
6.500000000000000222e-01 3.369005246319999969e+03 -4.778051942209999652e+03 -7.252483701209999708e+03 -1.207538654509999958e+02 3.202248176749999686e+01 -3.752377794950000123e+01
6.500000000000000222e-01 3.304055378990000008e+03 -5.119673124509999980e+03 -7.123334286780000184e+03 -1.195124394080000059e+02 3.193332807530000039e+01 -3.750665579380000025e+01
6.500000000000000222e-01 3.388802668320000066e+03 -4.683168260600000394e+03 -7.145093213170000126e+03 -1.206925412540000053e+02 3.115500249189999948e+01 -3.824324172850000281e+01
6.500000000000000222e-01 3.366473870039999838e+03 -5.077436654590000217e+03 -6.846356313459999910e+03 -1.211737425519999931e+02 3.175622982679999851e+01 -4.063339150120000198e+01
6.500000000000000222e-01 3.681140308019999793e+03 -4.767023034820000248e+03 -6.925792456969999876e+03 -1.213033886049999950e+02 3.046762659399999862e+01 -3.893227447200000313e+01
6.500000000000000222e-01 3.262973370960000011e+03 -5.019289130830000431e+03 -6.915431124859999727e+03 -1.207598794740000017e+02 3.251415213589999809e+01 -4.060570917969999982e+01
6.500000000000000222e-01 3.220073535380000067e+03 -4.969019988320000266e+03 -7.059108408160000181e+03 -1.192736481019999957e+02 3.215644249040000346e+01 -3.626680613639999962e+01
6.500000000000000222e-01 3.558611097510000036e+03 -4.884921114050000142e+03 -7.325329800389999946e+03 -1.212043057080000068e+02 2.963880094880000016e+01 -4.008624123730000122e+01
6.500000000000000222e-01 3.382385726980000072e+03 -4.673953002019999985e+03 -7.012320880100000068e+03 -1.204153411340000019e+02 3.098576221769999961e+01 -3.581144535650000194e+01
6.500000000000000222e-01 3.489020484889999807e+03 -4.653393238270000438e+03 -7.093296579619999648e+03 -1.211050195939999981e+02 3.086013680800000003e+01 -3.805035501439999734e+01
6.500000000000000222e-01 3.529742101889999958e+03 -4.808545692759999838e+03 -7.293383146250000209e+03 -1.189304982099999961e+02 2.862344515570000070e+01 -3.935029571759999811e+01
6.500000000000000222e-01 3.568708558880000055e+03 -4.822562890989999687e+03 -6.796996244429999933e+03 -1.213218641969999965e+02 3.070386636039999928e+01 -3.833250240440000312e+01
6.500000000000000222e-01 3.362955809160000172e+03 -5.049214925969999967e+03 -6.831349453900000299e+03 -1.206167282939999978e+02 3.443284676999999760e+01 -3.862402083909999817e+01
6.500000000000000222e-01 3.566274600669999927e+03 -4.751546767580000051e+03 -6.838796237909999945e+03 -1.208091427970000069e+02 3.313043084739999955e+01 -3.989456208619999700e+01
4.560000000000000000e+04 7.087041690590000144e+03 2.362841191319999780e+03 1.825166809410000133e+04 2.036271492980000062e+02 -6.117371394770000137e+01 1.993670545530000027e+02
6.500000000000000222e-01 7.137893518410000070e+03 2.238683553320000101e+03 1.841209311420000085e+04 2.041946108410000136e+02 -6.162796756289999678e+01 1.992623735820000093e+02
6.500000000000000222e-01 7.215049950870000430e+03 2.466075974880000103e+03 1.813124660679999943e+04 2.031311003040000003e+02 -6.179657585119999652e+01 1.986724551979999944e+02
6.500000000000000222e-01 7.142725078049999865e+03 2.242842302399999880e+03 1.840888306359999842e+04 2.033845137170000044e+02 -6.029800660610000307e+01 2.001825528969999937e+02
6.500000000000000222e-01 6.886269899339999938e+03 2.349176056459999927e+03 1.821860186940000131e+04 2.038321524510000131e+02 -6.118133533390000167e+01 1.993390627040000140e+02
6.500000000000000222e-01 7.228956018060000133e+03 2.497582295319999957e+03 1.819634585399999924e+04 2.035510033330000113e+02 -6.110928608929999939e+01 2.003436829439999940e+02
6.500000000000000222e-01 6.997332943909999813e+03 2.544450983189999988e+03 1.825599268500000107e+04 2.038028550520000124e+02 -6.148405172470000224e+01 1.990898719570000139e+02
6.500000000000000222e-01 7.051765779250000378e+03 2.405232374430000164e+03 1.845025744180000038e+04 2.044813636760000009e+02 -6.190670028939999980e+01 1.998491084130000104e+02
6.500000000000000222e-01 7.084986155190000318e+03 2.565915508059999866e+03 1.824731026520000160e+04 2.036587650330000088e+02 -6.149365749950000293e+01 1.991372199070000022e+02
6.500000000000000222e-01 7.068760798440000144e+03 2.431298970219999774e+03 1.805704835219999950e+04 2.034444640810000067e+02 -6.183402491990000271e+01 1.989164323450000040e+02
6.500000000000000222e-01 6.998092425279999588e+03 2.360865274440000121e+03 1.806504373670000132e+04 2.037492856529999870e+02 -6.124578669179999935e+01 1.990416966100000025e+02
6.500000000000000222e-01 7.232921486189999996e+03 2.268374381439999979e+03 1.815091898660000152e+04 2.034099316710000096e+02 -6.103193550449999805e+01 1.998660109589999934e+02
6.500000000000000222e-01 7.040136920320000172e+03 2.366674449480000021e+03 1.845210404710000148e+04 2.038802397990000088e+02 -6.109674067779999973e+01 1.995267018620000101e+02
6.500000000000000222e-01 7.010915981359999932e+03 2.205961147500000152e+03 1.835969266520000019e+04 2.042023227390000102e+02 -6.125344408870000024e+01 1.994113745340000037e+02
6.500000000000000222e-01 7.062364951450000262e+03 2.168454752690000078e+03 1.818861524250000002e+04 2.037979348949999974e+02 -6.090797111180000201e+01 1.985826644059999921e+02
6.500000000000000222e-01 6.952281406000000061e+03 2.212216340429999946e+03 1.827548204350000015e+04 2.038745764809999912e+02 -6.093345966540000092e+01 2.000423368369999935e+02
6.500000000000000222e-01 7.181189633850000064e+03 2.201408579060000193e+03 1.818208478000000105e+04 2.032307343290000006e+02 -6.079422007440000186e+01 1.996717505029999984e+02
6.500000000000000222e-01 7.282167006390000097e+03 2.413482611890000044e+03 1.828511418929999854e+04 2.035191959569999938e+02 -6.123337388059999853e+01 1.991533934210000041e+02
6.500000000000000222e-01 7.289260677989999749e+03 2.384180221449999863e+03 1.825950961520000055e+04 2.033598419260000014e+02 -6.117671912579999827e+01 1.996886561850000135e+02
6.500000000000000222e-01 6.997898183909999716e+03 2.238369866550000097e+03 1.811309190809999927e+04 2.041246934579999959e+02 -6.121939301670000333e+01 1.988478623299999981e+02
6.500000000000000222e-01 7.015585302370000136e+03 2.425972628869999880e+03 1.843560303990000102e+04 2.040883934850000117e+02 -6.136560762890000120e+01 1.998112269799999865e+02
6.500000000000000222e-01 7.009791284539999651e+03 2.479864171879999958e+03 1.809879009139999835e+04 2.030670062089999988e+02 -6.066935955379999967e+01 1.997580785099999900e+02
6.500000000000000222e-01 7.214868479009999646e+03 2.238018197899999905e+03 1.814640041330000167e+04 2.034202680969999903e+02 -6.107207659000000177e+01 1.988699207390000083e+02
6.500000000000000222e-01 7.170167043669999657e+03 2.177814655589999802e+03 1.826265610450000167e+04 2.035329272030000141e+02 -6.095074431409999960e+01 1.984258536030000073e+02
6.500000000000000222e-01 7.089361286719999953e+03 2.491468999419999818e+03 1.808959115240000028e+04 2.032587952810000047e+02 -6.051598247150000276e+01 1.997192805800000031e+02
6.500000000000000222e-01 7.249031672729999627e+03 2.245892706160000216e+03 1.830097855550000168e+04 2.036783553150000046e+02 -6.116279644189999942e+01 1.990008884540000054e+02
6.500000000000000222e-01 6.986592031060000409e+03 2.504315267129999938e+03 1.835340939159999834e+04 2.042596330199999954e+02 -6.184968517229999918e+01 2.001279193480000060e+02
6.500000000000000222e-01 7.215771724739999627e+03 2.253637852899999871e+03 1.836132337140000163e+04 2.035627459650000048e+02 -6.094132424909999912e+01 1.990226631740000016e+02
6.500000000000000222e-01 7.219547657590000199e+03 2.443091490669999985e+03 1.811994334439999875e+04 2.036647047989999919e+02 -6.091619334090000137e+01 1.999579064259999939e+02
6.500000000000000222e-01 7.047312686160000339e+03 2.333201296709999951e+03 1.805059684249999918e+04 2.028352977170000031e+02 -6.162580009450000063e+01 1.992883196969999915e+02
6.500000000000000222e-01 7.066596865190000244e+03 2.333431099190000168e+03 1.804803740219999963e+04 2.031169447640000101e+02 -6.155428966659999901e+01 1.992244327699999928e+02
6.500000000000000222e-01 6.904724911430000247e+03 2.306591455769999811e+03 1.832345585869999923e+04 2.036314573189999919e+02 -6.105942943270000001e+01 1.987516143299999953e+02
6.500000000000000222e-01 7.112683147509999799e+03 2.548817146330000014e+03 1.834078995489999943e+04 2.033080593429999965e+02 -6.107797369629999906e+01 1.996139988939999910e+02
6.500000000000000222e-01 7.009025127490000159e+03 2.519757683740000175e+03 1.834731135630000063e+04 2.040031615279999926e+02 -6.143508126519999735e+01 1.989549886819999927e+02
6.500000000000000222e-01 7.200712556340000447e+03 2.204976178769999933e+03 1.830652910079999856e+04 2.035697508259999893e+02 -6.102387049339999692e+01 1.986106957499999908e+02
6.500000000000000222e-01 7.251443334999999934e+03 2.469756637129999945e+03 1.819707070150000072e+04 2.034956222309999987e+02 -6.149178952249999952e+01 1.994026880499999947e+02
6.500000000000000222e-01 7.088582617680000112e+03 2.440299416899999869e+03 1.844411180569999851e+04 2.036259259219999933e+02 -6.029746772050000203e+01 1.993259218329999953e+02
6.500000000000000222e-01 7.237548379279999608e+03 2.242458275569999842e+03 1.830947950510000010e+04 2.032497816979999925e+02 -6.075267997699999967e+01 1.997563192970000046e+02
6.500000000000000222e-01 6.884406323250000241e+03 2.359397166730000208e+03 1.827055742140000075e+04 2.037697438010000042e+02 -6.118534339549999856e+01 1.982651475090000019e+02
6.500000000000000222e-01 7.145018661359999896e+03 2.539816434769999887e+03 1.834222074609999981e+04 2.033098498409999877e+02 -6.095657760699999983e+01 1.993988191509999979e+02
6.500000000000000222e-01 7.277741769180000119e+03 2.392966681479999806e+03 1.831785824449999927e+04 2.032653118400000096e+02 -6.115370197349999870e+01 2.000036189770000021e+02
1.390000000000000000e+04 -1.031261702639999930e+04 2.721014773490000152e+03 1.176911724999999933e+04 -2.367095597020000071e+02 2.019417293799999982e+02 -3.334918610170000193e+02
6.500000000000000222e-01 -1.026456957239999974e+04 2.702267380700000103e+03 1.190197520219999933e+04 -2.374677160219999905e+02 2.022340796800000078e+02 -3.332508490719999941e+02
6.500000000000000222e-01 -1.034081106379999983e+04 2.751913002889999916e+03 1.163187530479999987e+04 -2.369169696699999861e+02 2.023184883119999995e+02 -3.333945471459999794e+02
6.500000000000000222e-01 -1.035294144589999996e+04 2.739944667320000008e+03 1.190640310700000009e+04 -2.363233340310000017e+02 2.016679410339999947e+02 -3.331051233109999998e+02
6.500000000000000222e-01 -1.023697054299999945e+04 2.621554990210000142e+03 1.170383372290000079e+04 -2.369208014579999997e+02 2.023881859539999937e+02 -3.341175316129999828e+02
6.500000000000000222e-01 -1.023470183179999913e+04 2.615761880269999892e+03 1.171929484989999946e+04 -2.367775108499999988e+02 2.021755245100000025e+02 -3.333801717559999815e+02
6.500000000000000222e-01 -1.038202020020000055e+04 2.697335381559999860e+03 1.189371065730000009e+04 -2.370952393050000069e+02 2.020526720670000032e+02 -3.334180099519999771e+02
6.500000000000000222e-01 -1.038235556980000001e+04 2.686203849429999991e+03 1.165041713899999922e+04 -2.360172016999999869e+02 2.020687352870000097e+02 -3.337561225260000128e+02
6.500000000000000222e-01 -1.021889792800000032e+04 2.715027805489999992e+03 1.165934964279999986e+04 -2.370979184340000074e+02 2.019358599029999937e+02 -3.341582626000000005e+02
6.500000000000000222e-01 -1.022508823800000027e+04 2.636023895140000150e+03 1.183519260480000048e+04 -2.369885507090000090e+02 2.022113113730000009e+02 -3.337850609729999860e+02
6.500000000000000222e-01 -1.035408812589999980e+04 2.593799838890000046e+03 1.172688881650000076e+04 -2.367342553450000082e+02 2.023832459299999869e+02 -3.336568198350000216e+02
6.500000000000000222e-01 -1.027656446999999935e+04 2.623482701169999928e+03 1.186198798560000068e+04 -2.371817776720000097e+02 2.026112260529999958e+02 -3.331720410830000105e+02
6.500000000000000222e-01 -1.019095876999999928e+04 2.647525372380000135e+03 1.176331513850000010e+04 -2.367990110640000125e+02 2.020493962719999956e+02 -3.343405509899999970e+02
6.500000000000000222e-01 -1.027424540630000047e+04 2.593660150830000021e+03 1.180949113290000059e+04 -2.369406544660000122e+02 2.022961053429999936e+02 -3.337374181170000043e+02
6.500000000000000222e-01 -1.028418833289999930e+04 2.629982730979999815e+03 1.187828052910000042e+04 -2.365521509749999893e+02 2.016136767319999876e+02 -3.336905062669999893e+02
6.500000000000000222e-01 -1.036772931579999931e+04 2.776333744380000098e+03 1.164890235949999987e+04 -2.362601521679999905e+02 2.015918176300000084e+02 -3.338032159279999860e+02
6.500000000000000222e-01 -1.017492490670000007e+04 2.752418765160000021e+03 1.175044087279999985e+04 -2.368696232419999887e+02 2.018493384209999988e+02 -3.343230865510000172e+02
6.500000000000000222e-01 -1.034469619799999964e+04 2.855405321069999900e+03 1.180332239119999940e+04 -2.367434294269999953e+02 2.016174429259999954e+02 -3.327640787660000115e+02
6.500000000000000222e-01 -1.020534616269999970e+04 2.747627508820000003e+03 1.185708834249999927e+04 -2.367481769510000049e+02 2.020183013209999956e+02 -3.338978945759999988e+02
6.500000000000000222e-01 -1.021345882689999962e+04 2.821874003649999850e+03 1.177577624660000038e+04 -2.368135732430000076e+02 2.017172039929999983e+02 -3.335288375569999744e+02
6.500000000000000222e-01 -1.028497273639999912e+04 2.854307293830000162e+03 1.181096910840000055e+04 -2.369237295529999869e+02 2.016456718199999898e+02 -3.329343406520000030e+02
6.500000000000000222e-01 -1.017780868700000065e+04 2.766081793100000141e+03 1.176935794360000000e+04 -2.368122062219999862e+02 2.018459355459999927e+02 -3.343036614360000272e+02
6.500000000000000222e-01 -1.039355277559999922e+04 2.628289477360000092e+03 1.184169651320000048e+04 -2.365631911140000057e+02 2.023942797589999998e+02 -3.327765933460000269e+02
6.500000000000000222e-01 -1.044490984500000013e+04 2.707185521129999870e+03 1.172144088190000002e+04 -2.365526588239999910e+02 2.019490531620000127e+02 -3.331589917370000080e+02
6.500000000000000222e-01 -1.033065521819999958e+04 2.860589459830000123e+03 1.175884598709999955e+04 -2.366684606260000123e+02 2.017172715689999904e+02 -3.328715539340000191e+02
6.500000000000000222e-01 -1.026387856439999996e+04 2.728662178739999945e+03 1.190320655930000066e+04 -2.372309218750000070e+02 2.018728317169999968e+02 -3.333485143980000203e+02
6.500000000000000222e-01 -1.036025636669999949e+04 2.590433510679999927e+03 1.174683806779999941e+04 -2.367229045770000084e+02 2.022305262010000035e+02 -3.331744689299999891e+02
6.500000000000000222e-01 -1.024674558140000045e+04 2.820577621580000141e+03 1.169031604139999945e+04 -2.369185738410000113e+02 2.015389215870000044e+02 -3.341511843289999888e+02
6.500000000000000222e-01 -1.034042033049999918e+04 2.587628647949999959e+03 1.181386161019999963e+04 -2.365496551999999895e+02 2.019737176099999942e+02 -3.335645910430000072e+02
6.500000000000000222e-01 -1.019007092030000058e+04 2.685516990489999898e+03 1.182984006120000049e+04 -2.366629932959999962e+02 2.019468249599999865e+02 -3.341741379860000052e+02
6.500000000000000222e-01 -1.042028662690000056e+04 2.631712119570000141e+03 1.174694874850000087e+04 -2.366280137360000140e+02 2.021840550379999968e+02 -3.333579087809999919e+02
6.500000000000000222e-01 -1.038626994550000018e+04 2.813513999729999796e+03 1.185074046979999912e+04 -2.365871574280000118e+02 2.015625394319999941e+02 -3.327526545829999804e+02
6.500000000000000222e-01 -1.026145447120000063e+04 2.764443876050000199e+03 1.164149549710000065e+04 -2.361017046430000050e+02 2.021601651130000050e+02 -3.333803230130000088e+02
6.500000000000000222e-01 -1.023085651309999957e+04 2.616301223760000084e+03 1.181969232379999994e+04 -2.366598883119999925e+02 2.018963639119999982e+02 -3.341846255629999973e+02
6.500000000000000222e-01 -1.019666102970000065e+04 2.802401329469999837e+03 1.175797575870000037e+04 -2.368315840840000135e+02 2.017622900160000086e+02 -3.342868533000000184e+02
6.500000000000000222e-01 -1.024700972820000061e+04 2.843842863899999884e+03 1.174336332530000072e+04 -2.367465513059999864e+02 2.015908951769999931e+02 -3.340874555739999892e+02
6.500000000000000222e-01 -1.041313922420000017e+04 2.631494417190000149e+03 1.181605540599999949e+04 -2.365081327219999991e+02 2.022140623500000061e+02 -3.327359640590000254e+02
6.500000000000000222e-01 -1.041135510869999962e+04 2.819536760949999916e+03 1.179854388979999931e+04 -2.367959600620000060e+02 2.019009707140000103e+02 -3.339227762140000095e+02
6.500000000000000222e-01 -1.022858377420000033e+04 2.615233029290000104e+03 1.181782535239999925e+04 -2.367791364759999908e+02 2.020876436720000129e+02 -3.332919395119999990e+02
6.500000000000000222e-01 -1.019215619340000012e+04 2.778351325430000088e+03 1.181658778469999925e+04 -2.370792452759999946e+02 2.017612327809999897e+02 -3.330182190890000129e+02
6.500000000000000222e-01 -1.037756999089999954e+04 2.684362458529999913e+03 1.189275760880000053e+04 -2.373304039969999906e+02 2.018511938400000076e+02 -3.335969443540000157e+02
1.190000000000000000e+04 -6.106392689450000034e+03 6.057193824420000055e+03 -1.289243947069999922e+04 -2.654397385980000195e+02 -3.206429401620000164e+01 8.793793478240000638e+01
6.500000000000000222e-01 -6.204842562349999753e+03 6.140712913510000362e+03 -1.286216724919999979e+04 -2.654263222370000221e+02 -3.205658060009999843e+01 8.719703388620000339e+01
6.500000000000000222e-01 -6.169439874489999966e+03 6.036800249070000064e+03 -1.277665755299999910e+04 -2.655585185510000201e+02 -3.232861086390000338e+01 8.780243002589999435e+01
6.500000000000000222e-01 -6.031989566809999815e+03 6.037109818969999651e+03 -1.278146058660000017e+04 -2.655598888569999758e+02 -3.223681995559999791e+01 8.826709375219999743e+01
6.500000000000000222e-01 -6.029335792570000194e+03 6.093870270940000410e+03 -1.299508392479999929e+04 -2.652244228440000029e+02 -3.181769477839999993e+01 8.822658902749999754e+01
6.500000000000000222e-01 -6.007159414280000419e+03 6.124605484259999685e+03 -1.283692667400000028e+04 -2.658212023099999897e+02 -3.234189790460000324e+01 8.851269141070000046e+01
6.500000000000000222e-01 -6.144562267639999845e+03 6.139229234110000107e+03 -1.279522312910000073e+04 -2.651775462909999987e+02 -3.264562065100000154e+01 8.832577037020000432e+01
6.500000000000000222e-01 -6.060530371730000297e+03 5.947794116690000010e+03 -1.294488169050000033e+04 -2.656042849319999846e+02 -3.187210620240000125e+01 8.847976876040000604e+01
6.500000000000000222e-01 -6.148601396989999557e+03 5.938868527779999567e+03 -1.285173107429999982e+04 -2.653431040450000182e+02 -3.170105120130000032e+01 8.852272024200000544e+01
6.500000000000000222e-01 -6.112089438789999804e+03 5.947424278739999863e+03 -1.281124161280000044e+04 -2.650205182600000171e+02 -3.236902108120000321e+01 8.805742956250000475e+01
6.500000000000000222e-01 -6.053815243609999925e+03 6.155327093060000152e+03 -1.282337349619999986e+04 -2.653318687629999886e+02 -3.265303175049999851e+01 8.810695975400000179e+01
6.500000000000000222e-01 -5.977762605220000296e+03 6.049465050550000342e+03 -1.292040734010000051e+04 -2.657745947569999885e+02 -3.206115344010000001e+01 8.761946682250000151e+01
6.500000000000000222e-01 -6.084345746130000407e+03 5.930720345159999852e+03 -1.292754713219999940e+04 -2.653569436289999999e+02 -3.208256959959999932e+01 8.861499903579999682e+01
6.500000000000000222e-01 -6.023171914950000428e+03 5.954639056730000448e+03 -1.291021815950000018e+04 -2.654977777909999759e+02 -3.198331805449999976e+01 8.813495480170000462e+01
6.500000000000000222e-01 -6.102211292730000423e+03 5.970603992110000036e+03 -1.299462185809999937e+04 -2.653258583470000076e+02 -3.237555631690000268e+01 8.825299274859999343e+01
6.500000000000000222e-01 -6.207845232869999563e+03 6.053222257770000397e+03 -1.280766074069999922e+04 -2.653383316879999825e+02 -3.214545643270000141e+01 8.773236036439999452e+01
6.500000000000000222e-01 -6.003151816919999874e+03 5.977530355339999915e+03 -1.291363564249999945e+04 -2.655144582059999721e+02 -3.202731218000000268e+01 8.871502585999999724e+01
6.500000000000000222e-01 -6.047843840520000413e+03 6.018555216470000232e+03 -1.300347725449999962e+04 -2.659602829560000146e+02 -3.161460273289999989e+01 8.778715174699999579e+01
6.500000000000000222e-01 -6.045936883149999630e+03 6.036908214660000340e+03 -1.277384043689999999e+04 -2.649811401150000165e+02 -3.233837459090000266e+01 8.789903426780000473e+01
6.500000000000000222e-01 -6.195421664280000186e+03 5.961284880909999629e+03 -1.290799370430000090e+04 -2.652883358349999980e+02 -3.180221727569999857e+01 8.779992653009999515e+01
6.500000000000000222e-01 -6.162987718590000441e+03 6.164035848970000188e+03 -1.284717685139999958e+04 -2.651586787670000263e+02 -3.244642513979999876e+01 8.779333561949999876e+01
6.500000000000000222e-01 -6.077049219020000237e+03 5.954018133319999833e+03 -1.280837156549999963e+04 -2.652972298039999828e+02 -3.188433139909999881e+01 8.860943704100000673e+01
6.500000000000000222e-01 -6.162110761259999890e+03 6.060260063740000078e+03 -1.301503763760000038e+04 -2.649300202570000238e+02 -3.190395359469999903e+01 8.748527836479999564e+01
6.500000000000000222e-01 -6.188032249830000183e+03 6.088845535839999684e+03 -1.279176407560000007e+04 -2.655656331459999819e+02 -3.202389393600000034e+01 8.769111266859999887e+01
6.500000000000000222e-01 -6.040733590290000393e+03 6.122760198510000009e+03 -1.298817699800000082e+04 -2.658578392310000140e+02 -3.183467367360000111e+01 8.785173192480000637e+01
6.500000000000000222e-01 -6.170515555240000140e+03 6.001952433229999770e+03 -1.299553633900000023e+04 -2.658220326939999723e+02 -3.200643108050000052e+01 8.816851985409999770e+01
6.500000000000000222e-01 -6.125587702750000062e+03 5.987101679510000395e+03 -1.300508276570000089e+04 -2.653171477050000249e+02 -3.226153503169999937e+01 8.803472256460000267e+01
6.500000000000000222e-01 -6.129566504559999885e+03 5.984985678670000198e+03 -1.300090065420000064e+04 -2.657353974810000068e+02 -3.209342977539999708e+01 8.819041209530000458e+01
6.500000000000000222e-01 -5.980678215930000079e+03 6.046697529580000264e+03 -1.293056497560000025e+04 -2.658141698599999927e+02 -3.203297553590000035e+01 8.762186427540000011e+01
6.500000000000000222e-01 -6.085813124659999630e+03 6.008040386259999650e+03 -1.276828890700000011e+04 -2.655745130079999967e+02 -3.162499277230000061e+01 8.842716783390000046e+01
6.500000000000000222e-01 -6.104428823240000384e+03 5.928620738270000402e+03 -1.291824366019999979e+04 -2.654912741740000115e+02 -3.188547606479999885e+01 8.859792160489999446e+01
6.500000000000000222e-01 -6.083262474979999752e+03 5.926423145890000342e+03 -1.288227435920000062e+04 -2.653731905430000211e+02 -3.198442391600000079e+01 8.759760601649999501e+01
6.500000000000000222e-01 -6.042786039249999703e+03 6.015113138259999687e+03 -1.300100668570000016e+04 -2.660491124650000074e+02 -3.160903463260000024e+01 8.756126546149999967e+01
6.500000000000000222e-01 -5.974606063270000050e+03 6.066385838580000382e+03 -1.289314509360000011e+04 -2.656487108809999995e+02 -3.212361924919999723e+01 8.862315243339999427e+01
6.500000000000000222e-01 -6.049189272360000359e+03 6.115476267269999880e+03 -1.299829721980000068e+04 -2.660393766849999793e+02 -3.206370055050000190e+01 8.757704737039999543e+01
6.500000000000000222e-01 -6.109474478260000069e+03 5.928161015030000272e+03 -1.286167984350000006e+04 -2.653776003959999912e+02 -3.177200702849999914e+01 8.872599555109999869e+01
6.500000000000000222e-01 -6.194205946580000273e+03 6.145499117479999768e+03 -1.294650556979999965e+04 -2.656256771879999974e+02 -3.183533020830000027e+01 8.806716540530000259e+01
6.500000000000000222e-01 -6.099006651579999925e+03 6.098544561910000084e+03 -1.276544188109999959e+04 -2.654644572650000214e+02 -3.285152650290000054e+01 8.824290438330000086e+01
6.500000000000000222e-01 -6.048691190759999699e+03 6.046604417950000425e+03 -1.301245354790000056e+04 -2.651884135860000242e+02 -3.202243768299999971e+01 8.807649895100000492e+01
6.500000000000000222e-01 -6.120760827580000296e+03 6.053374765530000332e+03 -1.275888226620000023e+04 -2.647336399150000261e+02 -3.214051448779999731e+01 8.815246392180000612e+01
6.500000000000000222e-01 -6.155414450330000363e+03 6.038902657059999910e+03 -1.276901421590000064e+04 -2.657841086039999823e+02 -3.236555232020000261e+01 8.782976590970000075e+01
