3.450000000000000000e+05 4.204387224039999637e+03 -5.087065501789999871e+03 -6.744624886679999690e+03 -1.105156611689999977e+02 1.887432719130000081e+01 -6.007078862059999835e+01
6.500000000000000222e-01 4.118816594930000065e+03 -5.000755774670000392e+03 -6.486805274780000218e+03 -1.104730906869999956e+02 1.892155205230000092e+01 -5.973228877639999723e+01
6.500000000000000222e-01 4.030595837190000111e+03 -5.207124564859999737e+03 -6.935269198560000405e+03 -1.109755808900000034e+02 1.890058341989999846e+01 -5.917522772649999752e+01
6.500000000000000222e-01 4.392556575479999992e+03 -5.016016869670000233e+03 -6.543802688920000037e+03 -1.098264865299999968e+02 1.919892686009999849e+01 -6.144761888880000100e+01
6.500000000000000222e-01 4.182452208640000208e+03 -5.179891506760000084e+03 -7.014945571049999671e+03 -1.103501672790000043e+02 1.630012637000000097e+01 -5.967879250069999841e+01
6.500000000000000222e-01 4.317362095509999563e+03 -5.287947933669999657e+03 -6.906009369669999614e+03 -1.107887955580000039e+02 1.910499367010000071e+01 -5.995668811179999835e+01
6.500000000000000222e-01 4.307357867980000265e+03 -4.853727788029999829e+03 -6.868315516020000359e+03 -1.112401978150000019e+02 1.743703867860000045e+01 -6.191214891439999946e+01
6.500000000000000222e-01 3.972793506949999937e+03 -4.980452418949999810e+03 -6.871603263779999907e+03 -1.095353188349999982e+02 1.864323354609999939e+01 -6.106782140210000165e+01
6.500000000000000222e-01 4.370020893789999718e+03 -4.896011276860000180e+03 -6.871596944509999958e+03 -1.107318306330000013e+02 1.713817316540000135e+01 -6.142005508039999739e+01
6.500000000000000222e-01 3.979739026159999867e+03 -5.020588169820000076e+03 -6.576434438330000376e+03 -1.103486430250000012e+02 1.955601053479999862e+01 -5.886223206959999743e+01
6.500000000000000222e-01 3.929064770729999964e+03 -5.110437832579999849e+03 -6.677254009770000266e+03 -1.096416845119999977e+02 1.938899631439999993e+01 -5.744849188650000116e+01
6.500000000000000222e-01 4.031091135889999805e+03 -5.224755477120000251e+03 -6.923078437330000270e+03 -1.110734563479999935e+02 1.832139764649999947e+01 -5.855177311189999756e+01
6.500000000000000222e-01 4.295227694739999606e+03 -5.115525546390000272e+03 -6.477638085319999846e+03 -1.121001094909999978e+02 1.983166998029999917e+01 -5.991922401330000270e+01
6.500000000000000222e-01 4.144207797209999626e+03 -4.928055236819999664e+03 -6.976491792320000059e+03 -1.108615869049999958e+02 1.846194479580000092e+01 -6.029380961129999861e+01
6.500000000000000222e-01 4.042531144699999913e+03 -5.023527170200000000e+03 -6.968338761629999681e+03 -1.082630700139999931e+02 1.786320575839999947e+01 -6.122901382730000108e+01
6.500000000000000222e-01 4.361256659460000265e+03 -5.049707484980000118e+03 -6.512007854159999624e+03 -1.114162396050000012e+02 1.935787475700000115e+01 -6.028101917299999712e+01
6.500000000000000222e-01 4.071777540319999844e+03 -5.307649482320000061e+03 -6.865688562780000211e+03 -1.092740740490000064e+02 1.977730998899999904e+01 -6.243248619829999768e+01
6.500000000000000222e-01 3.986896555209999860e+03 -5.154050578180000230e+03 -6.913207161559999804e+03 -1.110114309770000034e+02 1.839205476200000078e+01 -5.816332406720000137e+01
6.500000000000000222e-01 4.219643333420000090e+03 -5.206104059629999938e+03 -6.489309656340000402e+03 -1.116882345319999956e+02 2.172299591270000008e+01 -5.942456549820000333e+01
6.500000000000000222e-01 4.089091136810000080e+03 -5.169120951160000004e+03 -6.497161417690000235e+03 -1.089800652219999932e+02 2.029933473910000075e+01 -5.889841573689999876e+01
6.500000000000000222e-01 4.247211453900000379e+03 -4.987436774920000062e+03 -7.006619422429999759e+03 -1.098360112969999989e+02 1.652133835140000073e+01 -6.047627320760000202e+01
6.500000000000000222e-01 4.005964156290000119e+03 -4.919473498479999762e+03 -6.867200055369999973e+03 -1.110023136810000040e+02 1.941218676069999916e+01 -5.847135603649999780e+01
6.500000000000000222e-01 4.048439047480000227e+03 -4.890903461339999922e+03 -6.879759641200000260e+03 -1.097910658130000030e+02 1.789291248649999844e+01 -6.141494496650000201e+01
6.500000000000000222e-01 4.338643191410000327e+03 -4.914893089180000061e+03 -6.561801099280000017e+03 -1.124784976370000038e+02 1.822021880579999831e+01 -5.828235284659999849e+01
6.500000000000000222e-01 4.438840878320000229e+03 -5.106886742280000362e+03 -6.586923352359999626e+03 -1.115227689339999984e+02 1.889226854300000014e+01 -5.988829949229999983e+01
6.500000000000000222e-01 4.425910255110000435e+03 -5.079294890129999658e+03 -6.568610539620000054e+03 -1.108376115899999945e+02 1.893595677020000068e+01 -6.087777199730000177e+01
6.500000000000000222e-01 4.176769384500000342e+03 -5.318520878260000245e+03 -6.580533078720000049e+03 -1.098585863240000009e+02 2.023437489890000052e+01 -5.873938720520000345e+01
6.500000000000000222e-01 4.082245663380000224e+03 -4.937389032150000276e+03 -6.956671524069999577e+03 -1.114476898510000069e+02 1.988152983850000055e+01 -5.870927004880000055e+01
6.500000000000000222e-01 4.010494845530000021e+03 -5.275703000270000302e+03 -6.829207896199999595e+03 -1.104767667960000068e+02 1.889839731100000009e+01 -5.817965573499999721e+01
6.500000000000000222e-01 4.100730454819999977e+03 -4.837046281400000225e+03 -6.844037705609999648e+03 -1.110740153039999996e+02 1.896991829579999944e+01 -5.969431315399999960e+01
6.500000000000000222e-01 4.081172974590000194e+03 -5.230853977200000372e+03 -6.532427768520000427e+03 -1.114921042029999967e+02 1.822396197440000165e+01 -6.149087883170000168e+01
6.500000000000000222e-01 4.393913294869999845e+03 -4.915683562500000335e+03 -6.621988741860000118e+03 -1.107483112999999975e+02 1.796970809480000142e+01 -5.988311396689999810e+01
6.500000000000000222e-01 3.976041911759999948e+03 -5.177803023350000331e+03 -6.600928797149999809e+03 -1.113709586680000001e+02 1.912003633400000169e+01 -6.171045352729999678e+01
6.500000000000000222e-01 3.924942835880000075e+03 -5.126511495140000079e+03 -6.771040824740000062e+03 -1.101954053009999939e+02 1.914895426240000020e+01 -5.744163148049999990e+01
6.500000000000000222e-01 4.273932025150000300e+03 -5.030039723889999550e+03 -7.015515615579999576e+03 -1.116828100289999952e+02 1.763649908469999872e+01 -6.071584687050000184e+01
6.500000000000000222e-01 4.091992967449999924e+03 -4.825991136110000298e+03 -6.725719898629999989e+03 -1.105946271849999931e+02 1.854626514250000113e+01 -5.740722754309999942e+01
6.500000000000000222e-01 4.202437259190000077e+03 -4.805595396570000048e+03 -6.793589850200000001e+03 -1.111490639609999960e+02 1.872247981339999967e+01 -5.944093601899999868e+01
6.500000000000000222e-01 4.230968727749999744e+03 -4.947575091869999596e+03 -6.987335609259999728e+03 -1.093632445730000029e+02 1.666588786439999836e+01 -6.022671467130000167e+01
6.500000000000000222e-01 4.281863069070000165e+03 -4.971154691890000322e+03 -6.496334364919999643e+03 -1.108458214369999979e+02 1.771271104470000068e+01 -5.945464958240000186e+01
6.500000000000000222e-01 4.074147537660000125e+03 -5.219076184999999896e+03 -6.529544176049999805e+03 -1.109122336289999993e+02 2.090633318160000087e+01 -5.954153601689999675e+01
6.500000000000000222e-01 4.276304083060000266e+03 -4.915629816499999833e+03 -6.528172364719999678e+03 -1.103398843920000019e+02 2.032512102060000103e+01 -6.113714548730000331e+01
4.560000000000000000e+04 5.825681596039999931e+03 2.733768680900000163e+03 1.699496981199999937e+04 2.074790491239999994e+02 -5.964616170610000268e+01 2.104240679140000054e+02
6.500000000000000222e-01 5.873135415599999760e+03 2.612736466459999974e+03 1.715623265389999870e+04 2.080193812900000125e+02 -6.021375043519999792e+01 2.102539146130000063e+02
6.500000000000000222e-01 5.956376399959999617e+03 2.840566392589999850e+03 1.687887532229999852e+04 2.071019137240000134e+02 -6.018191483350000226e+01 2.097084300980000080e+02
6.500000000000000222e-01 5.882918443599999591e+03 2.608732120109999869e+03 1.714737627050000083e+04 2.072165850899999953e+02 -5.888387340359999911e+01 2.111743738350000115e+02
6.500000000000000222e-01 5.623975788839999950e+03 2.720133748639999794e+03 1.696179243219999989e+04 2.075748704659999930e+02 -5.964775502839999888e+01 2.104897992999999872e+02
6.500000000000000222e-01 5.967762176629999885e+03 2.867821151449999888e+03 1.693382023670000126e+04 2.075038315070000010e+02 -5.948393430800000203e+01 2.113463524050000046e+02
6.500000000000000222e-01 5.735092861459999767e+03 2.916876877430000150e+03 1.700097878739999942e+04 2.075879073810000079e+02 -5.982141573900000253e+01 2.101504514869999980e+02
6.500000000000000222e-01 5.785468044500000360e+03 2.780645830649999880e+03 1.719080811460000041e+04 2.082323812500000031e+02 -6.037594122800000207e+01 2.108351701969999965e+02
6.500000000000000222e-01 5.823464489709999725e+03 2.938365206800000124e+03 1.699210953099999824e+04 2.074994536879999885e+02 -5.981937504950000317e+01 2.101636121319999972e+02
6.500000000000000222e-01 5.808332164790000206e+03 2.806036106080000081e+03 1.680289443659999961e+04 2.073582208150000099e+02 -6.022405279299999847e+01 2.100479280159999860e+02
6.500000000000000222e-01 5.735920203640000182e+03 2.732140657920000194e+03 1.681001112559999819e+04 2.076203888400000039e+02 -5.968535239580000251e+01 2.102102254659999971e+02
6.500000000000000222e-01 5.972492393200000151e+03 2.638616813529999945e+03 1.689117693130000043e+04 2.073962981479999996e+02 -5.956528349220000251e+01 2.109197556860000020e+02
6.500000000000000222e-01 5.777542964829999619e+03 2.737202618429999802e+03 1.719460622929999954e+04 2.076265017609999859e+02 -5.959484999219999679e+01 2.105216414740000062e+02
6.500000000000000222e-01 5.746268677519999983e+03 2.577749474060000011e+03 1.710269125899999926e+04 2.079735608430000013e+02 -5.985002064510000253e+01 2.104785606910000126e+02
6.500000000000000222e-01 5.799898745399999825e+03 2.538142414429999917e+03 1.693654311700000108e+04 2.076685932240000056e+02 -5.951025189239999946e+01 2.097036078659999987e+02
6.500000000000000222e-01 5.689651409750000312e+03 2.581986218250000093e+03 1.701444107290000102e+04 2.076435281990000021e+02 -5.951117759350000114e+01 2.111662109080000107e+02
6.500000000000000222e-01 5.921980073759999868e+03 2.570347007649999796e+03 1.692348034650000045e+04 2.071771750259999862e+02 -5.937926189169999702e+01 2.107433786400000031e+02
6.500000000000000222e-01 6.021170832580000024e+03 2.784713486839999860e+03 1.703002191129999846e+04 2.074715560850000031e+02 -5.968549862550000285e+01 2.101122472250000044e+02
6.500000000000000222e-01 6.029191513859999759e+03 2.755115624999999909e+03 1.700109843570000157e+04 2.073293535610000049e+02 -5.964596570490000005e+01 2.106596708820000003e+02
6.500000000000000222e-01 5.733463540460000331e+03 2.609772305989999950e+03 1.685925186229999963e+04 2.079821830230000046e+02 -5.975552094319999696e+01 2.100158017219999920e+02
6.500000000000000222e-01 5.751747510340000190e+03 2.798012844459999997e+03 1.717633838200000173e+04 2.078231872190000047e+02 -5.981748666589999885e+01 2.108129769459999920e+02
6.500000000000000222e-01 5.751839752439999756e+03 2.847364150169999903e+03 1.683947093709999899e+04 2.069276004269999873e+02 -5.903020832149999819e+01 2.108892181470000082e+02
6.500000000000000222e-01 5.954405237529999795e+03 2.608565227300000060e+03 1.689272915289999946e+04 2.073965893909999920e+02 -5.962504207389999777e+01 2.099370249430000115e+02
6.500000000000000222e-01 5.909222910509999565e+03 2.547793600229999811e+03 1.701176835379999829e+04 2.074392291949999958e+02 -5.956317482819999753e+01 2.094722873409999977e+02
6.500000000000000222e-01 5.830081327089999832e+03 2.858012162019999778e+03 1.683060044040000139e+04 2.071701613550000047e+02 -5.887178076179999664e+01 2.108208339960000046e+02
6.500000000000000222e-01 5.987112070770000173e+03 2.617050238369999988e+03 1.704672842890000175e+04 2.076130205979999914e+02 -5.973466045659999679e+01 2.099917843359999949e+02
6.500000000000000222e-01 5.721675817059999645e+03 2.879111129190000156e+03 1.709210330500000055e+04 2.080030886369999905e+02 -6.022928129759999649e+01 2.111624299400000098e+02
6.500000000000000222e-01 5.954689599829999679e+03 2.623443886930000190e+03 1.710696982769999886e+04 2.074548264459999984e+02 -5.951613173909999688e+01 2.100025725270000123e+02
6.500000000000000222e-01 5.957572245860000294e+03 2.812227392100000088e+03 1.685966107740000007e+04 2.076449251720000007e+02 -5.931766743269999864e+01 2.110029140929999869e+02
6.500000000000000222e-01 5.790633612179999545e+03 2.706868510209999840e+03 1.679408222929999829e+04 2.067457067759999916e+02 -6.008502056519999712e+01 2.104466746470000089e+02
6.500000000000000222e-01 5.808152573780000239e+03 2.706661288280000008e+03 1.679193506469999920e+04 2.070395768959999998e+02 -6.001415474489999724e+01 2.103762754789999860e+02
6.500000000000000222e-01 5.643745058350000363e+03 2.676943945009999879e+03 1.707038132499999847e+04 2.073472319459999937e+02 -5.957432314180000077e+01 2.098579071389999910e+02
6.500000000000000222e-01 5.853369004369999857e+03 2.918807537780000075e+03 1.708279649229999995e+04 2.071313266479999982e+02 -5.943483387469999712e+01 2.105956561069999964e+02
6.500000000000000222e-01 5.745639603399999942e+03 2.891978813440000067e+03 1.709323105370000121e+04 2.077607731349999938e+02 -5.980508990279999892e+01 2.099795048770000108e+02
6.500000000000000222e-01 5.939543572679999670e+03 2.575368098859999918e+03 1.705460470440000063e+04 2.074760243409999987e+02 -5.962465669880000263e+01 2.096241811980000023e+02
6.500000000000000222e-01 5.990547984179999730e+03 2.842406036639999911e+03 1.694033700060000047e+04 2.074620024479999927e+02 -5.988745330799999778e+01 2.103992027930000006e+02
6.500000000000000222e-01 5.827464668679999704e+03 2.805775656259999778e+03 1.718792683250000118e+04 2.074005885589999991e+02 -5.874715089890000286e+01 2.102937937760000011e+02
6.500000000000000222e-01 5.978281590450000294e+03 2.611112872659999994e+03 1.705058568039999955e+04 2.071771983449999937e+02 -5.932920676570000040e+01 2.107500254100000063e+02
6.500000000000000222e-01 5.622563620130000345e+03 2.730381428640000195e+03 1.702040543379999872e+04 2.074895667360000004e+02 -5.965300485569999722e+01 2.093921503009999867e+02
6.500000000000000222e-01 5.885637024169999677e+03 2.909087005949999821e+03 1.708558306369999991e+04 2.071520487290000005e+02 -5.932198438550000219e+01 2.103688105370000017e+02
6.500000000000000222e-01 6.018343768970000383e+03 2.763765860840000187e+03 1.705756981449999876e+04 2.072049057940000125e+02 -5.962498266669999936e+01 2.109555558589999862e+02
1.390000000000000000e+04 -8.834298366760000135e+03 1.475794667639999943e+03 1.378015384369999992e+04 -2.448097191580000072e+02 2.037226189669999883e+02 -3.218662096780000184e+02
6.500000000000000222e-01 -8.781993158040000708e+03 1.455368963079999958e+03 1.391148420579999947e+04 -2.454405115550000005e+02 2.039788007880000009e+02 -3.216148659020000196e+02
6.500000000000000222e-01 -8.860837541860000783e+03 1.504219709779999903e+03 1.364231310449999910e+04 -2.451399151130000007e+02 2.041494263989999922e+02 -3.217618381749999799e+02
6.500000000000000222e-01 -8.877314277260000381e+03 1.496451115379999919e+03 1.391528173500000048e+04 -2.443241451480000137e+02 2.034371377139999879e+02 -3.215532655709999972e+02
6.500000000000000222e-01 -8.757225148789999366e+03 1.373816904159999922e+03 1.371840106720000040e+04 -2.450569419009999876e+02 2.040943586410000137e+02 -3.223927241299999764e+02
6.500000000000000222e-01 -8.755873511199999484e+03 1.369353010949999998e+03 1.372933866520000083e+04 -2.449021864830000084e+02 2.038743771249999952e+02 -3.216562580550000234e+02
6.500000000000000222e-01 -8.901576468269999168e+03 1.451609543410000015e+03 1.390454640010000003e+04 -2.451213970199999892e+02 2.037801948000000039e+02 -3.218773967149999748e+02
6.500000000000000222e-01 -8.907877657499999259e+03 1.440266025359999958e+03 1.366316316290000032e+04 -2.442491325629999892e+02 2.038286745599999961e+02 -3.221543555179999885e+02
6.500000000000000222e-01 -8.738007810510000127e+03 1.469749656279999954e+03 1.367414198059999944e+04 -2.452527910320000046e+02 2.037434821260000035e+02 -3.224223643170000173e+02
6.500000000000000222e-01 -8.745296335979999640e+03 1.389402487090000022e+03 1.384778904730000068e+04 -2.450078445910000084e+02 2.039097248180000008e+02 -3.220874797349999881e+02
6.500000000000000222e-01 -8.875404407160000119e+03 1.346238979929999914e+03 1.373894200740000088e+04 -2.449017844269999955e+02 2.040444947910000053e+02 -3.220324021389999984e+02
6.500000000000000222e-01 -8.795589715210000577e+03 1.374483662350000031e+03 1.387096772740000051e+04 -2.452025894829999970e+02 2.042860269489999894e+02 -3.215211531300000161e+02
6.500000000000000222e-01 -8.712183465699999942e+03 1.401803029539999898e+03 1.377918770050000057e+04 -2.448628907320000110e+02 2.037764854890000095e+02 -3.225981862419999970e+02
6.500000000000000222e-01 -8.794604314059999524e+03 1.346649396170000045e+03 1.382188219589999972e+04 -2.450067471110000099e+02 2.039525187449999919e+02 -3.220668158270000276e+02
6.500000000000000222e-01 -8.807114631939999526e+03 1.387090361430000030e+03 1.389048602700000083e+04 -2.445612892700000032e+02 2.032942936659999873e+02 -3.220550266490000126e+02
6.500000000000000222e-01 -8.891815765870000178e+03 1.533048359950000076e+03 1.366195197960000041e+04 -2.444751627589999998e+02 2.034406836320000025e+02 -3.222047503929999834e+02
6.500000000000000222e-01 -8.695747847049999109e+03 1.507599414320000051e+03 1.376621988160000001e+04 -2.449243552640000132e+02 2.036811665710000057e+02 -3.225830508459999919e+02
6.500000000000000222e-01 -8.866283391999999367e+03 1.611820303109999941e+03 1.381008536859999913e+04 -2.448114877159999878e+02 2.035148355579999873e+02 -3.211987953560000051e+02
6.500000000000000222e-01 -8.727157333440000002e+03 1.501867472189999944e+03 1.387041279190000023e+04 -2.447277231330000120e+02 2.038213404560000015e+02 -3.222113125129999958e+02
6.500000000000000222e-01 -8.734677820079999947e+03 1.577694750860000113e+03 1.378684625640000013e+04 -2.448552231680000091e+02 2.036056781569999998e+02 -3.218408566449999739e+02
6.500000000000000222e-01 -8.805540309179999895e+03 1.610529262439999911e+03 1.381862416080000003e+04 -2.449615503340000089e+02 2.035484756189999871e+02 -3.213209250979999752e+02
6.500000000000000222e-01 -8.699037236550000671e+03 1.521256655339999952e+03 1.378504822790000071e+04 -2.448504674529999932e+02 2.036867849840000133e+02 -3.225739480899999876e+02
6.500000000000000222e-01 -8.916190200979999645e+03 1.380642333400000098e+03 1.384855024550000053e+04 -2.446477662439999960e+02 2.040642303260000006e+02 -3.212202788690000261e+02
6.500000000000000222e-01 -8.967276386740000817e+03 1.461991041589999895e+03 1.373074521710000045e+04 -2.447465099149999901e+02 2.037086972399999922e+02 -3.216298340629999757e+02
6.500000000000000222e-01 -8.852603601500000877e+03 1.616340935709999940e+03 1.376620554529999936e+04 -2.447672843539999974e+02 2.036299844719999896e+02 -3.212844647879999798e+02
6.500000000000000222e-01 -8.782770859869999185e+03 1.483902833939999937e+03 1.391333227860000079e+04 -2.451991157310000062e+02 2.036429953390000094e+02 -3.217180353040000114e+02
6.500000000000000222e-01 -8.881684827659999428e+03 1.343832201100000020e+03 1.375595846139999958e+04 -2.448775769119999950e+02 2.038851645180000105e+02 -3.215593389179999804e+02
6.500000000000000222e-01 -8.767058339029999843e+03 1.577456380280000076e+03 1.370523228890000064e+04 -2.450439596070000050e+02 2.034382883760000027e+02 -3.224684112659999755e+02
6.500000000000000222e-01 -8.863112265370000387e+03 1.342638662059999888e+03 1.382536998730000050e+04 -2.446397442269999942e+02 2.036177842890000136e+02 -3.219508091120000017e+02
6.500000000000000222e-01 -8.712324086070000703e+03 1.440352793730000030e+03 1.384476178050000090e+04 -2.446663149180000119e+02 2.036982550250000088e+02 -3.224564416819999906e+02
6.500000000000000222e-01 -8.942252199219999966e+03 1.385300818180000078e+03 1.375737926730000072e+04 -2.448000512039999990e+02 2.038705479170000103e+02 -3.218008699380000053e+02
6.500000000000000222e-01 -8.908875154310000653e+03 1.570436327950000077e+03 1.385754831530000047e+04 -2.446377089000000069e+02 2.034063537890000077e+02 -3.212264296509999895e+02
6.500000000000000222e-01 -8.786598949380000704e+03 1.517653937139999925e+03 1.365165155000000050e+04 -2.442852219709999986e+02 2.040119604100000004e+02 -3.216869623769999862e+02
6.500000000000000222e-01 -8.753023015279999527e+03 1.371659231619999900e+03 1.383473512040000060e+04 -2.446972130259999858e+02 2.035795360479999943e+02 -3.224854751089999922e+02
6.500000000000000222e-01 -8.717736014689999138e+03 1.557984163099999932e+03 1.377362828909999917e+04 -2.448821713019999891e+02 2.036374598559999924e+02 -3.225768615939999790e+02
6.500000000000000222e-01 -8.768529662389999430e+03 1.600369312909999962e+03 1.375794295520000014e+04 -2.448244529680000028e+02 2.035019178269999998e+02 -3.224240130680000220e+02
6.500000000000000222e-01 -8.936027149960000315e+03 1.384936349569999948e+03 1.382269617850000031e+04 -2.446212938630000053e+02 2.038895283440000128e+02 -3.211901182820000145e+02
6.500000000000000222e-01 -8.932524433270000372e+03 1.574346349299999929e+03 1.381256638899999962e+04 -2.448956105389999891e+02 2.037555453649999890e+02 -3.224055166559999748e+02
6.500000000000000222e-01 -8.750013680140000361e+03 1.369419122600000037e+03 1.382738462400000026e+04 -2.448188462509999965e+02 2.037702124369999979e+02 -3.215901400060000128e+02
6.500000000000000222e-01 -8.711854705699999613e+03 1.534044724090000045e+03 1.382446712320000006e+04 -2.450848880810000026e+02 2.036038443790000088e+02 -3.213139416600000118e+02
6.500000000000000222e-01 -8.895681705229999352e+03 1.439906881480000038e+03 1.390467049469999984e+04 -2.453563848000000007e+02 2.035678013739999983e+02 -3.220497665729999994e+02
1.190000000000000000e+04 -4.462047987029999604e+03 6.236809126770000148e+03 -1.339265101870000035e+04 -2.702668067839999821e+02 -2.644853086919999896e+01 7.501750230839999745e+01
6.500000000000000222e-01 -4.560341943630000060e+03 6.320097675289999643e+03 -1.335812677909999911e+04 -2.703336108190000004e+02 -2.637959551180000162e+01 7.436977815570000416e+01
6.500000000000000222e-01 -4.523985937720000038e+03 6.217906510400000116e+03 -1.327595385279999937e+04 -2.705076977379999903e+02 -2.666822214549999970e+01 7.485085736899999631e+01
6.500000000000000222e-01 -4.386885318870000447e+03 6.217556937389999803e+03 -1.328336824410000008e+04 -2.703892872299999794e+02 -2.654713633200000089e+01 7.524113433329999623e+01
6.500000000000000222e-01 -4.386711535970000114e+03 6.272029726849999861e+03 -1.349714358240000001e+04 -2.699228606280000236e+02 -2.622272761159999988e+01 7.533532721310000113e+01
6.500000000000000222e-01 -4.360684043350000138e+03 6.305580224940000335e+03 -1.334054944179999984e+04 -2.705764595850000092e+02 -2.661504846720000117e+01 7.555684119490000228e+01
6.500000000000000222e-01 -4.501622262869999759e+03 6.322055949919999875e+03 -1.329791711819999909e+04 -2.700703591509999910e+02 -2.691292323589999924e+01 7.543735900919999438e+01
6.500000000000000222e-01 -4.415305560169999808e+03 6.126563692409999931e+03 -1.344819691149999926e+04 -2.703879798990000154e+02 -2.636596049999999991e+01 7.548872332889999370e+01
6.500000000000000222e-01 -4.504581654270000399e+03 6.116496396360000290e+03 -1.335532235079999919e+04 -2.702559750330000270e+02 -2.616353293339999908e+01 7.553170023280000578e+01
6.500000000000000222e-01 -4.470072994269999981e+03 6.129015483400000448e+03 -1.331187269910000032e+04 -2.699243142290000037e+02 -2.678684188109999909e+01 7.503281434759999513e+01
6.500000000000000222e-01 -4.410220389780000005e+03 6.338144082609999714e+03 -1.332463351379999949e+04 -2.701284745410000028e+02 -2.690347747770000097e+01 7.519147243490000676e+01
6.500000000000000222e-01 -4.331733753780000370e+03 6.229035423690000243e+03 -1.341846102860000065e+04 -2.704787718730000279e+02 -2.643832755509999899e+01 7.463600434350000512e+01
6.500000000000000222e-01 -4.440533532340000420e+03 6.110803789270000379e+03 -1.343168076499999916e+04 -2.701748451010000167e+02 -2.658337830159999982e+01 7.561948613949999753e+01
6.500000000000000222e-01 -4.378636414509999668e+03 6.133975252639999781e+03 -1.341131774629999927e+04 -2.702684434089999854e+02 -2.643942096849999857e+01 7.511161928110000474e+01
6.500000000000000222e-01 -4.458691556400000081e+03 6.152527714460000425e+03 -1.349673554809999951e+04 -2.701132113840000102e+02 -2.689019239210000123e+01 7.532418726429999367e+01
6.500000000000000222e-01 -4.563712783510000008e+03 6.233257118489999812e+03 -1.330667069000000083e+04 -2.702991740290000280e+02 -2.650218240630000111e+01 7.482727587329999608e+01
6.500000000000000222e-01 -4.358591034060000311e+03 6.157076024390000384e+03 -1.341831026480000037e+04 -2.702596605759999875e+02 -2.646435174140000157e+01 7.569786184580000565e+01
6.500000000000000222e-01 -4.400618913049999719e+03 6.195674006209999789e+03 -1.350273227140000017e+04 -2.706858896940000250e+02 -2.608596226650000105e+01 7.485914479439999525e+01
6.500000000000000222e-01 -4.404330401150000398e+03 6.217973552679999557e+03 -1.327350543990000006e+04 -2.698287852990000033e+02 -2.664665458689999866e+01 7.487787720119999335e+01
6.500000000000000222e-01 -4.551735766140000123e+03 6.139619841319999978e+03 -1.340735190990000046e+04 -2.702049142849999726e+02 -2.629226371969999931e+01 7.487458958290000055e+01
6.500000000000000222e-01 -4.520224916770000164e+03 6.345694293450000259e+03 -1.334675269139999909e+04 -2.700336682380000184e+02 -2.673151909559999950e+01 7.495373404359999370e+01
6.500000000000000222e-01 -4.433425633500000004e+03 6.132591494289999901e+03 -1.331233452890000081e+04 -2.701702252029999727e+02 -2.628897663469999912e+01 7.556750521159999323e+01
6.500000000000000222e-01 -4.520968002909999996e+03 6.239161300169999777e+03 -1.351274081069999920e+04 -2.697378260479999881e+02 -2.637636757419999967e+01 7.465332276350000029e+01
6.500000000000000222e-01 -4.542555475180000030e+03 6.268003449009999713e+03 -1.329053158760000042e+04 -2.705094800510000255e+02 -2.633813362069999897e+01 7.478977328220000231e+01
6.500000000000000222e-01 -4.394205759530000250e+03 6.300948467029999847e+03 -1.348799944180000057e+04 -2.705617256049999924e+02 -2.621466190230000137e+01 7.498031509189999610e+01
6.500000000000000222e-01 -4.523807638539999971e+03 6.181590133069999865e+03 -1.349730821330000072e+04 -2.706576051819999975e+02 -2.651372351739999900e+01 7.529529420180000443e+01
6.500000000000000222e-01 -4.482093521140000121e+03 6.168322566349999761e+03 -1.350594142739999916e+04 -2.701146526730000232e+02 -2.677490000619999932e+01 7.513289525019999360e+01
6.500000000000000222e-01 -4.483487423339999623e+03 6.165178396330000396e+03 -1.350271121219999986e+04 -2.705384234310000124e+02 -2.660804675050000156e+01 7.528716975589999549e+01
6.500000000000000222e-01 -4.334414656109999669e+03 6.226123901390000356e+03 -1.342864598040000055e+04 -2.705159518500000218e+02 -2.641961495560000017e+01 7.464256958570000222e+01
6.500000000000000222e-01 -4.440436060009999892e+03 6.184821861340000396e+03 -1.327119742070000029e+04 -2.704641283970000245e+02 -2.596400967860000009e+01 7.540511119209999435e+01
6.500000000000000222e-01 -4.459723883210000167e+03 6.107499655970000276e+03 -1.342228950230000009e+04 -2.703315696500000058e+02 -2.638763360729999974e+01 7.560706200239999930e+01
6.500000000000000222e-01 -4.439266029970000091e+03 6.105823198779999984e+03 -1.338008827399999973e+04 -2.702179332950000230e+02 -2.645785210389999875e+01 7.457556706260000112e+01
6.500000000000000222e-01 -4.395022718090000126e+03 6.192197161989999586e+03 -1.349885799650000081e+04 -2.707723791299999903e+02 -2.608004937549999980e+01 7.462736241320000374e+01
6.500000000000000222e-01 -4.329325523299999986e+03 6.246247419749999608e+03 -1.339735096259999955e+04 -2.703597998079999911e+02 -2.647134102840000125e+01 7.563787875760000645e+01
6.500000000000000222e-01 -4.401538166010000168e+03 6.295110659050000322e+03 -1.349644765689999986e+04 -2.707465623520000122e+02 -2.645653706959999951e+01 7.470985395270000140e+01
6.500000000000000222e-01 -4.465352769269999953e+03 6.106239556649999940e+03 -1.336644182419999925e+04 -2.702538863660000175e+02 -2.624002527380000060e+01 7.571123995790000549e+01
6.500000000000000222e-01 -4.548666295250000076e+03 6.323676243529999738e+03 -1.344790671420000035e+04 -2.704743178520000129e+02 -2.620862679609999901e+01 7.527529520689999742e+01
6.500000000000000222e-01 -4.454337637970000287e+03 6.282634807880000153e+03 -1.326742462560000058e+04 -2.703445705859999748e+02 -2.711869249680000138e+01 7.528867553060000262e+01
6.500000000000000222e-01 -4.406233846510000149e+03 6.226177346479999869e+03 -1.351355890100000033e+04 -2.699048356970000100e+02 -2.647820622969999960e+01 7.517394569629999523e+01
6.500000000000000222e-01 -4.480468917139999576e+03 6.233217708529999982e+03 -1.326024955960000079e+04 -2.696494018419999747e+02 -2.644557022640000099e+01 7.517735536040000000e+01
6.500000000000000222e-01 -4.508601235529999940e+03 6.220204046210000342e+03 -1.326844574350000039e+04 -2.707244585099999767e+02 -2.669492621650000075e+01 7.486776839280000218e+01
