3.450000000000000000e+05 3.372082347309999932e+03 -4.900703567900000053e+03 -7.092395851989999755e+03 -1.217058693750000060e+02 3.368807358419999787e+01 -3.562778226750000243e+01
6.500000000000000222e-01 3.538976037630000064e+03 -5.068953118979999999e+03 -6.974872057139999924e+03 -1.232217518420000033e+02 3.515037488189999948e+01 -3.671632601729999834e+01
6.500000000000000222e-01 3.230502050959999906e+03 -5.003410320699999829e+03 -6.871872815789999549e+03 -1.202509039069999943e+02 3.541594066279999709e+01 -3.444394944540000125e+01
6.500000000000000222e-01 3.190738624650000020e+03 -4.955279462810000041e+03 -6.876160894900000130e+03 -1.205222035369999958e+02 3.601287372150000010e+01 -3.362458591480000081e+01
6.500000000000000222e-01 3.305520163010000033e+03 -5.145600567210000008e+03 -6.988266739960000450e+03 -1.210830573100000009e+02 3.588005823409999806e+01 -3.429805351910000155e+01
6.500000000000000222e-01 3.453644445720000022e+03 -5.036812515169999642e+03 -6.856767909139999574e+03 -1.221478645370000038e+02 3.488577959130000039e+01 -3.576714094670000321e+01
6.500000000000000222e-01 3.420261450670000158e+03 -4.770560344090000399e+03 -6.837837708680000105e+03 -1.222277008660000064e+02 3.613462559660000295e+01 -3.582565146710000192e+01
6.500000000000000222e-01 3.243348721769999884e+03 -4.837140095669999937e+03 -6.836507049439999719e+03 -1.234777598670000032e+02 3.540330777909999682e+01 -3.530589440170000159e+01
6.500000000000000222e-01 3.442728401889999986e+03 -4.784684654220000084e+03 -6.838710615009999856e+03 -1.228731485710000015e+02 3.588396654339999969e+01 -3.574555055839999795e+01
6.500000000000000222e-01 3.530212022969999907e+03 -4.945566239509999832e+03 -6.867541295029999674e+03 -1.223312903770000020e+02 3.408817188439999768e+01 -3.657852072469999882e+01
6.500000000000000222e-01 3.443875219990000005e+03 -4.886074476929999946e+03 -6.817030652550000013e+03 -1.209423083519999977e+02 3.499928737369999965e+01 -3.589417224959999686e+01
6.500000000000000222e-01 3.245713106600000174e+03 -4.997345499650000420e+03 -6.857900399389999620e+03 -1.201514438930000068e+02 3.614654864959999969e+01 -3.396965601179999794e+01
6.500000000000000222e-01 3.122553130710000005e+03 -4.813398736469999676e+03 -6.988866443429999890e+03 -1.211772499350000061e+02 3.430959197050000142e+01 -3.491514561259999994e+01
6.500000000000000222e-01 3.299139461169999777e+03 -4.689052782280000429e+03 -6.923207115049999629e+03 -1.217541761479999991e+02 3.342926337969999651e+01 -3.486126032050000134e+01
6.500000000000000222e-01 3.152776270849999946e+03 -4.807067323639999813e+03 -6.919410012340000321e+03 -1.230145197610000025e+02 3.527471317479999868e+01 -3.591307806700000071e+01
6.500000000000000222e-01 3.151079259520000051e+03 -4.943762920060000397e+03 -6.921827617150000151e+03 -1.208744246910000015e+02 3.495043797699999999e+01 -3.469930191400000297e+01
6.500000000000000222e-01 3.296960241279999991e+03 -5.003833968599999935e+03 -6.839218889300000228e+03 -1.233220670270000028e+02 3.369573534309999729e+01 -3.638932385830000271e+01
6.500000000000000222e-01 3.220940420200000062e+03 -4.934417827610000131e+03 -6.847819020629999613e+03 -1.201308068600000070e+02 3.588606697120000177e+01 -3.351495782250000133e+01
6.500000000000000222e-01 3.332171006800000214e+03 -4.650895432559999790e+03 -6.968043675879999682e+03 -1.221604650759999942e+02 3.372341121139999842e+01 -3.573893428990000132e+01
6.500000000000000222e-01 3.564252694410000004e+03 -4.751945516980000320e+03 -6.961067907990000094e+03 -1.229190709020000014e+02 3.425903991210000044e+01 -3.718846267020000340e+01
6.500000000000000222e-01 3.441403982629999973e+03 -4.644821633589999692e+03 -6.980390391390000332e+03 -1.236598066450000033e+02 3.423885279710000162e+01 -3.557844840970000178e+01
6.500000000000000222e-01 3.283729061850000107e+03 -4.824393630939999639e+03 -6.825413078880000285e+03 -1.211962176570000054e+02 3.370447312590000166e+01 -3.406008333510000341e+01
6.500000000000000222e-01 3.274539035379999859e+03 -4.778016653089999636e+03 -6.841644649390000268e+03 -1.235750932459999945e+02 3.605040045620000200e+01 -3.540568522910000127e+01
6.500000000000000222e-01 3.254240241009999863e+03 -5.044315691480000169e+03 -6.881492232069999773e+03 -1.223132710489999937e+02 3.382659932920000045e+01 -3.683272369529999679e+01
6.500000000000000222e-01 3.206279947510000056e+03 -4.876609297019999758e+03 -6.852169884040000397e+03 -1.225989299289999934e+02 3.526326660950000047e+01 -3.501935250380000042e+01
6.500000000000000222e-01 3.197413866039999903e+03 -4.896341333299999860e+03 -6.859949830010000369e+03 -1.213016592310000021e+02 3.523465684170000145e+01 -3.428693136910000305e+01
6.500000000000000222e-01 3.379899106020000090e+03 -4.715555161209999824e+03 -6.861373847519999799e+03 -1.233118392859999943e+02 3.629223378820000079e+01 -3.569178444090000113e+01
6.500000000000000222e-01 3.246941692500000045e+03 -4.745050287820000449e+03 -6.884724965000000338e+03 -1.209665725870000017e+02 3.291858842999999979e+01 -3.295691634880000009e+01
6.500000000000000222e-01 3.320348960429999806e+03 -4.941732089070000256e+03 -6.812957443739999690e+03 -1.207228679650000061e+02 3.649622589820000229e+01 -3.461050669360000143e+01
6.500000000000000222e-01 3.335074225849999948e+03 -4.807370947190000152e+03 -6.820953974160000143e+03 -1.222035778479999948e+02 3.426968926650000213e+01 -3.481075608759999795e+01
6.500000000000000222e-01 3.489869478569999956e+03 -4.745595763450000049e+03 -6.886244348920000448e+03 -1.244822960709999933e+02 3.274027961939999898e+01 -3.340996517570000179e+01
6.500000000000000222e-01 3.271178887519999989e+03 -4.965891569690000324e+03 -6.833631616300000132e+03 -1.227622667429999979e+02 3.589175309329999664e+01 -3.537454058969999693e+01
6.500000000000000222e-01 3.480577923280000050e+03 -4.848214136730000064e+03 -6.836510166029999709e+03 -1.251337797239999929e+02 3.362550856909999908e+01 -3.432759462029999753e+01
6.500000000000000222e-01 3.354193608810000114e+03 -4.893222890590000134e+03 -6.803191756340000211e+03 -1.204484930360000021e+02 3.540672966700000046e+01 -3.483296244080000292e+01
6.500000000000000222e-01 3.579557581649999975e+03 -4.738024836440000399e+03 -7.011470337060000020e+03 -1.225998535580000066e+02 3.297225255080000039e+01 -3.697126346049999768e+01
6.500000000000000222e-01 3.376399470190000102e+03 -4.919440660749999552e+03 -6.806216065730000082e+03 -1.220475430710000069e+02 3.332562474910000105e+01 -3.538476643829999801e+01
6.500000000000000222e-01 3.369470997790000183e+03 -4.848610920049999550e+03 -6.808205372409999654e+03 -1.225005603089999937e+02 3.434686243939999883e+01 -3.501853584789999729e+01
6.500000000000000222e-01 3.382825781930000176e+03 -4.646066673180000180e+03 -6.938942956060000142e+03 -1.239138726550000058e+02 3.472325410660000244e+01 -3.484066112539999693e+01
6.500000000000000222e-01 3.232378452970000126e+03 -5.091824607690000448e+03 -6.957815683709999576e+03 -1.221449642780000033e+02 3.579043835179999888e+01 -3.660797809849999851e+01
6.500000000000000222e-01 3.517407496929999979e+03 -4.749186967730000106e+03 -6.906858691309999813e+03 -1.223052242910000018e+02 3.322258004230000239e+01 -3.580529748090000197e+01
6.500000000000000222e-01 3.289960206050000124e+03 -5.075646442019999995e+03 -6.895312279750000016e+03 -1.212745285929999994e+02 3.693436430389999714e+01 -3.425417408749999737e+01
4.560000000000000000e+04 7.303150626499999817e+03 2.298437523000000056e+03 1.846467832550000094e+04 2.029701207169999861e+02 -6.136599867999999702e+01 1.976693577839999989e+02
6.500000000000000222e-01 7.242995627979999881e+03 2.451417743009999867e+03 1.859520838219999860e+04 2.028658285939999928e+02 -6.139681626960000216e+01 1.981286572820000060e+02
6.500000000000000222e-01 7.395195748119999735e+03 2.377334307510000144e+03 1.863237248829999953e+04 2.034407727949999867e+02 -6.081242013029999782e+01 1.974622767740000029e+02
6.500000000000000222e-01 7.239341033800000332e+03 2.440449804670000049e+03 1.859840590489999886e+04 2.028937826879999875e+02 -6.090724469580000289e+01 1.971023826189999966e+02
6.500000000000000222e-01 7.273185746049999580e+03 2.296757331419999900e+03 1.866864234999999826e+04 2.033654726579999874e+02 -6.128602561089999767e+01 1.978670686460000070e+02
6.500000000000000222e-01 7.344995270239999627e+03 2.335305981829999837e+03 1.866445481369999834e+04 2.025193224829999963e+02 -6.201349499669999688e+01 1.982123504289999971e+02
6.500000000000000222e-01 7.305597876580000047e+03 2.296027079909999884e+03 1.867129030280000006e+04 2.029816967730000101e+02 -6.098904628129999850e+01 1.978802309449999939e+02
6.500000000000000222e-01 7.430921654130000206e+03 2.151633052700000007e+03 1.852142921270000079e+04 2.029775025369999923e+02 -6.126859454160000240e+01 1.968858575490000078e+02
6.500000000000000222e-01 7.304184046800000033e+03 2.304311858290000146e+03 1.867127609509999820e+04 2.031351939909999942e+02 -6.097769977680000153e+01 1.978690766839999924e+02
6.500000000000000222e-01 7.264883286440000120e+03 2.482928987339999821e+03 1.853356937589999870e+04 2.032636615000000120e+02 -6.157789341800000216e+01 1.970835956429999953e+02
6.500000000000000222e-01 7.120538829709999845e+03 2.295378215199999886e+03 1.855285301139999865e+04 2.032372879229999967e+02 -6.135569860030000200e+01 1.974438149430000067e+02
6.500000000000000222e-01 7.389607563859999573e+03 2.242666760449999856e+03 1.864556141510000089e+04 2.027489815369999917e+02 -6.110043940429999765e+01 1.982072138050000092e+02
6.500000000000000222e-01 7.500653987339999730e+03 2.285510564799999884e+03 1.851430205950000163e+04 2.027582430109999905e+02 -6.131505961829999762e+01 1.978358581519999859e+02
6.500000000000000222e-01 7.349491365089999817e+03 2.398573549029999867e+03 1.864079178210000100e+04 2.027104464539999924e+02 -6.100569304430000273e+01 1.978801034319999985e+02
6.500000000000000222e-01 7.293311724070000309e+03 2.239931376930000170e+03 1.866140152609999859e+04 2.028734640590000140e+02 -6.164489081279999994e+01 1.976573700019999933e+02
6.500000000000000222e-01 7.320964711870000428e+03 2.318356602500000008e+03 1.867008553599999868e+04 2.036483663250000120e+02 -6.066770326870000218e+01 1.978268254099999979e+02
6.500000000000000222e-01 7.342411224389999916e+03 2.237121140319999995e+03 1.865941646559999936e+04 2.031509687719999988e+02 -6.113852153170000037e+01 1.980014593120000086e+02
6.500000000000000222e-01 7.273469322199999624e+03 2.291621579380000185e+03 1.866867894819999856e+04 2.035569155350000017e+02 -6.112823902369999729e+01 1.979135637550000126e+02
6.500000000000000222e-01 7.297564278750000085e+03 2.298307002860000011e+03 1.867115560610000102e+04 2.030123858750000068e+02 -6.130118631410000063e+01 1.978609822930000064e+02
6.500000000000000222e-01 7.216045815389999916e+03 2.196240980909999962e+03 1.861760642000000007e+04 2.026873519190000081e+02 -6.100193067899999733e+01 1.974765587830000015e+02
6.500000000000000222e-01 7.443833073349999722e+03 2.177694209660000070e+03 1.855831794019999870e+04 2.032854331739999907e+02 -6.152548716100000092e+01 1.972820497909999915e+02
6.500000000000000222e-01 7.225413984679999885e+03 2.422015732180000214e+03 1.860466157300000123e+04 2.037009611210000060e+02 -6.217971017039999992e+01 1.984560012510000035e+02
6.500000000000000222e-01 7.375792804779999642e+03 2.229602896280000095e+03 1.864227816909999819e+04 2.030974484500000017e+02 -6.124976515219999840e+01 1.976221353710000130e+02
6.500000000000000222e-01 7.300573579359999712e+03 2.307660919949999879e+03 1.867145903700000054e+04 2.035646224559999951e+02 -6.219927890980000029e+01 1.979759227259999932e+02
6.500000000000000222e-01 7.315842023569999583e+03 2.453995130310000150e+03 1.859379890130000058e+04 2.033367823629999975e+02 -6.230844485370000285e+01 1.984993469620000042e+02
6.500000000000000222e-01 7.264212153000000399e+03 2.328412042160000055e+03 1.866553528430000006e+04 2.034835235060000116e+02 -6.150735093219999783e+01 1.979777442070000006e+02
6.500000000000000222e-01 7.360544065189999856e+03 2.219637407539999913e+03 1.864436613550000038e+04 2.032500629049999930e+02 -6.153452208899999931e+01 1.975093679530000088e+02
6.500000000000000222e-01 7.226102069560000018e+03 2.365401996260000033e+03 1.864022740799999883e+04 2.038584272610000028e+02 -6.198401391419999840e+01 1.981393763350000086e+02
6.500000000000000222e-01 7.418107215519999954e+03 2.362445061519999854e+03 1.862477487889999975e+04 2.025934222459999887e+02 -6.183532381820000268e+01 1.984785498470000107e+02
6.500000000000000222e-01 7.149311245400000189e+03 2.175308969440000055e+03 1.851316783619999842e+04 2.034011688829999969e+02 -6.113850395259999715e+01 1.983013704280000127e+02
6.500000000000000222e-01 7.201033973659999901e+03 2.126086476190000212e+03 1.849976893049999853e+04 2.032621692390000021e+02 -6.111748283219999678e+01 1.980585664529999974e+02
6.500000000000000222e-01 7.373117446410000412e+03 2.319325985490000221e+03 1.865884966329999952e+04 2.026219417160000091e+02 -6.155907218880000187e+01 1.981423579469999936e+02
6.500000000000000222e-01 7.295009374860000207e+03 2.208166192619999947e+03 1.865100393030000123e+04 2.034912594749999926e+02 -6.159061270000000121e+01 1.977739456900000050e+02
6.500000000000000222e-01 7.342739065130000199e+03 2.219942489370000203e+03 1.864822957590000078e+04 2.025226796510000042e+02 -6.040362496609999710e+01 1.981312972960000138e+02
6.500000000000000222e-01 7.274776958759999616e+03 2.340506091780000133e+03 1.866445692359999885e+04 2.037816428280000025e+02 -6.215244653020000243e+01 1.981321452949999866e+02
6.500000000000000222e-01 7.348165524570000343e+03 2.331368414860000030e+03 1.866394617669999934e+04 2.030161902019999900e+02 -6.114377549689999825e+01 1.978875711100000103e+02
6.500000000000000222e-01 7.298724910439999803e+03 2.107676370740000038e+03 1.854071919409999828e+04 2.032117062179999891e+02 -6.096223351199999740e+01 1.983831441739999946e+02
6.500000000000000222e-01 7.262073298199999954e+03 2.332563727159999871e+03 1.866297992270000032e+04 2.031451956749999965e+02 -6.133458638340000135e+01 1.977696689279999873e+02
6.500000000000000222e-01 7.322720355280000149e+03 2.299376748359999965e+03 1.867099800790000154e+04 2.021420341399999927e+02 -6.129837799900000306e+01 1.980398125099999902e+02
6.500000000000000222e-01 7.279171285739999803e+03 2.211307819910000035e+03 1.865042480330000035e+04 2.035720478979999939e+02 -6.135745712700000354e+01 1.978760575910000057e+02
6.500000000000000222e-01 7.240898241740000230e+03 2.288656705280000097e+03 1.866031129720000172e+04 2.028489645960000018e+02 -6.138022056439999830e+01 1.976793516939999904e+02
1.390000000000000000e+04 -1.055779362399999991e+04 2.930157693520000066e+03 1.142378737940000065e+04 -2.351369826430000103e+02 2.015047942280000086e+02 -3.353436931140000183e+02
6.500000000000000222e-01 -1.068066426089999914e+04 2.977703721719999976e+03 1.147862850550000076e+04 -2.352936679210000079e+02 2.014918272879999961e+02 -3.355940916179999931e+02
6.500000000000000222e-01 -1.065058729499999936e+04 3.027901688160000049e+03 1.146787051699999938e+04 -2.349839907449999998e+02 2.011859652530000062e+02 -3.345682480660000238e+02
6.500000000000000222e-01 -1.043658999340000082e+04 2.871645642059999773e+03 1.146629453079999985e+04 -2.351409958870000025e+02 2.015337738720000118e+02 -3.361147037970000042e+02
6.500000000000000222e-01 -1.051861945399999968e+04 2.877632725290000053e+03 1.155177518600000076e+04 -2.349815907679999896e+02 2.011530863010000019e+02 -3.355284118420000254e+02
6.500000000000000222e-01 -1.052847990399999981e+04 2.889762757880000208e+03 1.155876341789999969e+04 -2.353971849819999989e+02 2.016992986840000128e+02 -3.351964127969999936e+02
6.500000000000000222e-01 -1.044261717010000029e+04 2.971493001559999811e+03 1.149549278799999956e+04 -2.353861247039999967e+02 2.012908154710000019e+02 -3.352847052579999740e+02
6.500000000000000222e-01 -1.066666909019999912e+04 2.881415656059999947e+03 1.150475356300000021e+04 -2.355073730750000038e+02 2.016110453480000047e+02 -3.355154253189999736e+02
6.500000000000000222e-01 -1.045089783569999963e+04 2.923518831649999811e+03 1.151638703549999991e+04 -2.349550237949999882e+02 2.014994667139999933e+02 -3.359130093229999829e+02
6.500000000000000222e-01 -1.060399384110000028e+04 2.973635885579999922e+03 1.155170574119999947e+04 -2.349941584700000021e+02 2.011530942189999962e+02 -3.350630759950000197e+02
6.500000000000000222e-01 -1.056937819400000080e+04 2.888189593590000186e+03 1.156119363750000048e+04 -2.352293940369999916e+02 2.013072877140000116e+02 -3.352890878310000176e+02
6.500000000000000222e-01 -1.058982089129999986e+04 3.013208124109999972e+03 1.153342666529999951e+04 -2.352109516120000023e+02 2.014801839609999945e+02 -3.354586960299999987e+02
6.500000000000000222e-01 -1.055463597880000088e+04 2.927571020559999852e+03 1.156774015519999921e+04 -2.348199246380000034e+02 2.012126939350000043e+02 -3.352300703129999988e+02
6.500000000000000222e-01 -1.056894907520000015e+04 2.966216692880000210e+03 1.156189876609999919e+04 -2.351347267449999947e+02 2.011284004940000045e+02 -3.351600860409999996e+02
6.500000000000000222e-01 -1.059283997049999925e+04 3.036633109819999845e+03 1.151778140229999917e+04 -2.354751153519999889e+02 2.013835500410000066e+02 -3.349272613240000283e+02
6.500000000000000222e-01 -1.064227637750000031e+04 3.012867612680000093e+03 1.150248064159999922e+04 -2.353393866590000130e+02 2.015156009369999879e+02 -3.355885587189999910e+02
6.500000000000000222e-01 -1.054162171529999978e+04 2.934328904970000167e+03 1.156654962449999948e+04 -2.347765071830000068e+02 2.016745097429999873e+02 -3.353074022480000167e+02
6.500000000000000222e-01 -1.055113034560000051e+04 2.897031644910000068e+03 1.156354670640000040e+04 -2.352040885190000097e+02 2.009734857519999878e+02 -3.353802296549999937e+02
6.500000000000000222e-01 -1.064314413659999991e+04 2.909415546400000039e+03 1.153804307340000014e+04 -2.348675915510000038e+02 2.016127780490000134e+02 -3.348630999279999969e+02
6.500000000000000222e-01 -1.056464774519999992e+04 2.925383297870000206e+03 1.156743296600000031e+04 -2.354425664670000060e+02 2.015225985429999866e+02 -3.352393570149999960e+02
6.500000000000000222e-01 -1.056708983950000038e+04 2.888450839780000024e+03 1.156137386949999927e+04 -2.353882019689999936e+02 2.010181289330000141e+02 -3.353816685699999880e+02
6.500000000000000222e-01 -1.055982674919999954e+04 2.930202736589999859e+03 1.156787516750000032e+04 -2.347764573480000081e+02 2.017512472079999952e+02 -3.351966740479999771e+02
6.500000000000000222e-01 -1.051207119819999934e+04 2.984169600050000099e+03 1.154782526800000051e+04 -2.349970065459999944e+02 2.018347384340000019e+02 -3.356011633900000106e+02
6.500000000000000222e-01 -1.060717649859999983e+04 2.925779138880000119e+03 1.155960639909999918e+04 -2.351610519850000003e+02 2.016020555949999959e+02 -3.351056434579999745e+02
6.500000000000000222e-01 -1.056099336109999967e+04 2.940499104070000158e+03 1.156747379349999937e+04 -2.353339928130000089e+02 2.009962203299999999e+02 -3.351662868500000059e+02
6.500000000000000222e-01 -1.069007928229999925e+04 2.909761477070000183e+03 1.147550610779999988e+04 -2.352482001669999931e+02 2.015981612230000053e+02 -3.354039778060000003e+02
6.500000000000000222e-01 -1.056520196629999919e+04 2.908514992320000147e+03 1.156595028989999992e+04 -2.351619662200000107e+02 2.017747572789999992e+02 -3.351841080539999780e+02
6.500000000000000222e-01 -1.051487181550000059e+04 2.993919813659999818e+03 1.154393371739999930e+04 -2.350237338059999956e+02 2.017835672100000011e+02 -3.356150013669999908e+02
6.500000000000000222e-01 -1.055198441380000077e+04 2.975471920370000134e+03 1.156049244980000003e+04 -2.355910541579999915e+02 2.015313015860000121e+02 -3.352091529659999765e+02
6.500000000000000222e-01 -1.061676256850000027e+04 2.946859554619999926e+03 1.155477302210000016e+04 -2.347506076029999917e+02 2.013446195029999899e+02 -3.348584084940000025e+02
6.500000000000000222e-01 -1.057564702980000038e+04 2.914905860870000197e+03 1.156588031249999949e+04 -2.352755258219999916e+02 2.015193460639999898e+02 -3.352189653410000005e+02
6.500000000000000222e-01 -1.050893736089999948e+04 2.867011281369999779e+03 1.154201085559999956e+04 -2.350083218460000012e+02 2.011966399979999949e+02 -3.356866685630000120e+02
6.500000000000000222e-01 -1.046553326159999961e+04 3.013819834630000059e+03 1.149077386800000022e+04 -2.355909739559999991e+02 2.012027592370000093e+02 -3.348612735020000173e+02
6.500000000000000222e-01 -1.059036850679999952e+04 2.970019359379999969e+03 1.155898424329999943e+04 -2.350059851370000104e+02 2.010346788859999947e+02 -3.349185958090000099e+02
6.500000000000000222e-01 -1.055038495139999941e+04 2.936597210890000042e+03 1.156737967159999971e+04 -2.348585813439999868e+02 2.019062954030000014e+02 -3.352610990339999830e+02
6.500000000000000222e-01 -1.054793064389999927e+04 2.953524845309999819e+03 1.156533344860000034e+04 -2.351889434999999935e+02 2.020055989999999895e+02 -3.353226046359999941e+02
6.500000000000000222e-01 -1.052504441000000043e+04 2.961383950559999903e+03 1.155973301360000005e+04 -2.349832185170000116e+02 2.019116217510000126e+02 -3.354576449069999740e+02
6.500000000000000222e-01 -1.053985019210000064e+04 2.911044216369999958e+03 1.156486088679999921e+04 -2.358282540950000055e+02 2.020316850899999963e+02 -3.351246442689999867e+02
6.500000000000000222e-01 -1.059148167629999989e+04 2.970571405050000067e+03 1.155906576429999950e+04 -2.356616580499999998e+02 2.018602754169999969e+02 -3.352980282500000158e+02
6.500000000000000222e-01 -1.060283052780000071e+04 2.909484083429999828e+03 1.155956958909999958e+04 -2.358569724740000026e+02 2.013161889520000045e+02 -3.353683437149999804e+02
6.500000000000000222e-01 -1.045355152269999962e+04 2.991269154309999976e+03 1.149773523380000006e+04 -2.355439899030000106e+02 2.011768125190000092e+02 -3.349434968950000098e+02
