3.450000000000000000e+05 3.863886285980000139e+03 -5.021098455629999989e+03 -6.911207174610000038e+03 -1.155001116130000014e+02 2.512806930160000007e+01 -4.999357618030000339e+01
6.500000000000000222e-01 4.036444276329999866e+03 -5.194834953190000306e+03 -6.790009626140000364e+03 -1.167330753030000068e+02 2.632796862909999902e+01 -5.070716001400000295e+01
6.500000000000000222e-01 3.716395680860000084e+03 -5.129751960849999705e+03 -6.695327290600000197e+03 -1.141094511579999988e+02 2.631522363310000046e+01 -4.892404518549999892e+01
6.500000000000000222e-01 3.677843335399999887e+03 -5.084184006299999965e+03 -6.702758105199999591e+03 -1.144176098909999979e+02 2.694847027850000032e+01 -4.821951590470000326e+01
6.500000000000000222e-01 3.795093080780000037e+03 -5.274043530250000003e+03 -6.813167640579999897e+03 -1.150350253470000013e+02 2.685012398900000008e+01 -4.841684497680000021e+01
6.500000000000000222e-01 3.946624538149999808e+03 -5.161158156589999635e+03 -6.675370819890000348e+03 -1.156518647129999948e+02 2.587540057429999862e+01 -4.996382463620000181e+01
6.500000000000000222e-01 3.913229888530000153e+03 -4.900648789060000126e+03 -6.655154676449999897e+03 -1.155824328839999993e+02 2.736948050979999891e+01 -5.047414439399999964e+01
6.500000000000000222e-01 3.742241615720000027e+03 -4.963745192170000337e+03 -6.655760384029999841e+03 -1.171524229689999999e+02 2.644402625449999888e+01 -5.005282871429999858e+01
6.500000000000000222e-01 3.938321078510000007e+03 -4.913736704470000404e+03 -6.656475204379999923e+03 -1.162012071649999996e+02 2.712103092539999949e+01 -5.034427386840000196e+01
6.500000000000000222e-01 4.023562976749999962e+03 -5.066976008829999955e+03 -6.682663411919999817e+03 -1.156629088929999938e+02 2.524538424300000017e+01 -5.082188349470000333e+01
6.500000000000000222e-01 3.931544186300000092e+03 -5.011108295299999554e+03 -6.634495411089999834e+03 -1.143173223219999954e+02 2.608647703289999953e+01 -5.035420913400000131e+01
6.500000000000000222e-01 3.731097940900000140e+03 -5.126713271569999961e+03 -6.683326535700000022e+03 -1.139681096430000053e+02 2.704083492010000001e+01 -4.844920969809999889e+01
6.500000000000000222e-01 3.612690241239999978e+03 -4.935889199449999978e+03 -6.809584245500000179e+03 -1.152086786840000059e+02 2.553931204759999929e+01 -4.973734934849999689e+01
6.500000000000000222e-01 3.790673482870000043e+03 -4.808252978900000016e+03 -6.744050496359999670e+03 -1.153452589240000066e+02 2.482367037719999914e+01 -4.972257271720000205e+01
6.500000000000000222e-01 3.650236221879999903e+03 -4.933373154310000245e+03 -6.735925821789999645e+03 -1.169064948110000017e+02 2.641816821509999968e+01 -5.075588716600000083e+01
6.500000000000000222e-01 3.639883355720000054e+03 -5.068382246670000313e+03 -6.743881396019999556e+03 -1.148730657440000016e+02 2.594372765920000035e+01 -4.932872267110000308e+01
6.500000000000000222e-01 3.795269147829999838e+03 -5.123011325450000186e+03 -6.654703695490000428e+03 -1.170232159819999964e+02 2.459003039030000082e+01 -5.081694756059999918e+01
6.500000000000000222e-01 3.706206450789999963e+03 -5.062789980219999961e+03 -6.674826328119999744e+03 -1.139340456259999996e+02 2.682046793689999831e+01 -4.812882568330000055e+01
6.500000000000000222e-01 3.825327841520000220e+03 -4.771621517540000241e+03 -6.785261646449999716e+03 -1.157213781460000064e+02 2.525030331829999852e+01 -5.059212592480000126e+01
6.500000000000000222e-01 4.059865466620000007e+03 -4.874943086960000073e+03 -6.773207693450000079e+03 -1.161702021450000046e+02 2.580222586309999855e+01 -5.162842661799999888e+01
6.500000000000000222e-01 3.940423986849999892e+03 -4.767906607539999641e+03 -6.798566642370000409e+03 -1.170558453200000031e+02 2.585923196479999930e+01 -5.030521947260000104e+01
6.500000000000000222e-01 3.772955880630000138e+03 -4.943998150890000034e+03 -6.649870957129999624e+03 -1.147930174650000055e+02 2.477436375830000159e+01 -4.879598606609999933e+01
6.500000000000000222e-01 3.773645538339999803e+03 -4.907527562180000132e+03 -6.660359889510000357e+03 -1.171659694589999958e+02 2.718587715480000000e+01 -5.020603946659999650e+01
6.500000000000000222e-01 3.748679408070000136e+03 -5.164016780809999545e+03 -6.695227061010000398e+03 -1.161577952309999944e+02 2.471064448919999990e+01 -5.122159940819999946e+01
6.500000000000000222e-01 3.701759699390000151e+03 -5.002531863260000137e+03 -6.672683216260000336e+03 -1.163798918749999984e+02 2.625938108260000092e+01 -4.973727651650000325e+01
6.500000000000000222e-01 3.687593960990000141e+03 -5.022110895099999652e+03 -6.683566888440000184e+03 -1.151245363780000019e+02 2.621562137509999957e+01 -4.897969448140000281e+01
6.500000000000000222e-01 3.877490538250000100e+03 -4.846463503050000327e+03 -6.678982069769999725e+03 -1.167171494669999987e+02 2.759984333770000120e+01 -5.045651877409999742e+01
6.500000000000000222e-01 3.735386056419999932e+03 -4.861764792879999732e+03 -6.713481769519999943e+03 -1.146395408230000044e+02 2.415481762980000013e+01 -4.781980137810000286e+01
6.500000000000000222e-01 3.807635275359999923e+03 -5.072642134730000180e+03 -6.635643137840000236e+03 -1.143307606000000050e+02 2.743040760079999885e+01 -4.912111259779999983e+01
6.500000000000000222e-01 3.828258784780000042e+03 -4.929431163969999943e+03 -6.642364705549999599e+03 -1.156981339350000013e+02 2.538486684949999983e+01 -4.951385285820000348e+01
6.500000000000000222e-01 3.992043815099999847e+03 -4.861955014920000394e+03 -6.713774676590000126e+03 -1.177611458119999952e+02 2.414415358429999969e+01 -4.798669860940000120e+01
6.500000000000000222e-01 3.767195098570000027e+03 -5.094230131520000214e+03 -6.653138776750000034e+03 -1.164793876739999945e+02 2.679975817340000077e+01 -4.988709412189999881e+01
6.500000000000000222e-01 3.985516635049999877e+03 -4.967788660449999952e+03 -6.660495841889999610e+03 -1.184367160970000015e+02 2.482402929030000038e+01 -4.878510974990000193e+01
6.500000000000000222e-01 3.840112737389999893e+03 -5.019745193269999618e+03 -6.624839422449999802e+03 -1.139577322979999963e+02 2.640440366369999836e+01 -4.939254940960000084e+01
6.500000000000000222e-01 4.073900428609999835e+03 -4.855907550949999859e+03 -6.824565463750000163e+03 -1.158759447639999962e+02 2.461853671320000103e+01 -5.139032251969999976e+01
6.500000000000000222e-01 3.868947658829999909e+03 -5.037285317290000421e+03 -6.625724630869999601e+03 -1.155306767760000071e+02 2.432104910849999868e+01 -4.987890218369999928e+01
6.500000000000000222e-01 3.863795570079999834e+03 -4.970892569489999914e+03 -6.628972622870000123e+03 -1.159529945550000036e+02 2.541772771890000016e+01 -4.962553986390000205e+01
6.500000000000000222e-01 3.883005387510000219e+03 -4.770924631390000286e+03 -6.759971629630000280e+03 -1.173560321890000040e+02 2.623864541860000088e+01 -4.965965842949999853e+01
6.500000000000000222e-01 3.726464897280000059e+03 -5.219798234670000056e+03 -6.772717550649999794e+03 -1.161408712930000036e+02 2.671923880310000143e+01 -5.089770966049999856e+01
6.500000000000000222e-01 4.010493319390000124e+03 -4.867634754069999872e+03 -6.724533675470000162e+03 -1.155687519669999972e+02 2.466203758649999855e+01 -5.033748172949999855e+01
6.500000000000000222e-01 3.780061908399999993e+03 -5.208291345110000293e+03 -6.720008150560000104e+03 -1.151101815659999943e+02 2.782697573909999988e+01 -4.853809649010000271e+01
6.500000000000000222e-01 3.774434426520000216e+03 -4.805167126950000238e+03 -6.725615797870000279e+03 -1.168427287450000023e+02 2.571788453719999978e+01 -4.819339724550000170e+01
6.500000000000000222e-01 3.987475213180000083e+03 -4.908223003050000443e+03 -6.681532998919999955e+03 -1.156486791450000027e+02 2.677852378460000082e+01 -5.095078611739999985e+01
6.500000000000000222e-01 3.769299147839999932e+03 -4.818889866290000100e+03 -6.724262160919999587e+03 -1.167910475879999979e+02 2.689262920670000057e+01 -5.062724608660000314e+01
6.500000000000000222e-01 3.817741216739999800e+03 -5.019805400420000296e+03 -6.627962175790000401e+03 -1.157076996939999987e+02 2.611159980329999897e+01 -4.961155996389999956e+01
6.500000000000000222e-01 3.914791782679999869e+03 -4.969206452819999868e+03 -6.634308058220000021e+03 -1.178230255529999937e+02 2.419676439910000099e+01 -4.909577149830000309e+01
6.500000000000000222e-01 3.861667995010000141e+03 -5.020475042400000348e+03 -6.625312239930000032e+03 -1.166400754470000010e+02 2.670785986960000002e+01 -4.979507846989999820e+01
6.500000000000000222e-01 4.041773903090000204e+03 -5.226545495489999666e+03 -6.840676711490000343e+03 -1.155200561099999987e+02 2.512630931740000051e+01 -5.313000358869999928e+01
6.500000000000000222e-01 3.860047184130000005e+03 -5.008824543910000102e+03 -6.625165805480000017e+03 -1.163007864279999950e+02 2.674847452539999892e+01 -4.977780482560000053e+01
6.500000000000000222e-01 3.807046977909999896e+03 -4.762756916289999936e+03 -6.813907959379999738e+03 -1.156974844730000029e+02 2.505154274019999860e+01 -5.058333760939999735e+01
6.500000000000000222e-01 3.608365176490000067e+03 -5.021665547370000240e+03 -6.785000944139999774e+03 -1.152218341140000035e+02 2.595039127500000120e+01 -4.959692683080000108e+01
6.500000000000000222e-01 3.979356265750000148e+03 -5.096817802380000103e+03 -6.663099115420000089e+03 -1.169344848169999977e+02 2.608720531459999847e+01 -4.967963315520000123e+01
6.500000000000000222e-01 4.136859429150000324e+03 -5.040887455129999580e+03 -6.847897306130000288e+03 -1.163569559489999961e+02 2.486876502850000037e+01 -5.085540248390000073e+01
6.500000000000000222e-01 3.921432251279999946e+03 -4.878524425360000350e+03 -6.667226934170000277e+03 -1.174145410729999952e+02 2.647476413809999940e+01 -4.965827986730000276e+01
6.500000000000000222e-01 3.845210351390000142e+03 -5.100525556810000126e+03 -6.640074279129999923e+03 -1.166860154169999930e+02 2.515833704799999992e+01 -5.042876029800000026e+01
6.500000000000000222e-01 3.884678014910000002e+03 -4.988552696419999847e+03 -6.627109651839999970e+03 -1.151474223179999967e+02 2.743334229490000098e+01 -4.991009294460000234e+01
6.500000000000000222e-01 3.914487040020000222e+03 -5.103752215170000454e+03 -6.643229204139999638e+03 -1.160353350179999978e+02 2.618799387760000030e+01 -4.991320465590000310e+01
6.500000000000000222e-01 3.818765096309999990e+03 -5.026541342700000314e+03 -6.627839369670000451e+03 -1.152435995440000056e+02 2.647408066110000036e+01 -4.951937220500000336e+01
6.500000000000000222e-01 3.850533478029999969e+03 -5.018028361319999931e+03 -6.625251201500000207e+03 -1.165725518590000007e+02 2.600857107570000082e+01 -4.977827262200000291e+01
6.500000000000000222e-01 3.739117413099999794e+03 -5.159397701220000272e+03 -6.699748215059999893e+03 -1.166789141900000004e+02 2.668225620959999844e+01 -5.053088837749999840e+01
6.500000000000000222e-01 4.059303740769999877e+03 -5.190513352009999835e+03 -6.788495942769999601e+03 -1.150790520700000030e+02 2.463425134330000077e+01 -5.222776066570000353e+01
6.500000000000000222e-01 3.752446744310000213e+03 -4.847908621149999817e+03 -6.711249340069999562e+03 -1.148558849939999931e+02 2.397740622599999938e+01 -4.739414681350000080e+01
6.500000000000000222e-01 3.961232731680000143e+03 -5.115220706699999937e+03 -6.669037627550000252e+03 -1.160807668159999935e+02 2.577681070170000055e+01 -5.099960052880000205e+01
6.500000000000000222e-01 3.856059156809999877e+03 -5.007433213979999891e+03 -6.624203479540000444e+03 -1.153256643440000033e+02 2.392670164729999982e+01 -4.945605682290000260e+01
6.500000000000000222e-01 3.877006457460000092e+03 -4.805078332670000236e+03 -6.728321715590000167e+03 -1.158051303710000042e+02 2.338950537610000069e+01 -4.771452483299999869e+01
6.500000000000000222e-01 3.805240898919999836e+03 -4.976215646530000413e+03 -6.631133263009999609e+03 -1.154979838840000070e+02 2.561783848680000020e+01 -4.916916939200000058e+01
6.500000000000000222e-01 3.940472289750000073e+03 -5.129649892559999898e+03 -6.666134970050000447e+03 -1.157067642770000049e+02 2.516406789519999876e+01 -5.120343609199999690e+01
6.500000000000000222e-01 3.753540902530000039e+03 -4.925745906500000274e+03 -6.663860566399999698e+03 -1.145474290920000016e+02 2.454836603529999906e+01 -4.838173168619999842e+01
6.500000000000000222e-01 4.017513191670000197e+03 -4.932448870180000085e+03 -6.690044507839999824e+03 -1.175339323959999973e+02 2.427178368810000109e+01 -4.875840095000000218e+01
6.500000000000000222e-01 3.651627085910000005e+03 -5.189768205020000096e+03 -6.839949012910000420e+03 -1.142954379739999951e+02 2.614826769529999950e+01 -4.813197210660000280e+01
6.500000000000000222e-01 3.724056737219999832e+03 -5.259305384819999745e+03 -6.861305334470000162e+03 -1.144694066920000068e+02 2.597879957330000167e+01 -4.914787370500000208e+01
6.500000000000000222e-01 3.954592815500000142e+03 -4.990694413430000168e+03 -6.643317865250000068e+03 -1.175215855090000048e+02 2.514935731419999954e+01 -4.947989772159999688e+01
6.500000000000000222e-01 3.850056524669999817e+03 -5.144846914970000398e+03 -6.654495248909999646e+03 -1.150917111250000033e+02 2.523243587230000173e+01 -5.024623082890000347e+01
6.500000000000000222e-01 3.913840249960000165e+03 -5.125969888900000115e+03 -6.658801779979999992e+03 -1.173714886089999965e+02 2.783250521449999937e+01 -4.969323773800000055e+01
6.500000000000000222e-01 3.820606715179999810e+03 -4.961231039539999983e+03 -6.632150401359999705e+03 -1.148430693220000052e+02 2.409758416180000040e+01 -4.880284418339999775e+01
6.500000000000000222e-01 3.920680854279999949e+03 -4.972259673419999672e+03 -6.636082465819999925e+03 -1.166495110740000030e+02 2.621933506830000127e+01 -4.988723386049999675e+01
6.500000000000000222e-01 3.858969158460000017e+03 -5.285272680690000016e+03 -6.806738585330000205e+03 -1.148239535830000051e+02 2.620287848159999911e+01 -4.905521750740000186e+01
6.500000000000000222e-01 3.801337798439999915e+03 -4.969901425629999721e+03 -6.635258643230000416e+03 -1.162827541559999958e+02 2.602748316370000126e+01 -4.964528569449999651e+01
6.500000000000000222e-01 3.883113555339999948e+03 -5.016987875189999613e+03 -6.625849558210000396e+03 -1.186151693660000035e+02 2.592651801559999925e+01 -4.953337025070000266e+01
6.500000000000000222e-01 3.828286613939999825e+03 -5.139618813469999623e+03 -6.654523278919999939e+03 -1.148890836989999968e+02 2.581793562249999852e+01 -4.990538175470000226e+01
6.500000000000000222e-01 3.771702966190000097e+03 -5.031108180250000260e+03 -6.639345511219999935e+03 -1.168221575759999951e+02 2.594191885520000085e+01 -4.989993778409999692e+01
6.500000000000000222e-01 3.618289521340000192e+03 -4.922626905629999783e+03 -6.803142724790000102e+03 -1.158352368900000045e+02 2.580456732240000051e+01 -5.073053816680000239e+01
6.500000000000000222e-01 3.679095326159999786e+03 -4.824335626039999624e+03 -6.817153110840000409e+03 -1.149735672219999998e+02 2.466853051400000041e+01 -4.680381542069999767e+01
6.500000000000000222e-01 4.106153429580000193e+03 -5.139091139580000345e+03 -6.832118550060000416e+03 -1.155826728029999941e+02 2.499763851710000040e+01 -5.300994202190000237e+01
6.500000000000000222e-01 3.943977906690000054e+03 -5.126092269609999676e+03 -6.659304609879999589e+03 -1.148416212799999983e+02 2.433939685820000065e+01 -5.105216257290000215e+01
6.500000000000000222e-01 3.921874554030000127e+03 -5.098441142970000328e+03 -6.643340599430000111e+03 -1.163132429129999963e+02 2.633411276789999889e+01 -4.983519206559999759e+01
6.500000000000000222e-01 4.091452082239999982e+03 -4.939144706490000317e+03 -6.767067442249999658e+03 -1.167128209100000049e+02 2.451151446469999939e+01 -4.960579711289999949e+01
6.500000000000000222e-01 3.646300806170000214e+03 -5.115062700229999791e+03 -6.753174900930000149e+03 -1.163516055230000035e+02 2.611216268709999966e+01 -5.100316379190000049e+01
6.500000000000000222e-01 4.078207025530000010e+03 -5.033634605459999875e+03 -6.730464309369999683e+03 -1.150277383199999974e+02 2.529027737959999911e+01 -5.211361256570000222e+01
6.500000000000000222e-01 3.772685091519999787e+03 -4.931989137970000229e+03 -6.654641506079999999e+03 -1.149638305430000003e+02 2.478680703939999930e+01 -4.889840909889999665e+01
6.500000000000000222e-01 3.841420242170000165e+03 -5.103130056459999651e+03 -6.639183672199999819e+03 -1.156335310930000020e+02 2.509015033260000038e+01 -5.017896651379999895e+01
6.500000000000000222e-01 3.799065398209999785e+03 -4.851258198780000384e+03 -6.692286914510000315e+03 -1.158724987519999985e+02 2.587962681919999852e+01 -5.007322397939999803e+01
6.500000000000000222e-01 3.872582765199999812e+03 -5.024476973189999626e+03 -6.624790110779999850e+03 -1.143301218799999930e+02 2.484957095689999917e+01 -4.975413412769999866e+01
6.500000000000000222e-01 3.841711655839999821e+03 -4.947277581420000388e+03 -6.635040088689999720e+03 -1.155246415139999954e+02 2.463989237010000011e+01 -4.928611442790000297e+01
6.500000000000000222e-01 3.791157499190000181e+03 -4.805228039480000007e+03 -6.719688196799999787e+03 -1.168697196229999946e+02 2.549292808439999902e+01 -4.804796336089999897e+01
6.500000000000000222e-01 3.693944862660000126e+03 -4.851775739839999915e+03 -6.754695462990000124e+03 -1.161913435480000061e+02 2.598332928769999839e+01 -5.052078299480000112e+01
6.500000000000000222e-01 3.898695936099999926e+03 -5.008509077169999728e+03 -6.627491916789999777e+03 -1.142177047779999981e+02 2.644194404050000102e+01 -5.000133877279999695e+01
6.500000000000000222e-01 3.877747565269999996e+03 -5.087385855180000362e+03 -6.634682791600000201e+03 -1.156096966319999950e+02 2.390645747239999963e+01 -5.043978727430000220e+01
6.500000000000000222e-01 3.696489741960000174e+03 -5.058297293679999711e+03 -6.682470315470000060e+03 -1.142245568809999980e+02 2.629352435599999893e+01 -4.856086588139999805e+01
6.500000000000000222e-01 3.849156579859999965e+03 -5.027133008130000235e+03 -6.625596729179999784e+03 -1.164944778600000035e+02 2.594040263620000175e+01 -4.980700045279999699e+01
6.500000000000000222e-01 3.845094399210000120e+03 -5.104218684270000267e+03 -6.639278515400000288e+03 -1.161872207849999938e+02 2.407891159120000069e+01 -5.049399552749999742e+01
1.390000000000000000e+04 -9.579794731320000210e+03 2.099748479129999851e+03 1.278395235429999957e+04 -2.410679450050000128e+02 2.029938712389999864e+02 -3.276535422669999775e+02
6.500000000000000222e-01 -9.583494010869999329e+03 2.098835180290000153e+03 1.292747858359999918e+04 -2.406235870259999956e+02 2.032205066470000077e+02 -3.275267423359999839e+02
6.500000000000000222e-01 -9.534839599189999717e+03 2.152361072629999853e+03 1.290904096159999972e+04 -2.408378684410000119e+02 2.033440775919999908e+02 -3.279080466899999919e+02
6.500000000000000222e-01 -9.629226923559999705e+03 2.095031897989999834e+03 1.291889151950000087e+04 -2.410226849679999930e+02 2.030625368389999892e+02 -3.274615973680000138e+02
6.500000000000000222e-01 -9.582423214090000329e+03 2.112079177210000125e+03 1.292696863110000049e+04 -2.411911600340000064e+02 2.024375818530000117e+02 -3.274951530779999871e+02
6.500000000000000222e-01 -9.711626799350000510e+03 2.079046310050000102e+03 1.283609341789999962e+04 -2.411783522339999877e+02 2.030515313649999882e+02 -3.277959223340000108e+02
6.500000000000000222e-01 -9.587273046840000461e+03 2.077078082800000175e+03 1.292550129849999939e+04 -2.410129586250000102e+02 2.032285035820000019e+02 -3.275133694529999957e+02
6.500000000000000222e-01 -9.537526321920000555e+03 2.162307733950000056e+03 1.290521151230000032e+04 -2.408663336189999882e+02 2.032997594260000085e+02 -3.279246095789999913e+02
6.500000000000000222e-01 -9.572308305840000685e+03 2.144931753649999791e+03 1.292014898990000074e+04 -2.414341487160000099e+02 2.030289073499999972e+02 -3.275394167530000118e+02
6.500000000000000222e-01 -9.640491413390000162e+03 2.117140558170000077e+03 1.291306177399999979e+04 -2.406150275200000124e+02 2.028182601720000093e+02 -3.272228663199999801e+02
6.500000000000000222e-01 -9.596762223300000187e+03 2.084276955230000112e+03 1.292563145500000064e+04 -2.410680167740000002e+02 2.029518820019999907e+02 -3.275498356809999905e+02
6.500000000000000222e-01 -9.531624360559999332e+03 2.037978107359999967e+03 1.290353468000000066e+04 -2.408646964700000126e+02 2.026333890489999874e+02 -3.279738024019999898e+02
6.500000000000000222e-01 -9.485819422259999556e+03 2.184532951690000118e+03 1.284888511160000053e+04 -2.414521615909999923e+02 2.027466751910000085e+02 -3.271367623589999880e+02
6.500000000000000222e-01 -9.613088068569999450e+03 2.141528545980000217e+03 1.291750711159999992e+04 -2.408558128569999894e+02 2.025284503229999871e+02 -3.272758333940000171e+02
6.500000000000000222e-01 -9.573710296519999247e+03 2.104575906380000106e+03 1.292723720049999974e+04 -2.407015859340000077e+02 2.033782879059999971e+02 -3.275864174170000069e+02
6.500000000000000222e-01 -9.569908761220000088e+03 2.121071176070000092e+03 1.292544471510000039e+04 -2.410311285539999915e+02 2.034889244119999887e+02 -3.276483016509999970e+02
6.500000000000000222e-01 -9.547873287720000008e+03 2.129298166370000217e+03 1.292037171359999957e+04 -2.408228931760000080e+02 2.034033048780000001e+02 -3.277704112139999779e+02
6.500000000000000222e-01 -9.559196885549999934e+03 2.078544210389999989e+03 1.292413487789999999e+04 -2.416739554750000138e+02 2.034901092510000069e+02 -3.274381083970000077e+02
6.500000000000000222e-01 -9.611481356579999556e+03 2.138705970049999905e+03 1.291912199750000036e+04 -2.415186953699999890e+02 2.033475152709999918e+02 -3.276462917840000273e+02
6.500000000000000222e-01 -9.622023220580000270e+03 2.079930197329999828e+03 1.291992143120000037e+04 -2.417187204790000123e+02 2.027671781020000026e+02 -3.277186554740000020e+02
6.500000000000000222e-01 -9.474039465899999414e+03 2.162119006590000026e+03 1.285616353119999985e+04 -2.414009357790000081e+02 2.027065445609999870e+02 -3.272093680859999836e+02
6.500000000000000222e-01 -9.553180572269999175e+03 2.076761930520000078e+03 1.292286075049999999e+04 -2.416610220750000053e+02 2.034020792530000108e+02 -3.274288897069999962e+02
6.500000000000000222e-01 -9.461934276730000420e+03 2.135093099079999774e+03 1.285473273840000002e+04 -2.415059820189999868e+02 2.029310877009999956e+02 -3.273031237960000226e+02
6.500000000000000222e-01 -9.694040572870000688e+03 2.128564148030000069e+03 1.286683026559999962e+04 -2.412648450449999871e+02 2.030784457290000091e+02 -3.276581682639999826e+02
6.500000000000000222e-01 -9.480444429310000487e+03 2.146314147430000048e+03 1.287458867420000024e+04 -2.416092798610000045e+02 2.027865262139999913e+02 -3.271890236400000163e+02
6.500000000000000222e-01 -9.627260265760000038e+03 2.067455644789999951e+03 1.291564090340000075e+04 -2.415655567729999973e+02 2.027015575679999984e+02 -3.277481990429999996e+02
6.500000000000000222e-01 -9.536785461980000036e+03 2.006553178359999947e+03 1.288349983810000049e+04 -2.409620780310000043e+02 2.026642231559999914e+02 -3.280935912319999943e+02
6.500000000000000222e-01 -9.555972274890000335e+03 2.044976233370000045e+03 1.291478155809999953e+04 -2.412292397630000096e+02 2.033220369109999979e+02 -3.274043493980000221e+02
6.500000000000000222e-01 -9.566031227850000505e+03 2.137351181259999976e+03 1.292137797719999980e+04 -2.409721890140000085e+02 2.032817101109999953e+02 -3.277025932330000160e+02
6.500000000000000222e-01 -9.575118866599999819e+03 2.187557616070000222e+03 1.289866823049999948e+04 -2.415142978490000019e+02 2.030962886979999951e+02 -3.275029687210000020e+02
6.500000000000000222e-01 -9.614737904909999997e+03 2.036398226869999917e+03 1.290712826990000030e+04 -2.414888109579999877e+02 2.031600939459999893e+02 -3.276706454079999844e+02
6.500000000000000222e-01 -9.551480212860000393e+03 2.098042312330000186e+03 1.292432354619999933e+04 -2.407902934059999893e+02 2.029830421819999913e+02 -3.276796264800000245e+02
6.500000000000000222e-01 -9.574494838450000316e+03 2.060957042619999811e+03 1.292157705840000017e+04 -2.413856150819999868e+02 2.036989437020000082e+02 -3.274012334910000277e+02
6.500000000000000222e-01 -9.568354380560000209e+03 2.084800468930000079e+03 1.292585784480000075e+04 -2.412962719569999877e+02 2.031062190780000094e+02 -3.275871028739999815e+02
6.500000000000000222e-01 -9.578673454409999977e+03 1.991609926480000013e+03 1.287499214930000016e+04 -2.413429756380000129e+02 2.036562885959999960e+02 -3.272004853720000028e+02
6.500000000000000222e-01 -9.489323217029999796e+03 2.102864256119999936e+03 1.289382604949999950e+04 -2.414720876080000096e+02 2.030006378960000006e+02 -3.275065423990000113e+02
6.500000000000000222e-01 -9.559943258339999375e+03 2.084055252390000078e+03 1.292500914440000088e+04 -2.417244036740000013e+02 2.034132470620000106e+02 -3.274561698050000018e+02
6.500000000000000222e-01 -9.481052841180000541e+03 2.032456358090000094e+03 1.286404387920000045e+04 -2.409383985450000125e+02 2.028439906430000121e+02 -3.279413904890000140e+02
6.500000000000000222e-01 -9.699716778120000527e+03 2.138321507680000195e+03 1.285148230569999942e+04 -2.407743475750000073e+02 2.028495367380000118e+02 -3.269621128119999867e+02
6.500000000000000222e-01 -9.591006827420000263e+03 2.087420208129999992e+03 1.292648176729999977e+04 -2.412782612819999883e+02 2.028566307080000115e+02 -3.275809696189999727e+02
6.500000000000000222e-01 -9.558725776769999356e+03 2.058251882359999854e+03 1.291841121960000055e+04 -2.414025924229999873e+02 2.032449453380000080e+02 -3.276093214379999949e+02
6.500000000000000222e-01 -9.604175879129999885e+03 2.184754148729999997e+03 1.289810543750000033e+04 -2.414529558799999904e+02 2.034909987759999979e+02 -3.278657285549999756e+02
6.500000000000000222e-01 -9.708698147200000676e+03 2.104288210249999793e+03 1.284632066950000080e+04 -2.413232608019999930e+02 2.030154372949999981e+02 -3.280266917060000083e+02
6.500000000000000222e-01 -9.478329294229999505e+03 2.060134314630000063e+03 1.287676911710000059e+04 -2.413741092710000089e+02 2.030469219569999950e+02 -3.274170763989999955e+02
6.500000000000000222e-01 -9.503076522920000571e+03 2.165695881740000004e+03 1.288436095019999993e+04 -2.410460075270000004e+02 2.026745440910000013e+02 -3.276327410829999849e+02
6.500000000000000222e-01 -9.660640477580000152e+03 2.024231693360000008e+03 1.287487350660000084e+04 -2.407380371090000040e+02 2.032370774059999974e+02 -3.270821081779999986e+02
6.500000000000000222e-01 -9.618873330110000097e+03 1.987595735769999919e+03 1.286079815079999935e+04 -2.413105014260000019e+02 2.035469955970000058e+02 -3.273450821210000186e+02
6.500000000000000222e-01 -9.610426666069999555e+03 1.986606167930000083e+03 1.286675141860000076e+04 -2.408922256319999917e+02 2.033090034999999887e+02 -3.271242611480000164e+02
6.500000000000000222e-01 -9.540691651110000748e+03 2.096388999629999944e+03 1.292156603390000055e+04 -2.408032525799999917e+02 2.029693827460000080e+02 -3.277258689700000218e+02
6.500000000000000222e-01 -9.629928094700000656e+03 2.219419861400000173e+03 1.284304975829999967e+04 -2.411953730109999867e+02 2.030931645539999977e+02 -3.281241536750000023e+02
6.500000000000000222e-01 -9.579056935410000733e+03 2.068911242199999833e+03 1.292416617790000055e+04 -2.411455530490000001e+02 2.035231033160000038e+02 -3.274408089560000121e+02
6.500000000000000222e-01 -9.582609690350000164e+03 2.111432332490000135e+03 1.292701620990000083e+04 -2.411356385390000128e+02 2.024947611919999986e+02 -3.275026339099999859e+02
6.500000000000000222e-01 -9.484843133709999165e+03 2.036273908619999929e+03 1.286905021019999913e+04 -2.408807381519999922e+02 2.028490024539999865e+02 -3.282129805150000266e+02
6.500000000000000222e-01 -9.577097112569999808e+03 2.100066043849999915e+03 1.292740847620000022e+04 -2.418282270729999937e+02 2.029724910399999942e+02 -3.275397048309999946e+02
6.500000000000000222e-01 -9.496966720390000773e+03 2.173548254639999868e+03 1.287330524519999926e+04 -2.408776226239999971e+02 2.028937146080000105e+02 -3.279680050420000157e+02
6.500000000000000222e-01 -9.579473957329999394e+03 2.128966948679999859e+03 1.292440817349999998e+04 -2.411774644589999923e+02 2.035734755500000119e+02 -3.276746335110000246e+02
6.500000000000000222e-01 -9.619761657429999104e+03 2.139165321349999886e+03 1.291547195070000089e+04 -2.407654341669999951e+02 2.025508518869999932e+02 -3.273420046520000142e+02
6.500000000000000222e-01 -9.602008748520000154e+03 1.967543795080000109e+03 1.283247925089999990e+04 -2.411172607519999929e+02 2.029229757210000002e+02 -3.282164480359999743e+02
6.500000000000000222e-01 -9.454314531429999988e+03 2.075925988620000226e+03 1.284587318769999911e+04 -2.414564225279999903e+02 2.030914117540000063e+02 -3.272979169750000210e+02
6.500000000000000222e-01 -9.440761680159999742e+03 2.124219890150000083e+03 1.280205573999999979e+04 -2.411129660809999962e+02 2.029767808450000075e+02 -3.283543754290000152e+02
6.500000000000000222e-01 -9.455722471420000147e+03 2.143262874049999937e+03 1.283841596550000031e+04 -2.414220789940000031e+02 2.028482008750000034e+02 -3.271482197180000071e+02
6.500000000000000222e-01 -9.546112707309999678e+03 2.136855995590000020e+03 1.291801470370000061e+04 -2.416786300850000089e+02 2.025913479259999974e+02 -3.273664440649999960e+02
6.500000000000000222e-01 -9.559998031130000527e+03 2.120037845490000109e+03 1.292442920709999999e+04 -2.408261566900000048e+02 2.033150430830000062e+02 -3.276781077289999757e+02
6.500000000000000222e-01 -9.525176212739999755e+03 2.115703887929999837e+03 1.291510804730000018e+04 -2.417589362580000056e+02 2.028078548119999880e+02 -3.273667593459999807e+02
6.500000000000000222e-01 -9.567590052690000448e+03 2.089283568140000170e+03 1.292636819239999932e+04 -2.408881279560000053e+02 2.027523924959999988e+02 -3.276269763170000147e+02
6.500000000000000222e-01 -9.596953395639999144e+03 2.192263345450000088e+03 1.289255015269999967e+04 -2.413336697510000022e+02 2.034465093359999912e+02 -3.279525818810000146e+02
6.500000000000000222e-01 -9.562588059800000337e+03 2.076336438360000102e+03 1.292439149209999960e+04 -2.408555403770000112e+02 2.025478446390000045e+02 -3.276879414239999733e+02
6.500000000000000222e-01 -9.716074025510000865e+03 2.121668410929999936e+03 1.281988847039999928e+04 -2.409330587400000070e+02 2.029513073969999937e+02 -3.272854543089999879e+02
6.500000000000000222e-01 -9.631618020219999380e+03 2.088566278069999953e+03 1.291767319949999910e+04 -2.409856915070000127e+02 2.031333410889999982e+02 -3.274284731419999730e+02
6.500000000000000222e-01 -9.618545541269999376e+03 2.016691802390000021e+03 1.289333956240000043e+04 -2.411399841500000036e+02 2.036548887030000117e+02 -3.271941442909999864e+02
6.500000000000000222e-01 -9.634277611449999313e+03 2.212192453510000178e+03 1.284771004189999985e+04 -2.408572323639999979e+02 2.025916678950000005e+02 -3.274540595309999844e+02
6.500000000000000222e-01 -9.594744962189999569e+03 2.088602302710000004e+03 1.292635382890000074e+04 -2.408483758929999965e+02 2.034652054400000054e+02 -3.274668793349999873e+02
6.500000000000000222e-01 -9.495051750880000327e+03 2.004889258590000054e+03 1.284846266119999927e+04 -2.413382198150000022e+02 2.032923737129999893e+02 -3.271414166910000176e+02
6.500000000000000222e-01 -9.513984351069999320e+03 2.034844744629999923e+03 1.289234784410000066e+04 -2.408851555809999923e+02 2.027532565200000079e+02 -3.280673158029999854e+02
6.500000000000000222e-01 -9.593021001970000725e+03 2.080993057270000008e+03 1.292568515800000023e+04 -2.408641221759999951e+02 2.033552629559999900e+02 -3.274715397919999873e+02
6.500000000000000222e-01 -9.677790067219999401e+03 2.118056573509999907e+03 1.288683877120000034e+04 -2.412971047720000115e+02 2.029880862669999999e+02 -3.277235702699999820e+02
6.500000000000000222e-01 -9.605270382049999171e+03 2.104916829390000203e+03 1.292523680469999999e+04 -2.413098291800000084e+02 2.030493499670000119e+02 -3.275627882160000013e+02
6.500000000000000222e-01 -9.680121592389999932e+03 2.064260887739999816e+03 1.288081235480000032e+04 -2.413551553339999884e+02 2.031082963149999898e+02 -3.276809334199999739e+02
6.500000000000000222e-01 -9.720753250370000387e+03 2.100044249829999899e+03 1.280676508250000006e+04 -2.409115133740000090e+02 2.030085791879999988e+02 -3.268894409569999766e+02
6.500000000000000222e-01 -9.593451159090000147e+03 2.224964285689999997e+03 1.284650293109999984e+04 -2.409444950909999932e+02 2.027964182910000090e+02 -3.279199151110000230e+02
6.500000000000000222e-01 -9.580714373400000113e+03 2.110229569890000221e+03 1.292707895800000006e+04 -2.412762022740000134e+02 2.026009891420000031e+02 -3.275260545419999971e+02
6.500000000000000222e-01 -9.610519347569999809e+03 2.108984327449999910e+03 1.292406833349999943e+04 -2.413105881490000115e+02 2.030663940830000058e+02 -3.275594491410000160e+02
6.500000000000000222e-01 -9.567183139869999650e+03 2.127150379119999798e+03 1.292414272709999932e+04 -2.415163463480000132e+02 2.027284595490000072e+02 -3.274884055669999725e+02
6.500000000000000222e-01 -9.613335028249999596e+03 2.071679865049999989e+03 1.292083602969999993e+04 -2.407425083830000005e+02 2.034685908579999989e+02 -3.273236547490000135e+02
6.500000000000000222e-01 -9.581519265659999292e+03 2.108837959590000082e+03 1.292711882420000074e+04 -2.412412482219999958e+02 2.033706524369999897e+02 -3.275847511250000252e+02
6.500000000000000222e-01 -9.559837254199999734e+03 2.106550047409999934e+03 1.292570628469999974e+04 -2.407796936999999957e+02 2.031339140059999977e+02 -3.276469716029999972e+02
6.500000000000000222e-01 -9.662982686999999714e+03 2.157157041609999851e+03 1.288636926940000012e+04 -2.407907721519999882e+02 2.027241620039999930e+02 -3.270340903109999999e+02
6.500000000000000222e-01 -9.580151910160000625e+03 2.131029631249999966e+03 1.292358499880000090e+04 -2.410648813440000140e+02 2.026459741280000060e+02 -3.275240565660000129e+02
6.500000000000000222e-01 -9.557579081829999268e+03 2.196696497899999940e+03 1.288664904260000003e+04 -2.413306080920000056e+02 2.024731556890000093e+02 -3.271370005219999939e+02
6.500000000000000222e-01 -9.567378465750000032e+03 2.082392450010000175e+03 1.292579370580000068e+04 -2.414499456620000046e+02 2.033894524600000011e+02 -3.274994449449999934e+02
6.500000000000000222e-01 -9.474770775900000444e+03 2.055669601430000057e+03 1.287067906439999933e+04 -2.413437280569999928e+02 2.030451481039999919e+02 -3.274187847029999716e+02
6.500000000000000222e-01 -9.503849667039999986e+03 2.106670456809999905e+03 1.290439673519999997e+04 -2.416925417749999951e+02 2.029742170030000068e+02 -3.273739583359999870e+02
6.500000000000000222e-01 -9.502474947970000358e+03 2.173326698299999862e+03 1.287837046670000018e+04 -2.408592581069999881e+02 2.031273266260000128e+02 -3.281117005300000073e+02
6.500000000000000222e-01 -9.651393321460000152e+03 2.005380571529999997e+03 1.286412397210000017e+04 -2.408720619450000129e+02 2.033967192419999890e+02 -3.269957589460000236e+02
6.500000000000000222e-01 -9.580704730359999303e+03 2.105497964600000159e+03 1.292737836029999926e+04 -2.411861162049999905e+02 2.023598523180000086e+02 -3.275183445740000252e+02
6.500000000000000222e-01 -9.632808677339999122e+03 2.102188071059999857e+03 1.291755952699999943e+04 -2.415681626999999878e+02 2.030257470349999949e+02 -3.276716023110000151e+02
6.500000000000000222e-01 -9.574762989970000490e+03 2.219897455920000084e+03 1.286341845500000090e+04 -2.413898755479999920e+02 2.028183460449999984e+02 -3.272187976779999872e+02
6.500000000000000222e-01 -9.515040901450000092e+03 2.170745865299999878e+03 1.288930357010000080e+04 -2.416200764570000104e+02 2.028712237519999917e+02 -3.273637806369999907e+02
6.500000000000000222e-01 -9.637449296560000221e+03 2.025947525309999946e+03 1.289268194089999997e+04 -2.411089482259999954e+02 2.026896353340000019e+02 -3.277736271680000186e+02
6.500000000000000222e-01 -9.572342592290000539e+03 2.093736017530000026e+03 1.292699017800000001e+04 -2.409847839379999925e+02 2.028461880629999996e+02 -3.275965350110000145e+02
6.500000000000000222e-01 -9.541985875529999248e+03 2.173707219460000033e+03 1.290039848139999958e+04 -2.415268199740000057e+02 2.025410817650000013e+02 -3.272329213689999960e+02
3.690000000000000000e+05 2.013483513350000067e+03 8.490819665459999896e+02 -9.603056658640000478e+02 -1.464238419309999983e+02 -2.869164597540000194e+00 7.368473598949999648e+00
6.500000000000000222e-01 2.011139965119999943e+03 8.889294627970000420e+02 -8.433450067769999805e+02 -1.523824467690000120e+02 -6.711021096119999640e+00 4.540377880320000337e+00
6.500000000000000222e-01 2.114366970439999932e+03 9.109342137400000183e+02 -9.158458347729999787e+02 -1.467193398779999995e+02 -3.580919942570000014e+00 -1.122269998820000003e+00
6.500000000000000222e-01 2.011175974889999907e+03 8.995373145720000139e+02 -8.458272178470000426e+02 -1.501000705929999981e+02 -3.626306310819999990e+00 3.318657892410000088e+00
6.500000000000000222e-01 1.934675795079999943e+03 7.524282079629999771e+02 -8.827277199369999607e+02 -1.519600560179999889e+02 1.842014137240000071e+00 1.169487248659999956e+01
6.500000000000000222e-01 1.904008715039999970e+03 7.810773405209999964e+02 -8.479392534160000423e+02 -1.518355764890000046e+02 -5.037136775920000309e-01 1.336513963290000007e+01
6.500000000000000222e-01 2.122646400759999779e+03 7.964490204679999579e+02 -9.177937184859999888e+02 -1.486358506020000050e+02 -2.089318550469999869e-02 2.113786317589999797e+00
6.500000000000000222e-01 1.955455991430000040e+03 9.150804920599999832e+02 -8.490096547970000529e+02 -1.518094182060000037e+02 -6.107811134070000314e+00 5.527286565189999834e+00
6.500000000000000222e-01 2.008360425699999951e+03 8.990492016760000524e+02 -8.446275425049999512e+02 -1.502982074630000113e+02 -3.514504773750000144e+00 3.448163643500000042e+00
6.500000000000000222e-01 1.936511461300000065e+03 7.989865762890000269e+02 -8.310521390879999899e+02 -1.549603495519999967e+02 -6.059293715469999952e+00 7.070277541000000276e+00
6.500000000000000222e-01 2.002515366370000038e+03 7.260280235049999646e+02 -9.026293234879999545e+02 -1.496656298670000069e+02 1.211382052560000089e+00 8.518860684259999871e+00
6.500000000000000222e-01 2.027893057289999888e+03 9.201394008820000181e+02 -8.653974233279999453e+02 -1.490217419100000029e+02 -1.009740983250000035e+01 6.384372461469999926e+00
6.500000000000000222e-01 1.862692023349999999e+03 8.128292602300000453e+02 -8.743792053949999854e+02 -1.525408326509999881e+02 -5.493137976519999910e+00 9.870980528769999651e+00
6.500000000000000222e-01 1.911948598330000095e+03 8.211369907550000562e+02 -8.325252344680000078e+02 -1.523029440839999893e+02 -5.515435236420000109e+00 9.288153977109999460e+00
6.500000000000000222e-01 1.902332468300000073e+03 9.265055555369999638e+02 -9.209056691800000181e+02 -1.473167117879999921e+02 -8.474011451819999152e+00 8.678006341190000583e+00
6.500000000000000222e-01 1.992489564530000052e+03 8.693523899360000087e+02 -8.322777202749999788e+02 -1.526026476389999971e+02 -7.890129707459999864e+00 5.584234202350000231e+00
6.500000000000000222e-01 1.979072725170000012e+03 8.435863934290000543e+02 -8.252996167300000252e+02 -1.508053560689999983e+02 -6.784778719580000228e+00 6.285429951320000264e+00
6.500000000000000222e-01 1.981300583830000051e+03 8.637698013259999925e+02 -8.278847930560000350e+02 -1.528067805109999995e+02 -2.714661369869999952e+00 5.450192927339999827e+00
6.500000000000000222e-01 2.013800026820000085e+03 8.465937876670000151e+02 -8.346508442460000197e+02 -1.519847503080000024e+02 -4.732327113710000255e+00 4.359936922420000194e+00
6.500000000000000222e-01 1.886367364799999905e+03 8.801954926439999554e+02 -8.582196749140000520e+02 -1.510963636710000060e+02 -7.224800345310000260e+00 9.758064451839999265e+00
6.500000000000000222e-01 1.995036649679999982e+03 8.374698944120000306e+02 -8.283539848919999713e+02 -1.545870935400000121e+02 -1.189640618150000106e+00 5.923077051910000002e+00
6.500000000000000222e-01 2.083716634609999801e+03 7.682253944609999508e+02 -9.166799098950000371e+02 -1.502039373099999864e+02 3.171289090450000181e+00 7.264116286550000190e+00
6.500000000000000222e-01 2.002345330979999972e+03 9.409168360889999576e+02 -8.730119377930000155e+02 -1.496109531950000076e+02 -8.710248619150000593e+00 6.094602989100000201e+00
6.500000000000000222e-01 1.989637571420000086e+03 9.289854499409999562e+02 -8.594424390650000305e+02 -1.506875185549999969e+02 -8.064606345190000525e+00 5.745697041489999712e+00
6.500000000000000222e-01 1.989720797519999905e+03 8.927788090809999630e+02 -8.454817037909999726e+02 -1.485786495410000043e+02 -1.093059343870000077e+01 7.201652091199999717e+00
6.500000000000000222e-01 2.002952927920000093e+03 8.495087915289999501e+02 -8.271423821549999502e+02 -1.498762815020000119e+02 -3.562112976929999952e+00 5.346807622470000076e+00
6.500000000000000222e-01 2.130723202980000224e+03 8.400042809550000129e+02 -9.146259855040000275e+02 -1.476073372619999873e+02 -1.697519482439999949e+00 -4.896953453439999993e-01
6.500000000000000222e-01 1.882213324110000030e+03 8.512483372399999553e+02 -8.578686317630000531e+02 -1.511860590230000128e+02 -7.026861544830000028e+00 9.888947469690000602e+00
6.500000000000000222e-01 2.008747216960000060e+03 9.198644963259999940e+02 -8.745314660349999940e+02 -1.476955126889999974e+02 -8.447121194779999342e+00 3.578442497929999799e+00
6.500000000000000222e-01 1.996348993280000059e+03 8.350708912909999526e+02 -8.246033801190000077e+02 -1.497248564660000056e+02 -6.238403352309999761e+00 5.933450160219999603e+00
6.500000000000000222e-01 2.015135833770000090e+03 7.605596227319999798e+02 -8.530359761160000289e+02 -1.510683773490000021e+02 -2.741218241739999950e+00 5.529142366110000317e+00
6.500000000000000222e-01 1.966250997760000018e+03 8.806573214009999901e+02 -8.325613567430000330e+02 -1.530933072939999988e+02 -3.601704943460000141e+00 5.302626626200000359e+00
6.500000000000000222e-01 2.021958345100000088e+03 9.419811317290000261e+02 -9.002741274950000161e+02 -1.467206134269999893e+02 -8.006856123480000420e+00 2.329093452089999960e+00
6.500000000000000222e-01 1.999033518559999948e+03 8.044484163600000102e+02 -8.321136552860000393e+02 -1.518755694070000004e+02 -5.380795598089999743e+00 5.294140321020000428e+00
6.500000000000000222e-01 2.025130403849999993e+03 8.385173390319999953e+02 -8.334350948139999673e+02 -1.491837548430000027e+02 -4.636349779499999713e+00 4.284257480880000024e+00
6.500000000000000222e-01 1.947874083129999917e+03 9.033066664369999899e+02 -8.437182412930000055e+02 -1.491809526790000007e+02 -1.007370680850000078e+01 9.517774463729999468e+00
6.500000000000000222e-01 2.031343367530000023e+03 8.436173464749999766e+02 -8.412212339999999813e+02 -1.529828680280000128e+02 -3.684356838549999846e+00 4.060337787029999923e+00
6.500000000000000222e-01 1.976509277919999931e+03 8.062857147429999713e+02 -8.341300531480000018e+02 -1.538387075200000140e+02 -1.779308869529999892e+00 6.422516384449999727e+00
6.500000000000000222e-01 1.958369037610000078e+03 8.223842772609999656e+02 -8.261890749789999973e+02 -1.548325757769999882e+02 -6.232342218410000356e+00 6.328973635149999666e+00
6.500000000000000222e-01 2.064915331400000014e+03 7.701937538250000443e+02 -9.117097834730000159e+02 -1.509593560300000092e+02 2.022683515859999837e+00 3.474937507249999946e+00
6.500000000000000222e-01 2.105390919890000077e+03 8.343840630769999507e+02 -8.928008594819999644e+02 -1.501890642459999867e+02 -1.144684979630000043e+00 1.774066037319999900e+00
6.500000000000000222e-01 2.062267035809999925e+03 8.249844152460000259e+02 -8.533180169539999724e+02 -1.532934850739999888e+02 -1.233394385320000008e+00 4.991804745199999616e+00
6.500000000000000222e-01 1.995122463160000052e+03 8.707931256949999579e+02 -8.336901673630000005e+02 -1.512233616780000034e+02 -4.560411805010000208e+00 4.686318780169999698e+00
6.500000000000000222e-01 1.935228213209999922e+03 7.699581988730000148e+02 -8.432740958890000229e+02 -1.520818508950000023e+02 -3.915604908610000212e+00 8.869830250219999712e+00
6.500000000000000222e-01 2.058986479239999881e+03 8.977670583619999434e+02 -8.674630287520000138e+02 -1.487094596759999945e+02 -8.604431401099999377e+00 3.590497902900000149e+00
6.500000000000000222e-01 1.979778940010000042e+03 8.314555532489999905e+02 -8.270913351950000560e+02 -1.535406566220000002e+02 -6.458419099850000400e+00 5.720310935809999719e+00
6.500000000000000222e-01 1.996926490190000095e+03 8.362965765249999777e+02 -8.307970214929999884e+02 -1.537630589739999891e+02 -2.528761252649999847e+00 5.312903985160000175e+00
6.500000000000000222e-01 1.927413010499999928e+03 8.595751676419999967e+02 -8.315083916520000002e+02 -1.548527624570000114e+02 -5.168573286270000011e+00 6.680861353850000128e+00
6.500000000000000222e-01 2.000571553649999942e+03 8.108226355729999568e+02 -8.306342038919999595e+02 -1.535953775840000048e+02 7.027109264290000157e-01 7.329951448210000109e+00
6.500000000000000222e-01 1.985863840019999998e+03 7.525236015169999746e+02 -8.538034041930000058e+02 -1.510652671219999945e+02 9.207354716129999561e-01 1.022989967240000020e+01
6.500000000000000222e-01 2.109045360860000073e+03 8.727770322049999550e+02 -8.867400377779999872e+02 -1.501814543989999891e+02 -4.141973123409999680e+00 3.318422253010000045e+00
6.500000000000000222e-01 1.895379030229999898e+03 7.798776306089999935e+02 -8.547706790119999596e+02 -1.514255894300000023e+02 -8.579406877340000070e-01 1.404248835209999946e+01
6.500000000000000222e-01 1.960740375889999996e+03 8.975192403409999997e+02 -8.575022969110000304e+02 -1.477949631650000129e+02 -1.041533385930000044e+01 7.632346656090000181e+00
6.500000000000000222e-01 2.013424245339999970e+03 8.618838914189999514e+02 -8.329082758939999849e+02 -1.500253813379999883e+02 -3.479021866170000088e+00 4.386656995140000070e+00
6.500000000000000222e-01 2.028678089360000058e+03 7.452158963389999826e+02 -8.716934384989999671e+02 -1.503937188289999938e+02 -1.388567484510000005e+00 5.453091558409999706e+00
6.500000000000000222e-01 1.987060701260000087e+03 7.581708556690000478e+02 -8.535287007629999607e+02 -1.524385827860000120e+02 -3.897485903369999782e+00 5.509125789759999670e+00
6.500000000000000222e-01 2.087086949290000121e+03 8.783847264900000482e+02 -8.737885590759999559e+02 -1.480399331030000099e+02 -4.099372432720000070e+00 7.994596632379999956e-01
6.500000000000000222e-01 2.059452426259999811e+03 7.620828925529999651e+02 -8.783442820579999761e+02 -1.498343968339999890e+02 -1.931016624870000031e+00 3.128811863550000183e+00
6.500000000000000222e-01 2.071732053539999924e+03 7.566749337149999519e+02 -8.957164244909999979e+02 -1.493750980229999925e+02 -9.368967787719999496e-01 2.705157451349999853e+00
6.500000000000000222e-01 2.032117714019999994e+03 7.553256022960000564e+02 -8.628721640170000455e+02 -1.506977097900000047e+02 -5.755054697860000346e-01 6.307854406659999746e+00
6.500000000000000222e-01 2.010870249520000016e+03 8.702937591989999646e+02 -8.382815095680000468e+02 -1.503383423619999917e+02 -9.347331452749999769e+00 5.283869279350000170e+00
6.500000000000000222e-01 1.989812024280000060e+03 8.528857249740000270e+02 -8.296626403789999813e+02 -1.523537225180000121e+02 -5.087988669189999591e+00 5.180297311930000426e+00
6.500000000000000222e-01 1.959952606629999991e+03 8.804084711020000213e+02 -8.366152265289999832e+02 -1.485649927869999942e+02 -1.047508245739999921e+01 8.746238700999999338e+00
6.500000000000000222e-01 1.935703862130000061e+03 8.131017832999999655e+02 -8.283774187980000079e+02 -1.553228008449999891e+02 -6.119859284790000409e+00 6.983541200630000390e+00
6.500000000000000222e-01 2.108149039689999881e+03 8.206442891850000478e+02 -8.980019069539999919e+02 -1.487212508879999859e+02 -1.365213705559999990e+00 3.441982535079999850e-01
6.500000000000000222e-01 2.051258225080000102e+03 8.466509270550000110e+02 -8.456070961289999559e+02 -1.486538020440000025e+02 -3.853344950169999894e+00 2.751451354159999863e+00
6.500000000000000222e-01 1.927386421610000070e+03 8.995750859140000557e+02 -8.581629726549999759e+02 -1.474220793949999972e+02 -1.045739806019999918e+01 1.148512756739999929e+01
6.500000000000000222e-01 2.060214333630000056e+03 9.283573971480000182e+02 -8.960301499759999615e+02 -1.465634862340000097e+02 -9.394255506109999487e+00 3.771075933340000130e+00
6.500000000000000222e-01 1.983790339590000031e+03 8.455353540510000130e+02 -8.235283862359999603e+02 -1.513390221269999927e+02 -2.339987843089999853e+00 6.320621400680000335e+00
6.500000000000000222e-01 2.071857018390000121e+03 8.132169671210000388e+02 -8.665381028450000258e+02 -1.495113729740000110e+02 -2.707622672039999845e+00 1.816249182379999993e+00
6.500000000000000222e-01 1.980528778840000086e+03 8.450206984610000518e+02 -8.272907280489999948e+02 -1.544368863320000003e+02 -3.710375868789999920e+00 5.631423518530000116e+00
6.500000000000000222e-01 1.875812135019999914e+03 8.454945202359999712e+02 -8.561508597199999713e+02 -1.527391372200000035e+02 -6.318700570729999910e+00 9.325244826429999634e+00
6.500000000000000222e-01 1.917171150679999982e+03 8.686903645170000345e+02 -8.339573797580000019e+02 -1.486297873670000058e+02 -8.971449098720000848e+00 1.180950364669999963e+01
6.500000000000000222e-01 1.984673226260000092e+03 8.399168984140000020e+02 -8.211285032990000445e+02 -1.499814671059999966e+02 -3.165933570720000034e+00 6.831892608939999612e+00
6.500000000000000222e-01 2.047465537159999940e+03 7.652131727989999490e+02 -8.765968554280000262e+02 -1.504950065440000060e+02 -2.013752973099999899e+00 3.006752756080000033e+00
6.500000000000000222e-01 1.961544815660000040e+03 8.828393024109999487e+02 -8.345516336719999799e+02 -1.529557918819999998e+02 -4.172030992329999854e+00 5.335129926779999643e+00
6.500000000000000222e-01 2.045638947070000086e+03 8.167432936039999731e+02 -8.462659026989999802e+02 -1.502196216460000073e+02 -3.923131452779999861e+00 3.322590082220000074e+00
6.500000000000000222e-01 1.987970653059999904e+03 8.316417925319999540e+02 -8.272586962210000365e+02 -1.522068054410000002e+02 -4.060562123869999596e+00 5.710175484249999656e+00
6.500000000000000222e-01 1.896841228969999975e+03 8.620061490440000398e+02 -8.401305692339999496e+02 -1.502967551520000029e+02 -7.269280447399999900e+00 1.122997734890000032e+01
6.500000000000000222e-01 1.987750518699999930e+03 8.399427916450000566e+02 -8.225887228279999590e+02 -1.497081722759999991e+02 -5.062025938009999670e+00 6.453070917499999837e+00
6.500000000000000222e-01 1.986348910100000012e+03 8.440139718850000463e+02 -8.275996412260000170e+02 -1.541054650990000141e+02 -2.397620511049999958e+00 5.656245727309999971e+00
6.500000000000000222e-01 1.926555869790000088e+03 8.329102177180000126e+02 -8.287233608510000522e+02 -1.536252112440000133e+02 -5.648069700649999803e+00 7.704505026889999719e+00
6.500000000000000222e-01 2.117647179900000083e+03 8.250686531669999795e+02 -9.007452115739999954e+02 -1.479937061820000110e+02 -1.835496875860000099e+00 2.220288452379999902e-02
6.500000000000000222e-01 1.876393440110000029e+03 7.799393856460000052e+02 -8.873614343069999677e+02 -1.492824434709999935e+02 -2.164463935430000152e+00 1.697933253080000071e+01
6.500000000000000222e-01 1.878609052860000020e+03 7.860912513580000223e+02 -8.678283740240000270e+02 -1.519874350100000129e+02 -2.106851606669999821e+00 1.248999305719999953e+01
6.500000000000000222e-01 1.971449328229999992e+03 7.339771055689999457e+02 -8.740244730880000361e+02 -1.506641534089999936e+02 -1.233328244950000041e+00 8.427293582749999956e+00
6.500000000000000222e-01 2.068330689559999882e+03 9.657112878630000523e+02 -9.528891868670000349e+02 -1.453953068689999952e+02 -6.469591218619999751e+00 -5.032202428609999778e-02
6.500000000000000222e-01 1.871827774739999995e+03 8.010235757130000138e+02 -8.634083599460000187e+02 -1.513029226529999960e+02 -3.327067332209999950e+00 1.311132100819999913e+01
6.500000000000000222e-01 1.967208703120000109e+03 8.466317930339999975e+02 -8.262488935869999978e+02 -1.552119137960000046e+02 -4.195534568290000266e+00 5.922081161490000412e+00
6.500000000000000222e-01 2.016271824530000004e+03 8.237052492420000362e+02 -8.336048058229999924e+02 -1.507698009739999918e+02 -4.977601931249999723e+00 4.553060218259999736e+00
6.500000000000000222e-01 1.930647734879999916e+03 7.501090801620000548e+02 -8.728276415080000561e+02 -1.534253545409999901e+02 -2.006876626209999959e+00 7.776178882059999964e+00
6.500000000000000222e-01 1.940481628459999911e+03 8.819714893609999535e+02 -8.439540377969999554e+02 -1.513975053339999874e+02 -7.024174824990000232e+00 6.334761353750000268e+00
6.500000000000000222e-01 1.889115935049999962e+03 9.000048651360000349e+02 -8.840529018649999671e+02 -1.478362935579999942e+02 -8.664892129829999234e+00 1.265261084800000013e+01
6.500000000000000222e-01 2.007765693909999982e+03 9.066008570139999847e+02 -8.489068033419999892e+02 -1.502375425399999926e+02 -3.821479059080000074e+00 3.231513727429999872e+00
6.500000000000000222e-01 2.025626751609999928e+03 9.070142363879999721e+02 -8.632766802520000056e+02 -1.483385889230000032e+02 -7.349340279709999812e+00 3.031593480769999793e+00
6.500000000000000222e-01 2.113598477510000066e+03 8.616486813139999867e+02 -8.923568969499999639e+02 -1.498080680539999889e+02 -3.035380957820000170e+00 2.272105336930000163e+00
6.500000000000000222e-01 1.971572699950000015e+03 7.985079990340000222e+02 -8.288228560000000016e+02 -1.521899156650000009e+02 -4.157152737709999712e+00 6.925258526470000398e+00
6.500000000000000222e-01 2.068720736000000215e+03 8.783298257669999884e+02 -8.628764533109999775e+02 -1.492119812189999948e+02 -5.641393909829999664e+00 2.131314318879999892e+00
6.500000000000000222e-01 1.940034965770000099e+03 8.936457025260000364e+02 -8.373498269379999783e+02 -1.498565146599999878e+02 -9.277194184240000752e+00 9.319974049409999850e+00
6.500000000000000222e-01 1.950764265730000034e+03 7.625023795280000058e+02 -8.448590725510000539e+02 -1.518329342979999979e+02 -3.436474242080000074e+00 8.411451180140000261e+00
6.500000000000000222e-01 2.115758957240000200e+03 7.848606287490000568e+02 -9.210533155260000058e+02 -1.492588712810000118e+02 1.916243513760000017e+00 6.119431048520000083e+00
