3.450000000000000000e+05 2.666116350249999869e+03 -4.676902154200000041e+03 -7.231916071929999816e+03 -1.290255847139999901e+02 4.523231035650000109e+01 -1.526825042489999973e+01
6.500000000000000222e-01 2.576840633090000210e+03 -4.583113479480000024e+03 -6.962433511029999863e+03 -1.295840098559999944e+02 4.636523896519999965e+01 -1.370228345559999994e+01
6.500000000000000222e-01 2.496939461380000012e+03 -4.797190629390000140e+03 -7.412905200230000446e+03 -1.278547092130000067e+02 4.515278708360000337e+01 -1.472729014769999978e+01
6.500000000000000222e-01 2.852223756500000036e+03 -4.600253428039999562e+03 -7.048857567949999975e+03 -1.300401025539999864e+02 4.579915252069999809e+01 -1.659348472119999940e+01
6.500000000000000222e-01 2.653642130619999989e+03 -4.807636283079999885e+03 -7.502559945379999590e+03 -1.277550621190000015e+02 4.187845613049999827e+01 -1.582165840949999946e+01
6.500000000000000222e-01 2.778171196409999993e+03 -4.876434389130000454e+03 -7.401285022820000449e+03 -1.289623937460000036e+02 4.522186378850000210e+01 -1.667194667040000056e+01
6.500000000000000222e-01 2.756878510080000069e+03 -4.472077770279999640e+03 -7.376376945189999788e+03 -1.301987400060000084e+02 4.219413249029999946e+01 -1.669858050010000028e+01
6.500000000000000222e-01 2.455357321339999999e+03 -4.576585787109999728e+03 -7.365347921520000455e+03 -1.267105163949999991e+02 4.442373015169999917e+01 -1.535414794080000078e+01
6.500000000000000222e-01 2.824719300419999854e+03 -4.517987651540000115e+03 -7.375972883940000429e+03 -1.299237504070000000e+02 4.194118613799999906e+01 -1.661212389820000013e+01
6.500000000000000222e-01 2.445728641149999930e+03 -4.595214764489999652e+03 -7.039370324159999655e+03 -1.284629858250000041e+02 4.691959750280000208e+01 -1.262587577180000054e+01
6.500000000000000222e-01 2.408868240899999819e+03 -4.687488880470000367e+03 -7.125057099589999780e+03 -1.270376751360000043e+02 4.670964111229999816e+01 -1.171805825380000066e+01
6.500000000000000222e-01 2.496130802659999972e+03 -4.821376047900000231e+03 -7.393154933320000055e+03 -1.279618037249999958e+02 4.471885997180000061e+01 -1.416771097230000009e+01
6.500000000000000222e-01 2.728693915920000109e+03 -4.685899908649999816e+03 -6.962855313639999622e+03 -1.318322866960000113e+02 4.735358676119999899e+01 -1.498798207829999996e+01
6.500000000000000222e-01 2.606288020099999812e+03 -4.532438000559999637e+03 -7.463584675520000019e+03 -1.286221908670000005e+02 4.334148091950000037e+01 -1.507745139420000058e+01
6.500000000000000222e-01 2.541580553270000109e+03 -4.632202073559999917e+03 -7.468104474980000305e+03 -1.254506109369999933e+02 4.324925756769999907e+01 -1.616698584270000083e+01
6.500000000000000222e-01 2.801333609360000082e+03 -4.629577939560000232e+03 -7.001900834519999989e+03 -1.314978457480000031e+02 4.634057633959999833e+01 -1.536690395609999982e+01
6.500000000000000222e-01 2.558459043610000208e+03 -4.883496802869999556e+03 -7.388082018349999998e+03 -1.263895014830000036e+02 4.646949457339999867e+01 -1.847565626689999974e+01
6.500000000000000222e-01 2.453035643860000164e+03 -4.750429671769999914e+03 -7.375289027400000123e+03 -1.278335422589999979e+02 4.468184378800000189e+01 -1.330022915019999985e+01
6.500000000000000222e-01 2.661943107810000129e+03 -4.749768483859999833e+03 -6.969151320050000322e+03 -1.308738407140000106e+02 4.962503830680000050e+01 -1.464386642680000072e+01
6.500000000000000222e-01 2.569285179429999971e+03 -4.730200783610000144e+03 -6.966684352749999562e+03 -1.276534349660000061e+02 4.831047906079999876e+01 -1.359597270659999957e+01
6.500000000000000222e-01 2.720694794410000213e+03 -4.617198930110000219e+03 -7.500390600609999638e+03 -1.278989968470000065e+02 4.133542503769999854e+01 -1.596368684639999991e+01
6.500000000000000222e-01 2.467846736630000123e+03 -4.507098659489999591e+03 -7.326304804360000162e+03 -1.284783176079999976e+02 4.501251214559999880e+01 -1.248954024949999919e+01
6.500000000000000222e-01 2.524626887469999929e+03 -4.499777788970000074e+03 -7.377149199690000387e+03 -1.274498789230000000e+02 4.318793220860000304e+01 -1.557098172539999936e+01
6.500000000000000222e-01 2.765147622800000136e+03 -4.513076140359999954e+03 -7.022087080610000157e+03 -1.325382395379999991e+02 4.463497857090000309e+01 -1.272757387689999931e+01
6.500000000000000222e-01 2.877773402570000144e+03 -4.694566721060000418e+03 -7.075956954430000224e+03 -1.316082798449999984e+02 4.559910589809999948e+01 -1.564615404989999981e+01
6.500000000000000222e-01 2.873179287959999783e+03 -4.666495291029999862e+03 -7.069146974500000397e+03 -1.309817299210000101e+02 4.561551559720000171e+01 -1.645987401440000042e+01
6.500000000000000222e-01 2.646991226160000224e+03 -4.880894629440000244e+03 -7.055190688399999999e+03 -1.283741445590000012e+02 4.819366790090000308e+01 -1.458399857620000084e+01
6.500000000000000222e-01 2.538255148660000032e+03 -4.522083474469999601e+03 -7.421928306099999645e+03 -1.289780057220000060e+02 4.500166291979999755e+01 -1.322199628399999938e+01
6.500000000000000222e-01 2.482444115039999815e+03 -4.860961485830000129e+03 -7.294558029910000187e+03 -1.274740812330000068e+02 4.592550715990000043e+01 -1.377760205240000069e+01
6.500000000000000222e-01 2.557467351270000108e+03 -4.432798620130000018e+03 -7.318272363650000443e+03 -1.292072231280000096e+02 4.418445108219999895e+01 -1.362019263650000056e+01
6.500000000000000222e-01 2.531794057869999961e+03 -4.818115414449999662e+03 -7.037382640509999874e+03 -1.297270334430000105e+02 4.628555529239999800e+01 -1.659131164600000119e+01
6.500000000000000222e-01 2.842208606810000219e+03 -4.519846448639999835e+03 -7.104996692030000304e+03 -1.308923806429999956e+02 4.392718985209999971e+01 -1.472037473880000036e+01
6.500000000000000222e-01 2.432156607519999852e+03 -4.755564898390000053e+03 -7.105480168129999583e+03 -1.289748583580000059e+02 4.684406127359999772e+01 -1.633147601039999941e+01
6.500000000000000222e-01 2.400054295890000049e+03 -4.708974299470000005e+03 -7.220218516160000036e+03 -1.272231414519999930e+02 4.610082578509999962e+01 -1.196745218470000083e+01
6.500000000000000222e-01 2.723946143889999803e+03 -4.645184781359999761e+03 -7.513925018289999571e+03 -1.297163921019999862e+02 4.250612887799999839e+01 -1.643459862150000106e+01
6.500000000000000222e-01 2.552176175739999962e+03 -4.423650735819999682e+03 -7.168654016589999628e+03 -1.291439713830000073e+02 4.434393190650000349e+01 -1.096794984049999933e+01
6.500000000000000222e-01 2.653694823469999847e+03 -4.405079716209999788e+03 -7.265280580339999688e+03 -1.299975582669999881e+02 4.386517504380000076e+01 -1.344426478239999945e+01
6.500000000000000222e-01 2.709998548770000070e+03 -4.575730287710000084e+03 -7.476231503730000441e+03 -1.275012987490000000e+02 4.143842277779999961e+01 -1.544093315419999968e+01
6.500000000000000222e-01 2.730101008879999881e+03 -4.572002224609999757e+03 -6.971502999299999829e+03 -1.307652018050000038e+02 4.471298300229999967e+01 -1.389820559430000024e+01
6.500000000000000222e-01 2.531788355409999895e+03 -4.772143904630000179e+03 -7.008652367339999728e+03 -1.292324974029999964e+02 4.895066118959999812e+01 -1.445780014340000008e+01
6.500000000000000222e-01 2.731097651250000126e+03 -4.485726936209999621e+03 -7.023209827820000100e+03 -1.302456042880000098e+02 4.686652417020000172e+01 -1.531635389240000045e+01
9.810000000000000000e+05 8.276562952030000451e+04 1.749881254339999970e+01 3.459725137340000219e+04 -1.191852193839999963e+01 2.648088863430000117e+01 -5.367304315660000213e+01
6.500000000000000222e-01 8.330868371379999735e+04 -1.400394400550000000e+03 3.653413695390000066e+04 -1.109754614929999939e+01 2.562518488210000100e+01 -5.405542570989999973e+01
6.500000000000000222e-01 8.434537388060000376e+04 1.318466366599999901e+03 3.324483123999999953e+04 -1.222115487680000001e+01 2.582180062129999953e+01 -5.452419332070000024e+01
6.500000000000000222e-01 8.346408365060000506e+04 -1.511987867990000041e+03 3.638419869669999753e+04 -1.215467390569999928e+01 2.740990509519999918e+01 -5.280161867950000243e+01
6.500000000000000222e-01 8.034886713020000025e+04 -1.454443673849999925e+02 3.419520451209999737e+04 -1.212756000689999958e+01 2.650450954069999909e+01 -5.355792940509999767e+01
6.500000000000000222e-01 8.446274509080000280e+04 1.610625668529999984e+03 3.382350199150000117e+04 -1.166931714410000076e+01 2.675120756200000116e+01 -5.239408735840000020e+01
6.500000000000000222e-01 8.167746027440000034e+04 2.212575600059999942e+03 3.468168635519999953e+04 -1.193532688510000028e+01 2.630795968580000022e+01 -5.411330641339999659e+01
6.500000000000000222e-01 8.225067577919999894e+04 6.126935857380000243e+02 3.691914976729999762e+04 -1.096563987929999939e+01 2.546066658149999995e+01 -5.337196187309999829e+01
6.500000000000000222e-01 8.273829313469999761e+04 2.469172430269999950e+03 3.457596009130000311e+04 -1.191053560389999966e+01 2.631472276670000099e+01 -5.408436040050000315e+01
6.500000000000000222e-01 8.256206122299999697e+04 9.078240571349999755e+02 3.231835740129999976e+04 -1.212501786470000020e+01 2.579063772909999841e+01 -5.396524539299999645e+01
6.500000000000000222e-01 8.168363353399999323e+04 -5.021353519410000077e-01 3.239476250620000064e+04 -1.189138034529999999e+01 2.649495264939999828e+01 -5.373548727139999670e+01
6.500000000000000222e-01 8.452388601889999700e+04 -1.122845852120000018e+03 3.333359595629999967e+04 -1.178296634139999988e+01 2.657417011240000093e+01 -5.284506288360000070e+01
6.500000000000000222e-01 8.218503227290000359e+04 5.641871729079999653e+01 3.697945701520000148e+04 -1.178222591349999959e+01 2.649410434050000163e+01 -5.378431113319999923e+01
6.500000000000000222e-01 8.179340021079999860e+04 -1.835798671439999907e+03 3.588170117639999808e+04 -1.136185045859999931e+01 2.613280065029999832e+01 -5.368899283990000271e+01
6.500000000000000222e-01 8.244757630450000579e+04 -2.325370348540000123e+03 3.393246305579999898e+04 -1.168833707639999986e+01 2.661973588389999890e+01 -5.451173350959999908e+01
6.500000000000000222e-01 8.113133609599999909e+04 -1.801616664260000107e+03 3.479279764889999933e+04 -1.190589814800000035e+01 2.662347224790000055e+01 -5.266191586090000243e+01
6.500000000000000222e-01 8.393073951709999528e+04 -1.947030840290000015e+03 3.372772125249999954e+04 -1.214912331430000059e+01 2.679503012680000040e+01 -5.310082103389999730e+01
6.500000000000000222e-01 8.510382613319999655e+04 6.280053264189999709e+02 3.503345953369999916e+04 -1.161736411619999920e+01 2.641628884940000077e+01 -5.414315263799999656e+01
6.500000000000000222e-01 8.520622920869999507e+04 2.725744641979999869e+02 3.466135018490000220e+04 -1.179265370659999945e+01 2.646741175520000056e+01 -5.336300104669999911e+01
6.500000000000000222e-01 8.163734515229999670e+04 -1.458356023779999987e+03 3.299263950360000308e+04 -1.139577722249999958e+01 2.634705850479999967e+01 -5.402168789819999972e+01
6.500000000000000222e-01 8.186700122039999405e+04 7.932711401740000383e+02 3.674687792690000060e+04 -1.156824373259999916e+01 2.622233938329999958e+01 -5.339285762210000286e+01
6.500000000000000222e-01 8.190763321080000605e+04 1.344162567520000039e+03 3.271492761139999857e+04 -1.279774032719999965e+01 2.739905415260000154e+01 -5.289310905159999976e+01
6.500000000000000222e-01 8.430764518550000503e+04 -1.478887393479999901e+03 3.339903554920000170e+04 -1.180803572239999966e+01 2.648432936669999904e+01 -5.416022898170000133e+01
6.500000000000000222e-01 8.376655357639999420e+04 -2.207415103740000177e+03 3.484428507019999961e+04 -1.181326216859999967e+01 2.651388887559999930e+01 -5.491279100919999934e+01
6.500000000000000222e-01 8.283146102079999400e+04 1.463776806679999936e+03 3.261295688860000155e+04 -1.234312277539999947e+01 2.761176560930000079e+01 -5.297378422460000280e+01
6.500000000000000222e-01 8.468987675399999716e+04 -1.371999888280000050e+03 3.523835259650000080e+04 -1.146494747140000037e+01 2.628917352919999928e+01 -5.427462086820000309e+01
6.500000000000000222e-01 8.149798546080000233e+04 1.781313182749999896e+03 3.572262853419999738e+04 -1.139290735950000055e+01 2.572308367260000139e+01 -5.285144041259999881e+01
6.500000000000000222e-01 8.431040981850000389e+04 -1.306015983109999979e+03 3.595792348659999698e+04 -1.172579703269999918e+01 2.656950231389999928e+01 -5.433296856970000022e+01
6.500000000000000222e-01 8.433334153710000101e+04 9.385494818939999959e+02 3.295292534159999923e+04 -1.149340170860000043e+01 2.697899638670000044e+01 -5.274895221180000249e+01
6.500000000000000222e-01 8.237967569180000282e+04 -2.831384113469999875e+02 3.219348469119999936e+04 -1.296408804510000046e+01 2.595022828049999930e+01 -5.338507891329999921e+01
6.500000000000000222e-01 8.257502164659999835e+04 -2.890045883700000218e+02 3.217135679890000029e+04 -1.254189919120000063e+01 2.604413485599999944e+01 -5.347676792250000233e+01
6.500000000000000222e-01 8.059733618929999648e+04 -6.645130152589999852e+02 3.552420267710000189e+04 -1.237906033390000005e+01 2.655362328420000040e+01 -5.452636646290000044e+01
6.500000000000000222e-01 8.311443258659999992e+04 2.217416608710000219e+03 3.563999697020000167e+04 -1.234678944080000029e+01 2.679444188640000135e+01 -5.360188240819999805e+01
6.500000000000000222e-01 8.179621301599999424e+04 1.914665881319999926e+03 3.579312626340000133e+04 -1.167625342040000014e+01 2.629321890780000004e+01 -5.444548698210000026e+01
6.500000000000000222e-01 8.412776119950000430e+04 -1.875069604810000101e+03 3.534961682570000266e+04 -1.171756391439999945e+01 2.642428749049999936e+01 -5.476690410799999853e+01
6.500000000000000222e-01 8.473727217769999697e+04 1.326483705079999936e+03 3.394702338400000008e+04 -1.168526530449999967e+01 2.619620737800000043e+01 -5.366899941009999964e+01
6.500000000000000222e-01 8.279275973439999507e+04 8.347388053490000175e+02 3.691117111789999763e+04 -1.201100953889999978e+01 2.765072049910000018e+01 -5.409802446709999657e+01
6.500000000000000222e-01 8.460522963050000544e+04 -1.462336356410000008e+03 3.524802834910000092e+04 -1.206062559439999937e+01 2.683082615460000042e+01 -5.325584409700000066e+01
6.500000000000000222e-01 8.033674782180000329e+04 -2.269936459539999873e+01 3.494877153240000189e+04 -1.223535253600000061e+01 2.648088224079999975e+01 -5.511180834030000142e+01
6.500000000000000222e-01 8.349928441619999649e+04 2.095952237309999873e+03 3.568450374089999968e+04 -1.226654959610000084e+01 2.693966463840000003e+01 -5.390526987930000047e+01
6.500000000000000222e-01 8.508306286489999911e+04 3.749844161650000274e+02 3.532238727050000307e+04 -1.197642642489999965e+01 2.648261986580000027e+01 -5.303353823329999983e+01
4.560000000000000000e+04 8.425936493170000176e+03 1.952200489629999993e+03 1.953978850439999951e+04 1.993805062700000121e+02 -6.236085322329999769e+01 1.885457840750000003e+02
6.500000000000000222e-01 8.491921541499999876e+03 1.929166939330000105e+03 1.973595679039999959e+04 1.986847482169999921e+02 -6.184719094310000287e+01 1.892072453639999878e+02
6.500000000000000222e-01 8.377292158379999819e+03 2.000098143599999958e+03 1.934211582270000144e+04 1.985665719039999999e+02 -6.186717701780000311e+01 1.884815446069999894e+02
6.500000000000000222e-01 8.378819892839999738e+03 1.976704699630000050e+03 1.973983240769999975e+04 2.005554755809999961e+02 -6.275687324359999764e+01 1.890778692849999914e+02
6.500000000000000222e-01 8.528171388400000069e+03 1.814193364709999969e+03 1.944208909209999911e+04 1.986661528099999998e+02 -6.162818183449999765e+01 1.878264674700000114e+02
6.500000000000000222e-01 8.533461822299999767e+03 1.803570067650000055e+03 1.947249903080000149e+04 1.989265748550000126e+02 -6.194060747990000237e+01 1.889590576500000054e+02
6.500000000000000222e-01 8.328135563210000328e+03 1.919464697200000046e+03 1.971688147570000001e+04 1.993614402489999975e+02 -6.217562029639999821e+01 1.884794783799999891e+02
6.500000000000000222e-01 8.328596590029999788e+03 1.902685514170000033e+03 1.936242294910000055e+04 2.000298558970000045e+02 -6.222953315569999688e+01 1.877431779350000056e+02
6.500000000000000222e-01 8.550467138739999427e+03 1.943652267850000044e+03 1.937886773149999863e+04 1.982442175140000131e+02 -6.235499506720000085e+01 1.878389093829999865e+02
6.500000000000000222e-01 8.550356921059999877e+03 1.833585680529999991e+03 1.963539086989999851e+04 1.990751693629999863e+02 -6.185516662429999712e+01 1.884762741989999881e+02
6.500000000000000222e-01 8.363988288430000466e+03 1.773688147609999987e+03 1.947480738059999931e+04 1.991708967520000044e+02 -6.167221730330000184e+01 1.880549673900000016e+02
6.500000000000000222e-01 8.475738742640000055e+03 1.819744325229999959e+03 1.967836378669999976e+04 1.989353781769999898e+02 -6.126418629350000344e+01 1.892174346989999947e+02
6.500000000000000222e-01 8.598106788990000496e+03 1.848292770159999918e+03 1.952741392460000134e+04 1.990507739619999938e+02 -6.211008934550000049e+01 1.877237300429999891e+02
6.500000000000000222e-01 8.479359854050000649e+03 1.773237087400000064e+03 1.959653916469999967e+04 1.990861215920000120e+02 -6.173901894629999987e+01 1.883201600269999858e+02
6.500000000000000222e-01 8.472737157109999316e+03 1.818188421060000110e+03 1.969566438629999902e+04 1.999744531720000111e+02 -6.277025112409999963e+01 1.884112603519999993e+02
6.500000000000000222e-01 8.347219014820000666e+03 2.027185816870000053e+03 1.936083806600000025e+04 1.996841371159999881e+02 -6.297978402630000261e+01 1.877663094090000016e+02
6.500000000000000222e-01 8.620180867319999379e+03 1.997072921489999999e+03 1.951021310680000170e+04 1.989246996360000139e+02 -6.244929917479999659e+01 1.878402933870000027e+02
6.500000000000000222e-01 8.381894612950000010e+03 2.141910698099999991e+03 1.959609914099999878e+04 1.995610094330000095e+02 -6.291158604929999854e+01 1.895921129959999973e+02
6.500000000000000222e-01 8.582789364070000374e+03 1.992225098330000037e+03 1.966687345600000117e+04 1.995590271570000027e+02 -6.217517599819999674e+01 1.884315633740000067e+02
6.500000000000000222e-01 8.567126278829999137e+03 2.095422172080000109e+03 1.955387023140000019e+04 1.991789070430000095e+02 -6.268804020190000159e+01 1.889262856619999980e+02
6.500000000000000222e-01 8.465482058870000401e+03 2.141020388179999827e+03 1.960796402890000172e+04 1.992460033389999978e+02 -6.283359999489999836e+01 1.895793018850000067e+02
6.500000000000000222e-01 8.617633246979999967e+03 2.016746948830000065e+03 1.953754011489999903e+04 1.990974752699999897e+02 -6.245521525899999915e+01 1.878742460699999981e+02
6.500000000000000222e-01 8.314714172050000343e+03 1.823613047620000089e+03 1.964810306969999874e+04 1.999356433209999864e+02 -6.165427736440000217e+01 1.893304902749999883e+02
6.500000000000000222e-01 8.236723974919999819e+03 1.931497338249999984e+03 1.946868476160000137e+04 1.995901119410000035e+02 -6.242476414360000092e+01 1.884744588560000125e+02
6.500000000000000222e-01 8.400801855690000593e+03 2.150369140559999778e+03 1.953151818709999861e+04 1.994857780369999887e+02 -6.277263292340000334e+01 1.894513584169999945e+02
6.500000000000000222e-01 8.495745335580000756e+03 1.963196878969999943e+03 1.973672466329999952e+04 1.990614084009999942e+02 -6.240050766710000119e+01 1.890681455239999877e+02
6.500000000000000222e-01 8.356076678220000758e+03 1.767202017549999937e+03 1.950854382229999828e+04 1.992660560580000038e+02 -6.189780562850000223e+01 1.887749910070000112e+02
6.500000000000000222e-01 8.514749721789999967e+03 2.091123022260000198e+03 1.942257389189999958e+04 1.987298953920000031e+02 -6.300072250169999677e+01 1.877917436380000140e+02
6.500000000000000222e-01 8.389410667329999342e+03 1.760703309010000112e+03 1.960162013809999917e+04 1.997732118970000101e+02 -6.225420736910000130e+01 1.883145364119999954e+02
6.500000000000000222e-01 8.604054046519999247e+03 1.902059887160000017e+03 1.962508772139999928e+04 1.995364662849999888e+02 -6.225977511970000222e+01 1.880345370619999983e+02
6.500000000000000222e-01 8.271807122930000332e+03 1.825765088359999936e+03 1.950408873559999847e+04 1.995114535159999889e+02 -6.201491863540000082e+01 1.882692586800000072e+02
6.500000000000000222e-01 8.326212212250000448e+03 2.080991389740000159e+03 1.966243540909999865e+04 2.000141283769999916e+02 -6.298164295969999671e+01 1.894659810089999894e+02
6.500000000000000222e-01 8.499958088530000168e+03 2.016842100739999978e+03 1.935962536109999928e+04 1.997419208610000112e+02 -6.206883573390000208e+01 1.888263647310000124e+02
6.500000000000000222e-01 8.545075515590000578e+03 1.801678802729999916e+03 1.960829541230000177e+04 1.995180157300000019e+02 -6.233043758200000184e+01 1.878289600829999983e+02
6.500000000000000222e-01 8.590194819910000660e+03 2.067949083099999825e+03 1.952062805239999943e+04 1.990635092359999874e+02 -6.260865785440000053e+01 1.878283323260000088e+02
6.500000000000000222e-01 8.518806645340000614e+03 2.125355549760000031e+03 1.949963416000000143e+04 1.992131926369999917e+02 -6.291504609230000256e+01 1.879303804500000012e+02
6.500000000000000222e-01 8.286258046169999943e+03 1.826056299930000023e+03 1.961074567839999872e+04 1.999454261980000069e+02 -6.194420477429999750e+01 1.892940598280000017e+02
6.500000000000000222e-01 8.286169533669999510e+03 2.093066269379999994e+03 1.957337614519999988e+04 1.995505859479999913e+02 -6.250411245010000272e+01 1.875608595049999963e+02
6.500000000000000222e-01 8.546657408959999884e+03 1.802210177800000110e+03 1.961552991939999993e+04 1.993111305289999962e+02 -6.204340511809999725e+01 1.891868954569999914e+02
6.500000000000000222e-01 8.596066283669999393e+03 2.033534056259999943e+03 1.961908103589999882e+04 1.988839676579999889e+02 -6.258044918779999932e+01 1.898026478269999870e+02
6.500000000000000222e-01 8.331839725499999986e+03 1.898626490760000024e+03 1.971376695620000100e+04 1.989941710269999930e+02 -6.247110032190000339e+01 1.882255558919999885e+02
1.390000000000000000e+04 -1.185057106299999941e+04 4.052605706649999775e+03 9.514504906340000161e+03 -2.258983273730000008e+02 1.986346659330000080e+02 -3.448762609550000207e+02
6.500000000000000222e-01 -1.195793674889999966e+04 4.141972949039999548e+03 9.547168619320000289e+03 -2.260809820119999927e+02 1.985969061369999906e+02 -3.451338426020000156e+02
6.500000000000000222e-01 -1.192362946600000032e+04 4.031541597729999921e+03 9.639007650379999177e+03 -2.264903973790000009e+02 1.986208757960000071e+02 -3.448609736700000212e+02
6.500000000000000222e-01 -1.177477440390000083e+04 4.032638606779999918e+03 9.632154039180000836e+03 -2.263713187870000070e+02 1.986950136730000054e+02 -3.448780386799999746e+02
6.500000000000000222e-01 -1.176215722859999914e+04 4.091115969779999887e+03 9.404894650370000818e+03 -2.252442834750000031e+02 1.986251373249999972e+02 -3.447562441829999784e+02
6.500000000000000222e-01 -1.174747280949999913e+04 4.123755624219999845e+03 9.575570087030000650e+03 -2.264279051290000098e+02 1.983444940900000120e+02 -3.445224605619999920e+02
6.500000000000000222e-01 -1.189324137060000066e+04 4.137920474440000362e+03 9.624136747910000850e+03 -2.260089505109999948e+02 1.981029723260000139e+02 -3.441883967239999720e+02
6.500000000000000222e-01 -1.180036283430000003e+04 3.936523422570000093e+03 9.458108351790000597e+03 -2.258293548160000057e+02 1.988858184409999978e+02 -3.446794461239999805e+02
6.500000000000000222e-01 -1.189715959400000065e+04 3.929916384929999822e+03 9.560777974329999779e+03 -2.259633230249999940e+02 1.992609733360000064e+02 -3.443550493490000122e+02
6.500000000000000222e-01 -1.185705868200000077e+04 3.935583883329999935e+03 9.599969908760000180e+03 -2.257553604930000120e+02 1.986301154139999880e+02 -3.449624741490000019e+02
6.500000000000000222e-01 -1.179518389629999911e+04 4.154590022489999683e+03 9.589792812300000151e+03 -2.260075042340000095e+02 1.980089759939999965e+02 -3.447100919640000143e+02
6.500000000000000222e-01 -1.171282799949999935e+04 4.044131685299999845e+03 9.477801968870000564e+03 -2.260567023659999961e+02 1.985860687199999859e+02 -3.456929536439999993e+02
6.500000000000000222e-01 -1.182510459550000087e+04 3.917264808219999850e+03 9.478070796660000269e+03 -2.256496047329999897e+02 1.987235127129999910e+02 -3.444839843039999892e+02
6.500000000000000222e-01 -1.176055452370000057e+04 3.943917093680000107e+03 9.491702243679999810e+03 -2.258240141640000047e+02 1.988255135919999930e+02 -3.451736565400000245e+02
6.500000000000000222e-01 -1.184182579269999951e+04 3.956309341029999814e+03 9.405564519949999521e+03 -2.253884659390000138e+02 1.982342078449999860e+02 -3.446964773459999947e+02
6.500000000000000222e-01 -1.196261117709999962e+04 4.049461349610000070e+03 9.607162795809999807e+03 -2.261788352609999890e+02 1.987303597469999943e+02 -3.447506913860000282e+02
6.500000000000000222e-01 -1.173873602360000041e+04 3.967845559870000216e+03 9.491685285269999440e+03 -2.258100568369999905e+02 1.987330298040000116e+02 -3.445952897249999864e+02
6.500000000000000222e-01 -1.178691308009999921e+04 4.012312584369999968e+03 9.391881870530000015e+03 -2.259878703530000053e+02 1.989403614539999978e+02 -3.453027506139999900e+02
6.500000000000000222e-01 -1.178640851680000014e+04 4.031922212789999776e+03 9.638461367109999628e+03 -2.258115595989999917e+02 1.986072066119999988e+02 -3.452071621420000156e+02
6.500000000000000222e-01 -1.194552686609999910e+04 3.951880179990000215e+03 9.498076284169999781e+03 -2.257422433350000119e+02 1.990238859860000105e+02 -3.448741168130000005e+02
6.500000000000000222e-01 -1.191128137849999985e+04 4.164500125419999677e+03 9.566283105570000771e+03 -2.258210136890000115e+02 1.981757359270000052e+02 -3.446155405549999955e+02
6.500000000000000222e-01 -1.182096727339999961e+04 3.945888118610000220e+03 9.605480236839999634e+03 -2.260233773129999975e+02 1.991266735119999964e+02 -3.445101410479999799e+02
6.500000000000000222e-01 -1.190324125450000065e+04 4.054246041750000131e+03 9.382700411609999719e+03 -2.249626327150000122e+02 1.985656993139999997e+02 -3.450951924299999973e+02
6.500000000000000222e-01 -1.194315788550000070e+04 4.088550471290000132e+03 9.623874787419999848e+03 -2.264618488490000061e+02 1.988387538350000057e+02 -3.448042185479999944e+02
6.500000000000000222e-01 -1.177887971119999929e+04 4.121887179080000351e+03 9.410687205570000515e+03 -2.259437082910000072e+02 1.985836920030000101e+02 -3.450571229689999768e+02
6.500000000000000222e-01 -1.191882334210000045e+04 3.991933762870000010e+03 9.406950242580000122e+03 -2.259537214590000076e+02 1.985800356379999982e+02 -3.444785113379999757e+02
6.500000000000000222e-01 -1.186667947640000057e+04 3.974360762719999911e+03 9.394105726679999862e+03 -2.253618690659999970e+02 1.983129369629999985e+02 -3.448033553120000079e+02
6.500000000000000222e-01 -1.187383672040000056e+04 3.973294031370000084e+03 9.399594647140000234e+03 -2.258126561930000094e+02 1.984999210830000038e+02 -3.446369110360000150e+02
6.500000000000000222e-01 -1.171588861890000044e+04 4.041152950929999861e+03 9.466998440029999983e+03 -2.260620844970000007e+02 1.985998209370000041e+02 -3.456830225080000218e+02
6.500000000000000222e-01 -1.183356828789999963e+04 4.005922969350000130e+03 9.648432072120000157e+03 -2.264700757900000099e+02 1.994021606590000033e+02 -3.445808363020000229e+02
6.500000000000000222e-01 -1.184803359799999998e+04 3.916499309780000203e+03 9.488500259419999566e+03 -2.258384309850000022e+02 1.989531002980000096e+02 -3.444374165500000231e+02
6.500000000000000222e-01 -1.182585444160000043e+04 3.914445789030000014e+03 9.519513188670000090e+03 -2.258446920599999999e+02 1.989285714689999907e+02 -3.455752418939999870e+02
6.500000000000000222e-01 -1.178216625360000035e+04 4.008787772059999952e+03 9.392752716080000027e+03 -2.260881565589999980e+02 1.989578983119999975e+02 -3.455668306559999792e+02
6.500000000000000222e-01 -1.170930809330000011e+04 4.062151028109999970e+03 9.513860713449999821e+03 -2.260142749670000057e+02 1.985407726850000074e+02 -3.446271402579999972e+02
6.500000000000000222e-01 -1.178891425460000028e+04 4.112437380059999668e+03 9.398190474990000439e+03 -2.261025994640000079e+02 1.983393830009999874e+02 -3.453249494170000276e+02
6.500000000000000222e-01 -1.185471649550000075e+04 3.917920042209999792e+03 9.549906521740000244e+03 -2.259314796829999921e+02 1.991795189990000097e+02 -3.443040385900000047e+02
6.500000000000000222e-01 -1.194459908940000059e+04 4.146602200600000288e+03 9.462532937609999863e+03 -2.259624365260000047e+02 1.986455054269999891e+02 -3.442320727900000179e+02
6.500000000000000222e-01 -1.184700438369999938e+04 4.094076063510000040e+03 9.652881947739999305e+03 -2.263801376339999933e+02 1.980030822539999917e+02 -3.445330484969999816e+02
6.500000000000000222e-01 -1.178234499309999956e+04 4.039155454000000191e+03 9.385049595410000620e+03 -2.251520385620000013e+02 1.984512097580000045e+02 -3.449281236769999737e+02
6.500000000000000222e-01 -1.186612197750000087e+04 4.050847337400000015e+03 9.659103326720000041e+03 -2.256604665010000019e+02 1.988213928339999939e+02 -3.446380358760000036e+02
6.500000000000000222e-01 -1.191019330789999913e+04 4.033734149580000121e+03 9.646862856829999146e+03 -2.267421757330000105e+02 1.985940539489999992e+02 -3.448842023170000175e+02
1.190000000000000000e+04 -7.848269423310000093e+03 5.824632227989999592e+03 -1.226347022810000090e+04 -2.586079654640000172e+02 -3.788361974650000263e+01 1.012460865380000001e+02
6.500000000000000222e-01 -7.931460623040000428e+03 5.732932319939999616e+03 -1.222028525090000039e+04 -2.583625323260000073e+02 -3.791218884850000137e+01 1.007977101909999931e+02
6.500000000000000222e-01 -7.936235537079999631e+03 5.734214798039999550e+03 -1.223068069900000046e+04 -2.582477156570000147e+02 -3.754470364880000233e+01 1.018063450909999972e+02
6.500000000000000222e-01 -7.732777989299999717e+03 5.859829555420000361e+03 -1.231182497010000043e+04 -2.587895578879999903e+02 -3.785034247629999982e+01 1.018272865229999979e+02
6.500000000000000222e-01 -7.748166142109999782e+03 5.741640539359999821e+03 -1.228100810079999974e+04 -2.588404937899999823e+02 -3.772374812279999645e+01 1.011106611480000055e+02
6.500000000000000222e-01 -7.864969786970000314e+03 5.918703430040000057e+03 -1.235903260399999999e+04 -2.586529909280000084e+02 -3.836850161619999966e+01 1.004359711909999930e+02
6.500000000000000222e-01 -7.925739195950000067e+03 5.926512856330000432e+03 -1.223367021639999984e+04 -2.584207163500000206e+02 -3.815588223750000196e+01 1.014844154759999952e+02
6.500000000000000222e-01 -7.813339882270000089e+03 5.816888436029999866e+03 -1.213207263070000045e+04 -2.582965519559999734e+02 -3.815928570030000344e+01 1.014471486019999986e+02
6.500000000000000222e-01 -7.966818660130000353e+03 5.797900375129999702e+03 -1.231194630279999910e+04 -2.584136115690000111e+02 -3.770189215020000262e+01 1.012545956710000041e+02
6.500000000000000222e-01 -7.887029811180000252e+03 5.729244686119999642e+03 -1.234629461009999977e+04 -2.585776817749999736e+02 -3.794086534630000074e+01 1.016287752289999986e+02
6.500000000000000222e-01 -7.824657809170000291e+03 5.773623560969999744e+03 -1.214105211989999952e+04 -2.586062891130000025e+02 -3.787545346830000170e+01 1.015136906869999933e+02
6.500000000000000222e-01 -7.945910960379999779e+03 5.739738814190000085e+03 -1.227477447629999915e+04 -2.583649571849999802e+02 -3.766101997540000212e+01 1.017785951160000053e+02
6.500000000000000222e-01 -7.807216108579999855e+03 5.778978510330000063e+03 -1.238049543579999954e+04 -2.585324188920000097e+02 -3.796244876000000090e+01 1.014871705150000025e+02
6.500000000000000222e-01 -7.914789763380000295e+03 5.889740306360000432e+03 -1.217253869739999936e+04 -2.580391214059999925e+02 -3.845320267219999977e+01 1.015898532230000058e+02
6.500000000000000222e-01 -7.774043819389999953e+03 5.930174617120000221e+03 -1.224745769020000080e+04 -2.588584417879999933e+02 -3.809912923040000265e+01 1.007462272559999974e+02
6.500000000000000222e-01 -7.758780851059999804e+03 5.806119457709999551e+03 -1.216462780360000033e+04 -2.589402377750000142e+02 -3.800205487219999867e+01 1.018052587420000066e+02
6.500000000000000222e-01 -7.973800116149999667e+03 5.850544777789999898e+03 -1.229049738640000032e+04 -2.583112842969999861e+02 -3.782800477890000224e+01 1.008598190719999934e+02
6.500000000000000222e-01 -7.764865780909999557e+03 5.850216922049999994e+03 -1.216098228480000034e+04 -2.587406869430000143e+02 -3.836957277759999840e+01 1.016305174099999959e+02
6.500000000000000222e-01 -7.820529794609999954e+03 5.821919222919999811e+03 -1.212991834369999924e+04 -2.578565198819999864e+02 -3.816004694770000327e+01 1.014011852569999945e+02
6.500000000000000222e-01 -7.843711209119999694e+03 5.772904123360000085e+03 -1.213863356449999992e+04 -2.586158298199999876e+02 -3.746877191069999924e+01 1.016981552579999999e+02
6.500000000000000222e-01 -7.846198106730000291e+03 5.954697842079999646e+03 -1.227131306450000011e+04 -2.586812453210000058e+02 -3.817879763300000207e+01 1.014023638379999994e+02
6.500000000000000222e-01 -7.725472776509999676e+03 5.786444544639999549e+03 -1.223074482890000036e+04 -2.588283209080000233e+02 -3.797325202489999896e+01 1.016498136189999997e+02
6.500000000000000222e-01 -7.905871589489999678e+03 5.709295797449999554e+03 -1.223729834970000047e+04 -2.582705037289999837e+02 -3.779830629799999997e+01 1.010298663199999964e+02
6.500000000000000222e-01 -7.752535121429999890e+03 5.905792309190000196e+03 -1.222824216530000012e+04 -2.586693940299999781e+02 -3.810654867870000118e+01 1.007231322669999969e+02
6.500000000000000222e-01 -7.829631484960000307e+03 5.695896484930000042e+03 -1.224820579990000078e+04 -2.585652961549999986e+02 -3.756658643890000349e+01 1.019148565619999971e+02
6.500000000000000222e-01 -7.969408198549999724e+03 5.784142966069999602e+03 -1.223955434059999970e+04 -2.581947768939999719e+02 -3.769892716870000271e+01 1.015830193299999991e+02
6.500000000000000222e-01 -7.928997636420000163e+03 5.881768167369999901e+03 -1.235677551660000063e+04 -2.589462902199999803e+02 -3.754894719210000176e+01 1.012971230100000071e+02
6.500000000000000222e-01 -7.845583605220000209e+03 5.699218099099999563e+03 -1.223162512989999959e+04 -2.586080772849999789e+02 -3.754249557749999866e+01 1.013720721770000068e+02
6.500000000000000222e-01 -7.827036053329999959e+03 5.921188855479999802e+03 -1.235537113750000026e+04 -2.587540108960000111e+02 -3.752554699619999923e+01 1.013968858719999986e+02
6.500000000000000222e-01 -7.926247444849999738e+03 5.930664727319999656e+03 -1.225124108970000088e+04 -2.585673304079999753e+02 -3.798987084270000025e+01 1.004593448060000043e+02
6.500000000000000222e-01 -7.924474919680000312e+03 5.856270177039999908e+03 -1.215963937810000061e+04 -2.586224108939999837e+02 -3.790722429739999910e+01 1.009902701219999983e+02
6.500000000000000222e-01 -7.958836888679999902e+03 5.813711108249999597e+03 -1.219570333159999973e+04 -2.584624946829999885e+02 -3.795831485659999771e+01 1.007692858390000055e+02
6.500000000000000222e-01 -7.906528610999999728e+03 5.767504479920000449e+03 -1.215730866590000005e+04 -2.579908434359999774e+02 -3.752828415719999811e+01 1.018018168880000047e+02
6.500000000000000222e-01 -7.800445994439999595e+03 5.884668360679999751e+03 -1.215454903700000068e+04 -2.582705409839999788e+02 -3.784283526480000148e+01 1.010370133100000061e+02
6.500000000000000222e-01 -7.856021334019999813e+03 5.955836820720000105e+03 -1.226555245590000050e+04 -2.587035956060000217e+02 -3.812193759609999688e+01 1.015781535039999994e+02
6.500000000000000222e-01 -7.968541304929999569e+03 5.831968187980000039e+03 -1.231906516860000011e+04 -2.582538272119999760e+02 -3.771278634629999971e+01 1.005714539239999965e+02
6.500000000000000222e-01 -7.841746292249999897e+03 5.898747440119999737e+03 -1.237533285190000061e+04 -2.586368449110000256e+02 -3.768022060090000025e+01 1.011905482319999976e+02
6.500000000000000222e-01 -7.778339770010000393e+03 5.894046279109999887e+03 -1.235272138860000086e+04 -2.586184245630000191e+02 -3.789050102920000285e+01 1.013876780890000049e+02
6.500000000000000222e-01 -7.913552754620000087e+03 5.755576797370000349e+03 -1.235421936529999948e+04 -2.585907632799999760e+02 -3.712291987950000305e+01 1.008921749590000019e+02
6.500000000000000222e-01 -7.744345811479999611e+03 5.745311940800000230e+03 -1.227336582869999984e+04 -2.588316611469999771e+02 -3.775747072499999746e+01 1.012598041400000000e+02
6.500000000000000222e-01 -7.797303765220000059e+03 5.921594934830000057e+03 -1.233896499849999964e+04 -2.586935681209999984e+02 -3.773285370770000213e+01 1.015104016949999988e+02
