3.450000000000000000e+05 3.737371064370000113e+03 -4.992579018839999662e+03 -6.963614667159999954e+03 -1.171890643159999996e+02 2.735351448160000132e+01 -4.632893802760000312e+01
6.500000000000000222e-01 3.908550286459999825e+03 -5.164975497280000127e+03 -6.843247488680000060e+03 -1.184928883500000012e+02 2.861904571730000058e+01 -4.714344930859999749e+01
6.500000000000000222e-01 3.591400966719999815e+03 -5.099866253049999614e+03 -6.746557232140000451e+03 -1.157831579430000062e+02 2.868098003629999937e+01 -4.523202152449999858e+01
6.500000000000000222e-01 3.552518332699999974e+03 -5.053614513219999935e+03 -6.753206305470000189e+03 -1.160822786760000014e+02 2.930515360729999941e+01 -4.449838271880000207e+01
6.500000000000000222e-01 3.669106644940000024e+03 -5.243586663009999938e+03 -6.863895435479999833e+03 -1.166812998470000053e+02 2.919619227300000119e+01 -4.481731217739999806e+01
6.500000000000000222e-01 3.819904184859999987e+03 -5.131764629539999987e+03 -6.727772340559999975e+03 -1.174156363209999938e+02 2.821547308939999965e+01 -4.634772560430000254e+01
6.500000000000000222e-01 3.786562630230000195e+03 -4.869663314329999594e+03 -6.708049978269999883e+03 -1.173877715809999955e+02 2.964824161969999849e+01 -4.674355459729999751e+01
6.500000000000000222e-01 3.613909707140000137e+03 -4.933739068040000348e+03 -6.708182859810000082e+03 -1.188778946780000041e+02 2.877325220850000065e+01 -4.629506624449999919e+01
6.500000000000000222e-01 3.810977238760000091e+03 -4.883022099120000348e+03 -6.709236335280000276e+03 -1.180133764729999939e+02 2.939857522830000036e+01 -4.662683891820000071e+01
6.500000000000000222e-01 3.896806556280000223e+03 -5.038290961589999824e+03 -6.735991776339999888e+03 -1.174714869569999962e+02 2.754198557759999844e+01 -4.719400631690000125e+01
6.500000000000000222e-01 3.806256511290000162e+03 -4.981498083159999624e+03 -6.687285471770000186e+03 -1.161157551689999963e+02 2.840255503059999853e+01 -4.667078144900000325e+01
6.500000000000000222e-01 3.606251491110000188e+03 -5.096037835240000277e+03 -6.734040771119999590e+03 -1.156520299980000033e+02 2.940778003990000045e+01 -4.475833727500000236e+01
6.500000000000000222e-01 3.486522125729999971e+03 -4.906892018960000314e+03 -6.861649631129999761e+03 -1.168410524869999989e+02 2.782156662399999902e+01 -4.595418549019999688e+01
6.500000000000000222e-01 3.664295821140000044e+03 -4.780058164299999589e+03 -6.796096303510000325e+03 -1.170913892690000040e+02 2.706126087699999871e+01 -4.593246316769999993e+01
6.500000000000000222e-01 3.522201434780000000e+03 -4.903408300590000181e+03 -6.789097857769999791e+03 -1.185765637580000060e+02 2.872268195279999858e+01 -4.697046264549999961e+01
6.500000000000000222e-01 3.514076503140000113e+03 -5.038912983909999639e+03 -6.795529874720000407e+03 -1.165124993940000024e+02 2.828620766110000062e+01 -4.559665994070000039e+01
6.500000000000000222e-01 3.667082192920000125e+03 -5.095001811500000258e+03 -6.708000208710000152e+03 -1.187404832969999973e+02 2.695583133530000097e+01 -4.713976687699999957e+01
6.500000000000000222e-01 3.581394679680000081e+03 -5.032359698420000313e+03 -6.725173703739999837e+03 -1.156223165100000045e+02 2.917718461129999952e+01 -4.440349510779999775e+01
6.500000000000000222e-01 3.698536965199999941e+03 -4.742980711639999754e+03 -6.838254199209999570e+03 -1.174752881860000002e+02 2.745431233809999938e+01 -4.680413273900000348e+01
6.500000000000000222e-01 3.932545675379999921e+03 -4.845705169249999926e+03 -6.827385896040000262e+03 -1.180004746150000017e+02 2.800050056359999928e+01 -4.794971445769999718e+01
6.500000000000000222e-01 3.812159669669999857e+03 -4.738617319650000354e+03 -6.851265990339999917e+03 -1.188512392760000012e+02 2.803774702320000145e+01 -4.655212552940000137e+01
6.500000000000000222e-01 3.647180167609999899e+03 -4.915812578410000242e+03 -6.700927290919999905e+03 -1.165366711079999931e+02 2.709477728590000112e+01 -4.503962670779999655e+01
6.500000000000000222e-01 3.645287302329999875e+03 -4.876727687010000409e+03 -6.712942188500000157e+03 -1.189130670800000047e+02 2.949084189779999932e+01 -4.643549664540000066e+01
6.500000000000000222e-01 3.621453802319999795e+03 -5.135874036770000203e+03 -6.748967880420000256e+03 -1.178374411820000063e+02 2.708014490180000067e+01 -4.755258085079999830e+01
6.500000000000000222e-01 3.574283048839999992e+03 -4.972720161129999724e+03 -6.724765714739999567e+03 -1.180772151310000027e+02 2.860044519319999878e+01 -4.598562064810000294e+01
6.500000000000000222e-01 3.561489117359999909e+03 -4.992344706099999712e+03 -6.734828466560000379e+03 -1.168096670449999976e+02 2.856054389159999829e+01 -4.523364690780000075e+01
6.500000000000000222e-01 3.749595417829999860e+03 -4.815237466419999691e+03 -6.731842237670000031e+03 -1.185109111130000059e+02 2.986003974009999951e+01 -4.669612131339999905e+01
6.500000000000000222e-01 3.609787706760000219e+03 -4.834276178539999819e+03 -6.763457965640000111e+03 -1.163636869300000001e+02 2.643201147719999966e+01 -4.402904578489999921e+01
6.500000000000000222e-01 3.682365265970000110e+03 -5.041548698149999836e+03 -6.687085119039999881e+03 -1.160690404660000041e+02 2.978686294819999958e+01 -4.542446637310000312e+01
6.500000000000000222e-01 3.701484387450000213e+03 -4.900587988819999737e+03 -6.694207084470000154e+03 -1.174685402409999995e+02 2.769350243490000096e+01 -4.576735759809999848e+01
6.500000000000000222e-01 3.862996804609999799e+03 -4.834503049760000067e+03 -6.763974394249999932e+03 -1.195858716529999981e+02 2.637490052969999965e+01 -4.427397573409999865e+01
6.500000000000000222e-01 3.639602262140000221e+03 -5.063818898020000233e+03 -6.705413183020000361e+03 -1.181917163100000039e+02 2.916296691819999864e+01 -4.618942851949999806e+01
6.500000000000000222e-01 3.855738091440000062e+03 -4.939568715979999979e+03 -6.711580948439999702e+03 -1.202555425890000009e+02 2.710807893799999846e+01 -4.510419141370000062e+01
6.500000000000000222e-01 3.715234528580000188e+03 -4.989776603059999616e+03 -6.676569732140000269e+03 -1.157218246270000037e+02 2.874401670689999833e+01 -4.568310906020000317e+01
6.500000000000000222e-01 3.946904417040000226e+03 -4.827971490339999946e+03 -6.878486689639999895e+03 -1.176992073849999940e+02 2.678962774700000082e+01 -4.771548043519999993e+01
6.500000000000000222e-01 3.742354904719999922e+03 -5.009582569700000022e+03 -6.677992536359999576e+03 -1.173020191810000057e+02 2.666042180790000060e+01 -4.618574779509999928e+01
6.500000000000000222e-01 3.736738466440000138e+03 -4.942007775099999890e+03 -6.680950088980000146e+03 -1.177337772059999992e+02 2.773735489499999929e+01 -4.590442171490000334e+01
6.500000000000000222e-01 3.754420452920000116e+03 -4.741208285949999663e+03 -6.811956679539999641e+03 -1.191404896699999938e+02 2.844413495039999873e+01 -4.588357269280000139e+01
6.500000000000000222e-01 3.599279680520000056e+03 -5.189476817349999692e+03 -6.826119577090000348e+03 -1.177796773459999997e+02 2.907801200460000146e+01 -4.725388736739999729e+01
6.500000000000000222e-01 3.883828954869999961e+03 -4.839623064899999918e+03 -6.777295089240000380e+03 -1.173964835350000016e+02 2.688604305360000168e+01 -4.663468682029999712e+01
6.500000000000000222e-01 3.653976723530000072e+03 -5.176761085029999776e+03 -6.770846359350000057e+03 -1.167880833140000050e+02 3.019371495300000063e+01 -4.489819440939999851e+01
6.500000000000000222e-01 3.646427857680000216e+03 -4.775993318220000219e+03 -6.775992399880000448e+03 -1.185896112820000070e+02 2.796779161070000086e+01 -4.439141623060000086e+01
6.500000000000000222e-01 3.860725615089999792e+03 -4.877892021380000187e+03 -6.734962697199999639e+03 -1.174732706439999959e+02 2.903524864930000149e+01 -4.725022954869999836e+01
6.500000000000000222e-01 3.641351315739999791e+03 -4.788436306059999879e+03 -6.777287975049999659e+03 -1.185331179060000011e+02 2.914643243169999920e+01 -4.682976457680000237e+01
6.500000000000000222e-01 3.690965321010000025e+03 -4.990153617949999898e+03 -6.679927238709999983e+03 -1.174615697570000066e+02 2.845426223440000157e+01 -4.589569989980000031e+01
6.500000000000000222e-01 3.785691225900000063e+03 -4.941655810369999926e+03 -6.685717785079999885e+03 -1.196219984850000060e+02 2.650473588979999917e+01 -4.539023774080000351e+01
6.500000000000000222e-01 3.733868533610000213e+03 -4.990178531970000222e+03 -6.677483964699999888e+03 -1.184118545049999938e+02 2.904364365429999850e+01 -4.609231002789999820e+01
6.500000000000000222e-01 3.915209500800000114e+03 -5.197999501729999793e+03 -6.896558945310000126e+03 -1.172603740699999975e+02 2.740475521209999954e+01 -4.958442306820000312e+01
6.500000000000000222e-01 3.732615720979999878e+03 -4.978485530160000053e+03 -6.677315933220000261e+03 -1.180744069109999970e+02 2.908111460299999962e+01 -4.606978761540000278e+01
6.500000000000000222e-01 3.680289847980000104e+03 -4.734337955660000262e+03 -6.866888423049999801e+03 -1.174369134380000048e+02 2.724490788940000030e+01 -4.679073303740000256e+01
6.500000000000000222e-01 3.482187749480000093e+03 -4.992202136220000284e+03 -6.836929229700000178e+03 -1.168449554209999945e+02 2.826839363279999873e+01 -4.584283568509999895e+01
6.500000000000000222e-01 3.851225954550000097e+03 -5.067204181690000041e+03 -6.715182879809999577e+03 -1.187263509659999983e+02 2.840828309489999981e+01 -4.604710874109999708e+01
6.500000000000000222e-01 4.009349359769999865e+03 -5.012660090620000119e+03 -6.901284531319999587e+03 -1.181635735750000009e+02 2.707563730820000103e+01 -4.726967681610000227e+01
6.500000000000000222e-01 3.792770814779999910e+03 -4.848518624260000252e+03 -6.719232404950000273e+03 -1.192230637349999967e+02 2.874125056580000148e+01 -4.592282940749999653e+01
6.500000000000000222e-01 3.717374852899999951e+03 -5.071903378959999827e+03 -6.692950870499999837e+03 -1.184317974740000068e+02 2.751418817900000136e+01 -4.675560950810000094e+01
6.500000000000000222e-01 3.758493926829999964e+03 -4.957475028930000008e+03 -6.679403487999999925e+03 -1.169340167999999949e+02 2.975450827690000111e+01 -4.620178269339999844e+01
6.500000000000000222e-01 3.787345433930000127e+03 -5.074017351110000163e+03 -6.695556806499999766e+03 -1.178068845410000023e+02 2.853068417460000106e+01 -4.626174514299999885e+01
6.500000000000000222e-01 3.692494275259999995e+03 -4.996494354229999772e+03 -6.679705772479999723e+03 -1.169968420179999953e+02 2.881859644000000031e+01 -4.580648614900000126e+01
6.500000000000000222e-01 3.722809582330000012e+03 -4.988491556189999756e+03 -6.677402337890000126e+03 -1.183403222520000071e+02 2.834581321230000128e+01 -4.607124973799999879e+01
6.500000000000000222e-01 3.611327427809999790e+03 -5.129111511150000297e+03 -6.752735670639999626e+03 -1.183542576269999955e+02 2.905046017080000098e+01 -4.685756733689999720e+01
6.500000000000000222e-01 3.933204356700000062e+03 -5.162499461579999661e+03 -6.843389573589999600e+03 -1.168465596439999956e+02 2.691844372559999954e+01 -4.866820477750000151e+01
6.500000000000000222e-01 3.626607601400000021e+03 -4.820616169570000238e+03 -6.760762077829999726e+03 -1.165903290100000049e+02 2.624864923979999887e+01 -4.360229989559999808e+01
6.500000000000000222e-01 3.834037085460000071e+03 -5.085941098029999921e+03 -6.722558914850000292e+03 -1.178609587330000039e+02 2.810436492119999841e+01 -4.737107591379999860e+01
6.500000000000000222e-01 3.729688893810000081e+03 -4.980162334259999625e+03 -6.676002910100000008e+03 -1.170978457979999945e+02 2.626052506639999962e+01 -4.574681331069999857e+01
6.500000000000000222e-01 3.750107245409999905e+03 -4.778448231559999840e+03 -6.778195930939999926e+03 -1.175913436189999999e+02 2.561796797990000130e+01 -4.394697990030000057e+01
6.500000000000000222e-01 3.678691779509999833e+03 -4.947106907610000235e+03 -6.682605857950000427e+03 -1.172542368019999941e+02 2.794921658419999844e+01 -4.543211300490000326e+01
6.500000000000000222e-01 3.813688747149999926e+03 -5.101031784169999810e+03 -6.719877376639999966e+03 -1.174769099819999951e+02 2.750066046339999914e+01 -4.757396693199999760e+01
6.500000000000000222e-01 3.628036883929999931e+03 -4.897810073460000240e+03 -6.714460410489999958e+03 -1.162824835499999949e+02 2.686139575099999988e+01 -4.461426063030000222e+01
6.500000000000000222e-01 3.888711123999999927e+03 -4.904844440099999701e+03 -6.741100584400000116e+03 -1.193627122799999967e+02 2.652796332029999959e+01 -4.507763892260000205e+01
6.500000000000000222e-01 3.526471625829999994e+03 -5.160079315349999888e+03 -6.890330172279999715e+03 -1.158918355969999965e+02 2.848547050650000045e+01 -4.446392918309999942e+01
6.500000000000000222e-01 3.598706059749999895e+03 -5.229801685849999558e+03 -6.912817607339999995e+03 -1.160771088940000055e+02 2.831429804200000078e+01 -4.552900717210000181e+01
6.500000000000000222e-01 3.825815331889999925e+03 -4.962110457040000256e+03 -6.695157102719999784e+03 -1.193294957389999951e+02 2.745235153080000146e+01 -4.579631175099999751e+01
6.500000000000000222e-01 3.723960399479999978e+03 -5.116140994239999600e+03 -6.707184267390000059e+03 -1.168272745910000054e+02 2.759410714010000021e+01 -4.659361326829999683e+01
6.500000000000000222e-01 3.785250282349999907e+03 -5.094446176890000061e+03 -6.710896231429999716e+03 -1.191342730369999998e+02 3.017598923559999946e+01 -4.605296597209999732e+01
6.500000000000000222e-01 3.694765224730000227e+03 -4.933779617700000017e+03 -6.683224230089999764e+03 -1.166078977709999975e+02 2.642151943549999871e+01 -4.506517581890000201e+01
6.500000000000000222e-01 3.792855657929999779e+03 -4.942510204070000327e+03 -6.688354678210000202e+03 -1.184501474730000012e+02 2.852577300300000118e+01 -4.618495661989999945e+01
6.500000000000000222e-01 3.733199061889999939e+03 -5.255523268150000149e+03 -6.858171859140000379e+03 -1.164948690599999992e+02 2.854229945310000005e+01 -4.547668191950000249e+01
6.500000000000000222e-01 3.673936260339999990e+03 -4.940348787439999796e+03 -6.687247464840000248e+03 -1.180370402989999974e+02 2.835586945460000052e+01 -4.590529571519999763e+01
6.500000000000000222e-01 3.753161579380000148e+03 -4.987543764349999947e+03 -6.677739368909999939e+03 -1.203954079779999944e+02 2.825741782480000097e+01 -4.583554766839999672e+01
6.500000000000000222e-01 3.702414861910000127e+03 -5.110274787700000161e+03 -6.706837104799999906e+03 -1.166171837720000042e+02 2.818214636080000091e+01 -4.624430407450000047e+01
6.500000000000000222e-01 3.643727960690000145e+03 -5.001636970749999819e+03 -6.691619938279999587e+03 -1.185519237959999970e+02 2.829192798129999886e+01 -4.617619736569999844e+01
6.500000000000000222e-01 3.491436490189999859e+03 -4.893342554689999815e+03 -6.856285639720000290e+03 -1.174741084559999962e+02 2.808435964970000143e+01 -4.694254289900000288e+01
6.500000000000000222e-01 3.553158895290000146e+03 -4.796310931539999729e+03 -6.866015664810000089e+03 -1.166508175019999953e+02 2.690354987310000112e+01 -4.299697104380000212e+01
6.500000000000000222e-01 3.979498476209999808e+03 -5.110702645340000345e+03 -6.887862423589999707e+03 -1.173648545169999977e+02 2.724342017009999850e+01 -4.944969872040000070e+01
6.500000000000000222e-01 3.818133167429999958e+03 -5.098370712969999659e+03 -6.712881464719999713e+03 -1.166155979530000053e+02 2.667653233549999925e+01 -4.742081450759999939e+01
6.500000000000000222e-01 3.794428650930000003e+03 -5.068548957130000417e+03 -6.695583425969999553e+03 -1.180886510109999961e+02 2.867386790790000006e+01 -4.618381312470000211e+01
6.500000000000000222e-01 3.963541153600000143e+03 -4.911301547289999689e+03 -6.819063603429999603e+03 -1.185451469319999944e+02 2.672659073430000021e+01 -4.595986008159999869e+01
6.500000000000000222e-01 3.518890536809999958e+03 -5.085405866760000208e+03 -6.806655796209999608e+03 -1.179825294120000052e+02 2.846274467969999833e+01 -4.729250600120000314e+01
6.500000000000000222e-01 3.952134567909999987e+03 -5.004921183989999918e+03 -6.785202459150000323e+03 -1.168490023680000007e+02 2.754864638069999927e+01 -4.849525982360000143e+01
6.500000000000000222e-01 3.646723310079999919e+03 -4.903792984480000086e+03 -6.705807022869999855e+03 -1.167080384369999990e+02 2.710171633790000101e+01 -4.513794144919999951e+01
6.500000000000000222e-01 3.714730359329999828e+03 -5.074580994500000088e+03 -6.691788422380000156e+03 -1.173774581200000000e+02 2.744790807180000058e+01 -4.650552190719999857e+01
6.500000000000000222e-01 3.672108150000000023e+03 -4.821897522289999870e+03 -6.744720073210000010e+03 -1.176302008830000005e+02 2.814984931260000067e+01 -4.629410858560000008e+01
6.500000000000000222e-01 3.747293276549999973e+03 -4.996201688610000019e+03 -6.676920101300000169e+03 -1.161059148009999973e+02 2.718474160310000087e+01 -4.605682517310000179e+01
6.500000000000000222e-01 3.715123647849999998e+03 -4.919241430340000079e+03 -6.686640294460000405e+03 -1.172993262479999999e+02 2.695442871810000085e+01 -4.554990168679999840e+01
6.500000000000000222e-01 3.663117104880000170e+03 -4.776299257140000009e+03 -6.769908970720000070e+03 -1.186249524229999963e+02 2.774215490310000121e+01 -4.425030709349999825e+01
6.500000000000000222e-01 3.566673733919999904e+03 -4.822305204870000125e+03 -6.807603164430000106e+03 -1.178876770090000008e+02 2.824794592860000009e+01 -4.671922841559999995e+01
6.500000000000000222e-01 3.773522008330000062e+03 -4.978507907410000371e+03 -6.679891718750000109e+03 -1.160060404930000004e+02 2.876619198599999905e+01 -4.630572837310000267e+01
6.500000000000000222e-01 3.751073555259999921e+03 -5.060129082409999683e+03 -6.687573451459999887e+03 -1.173723212210000071e+02 2.625491865249999890e+01 -4.677060325619999759e+01
6.500000000000000222e-01 3.571365069609999864e+03 -5.028441429579999749e+03 -6.733285741329999837e+03 -1.159071123760000006e+02 2.864768111780000126e+01 -4.483225771170000229e+01
6.500000000000000222e-01 3.721518848619999972e+03 -4.997668810789999952e+03 -6.677780882830000337e+03 -1.182599052690000008e+02 2.828048342769999834e+01 -4.610331117319999805e+01
6.500000000000000222e-01 3.717801551619999827e+03 -5.076769375679999939e+03 -6.692226721820000421e+03 -1.179325994350000002e+02 2.643664622040000012e+01 -4.682219363589999972e+01
1.390000000000000000e+04 -9.827051411189999271e+03 2.308418507769999906e+03 1.244579928690000088e+04 -2.396199602620000064e+02 2.026651372169999945e+02 -3.296856212690000234e+02
6.500000000000000222e-01 -9.830304402059999120e+03 2.307741026690000126e+03 1.258945969220000006e+04 -2.391964704860000097e+02 2.028969336829999861e+02 -3.295519191899999782e+02
6.500000000000000222e-01 -9.781871453480000127e+03 2.361388528009999845e+03 1.257062653739999951e+04 -2.394126693990000092e+02 2.030098757730000045e+02 -3.299394095540000080e+02
6.500000000000000222e-01 -9.876445704899999328e+03 2.303775877770000079e+03 1.258094289220000064e+04 -2.395913939449999930e+02 2.027402314379999950e+02 -3.294805215810000050e+02
6.500000000000000222e-01 -9.829818395869999222e+03 2.320174597310000081e+03 1.258898264720000043e+04 -2.397657151870000121e+02 2.021040727639999943e+02 -3.295195076740000104e+02
6.500000000000000222e-01 -9.958996391380000205e+03 2.287779912469999999e+03 1.249780494949999957e+04 -2.397291903169999898e+02 2.027310430709999878e+02 -3.298068213440000136e+02
6.500000000000000222e-01 -9.834483568429999650e+03 2.285994012130000101e+03 1.258749605390000033e+04 -2.395849706420000018e+02 2.029084855469999980e+02 -3.295387545560000149e+02
6.500000000000000222e-01 -9.784587186669999937e+03 2.371288698599999861e+03 1.256678033850000065e+04 -2.394406143859999929e+02 2.029638394579999954e+02 -3.299554042670000058e+02
6.500000000000000222e-01 -9.819953035369999270e+03 2.353636221809999824e+03 1.258211686329999975e+04 -2.400078815210000016e+02 2.026971554749999882e+02 -3.295649185799999827e+02
6.500000000000000222e-01 -9.887290225669999927e+03 2.325631400910000139e+03 1.257535985059999985e+04 -2.391826654959999985e+02 2.024924635360000025e+02 -3.292396717920000242e+02
6.500000000000000222e-01 -9.844029011950000495e+03 2.292907792900000004e+03 1.258758955629999946e+04 -2.396393121199999996e+02 2.026309053930000061e+02 -3.295735625820000223e+02
6.500000000000000222e-01 -9.778682132730000376e+03 2.246284068639999987e+03 1.256505024880000019e+04 -2.394362018989999967e+02 2.023177195940000104e+02 -3.300097353840000096e+02
6.500000000000000222e-01 -9.733480776210000840e+03 2.392941373359999943e+03 1.251125951829999940e+04 -2.400221758550000004e+02 2.024039502489999904e+02 -3.291769454330000144e+02
6.500000000000000222e-01 -9.860136134169999423e+03 2.349718806249999943e+03 1.257974919380000028e+04 -2.394263651969999955e+02 2.021979621160000136e+02 -3.292954956010000274e+02
6.500000000000000222e-01 -9.820601496729999781e+03 2.313643383720000202e+03 1.258915626429999975e+04 -2.392755528579999975e+02 2.030533697850000010e+02 -3.296128400929999884e+02
6.500000000000000222e-01 -9.817139081240000451e+03 2.330251023530000111e+03 1.258730006540000068e+04 -2.396052631160000033e+02 2.031612205239999867e+02 -3.296747977759999912e+02
6.500000000000000222e-01 -9.794889876729999742e+03 2.338388880659999813e+03 1.258209976439999991e+04 -2.393979713170000139e+02 2.030735766139999896e+02 -3.298001178700000082e+02
6.500000000000000222e-01 -9.807088400309999997e+03 2.287728755399999955e+03 1.258620492390000072e+04 -2.402477843540000038e+02 2.031690630029999909e+02 -3.294675782929999741e+02
6.500000000000000222e-01 -9.859211636449999787e+03 2.347739338519999819e+03 1.258098271910000039e+04 -2.400897296100000062e+02 2.030179526409999937e+02 -3.296664338190000194e+02
6.500000000000000222e-01 -9.869958195839999462e+03 2.288371553670000139e+03 1.258170758080000087e+04 -2.402876235889999919e+02 2.024472579320000136e+02 -3.297390385389999778e+02
6.500000000000000222e-01 -9.721648820520000299e+03 2.370488059960000101e+03 1.251846210570000039e+04 -2.399722728849999953e+02 2.023674944850000088e+02 -3.292517565119999858e+02
6.500000000000000222e-01 -9.801058869649999906e+03 2.285855996530000084e+03 1.258493976370000019e+04 -2.402350197959999889e+02 2.030812020330000109e+02 -3.294593500619999986e+02
6.500000000000000222e-01 -9.709651702369999839e+03 2.343695306479999999e+03 1.251693339209999976e+04 -2.400772921479999980e+02 2.025961371779999922e+02 -3.293483325560000026e+02
6.500000000000000222e-01 -9.941502713989999393e+03 2.337321555699999863e+03 1.252868373229999997e+04 -2.398225412539999866e+02 2.027505171870000140e+02 -3.296686824340000044e+02
6.500000000000000222e-01 -9.728269126490000417e+03 2.354767254070000035e+03 1.253690884650000044e+04 -2.401825339600000007e+02 2.024508779219999894e+02 -3.292301619859999846e+02
6.500000000000000222e-01 -9.875037010109999756e+03 2.275830550799999855e+03 1.257739674620000005e+04 -2.401331979889999957e+02 2.023836702209999885e+02 -3.297684168609999915e+02
6.500000000000000222e-01 -9.783941324330000498e+03 2.214893276650000189e+03 1.254489154830000007e+04 -2.395295447940000031e+02 2.023531764969999927e+02 -3.301306933559999948e+02
6.500000000000000222e-01 -9.803405189040000550e+03 2.253990535320000163e+03 1.257688528969999970e+04 -2.398009830670000042e+02 2.030061097059999895e+02 -3.294358355680000159e+02
6.500000000000000222e-01 -9.813200947839999571e+03 2.346316314350000084e+03 1.258317736370000057e+04 -2.395463980629999980e+02 2.029510629479999864e+02 -3.297292880850000074e+02
6.500000000000000222e-01 -9.822844842230000722e+03 2.396327501320000010e+03 1.256067406859999937e+04 -2.400857294449999983e+02 2.027570443179999984e+02 -3.295275165369999968e+02
6.500000000000000222e-01 -9.862435123330000351e+03 2.245247207419999995e+03 1.256896218790000057e+04 -2.400553338189999977e+02 2.028466604980000056e+02 -3.296941491389999896e+02
6.500000000000000222e-01 -9.798463080379999155e+03 2.306703434019999804e+03 1.258614482820000012e+04 -2.393650094900000056e+02 2.026586399740000104e+02 -3.297096762479999938e+02
6.500000000000000222e-01 -9.822088688730000285e+03 2.270358093069999995e+03 1.258368583760000001e+04 -2.399574962959999880e+02 2.033810826780000127e+02 -3.294291809029999740e+02
6.500000000000000222e-01 -9.815857012169999507e+03 2.293589532439999857e+03 1.258777542809999977e+04 -2.398694769379999912e+02 2.027841394190000130e+02 -3.296150038889999792e+02
6.500000000000000222e-01 -9.826218917809999766e+03 2.200972294419999798e+03 1.253730544390000068e+04 -2.399061527290000129e+02 2.033483828569999901e+02 -3.292322522790000221e+02
6.500000000000000222e-01 -9.737007408120000036e+03 2.311541807040000094e+03 1.255581995640000059e+04 -2.400465459080000130e+02 2.026729848459999914e+02 -3.295469756210000014e+02
6.500000000000000222e-01 -9.807886757759999455e+03 2.293160216960000071e+03 1.258706076849999954e+04 -2.402984018280000100e+02 2.030912404690000130e+02 -3.294853301399999737e+02
6.500000000000000222e-01 -9.728185106040000392e+03 2.240978194639999856e+03 1.252558784949999972e+04 -2.395072935370000096e+02 2.025267554250000046e+02 -3.299867495350000013e+02
6.500000000000000222e-01 -9.946673040910000054e+03 2.346842388699999901e+03 1.251405209780000041e+04 -2.393296598729999971e+02 2.025196443600000009e+02 -3.289721703729999831e+02
6.500000000000000222e-01 -9.838490437549999115e+03 2.295952695320000203e+03 1.258840744980000090e+04 -2.398505607239999904e+02 2.025349766450000004e+02 -3.296054376860000161e+02
6.500000000000000222e-01 -9.806337378590000299e+03 2.267185853039999984e+03 1.258030455710000024e+04 -2.399749974949999967e+02 2.029270685550000053e+02 -3.296398868150000112e+02
6.500000000000000222e-01 -9.851837653480000881e+03 2.393930685729999823e+03 1.255974022130000048e+04 -2.400223089879999918e+02 2.031528609009999968e+02 -3.298861479309999822e+02
6.500000000000000222e-01 -9.956217998590000207e+03 2.312982672659999935e+03 1.250779522480000014e+04 -2.398763633240000104e+02 2.026911054599999886e+02 -3.300367550839999922e+02
6.500000000000000222e-01 -9.725911226520000127e+03 2.268862707960000080e+03 1.253885304809999980e+04 -2.399457352999999955e+02 2.027254381079999916e+02 -3.294613747880000005e+02
6.500000000000000222e-01 -9.750321903969999767e+03 2.374032585750000180e+03 1.254622693660000004e+04 -2.396196229580000079e+02 2.023366165159999923e+02 -3.296694744040000273e+02
6.500000000000000222e-01 -9.907561145839999881e+03 2.233160890940000172e+03 1.253731546189999972e+04 -2.392966370729999994e+02 2.029256001640000022e+02 -3.291006727980000051e+02
6.500000000000000222e-01 -9.866382826639999621e+03 2.196846232429999873e+03 1.252296539339999981e+04 -2.398687999770000090e+02 2.032401964500000133e+02 -3.293716272780000054e+02
6.500000000000000222e-01 -9.857506629740000790e+03 2.195611860150000211e+03 1.252914532789999976e+04 -2.394520362890000058e+02 2.030022832710000102e+02 -3.291518096689999879e+02
6.500000000000000222e-01 -9.787688003080000271e+03 2.305036040439999852e+03 1.258333882180000001e+04 -2.393782480469999996e+02 2.026449201140000014e+02 -3.297576824399999964e+02
6.500000000000000222e-01 -9.877320195660000536e+03 2.428183459870000206e+03 1.250441993430000002e+04 -2.397557863209999880e+02 2.027480255209999882e+02 -3.301420641409999917e+02
6.500000000000000222e-01 -9.826403934219999428e+03 2.278130796519999876e+03 1.258623478799999975e+04 -2.397176789899999960e+02 2.032041123580000033e+02 -3.294677164660000130e+02
6.500000000000000222e-01 -9.829945791219999592e+03 2.319593355670000165e+03 1.258902204589999928e+04 -2.397063613930000088e+02 2.021750123250000115e+02 -3.295279614390000233e+02
6.500000000000000222e-01 -9.731916371949999302e+03 2.244800694030000159e+03 1.253031518649999998e+04 -2.394501974990000122e+02 2.025313718399999914e+02 -3.302575535240000022e+02
6.500000000000000222e-01 -9.825147152460000143e+03 2.308716568679999909e+03 1.258937580469999921e+04 -2.404017286879999915e+02 2.026486064389999910e+02 -3.295657039509999890e+02
6.500000000000000222e-01 -9.744038346630000888e+03 2.382109461630000169e+03 1.253482573960000082e+04 -2.394502291549999882e+02 2.025538941050000119e+02 -3.300058251919999748e+02
6.500000000000000222e-01 -9.826854604809999728e+03 2.338233491569999842e+03 1.258623714330000075e+04 -2.397512535539999874e+02 2.032453300360000128e+02 -3.296998378459999799e+02
6.500000000000000222e-01 -9.866716315300000133e+03 2.347378993939999873e+03 1.257764630539999962e+04 -2.393351818200000025e+02 2.022211006089999898e+02 -3.293610188559999870e+02
6.500000000000000222e-01 -9.849317598710000311e+03 2.176153354730000046e+03 1.249374772499999926e+04 -2.396719726830000070e+02 2.026181798949999973e+02 -3.302474093710000034e+02
6.500000000000000222e-01 -9.701979843490000349e+03 2.284697991089999960e+03 1.250807734469999923e+04 -2.400255326209999964e+02 2.027657565549999958e+02 -3.293466948120000097e+02
6.500000000000000222e-01 -9.688071273870000368e+03 2.332868834230000175e+03 1.246317170120000083e+04 -2.396775030139999956e+02 2.026412626080000052e+02 -3.304056062669999960e+02
6.500000000000000222e-01 -9.703352633099999366e+03 2.351778736669999944e+03 1.250077525140000034e+04 -2.399915757919999919e+02 2.025111884579999924e+02 -3.291948040409999976e+02
6.500000000000000222e-01 -9.794009643629999118e+03 2.345110653979999825e+03 1.258015832369999953e+04 -2.402536511200000007e+02 2.022602614310000035e+02 -3.293961789420000059e+02
6.500000000000000222e-01 -9.807017776970000341e+03 2.329038747869999952e+03 1.258625309200000083e+04 -2.394008591230000036e+02 2.029872237120000023e+02 -3.297061470740000004e+02
6.500000000000000222e-01 -9.773156023929999719e+03 2.324182811570000013e+03 1.257724929019999945e+04 -2.403344189930000141e+02 2.024796759060000113e+02 -3.294004381760000228e+02
6.500000000000000222e-01 -9.814673065110000607e+03 2.297708301140000003e+03 1.258824476379999942e+04 -2.394618844560000070e+02 2.024297282210000049e+02 -3.296548746710000160e+02
6.500000000000000222e-01 -9.844492372799999430e+03 2.401393262170000071e+03 1.255409501850000015e+04 -2.399028714300000047e+02 2.031067350099999942e+02 -3.299740768340000159e+02
6.500000000000000222e-01 -9.809637325649999184e+03 2.284551952719999917e+03 1.258620470759999989e+04 -2.394288605419999953e+02 2.022275355920000095e+02 -3.297170619920000263e+02
6.500000000000000222e-01 -9.963190372490000300e+03 2.330295056120000027e+03 1.248212585969999964e+04 -2.394822299239999950e+02 2.026234430499999917e+02 -3.292949854949999917e+02
6.500000000000000222e-01 -9.878798461450000104e+03 2.297383695590000116e+03 1.257975871089999964e+04 -2.395538598390000118e+02 2.028121766120000018e+02 -3.294472811339999794e+02
6.500000000000000222e-01 -9.865882492220000131e+03 2.226051310169999851e+03 1.255566333259999919e+04 -2.397038375479999956e+02 2.033442863779999925e+02 -3.292183448900000258e+02
6.500000000000000222e-01 -9.881321927940000023e+03 2.420440844209999796e+03 1.250976986039999974e+04 -2.394178418859999908e+02 2.022479435470000055e+02 -3.294715029309999750e+02
6.500000000000000222e-01 -9.841785992790000819e+03 2.297760713159999796e+03 1.258839718960000027e+04 -2.394200751449999984e+02 2.031431904000000088e+02 -3.294907725049999954e+02
6.500000000000000222e-01 -9.742593352390000291e+03 2.213874665440000172e+03 1.251082984550000037e+04 -2.399032995260000121e+02 2.029794977599999868e+02 -3.291863469009999790e+02
6.500000000000000222e-01 -9.761062902260000556e+03 2.243273901409999780e+03 1.255376550639999914e+04 -2.394561232030000042e+02 2.024373326470000052e+02 -3.301064975099999970e+02
6.500000000000000222e-01 -9.840078249500000311e+03 2.290039167670000097e+03 1.258772345859999950e+04 -2.394358540839999989e+02 2.030348080029999949e+02 -3.294959448309999743e+02
6.500000000000000222e-01 -9.925287324090000766e+03 2.326722054320000098e+03 1.254862397670000064e+04 -2.398584768430000054e+02 2.026621431579999921e+02 -3.297359969049999791e+02
6.500000000000000222e-01 -9.852785987429999295e+03 2.313646251059999940e+03 1.258718256540000039e+04 -2.398812241960000051e+02 2.027251366440000027e+02 -3.295846075649999989e+02
6.500000000000000222e-01 -9.927677407920000405e+03 2.273054516979999789e+03 1.254264056960000016e+04 -2.399142714589999912e+02 2.027909311509999952e+02 -3.296950104059999944e+02
6.500000000000000222e-01 -9.967846017080000820e+03 2.308731493260000207e+03 1.246940958639999917e+04 -2.394579738150000026e+02 2.026839279399999896e+02 -3.288995350949999761e+02
6.500000000000000222e-01 -9.840586745320000773e+03 2.433421681239999998e+03 1.250808056190000025e+04 -2.395079293869999901e+02 2.024495171000000084e+02 -3.299429549120000047e+02
6.500000000000000222e-01 -9.828197320110000874e+03 2.318496611789999861e+03 1.258906075849999979e+04 -2.398516321989999938e+02 2.022744983320000074e+02 -3.295512554150000142e+02
6.500000000000000222e-01 -9.858035472640000080e+03 2.317730944469999940e+03 1.258601798600000075e+04 -2.398814881870000022e+02 2.027415306389999898e+02 -3.295803877619999867e+02
6.500000000000000222e-01 -9.814912737669999842e+03 2.335547263559999919e+03 1.258616246429999956e+04 -2.400906502990000035e+02 2.023996167530000037e+02 -3.295151036920000251e+02
6.500000000000000222e-01 -9.860265985000000001e+03 2.280843437170000016e+03 1.258302775309999925e+04 -2.393120031089999884e+02 2.031498074179999946e+02 -3.293455986459999849e+02
6.500000000000000222e-01 -9.828964942630000223e+03 2.317898201750000226e+03 1.258904026979999981e+04 -2.398135850969999865e+02 2.030472136010000099e+02 -3.296098629539999934e+02
6.500000000000000222e-01 -9.806809133319999091e+03 2.315365773150000223e+03 1.258756198380000023e+04 -2.393542633970000111e+02 2.028083391049999875e+02 -3.296754403290000255e+02
6.500000000000000222e-01 -9.909960004079999635e+03 2.365547517819999939e+03 1.254886334720000013e+04 -2.393540379210000140e+02 2.023915480560000049e+02 -3.290473936640000261e+02
6.500000000000000222e-01 -9.827416427460000705e+03 2.339341161700000157e+03 1.258556922859999941e+04 -2.396379490980000071e+02 2.023160789179999881e+02 -3.295484375309999905e+02
6.500000000000000222e-01 -9.805115896049999719e+03 2.404824084010000206e+03 1.254902987469999971e+04 -2.399016851760000009e+02 2.021315676970000084e+02 -3.291644364699999983e+02
6.500000000000000222e-01 -9.815039369280000756e+03 2.291473484359999929e+03 1.258780136429999948e+04 -2.400235046630000113e+02 2.030685351299999866e+02 -3.295275504800000022e+02
6.500000000000000222e-01 -9.722321072979999371e+03 2.264396427579999909e+03 1.253276076359999934e+04 -2.399146206069999891e+02 2.027241540599999894e+02 -3.294639858119999758e+02
6.500000000000000222e-01 -9.751760995689999618e+03 2.315320859569999811e+03 1.256652849819999938e+04 -2.402676617820000047e+02 2.026466433079999945e+02 -3.294116072699999904e+02
6.500000000000000222e-01 -9.749527830760000143e+03 2.382128407770000194e+03 1.253974364509999941e+04 -2.394321536550000076e+02 2.027878176979999978e+02 -3.301485376300000212e+02
6.500000000000000222e-01 -9.898451143300000695e+03 2.214475334679999833e+03 1.252665349040000001e+04 -2.394292424919999860e+02 2.030877734729999986e+02 -3.290167522369999915e+02
6.500000000000000222e-01 -9.828094076920000589e+03 2.313517894300000080e+03 1.258936800340000082e+04 -2.397594337540000140e+02 2.020353560560000119e+02 -3.295437092519999851e+02
6.500000000000000222e-01 -9.880588464919999751e+03 2.310893604500000038e+03 1.257939523510000072e+04 -2.401365246679999927e+02 2.027023015069999872e+02 -3.296897648369999843e+02
6.500000000000000222e-01 -9.822358684659999199e+03 2.428378021080000053e+03 1.252571633719999954e+04 -2.399569592549999868e+02 2.024726255280000089e+02 -3.292438715139999772e+02
6.500000000000000222e-01 -9.762876887099999294e+03 2.379284695140000167e+03 1.255144741819999945e+04 -2.401937197979999894e+02 2.025328878189999955e+02 -3.293982797620000156e+02
6.500000000000000222e-01 -9.884753711449999173e+03 2.234313409039999897e+03 1.255441114159999961e+04 -2.396716412869999999e+02 2.023779584870000008e+02 -3.297947618609999836e+02
6.500000000000000222e-01 -9.819524938079999629e+03 2.302257010970000010e+03 1.258889853159999984e+04 -2.395583410389999983e+02 2.025230786019999982e+02 -3.296235366160000240e+02
6.500000000000000222e-01 -9.789725857900000847e+03 2.381906686880000052e+03 1.256267936449999979e+04 -2.401003749630000073e+02 2.022033227359999898e+02 -3.292628165620000118e+02
