3.450000000000000000e+05 2.863295702890000030e+03 -4.744095445650000329e+03 -7.204017204040000252e+03 -1.271751658130000067e+02 4.207937473369999992e+01 -2.096851805980000094e+01
6.500000000000000222e-01 2.774840748319999875e+03 -4.651946935760000088e+03 -6.936809024539999882e+03 -1.276821954360000007e+02 4.307792900820000170e+01 -1.957761842120000040e+01
6.500000000000000222e-01 2.692464451310000186e+03 -4.864275850770000034e+03 -7.385891787720000139e+03 -1.261965940300000000e+02 4.201820376130000056e+01 -2.036015907510000034e+01
6.500000000000000222e-01 3.050806418860000122e+03 -4.668292807900000298e+03 -7.018893376199999693e+03 -1.279840927430000050e+02 4.261218308139999777e+01 -2.232570135310000126e+01
6.500000000000000222e-01 2.848956018620000123e+03 -4.869738896750000094e+03 -7.473926917849999882e+03 -1.260225054449999931e+02 3.881833149650000081e+01 -2.137100902050000073e+01
6.500000000000000222e-01 2.975267432199999803e+03 -4.943632086499999787e+03 -7.371377677929999663e+03 -1.271313552809999976e+02 4.209560372749999857e+01 -2.217546228009999965e+01
6.500000000000000222e-01 2.955824772439999833e+03 -4.534747047400000156e+03 -7.346244601239999611e+03 -1.282978660660000116e+02 3.923869977790000263e+01 -2.244083888069999944e+01
6.500000000000000222e-01 2.649105336690000058e+03 -4.642602045360000375e+03 -7.337251616479999939e+03 -1.250311183660000012e+02 4.135769029610000302e+01 -2.114033421359999920e+01
6.500000000000000222e-01 3.023213761179999892e+03 -4.580259163910000098e+03 -7.346010619460000271e+03 -1.279861755870000053e+02 3.897504463349999781e+01 -2.230624304910000077e+01
6.500000000000000222e-01 2.642095141790000071e+03 -4.664914324780000243e+03 -7.015394084319999820e+03 -1.266805377019999952e+02 4.364868539030000250e+01 -1.851292330509999928e+01
6.500000000000000222e-01 2.603099787420000212e+03 -4.756868634520000342e+03 -7.102537362250000115e+03 -1.253321282250000053e+02 4.344311771819999990e+01 -1.752889243739999969e+01
6.500000000000000222e-01 2.691819606619999831e+03 -4.887776615759999913e+03 -7.367008594920000178e+03 -1.263023624589999940e+02 4.156267932810000332e+01 -1.979302471780000161e+01
6.500000000000000222e-01 2.930089393180000116e+03 -4.756241854679999960e+03 -6.935347096430000420e+03 -1.298462541270000088e+02 4.404999571390000312e+01 -2.073935094300000159e+01
6.500000000000000222e-01 2.802916005860000041e+03 -4.596865218220000315e+03 -7.435958122789999834e+03 -1.268621785379999949e+02 4.037547417399999716e+01 -2.080653958099999912e+01
6.500000000000000222e-01 2.733375338190000093e+03 -4.696444918959999995e+03 -7.438826016539999728e+03 -1.237537910639999978e+02 4.022791562249999942e+01 -2.186414951069999901e+01
6.500000000000000222e-01 3.002177521510000133e+03 -4.698410849279999638e+03 -6.973813470740000412e+03 -1.294642677020000008e+02 4.310213160299999657e+01 -2.111314860670000115e+01
6.500000000000000222e-01 2.751702278679999836e+03 -4.952576116250000268e+03 -7.355345650659999592e+03 -1.246971903169999933e+02 4.329216316019999766e+01 -2.404841160470000005e+01
6.500000000000000222e-01 2.648538021219999791e+03 -4.816784222840000439e+03 -7.350431951010000375e+03 -1.261880749689999988e+02 4.153985560999999649e+01 -1.898509135910000012e+01
6.500000000000000222e-01 2.861910984860000099e+03 -4.823575791090000166e+03 -6.942187240649999694e+03 -1.289498241389999862e+02 4.628122636909999699e+01 -2.037642236099999948e+01
6.500000000000000222e-01 2.764342561129999922e+03 -4.801977393320000374e+03 -6.941294797870000366e+03 -1.257896212830000024e+02 4.495697919919999919e+01 -1.937886775699999831e+01
6.500000000000000222e-01 2.916172130809999999e+03 -4.678537907869999799e+03 -7.471471721719999550e+03 -1.260907895619999977e+02 3.836903191430000248e+01 -2.160000765299999870e+01
6.500000000000000222e-01 2.664289014049999878e+03 -4.574031210430000101e+03 -7.302581867830000192e+03 -1.267641160729999967e+02 4.195992112670000296e+01 -1.832142214799999991e+01
6.500000000000000222e-01 2.719468697559999782e+03 -4.563935086049999882e+03 -7.348705453470000066e+03 -1.257130244580000067e+02 4.017801477350000283e+01 -2.137488190590000059e+01
6.500000000000000222e-01 2.967600715609999952e+03 -4.579330533420000393e+03 -6.998000945380000303e+03 -1.305144920060000118e+02 4.145752914589999705e+01 -1.855304559840000067e+01
6.500000000000000222e-01 3.078776850480000121e+03 -4.762280109669999547e+03 -7.047507965660000082e+03 -1.295617677019999974e+02 4.238909711859999874e+01 -2.130420919089999998e+01
6.500000000000000222e-01 3.073214556079999966e+03 -4.734240322769999693e+03 -7.039430093300000408e+03 -1.289301819249999994e+02 4.241358057360000089e+01 -2.213806336529999896e+01
6.500000000000000222e-01 2.843162655000000086e+03 -4.952490990340000280e+03 -7.028394337020000421e+03 -1.265170923139999957e+02 4.483986737490000252e+01 -2.021943841499999905e+01
6.500000000000000222e-01 2.735454755369999930e+03 -4.589044061239999792e+03 -7.397126176800000394e+03 -1.272489158890000027e+02 4.200716416569999723e+01 -1.899147096260000112e+01
6.500000000000000222e-01 2.677373246600000130e+03 -4.929159214070000417e+03 -7.269004158130000178e+03 -1.258028464789999958e+02 4.269142515090000245e+01 -1.941284498210000109e+01
6.500000000000000222e-01 2.754971721750000142e+03 -4.498492157429999679e+03 -7.292797081179999623e+03 -1.274152605660000006e+02 4.117798417899999919e+01 -1.946760493849999918e+01
6.500000000000000222e-01 2.730094261690000167e+03 -4.886771847820000403e+03 -7.007433020360000228e+03 -1.279292355620000023e+02 4.292737803029999810e+01 -2.230993767389999860e+01
6.500000000000000222e-01 3.042111021640000217e+03 -4.585059807210000145e+03 -7.077890118299999813e+03 -1.288466230310000071e+02 4.081220998860000293e+01 -2.048575679120000004e+01
6.500000000000000222e-01 2.629360825230000046e+03 -4.825120561120000275e+03 -7.075892156320000140e+03 -1.272571124640000022e+02 4.353685713069999963e+01 -2.210027381089999921e+01
6.500000000000000222e-01 2.594604196809999848e+03 -4.777451810460000161e+03 -7.197346335799999906e+03 -1.255604090610000014e+02 4.287948980569999691e+01 -1.773799178020000156e+01
6.500000000000000222e-01 2.922226044510000065e+03 -4.708321244269999625e+03 -7.484299213430000236e+03 -1.279149026289999966e+02 3.953392771930000293e+01 -2.204753165460000019e+01
6.500000000000000222e-01 2.749545882360000178e+03 -4.489526223220000247e+03 -7.147215322420000120e+03 -1.273033960839999992e+02 4.125555960460000193e+01 -1.687379562239999942e+01
6.500000000000000222e-01 2.852347568069999852e+03 -4.470284025939999992e+03 -7.240074916409999787e+03 -1.281172118400000102e+02 4.086180929660000061e+01 -1.929266557069999877e+01
6.500000000000000222e-01 2.904857399640000040e+03 -4.637232542470000226e+03 -7.448089084100000036e+03 -1.256847865969999987e+02 3.847816360790000090e+01 -2.111360163839999871e+01
6.500000000000000222e-01 2.929838780789999873e+03 -4.638325445489999765e+03 -6.945618408379999892e+03 -1.287592216189999874e+02 4.146880792540000016e+01 -1.971954754009999888e+01
6.500000000000000222e-01 2.729313787789999878e+03 -4.844904878459999964e+03 -6.981958715679999841e+03 -1.274172825659999972e+02 4.559572618850000225e+01 -2.021183865840000138e+01
6.500000000000000222e-01 2.930036739380000199e+03 -4.555419387019999704e+03 -6.995116098839999722e+03 -1.282410238960000015e+02 4.369258446210000102e+01 -2.117192791449999945e+01
9.810000000000000000e+05 8.278366788779999479e+04 -2.325923344659999970e+01 3.467973278369999753e+04 -1.152095463849999923e+01 2.648087482189999875e+01 -5.350487299800000329e+01
6.500000000000000222e-01 8.332546656790000270e+04 -1.439829849550000063e+03 3.661720366600000125e+04 -1.071049156670000002e+01 2.561797394659999938e+01 -5.388304544239999672e+01
6.500000000000000222e-01 8.436387948390000383e+04 1.278717624419999993e+03 3.332863127669999812e+04 -1.182545372000000050e+01 2.582845426749999973e+01 -5.436716866079999733e+01
6.500000000000000222e-01 8.348249362429999746e+04 -1.554169834750000064e+03 3.646533648530000210e+04 -1.176767433220000036e+01 2.740213017559999997e+01 -5.263037385519999845e+01
6.500000000000000222e-01 8.036721725689999585e+04 -1.862380729219999864e+02 3.427750184989999980e+04 -1.171702820229999986e+01 2.650358860960000129e+01 -5.338079863229999944e+01
6.500000000000000222e-01 8.448040350450000551e+04 1.569445330239999976e+03 3.390402227030000358e+04 -1.127643373259999926e+01 2.675928994210000056e+01 -5.223549586890000285e+01
6.500000000000000222e-01 8.169552118759999576e+04 2.172074649399999998e+03 3.476484173429999646e+04 -1.153344684600000036e+01 2.631972611009999952e+01 -5.394037665959999828e+01
6.500000000000000222e-01 8.226725333130000217e+04 5.735034361609999678e+02 3.700116009730000223e+04 -1.057562422770000055e+01 2.546374297510000062e+01 -5.319382629700000109e+01
6.500000000000000222e-01 8.275631932160000724e+04 2.428660242649999873e+03 3.465907466569999815e+04 -1.151311164920000074e+01 2.632756521199999966e+01 -5.391630018389999890e+01
6.500000000000000222e-01 8.258040952230000403e+04 8.681247218570000541e+02 3.240129428230000121e+04 -1.171718990970000007e+01 2.579541556639999911e+01 -5.380451382159999696e+01
6.500000000000000222e-01 8.170161913170000480e+04 -4.128175263640000026e+01 3.247734272839999903e+04 -1.147952805819999966e+01 2.649483930690000122e+01 -5.357082272990000149e+01
6.500000000000000222e-01 8.454171804959999281e+04 -1.163742993639999895e+03 3.341481184660000145e+04 -1.138838845379999931e+01 2.656833879059999859e+01 -5.268841103230000300e+01
6.500000000000000222e-01 8.220286664330000349e+04 1.564017511409999983e+01 3.706210163940000348e+04 -1.139217429750000043e+01 2.649429256799999877e+01 -5.360569204330000304e+01
6.500000000000000222e-01 8.181058276509999996e+04 -1.876013415019999911e+03 3.596420064930000080e+04 -1.096556879000000073e+01 2.612298726890000111e+01 -5.351239630810000136e+01
6.500000000000000222e-01 8.246525739280000562e+04 -2.366332527279999795e+03 3.401623623090000183e+04 -1.128688706400000008e+01 2.660728350750000004e+01 -5.434472535220000111e+01
6.500000000000000222e-01 8.114935007190000033e+04 -1.842586567500000001e+03 3.487371697159999894e+04 -1.150188730650000046e+01 2.661358323039999974e+01 -5.248619506200000018e+01
6.500000000000000222e-01 8.394913434160000179e+04 -1.988264606279999953e+03 3.380932798129999719e+04 -1.175353919850000040e+01 2.678489552310000121e+01 -5.294051689089999968e+01
6.500000000000000222e-01 8.512141026869999769e+04 5.873443809640000381e+02 3.511667056730000331e+04 -1.123186968229999927e+01 2.641930174699999867e+01 -5.398285038529999724e+01
6.500000000000000222e-01 8.522408236460000626e+04 2.318361876909999921e+02 3.474336171099999774e+04 -1.140614982059999960e+01 2.646866453330000013e+01 -5.320433901519999864e+01
6.500000000000000222e-01 8.165456980959999782e+04 -1.498901883779999935e+03 3.307565839089999645e+04 -1.098635166400000074e+01 2.633898667069999888e+01 -5.385463290410000070e+01
6.500000000000000222e-01 8.188450444570000400e+04 7.529079129189999549e+02 3.682891958480000176e+04 -1.117585956069999931e+01 2.622638851410000171e+01 -5.321363896079999734e+01
6.500000000000000222e-01 8.192701578919999884e+04 1.301985775370000056e+03 3.279621111389999714e+04 -1.238843058169999978e+01 2.740625157570000070e+01 -5.272822020910000163e+01
6.500000000000000222e-01 8.432551529140000639e+04 -1.519644842400000016e+03 3.348227486060000228e+04 -1.141279664250000003e+01 2.647666050060000131e+01 -5.400251670669999982e+01
6.500000000000000222e-01 8.378443437139999878e+04 -2.248215186800000083e+03 3.492867721310000343e+04 -1.142146247980000062e+01 2.650250155570000032e+01 -5.474796817259999671e+01
6.500000000000000222e-01 8.285014699409999594e+04 1.421272241169999916e+03 3.269436778129999948e+04 -1.193786327449999973e+01 2.761945558480000074e+01 -5.281307771139999829e+01
6.500000000000000222e-01 8.470722560910000175e+04 -1.412457519889999958e+03 3.532176424119999865e+04 -1.107856069330000004e+01 2.628222890079999985e+01 -5.411206066559999783e+01
6.500000000000000222e-01 8.151521426540000539e+04 1.741714263540000047e+03 3.580383830869999656e+04 -1.099460730560000066e+01 2.573248640030000089e+01 -5.267408893040000351e+01
6.500000000000000222e-01 8.432816108950000489e+04 -1.346905321050000111e+03 3.604142194339999696e+04 -1.134061946889999994e+01 2.656286735200000138e+01 -5.416651972670000248e+01
6.500000000000000222e-01 8.435072606509999605e+04 8.970211319420000109e+02 3.303399377549999917e+04 -1.109645753570000082e+01 2.698371415120000094e+01 -5.259291261909999804e+01
6.500000000000000222e-01 8.239931433740000648e+04 -3.230784418339999888e+02 3.227552839120000135e+04 -1.255482249119999949e+01 2.594858988980000092e+01 -5.322406503860000271e+01
6.500000000000000222e-01 8.259401114380000217e+04 -3.290891357809999818e+02 3.225354229789999954e+04 -1.213349442350000018e+01 2.604247143570000134e+01 -5.331663197360000339e+01
6.500000000000000222e-01 8.061607890239999688e+04 -7.053801472320000130e+02 3.560798782300000312e+04 -1.197566345699999957e+01 2.654988785979999832e+01 -5.434565040630000254e+01
6.500000000000000222e-01 8.313313485089999449e+04 2.176167248289999861e+03 3.572236731660000078e+04 -1.195536568440000025e+01 2.680574314880000131e+01 -5.343171671790000232e+01
6.500000000000000222e-01 8.181387921420000202e+04 1.874188948250000067e+03 3.587679033019999770e+04 -1.127962032329999964e+01 2.630325868739999962e+01 -5.426919644310000024e+01
6.500000000000000222e-01 8.414549740950000705e+04 -1.915733177090000027e+03 3.543378419820000272e+04 -1.132928315580000067e+01 2.641471836650000071e+01 -5.460178493360000118e+01
6.500000000000000222e-01 8.475495641769999929e+04 1.286158742350000011e+03 3.402950641219999670e+04 -1.129404586649999942e+01 2.620279974829999858e+01 -5.351101771550000308e+01
6.500000000000000222e-01 8.281094802280000295e+04 7.921769946199999595e+02 3.699430077029999666e+04 -1.162327726090000013e+01 2.765488829819999950e+01 -5.392223349559999690e+01
6.500000000000000222e-01 8.462349507570000424e+04 -1.503627308249999942e+03 3.532987166859999707e+04 -1.167391743019999950e+01 2.682340820310000140e+01 -5.309292679309999841e+01
6.500000000000000222e-01 8.035526641369999561e+04 -6.345723076440000199e+01 3.503345839780000097e+04 -1.182814444669999965e+01 2.648064570960000097e+01 -5.493191842680000292e+01
6.500000000000000222e-01 8.351786458290000155e+04 2.054479910259999997e+03 3.576734213630000158e+04 -1.187694899489999933e+01 2.695024781569999917e+01 -5.373652091879999659e+01
6.500000000000000222e-01 8.510120042969999486e+04 3.342223455490000106e+02 3.540388963740000327e+04 -1.159194372680000029e+01 2.648437494619999910e+01 -5.287219194939999767e+01
4.560000000000000000e+04 8.118301243380000415e+03 2.048002174149999973e+03 1.924774034129999927e+04 2.003666532240000038e+02 -6.212235177499999850e+01 1.909564158139999961e+02
6.500000000000000222e-01 8.185364402580000387e+03 2.024184255229999962e+03 1.944290462100000150e+04 1.996615319279999881e+02 -6.161690310089999656e+01 1.915994211389999862e+02
6.500000000000000222e-01 8.070900645740000073e+03 2.095130830860000060e+03 1.905015362599999935e+04 1.995644859079999947e+02 -6.161668457460000070e+01 1.909090794269999947e+02
6.500000000000000222e-01 8.069394096469999567e+03 2.073116002629999912e+03 1.944697262240000055e+04 2.015182379910000066e+02 -6.251851205930000077e+01 1.914788503750000075e+02
6.500000000000000222e-01 8.221618465530000321e+03 1.908883091359999980e+03 1.915114836640000067e+04 1.996747307100000057e+02 -6.141021771519999817e+01 1.902367903120000108e+02
6.500000000000000222e-01 8.226509496799999397e+03 1.898742555300000049e+03 1.917981674489999932e+04 1.999333105759999967e+02 -6.172509506370000310e+01 1.913672177900000122e+02
6.500000000000000222e-01 8.020550242710000020e+03 2.014987295420000009e+03 1.942493716639999911e+04 2.003207239609999988e+02 -6.194501729520000310e+01 1.908876652010000043e+02
6.500000000000000222e-01 8.019958126720000109e+03 1.998287303710000060e+03 1.907159328800000003e+04 2.010208360489999961e+02 -6.199389053920000237e+01 1.901758612049999897e+02
6.500000000000000222e-01 8.244558293789999880e+03 2.039444158410000000e+03 1.908790810259999853e+04 1.992597754539999926e+02 -6.211545097129999959e+01 1.902488895710000065e+02
6.500000000000000222e-01 8.243185800560000644e+03 1.928625548709999975e+03 1.934346076280000125e+04 2.000689710339999863e+02 -6.163825940019999905e+01 1.908724403139999879e+02
6.500000000000000222e-01 8.056675807349999559e+03 1.868449831599999925e+03 1.918350444330000028e+04 2.001568422329999919e+02 -6.145970214580000146e+01 1.904790008440000122e+02
6.500000000000000222e-01 8.168792520760000116e+03 1.913876376610000079e+03 1.938528970180000033e+04 1.999164887869999916e+02 -6.104964317329999801e+01 1.916177902919999951e+02
6.500000000000000222e-01 8.290961865960000068e+03 1.943721684090000053e+03 1.923664065789999950e+04 2.000593736250000063e+02 -6.188882591429999991e+01 1.901218243069999971e+02
6.500000000000000222e-01 8.172175416529999893e+03 1.868104514890000019e+03 1.930484177360000103e+04 2.000752884380000012e+02 -6.153034844079999743e+01 1.907262305369999922e+02
6.500000000000000222e-01 8.164193396110000322e+03 1.914638201969999955e+03 1.940383245719999832e+04 2.009532313960000067e+02 -6.255524185350000010e+01 1.908098856230000138e+02
6.500000000000000222e-01 8.039111679380000169e+03 2.123927864570000111e+03 1.906997605990000011e+04 2.006764073989999986e+02 -6.272519560749999812e+01 1.901946957750000138e+02
6.500000000000000222e-01 8.313227792640000189e+03 2.093006292489999851e+03 1.921926351300000169e+04 1.999361650600000075e+02 -6.220500784200000055e+01 1.902343348020000064e+02
6.500000000000000222e-01 8.073990671229999862e+03 2.238538446800000202e+03 1.930244351050000114e+04 2.005352412940000022e+02 -6.264489115140000308e+01 1.919987728399999867e+02
6.500000000000000222e-01 8.274874297540000043e+03 2.087739498349999849e+03 1.937501873989999876e+04 2.005518034380000074e+02 -6.193477144530000089e+01 1.908191138079999973e+02
6.500000000000000222e-01 8.259790407059999779e+03 2.191711813720000009e+03 1.926124917249999999e+04 2.001793273659999954e+02 -6.242914477730000300e+01 1.913202410540000074e+02
6.500000000000000222e-01 8.158056172100000367e+03 2.237529162220000217e+03 1.931433439519999956e+04 2.002291207119999967e+02 -6.256829465799999923e+01 1.919777661130000013e+02
6.500000000000000222e-01 8.310416562660000636e+03 2.112687567810000019e+03 1.924653969499999948e+04 2.001059141409999995e+02 -6.220850626560000052e+01 1.902664016280000112e+02
6.500000000000000222e-01 8.006241226619999907e+03 1.918343387670000084e+03 1.935484286319999956e+04 2.008999426240000048e+02 -6.143693159840000106e+01 1.917466761789999907e+02
6.500000000000000222e-01 7.928778508510000393e+03 2.027397408269999914e+03 1.917672949520000111e+04 2.005600210370000127e+02 -6.218624712959999812e+01 1.909071504389999916e+02
6.500000000000000222e-01 8.093007689629999732e+03 2.246780798859999777e+03 1.923807746490000136e+04 2.004678580560000114e+02 -6.250303635129999691e+01 1.918603133189999994e+02
6.500000000000000222e-01 8.188608443019999868e+03 2.059061966660000053e+03 1.944388748689999920e+04 2.000381982879999896e+02 -6.216515317009999819e+01 1.914591449829999874e+02
6.500000000000000222e-01 8.048620718799999850e+03 1.862312098959999958e+03 1.921613365720000002e+04 2.002481206889999896e+02 -6.168682955010000057e+01 1.911977189829999872e+02
6.500000000000000222e-01 8.208100648330000695e+03 2.187891805249999834e+03 1.913168907989999934e+04 1.997358882139999992e+02 -6.273900836079999976e+01 1.901987642409999921e+02
6.500000000000000222e-01 8.081177325810000184e+03 1.856363944100000026e+03 1.930992554979999841e+04 2.007510808849999933e+02 -6.204586126870000129e+01 1.907282541980000019e+02
6.500000000000000222e-01 8.296168265520000205e+03 1.997714372820000108e+03 1.933384201029999895e+04 2.005363348310000049e+02 -6.203224783409999787e+01 1.904248362220000104e+02
6.500000000000000222e-01 7.963981257180000284e+03 1.921047717819999889e+03 1.921245184430000154e+04 2.004832980509999913e+02 -6.179388145450000280e+01 1.906986451530000011e+02
6.500000000000000222e-01 8.017619950870000139e+03 2.177734889140000178e+03 1.936897242750000078e+04 2.009764695609999876e+02 -6.272529469389999690e+01 1.918745654139999886e+02
6.500000000000000222e-01 8.191747866749999957e+03 2.112184276200000113e+03 1.906714242799999920e+04 2.007524638799999934e+02 -6.181718061509999984e+01 1.912408998280000105e+02
6.500000000000000222e-01 8.237221653050000896e+03 1.897453082759999916e+03 1.931735982349999904e+04 2.005132724020000126e+02 -6.211729755329999847e+01 1.902274852600000088e+02
6.500000000000000222e-01 8.283032045949999883e+03 2.164119382209999912e+03 1.922969647320000149e+04 2.000698060020000071e+02 -6.235346798869999674e+01 1.902228626270000120e+02
6.500000000000000222e-01 8.211418869009999980e+03 2.221989704449999863e+03 1.920854060029999891e+04 2.002124393750000024e+02 -6.264976004769999918e+01 1.903313148100000092e+02
6.500000000000000222e-01 7.977770199390000016e+03 1.921231854590000012e+03 1.931753779130000112e+04 2.009095112150000091e+02 -6.172549434270000290e+01 1.917151579910000123e+02
6.500000000000000222e-01 7.978288680550000208e+03 2.189071449779999966e+03 1.928283849320000081e+04 2.005155629019999992e+02 -6.224342899439999854e+01 1.899784936279999954e+02
6.500000000000000222e-01 8.239122375749999264e+03 1.897542550919999940e+03 1.932250465329999861e+04 2.003059149229999889e+02 -6.183011839470000126e+01 1.915849514900000088e+02
6.500000000000000222e-01 8.289185934429999179e+03 2.129666724419999809e+03 1.932511522310000146e+04 1.998823980299999903e+02 -6.233282334550000314e+01 1.921912513300000001e+02
6.500000000000000222e-01 8.024819003870000415e+03 1.994606260239999983e+03 1.942221325570000045e+04 1.999543532479999897e+02 -6.224359812899999866e+01 1.906340181610000002e+02
1.390000000000000000e+04 -1.150081130330000087e+04 3.746180936759999895e+03 1.004342566049999914e+04 -2.285709695980000049e+02 1.995272800879999977e+02 -3.423956961700000079e+02
6.500000000000000222e-01 -1.160790693309999915e+04 3.835599505029999818e+03 1.007650957170000038e+04 -2.287396329750000064e+02 1.994985909549999974e+02 -3.426842078320000269e+02
6.500000000000000222e-01 -1.157297901690000072e+04 3.725153931589999956e+03 1.016791339019999941e+04 -2.291364061200000037e+02 1.994930416210000033e+02 -3.423918659729999945e+02
6.500000000000000222e-01 -1.142430732519999947e+04 3.726126784390000012e+03 1.016105931360000068e+04 -2.290168196120000061e+02 1.995799869520000129e+02 -3.423741550990000064e+02
6.500000000000000222e-01 -1.141338713769999958e+04 3.784686367050000172e+03 9.933619994619999488e+03 -2.279388818669999921e+02 1.995428981219999969e+02 -3.422614292509999814e+02
6.500000000000000222e-01 -1.139691468929999974e+04 3.817761599280000155e+03 1.010393020050000086e+04 -2.290786401919999946e+02 1.992576710170000069e+02 -3.420211033649999877e+02
6.500000000000000222e-01 -1.154333626299999924e+04 3.832308443479999823e+03 1.015200870140000006e+04 -2.286494657019999863e+02 1.990031125870000039e+02 -3.417210532839999928e+02
6.500000000000000222e-01 -1.145069179049999912e+04 3.629726603550000164e+03 9.986711695370000598e+03 -2.285243719910000095e+02 1.997593868149999992e+02 -3.421799235650000242e+02
6.500000000000000222e-01 -1.154729985040000065e+04 3.622555622849999963e+03 1.008889618870000049e+04 -2.286358486569999968e+02 2.001172312420000026e+02 -3.418742937960000177e+02
6.500000000000000222e-01 -1.150752691000000050e+04 3.629192482410000139e+03 1.012901526290000038e+04 -2.284174856410000132e+02 1.994884587530000033e+02 -3.424717446450000011e+02
6.500000000000000222e-01 -1.144527696040000046e+04 3.849110857600000145e+03 1.011845185660000061e+04 -2.286530352949999951e+02 1.989242790220000074e+02 -3.422219829239999740e+02
6.500000000000000222e-01 -1.136281832190000023e+04 3.737771908000000167e+03 1.000795503739999913e+04 -2.287369119960000035e+02 1.994911614339999915e+02 -3.431801292139999759e+02
6.500000000000000222e-01 -1.147571237819999988e+04 3.610723835050000162e+03 1.000637602709999919e+04 -2.283418476790000113e+02 1.995892902489999869e+02 -3.419881126689999746e+02
6.500000000000000222e-01 -1.141089854050000031e+04 3.637210945920000086e+03 1.002105830860000060e+04 -2.285100032080000005e+02 1.997018183389999990e+02 -3.426639121029999728e+02
6.500000000000000222e-01 -1.149282465299999967e+04 3.650510938869999791e+03 9.934204197139999451e+03 -2.280949213410000027e+02 1.991137080340000125e+02 -3.422099765140000045e+02
6.500000000000000222e-01 -1.161243548670000018e+04 3.742902635850000024e+03 1.013590764850000051e+04 -2.288312083790000031e+02 1.996058655040000076e+02 -3.422930066409999768e+02
6.500000000000000222e-01 -1.138910322540000016e+04 3.661276000150000073e+03 1.002014862010000070e+04 -2.284938471780000100e+02 1.996168107889999987e+02 -3.420822348010000269e+02
6.500000000000000222e-01 -1.143699074330000076e+04 3.705412808009999935e+03 9.921448422479999863e+03 -2.286924559439999882e+02 1.998385932529999991e+02 -3.428079563800000074e+02
6.500000000000000222e-01 -1.143680397319999975e+04 3.725546822050000173e+03 1.016787512129999959e+04 -2.284557928590000131e+02 1.994905220880000059e+02 -3.427058177760000035e+02
6.500000000000000222e-01 -1.159599717769999916e+04 3.644879713339999853e+03 1.002700539380000009e+04 -2.284281927819999964e+02 1.998861984360000008e+02 -3.424087279620000004e+02
6.500000000000000222e-01 -1.156165664350000043e+04 3.858768679029999930e+03 1.009481870700000036e+04 -2.284731586149999885e+02 1.990855085059999965e+02 -3.421560874340000282e+02
6.500000000000000222e-01 -1.147102483890000076e+04 3.638728767030000199e+03 1.013382320719999916e+04 -2.286830464939999956e+02 1.999897268249999911e+02 -3.420113687890000165e+02
6.500000000000000222e-01 -1.155489757389999977e+04 3.747922588989999895e+03 9.911971878009999273e+03 -2.276667588630000125e+02 1.994645911190000049e+02 -3.426321240359999933e+02
6.500000000000000222e-01 -1.159255227050000030e+04 3.781817884189999859e+03 1.015270052450000003e+04 -2.291068526180000049e+02 1.997234069399999896e+02 -3.423445869870000138e+02
6.500000000000000222e-01 -1.142903626430000077e+04 3.815517275820000123e+03 9.939880513520000022e+03 -2.286342721990000086e+02 1.995068293909999966e+02 -3.425685922119999987e+02
6.500000000000000222e-01 -1.156895439169999918e+04 3.685601937620000172e+03 9.935270806860000448e+03 -2.286575990750000074e+02 1.994611685689999945e+02 -3.420132448549999822e+02
6.500000000000000222e-01 -1.151771830840000075e+04 3.668438913899999989e+03 9.922915978159999213e+03 -2.280696743080000033e+02 1.991954282499999920e+02 -3.423247050059999879e+02
6.500000000000000222e-01 -1.152418251889999920e+04 3.667085501909999948e+03 9.928149870069999452e+03 -2.285194578599999886e+02 1.993809789910000063e+02 -3.421597455450000211e+02
6.500000000000000222e-01 -1.136586840130000019e+04 3.734772084180000093e+03 9.997136926200000744e+03 -2.287452316369999892e+02 1.995048098549999906e+02 -3.431710779310000135e+02
6.500000000000000222e-01 -1.148294977570000083e+04 3.698332279440000093e+03 1.017688852910000060e+04 -2.291149758260000056e+02 2.002747957550000137e+02 -3.420882138929999883e+02
6.500000000000000222e-01 -1.149835246589999952e+04 3.609607484669999849e+03 1.001673770250000052e+04 -2.285285073910000051e+02 1.998156468409999889e+02 -3.419466209130000038e+02
6.500000000000000222e-01 -1.147616948530000082e+04 3.607592418319999979e+03 1.004949679389999983e+04 -2.285270746429999917e+02 1.997901648650000084e+02 -3.430778851499999860e+02
6.500000000000000222e-01 -1.143208960169999955e+04 3.701861441919999834e+03 9.922724426209999365e+03 -2.287926548750000109e+02 1.998555482369999936e+02 -3.430703427909999732e+02
6.500000000000000222e-01 -1.135937154489999921e+04 3.755859698969999954e+03 1.004237289210000017e+04 -2.286843943039999942e+02 1.994475632559999951e+02 -3.421138570279999840e+02
6.500000000000000222e-01 -1.143882326920000014e+04 3.806445100259999890e+03 9.927797579820000465e+03 -2.287970305460000020e+02 1.992604642510000019e+02 -3.428384231269999987e+02
6.500000000000000222e-01 -1.150490337650000038e+04 3.610683490729999903e+03 1.007793814329999987e+04 -2.286069807910000122e+02 2.000372089640000013e+02 -3.418127477890000137e+02
6.500000000000000222e-01 -1.159473688679999941e+04 3.840147053900000174e+03 9.990486421870000413e+03 -2.286404316699999981e+02 1.995561058259999925e+02 -3.417828062930000215e+02
6.500000000000000222e-01 -1.149653064500000073e+04 3.788624176050000187e+03 1.018127262820000033e+04 -2.290169443300000012e+02 1.988948295190000124e+02 -3.420505280570000082e+02
6.500000000000000222e-01 -1.143370963560000018e+04 3.733002966229999856e+03 9.914040465579999363e+03 -2.278560123770000132e+02 1.993567304169999943e+02 -3.424345582849999801e+02
6.500000000000000222e-01 -1.151675409399999990e+04 3.744145247559999916e+03 1.018765634499999942e+04 -2.282996396929999889e+02 1.997010002069999928e+02 -3.421565582370000129e+02
6.500000000000000222e-01 -1.155915699730000051e+04 3.727386980490000042e+03 1.017580187509999996e+04 -2.293859865930000126e+02 1.994672309750000068e+02 -3.424118850799999905e+02
1.190000000000000000e+04 -7.448897233910000068e+03 5.881928789239999787e+03 -1.241699533499999961e+04 -2.603304833390000113e+02 -3.656538250210000029e+01 9.823918664839999337e+01
6.500000000000000222e-01 -7.532444536859999971e+03 5.790287500989999899e+03 -1.237312019099999998e+04 -2.601132879990000220e+02 -3.661289107510000207e+01 9.779053686080000318e+01
6.500000000000000222e-01 -7.537397176280000167e+03 5.791005685019999873e+03 -1.238506940650000070e+04 -2.599971461790000262e+02 -3.624718443169999915e+01 9.880092260669999860e+01
6.500000000000000222e-01 -7.333149269790000290e+03 5.917067671130000235e+03 -1.246623462079999990e+04 -2.604820607909999808e+02 -3.652282570340000234e+01 9.880759650570000474e+01
6.500000000000000222e-01 -7.348445498189999853e+03 5.798699655929999608e+03 -1.243430252440000004e+04 -2.605505471910000210e+02 -3.641675535089999727e+01 9.807490605389999416e+01
6.500000000000000222e-01 -7.465545423440000377e+03 5.976743328470000051e+03 -1.251132817330000034e+04 -2.603534422199999767e+02 -3.704641957430000332e+01 9.745180675000000292e+01
6.500000000000000222e-01 -7.526648165679999693e+03 5.984214537109999583e+03 -1.238758260739999969e+04 -2.601525323820000040e+02 -3.681950121989999758e+01 9.850407754299999397e+01
6.500000000000000222e-01 -7.414431887660000029e+03 5.874594084440000188e+03 -1.228589441540000007e+04 -2.600385143729999982e+02 -3.682121178519999916e+01 9.842349466899999300e+01
6.500000000000000222e-01 -7.567736834909999743e+03 5.854933723260000079e+03 -1.246550082389999989e+04 -2.601477874629999860e+02 -3.640507935819999830e+01 9.826884657889999630e+01
6.500000000000000222e-01 -7.487705620269999599e+03 5.786655132159999994e+03 -1.250040837889999966e+04 -2.602984868610000149e+02 -3.665615990509999733e+01 9.862145230870000034e+01
6.500000000000000222e-01 -7.425270348000000013e+03 5.830900685319999866e+03 -1.229497378329999992e+04 -2.603518061909999801e+02 -3.654822111189999845e+01 9.848668286170000385e+01
6.500000000000000222e-01 -7.546897640950000095e+03 5.796713120190000154e+03 -1.242912462489999962e+04 -2.601073039249999965e+02 -3.636922411670000344e+01 9.877863153629999715e+01
6.500000000000000222e-01 -7.407978790750000371e+03 5.836413367719999769e+03 -1.253438705699999991e+04 -2.602307871610000234e+02 -3.666635699519999747e+01 9.847455787859999532e+01
6.500000000000000222e-01 -7.516276331160000154e+03 5.947897854789999656e+03 -1.232660503620000054e+04 -2.597834963010000138e+02 -3.711449610519999709e+01 9.859859873720000678e+01
6.500000000000000222e-01 -7.374299287400000139e+03 5.987780324989999826e+03 -1.240021358850000070e+04 -2.605637465990000123e+02 -3.675159184860000039e+01 9.773963021820000563e+01
6.500000000000000222e-01 -7.358892673639999884e+03 5.863584903959999792e+03 -1.231899355920000016e+04 -2.606683807780000279e+02 -3.666637526750000120e+01 9.877229547109999430e+01
6.500000000000000222e-01 -7.574875136489999932e+03 5.907762326709999797e+03 -1.244344978660000015e+04 -2.600463412490000223e+02 -3.651829188069999788e+01 9.788121520640000028e+01
6.500000000000000222e-01 -7.365286234950000107e+03 5.908241233619999548e+03 -1.231508463130000018e+04 -2.604669280169999865e+02 -3.702503557019999647e+01 9.860479628379999895e+01
6.500000000000000222e-01 -7.422298141229999601e+03 5.879625462050000351e+03 -1.228367088709999916e+04 -2.595997282449999943e+02 -3.682122263800000184e+01 9.837949763749999477e+01
6.500000000000000222e-01 -7.444306408209999972e+03 5.829556371820000095e+03 -1.229284164229999988e+04 -2.603648300429999836e+02 -3.614294431750000314e+01 9.867435645080000484e+01
6.500000000000000222e-01 -7.446722533019999901e+03 6.012429562409999562e+03 -1.242509281190000002e+04 -2.603915877069999851e+02 -3.683567775899999930e+01 9.841391060959999493e+01
6.500000000000000222e-01 -7.325769174459999704e+03 5.843873868599999696e+03 -1.238486806149999938e+04 -2.605404706119999787e+02 -3.664829671900000108e+01 9.861272025479999570e+01
6.500000000000000222e-01 -7.507001171220000288e+03 5.766479603949999728e+03 -1.239048527119999926e+04 -2.600159880539999904e+02 -3.650412229570000022e+01 9.801579231089999666e+01
6.500000000000000222e-01 -7.353079933340000025e+03 5.963409753930000079e+03 -1.238095587349999914e+04 -2.603767557200000056e+02 -3.675941636950000202e+01 9.770788502800000686e+01
6.500000000000000222e-01 -7.430317205899999863e+03 5.752722344079999857e+03 -1.240274305490000006e+04 -2.602977761610000016e+02 -3.627079513049999804e+01 9.888552748050000218e+01
6.500000000000000222e-01 -7.570651725540000371e+03 5.841166447159999734e+03 -1.239360980150000069e+04 -2.599437749850000046e+02 -3.639518351659999951e+01 9.859124316400000509e+01
6.500000000000000222e-01 -7.529111983800000417e+03 5.938555911639999977e+03 -1.251040139230000023e+04 -2.606596156109999924e+02 -3.623893432389999703e+01 9.831916384509999318e+01
6.500000000000000222e-01 -7.446199352849999741e+03 5.756005654249999679e+03 -1.238532875590000003e+04 -2.603459576889999880e+02 -3.624507364579999802e+01 9.834502460400000245e+01
6.500000000000000222e-01 -7.427460327169999800e+03 5.977928369520000160e+03 -1.250914048299999922e+04 -2.604490041049999718e+02 -3.619971993819999767e+01 9.840596253939999372e+01
6.500000000000000222e-01 -7.526933388679999553e+03 5.988112176679999720e+03 -1.240357702679999966e+04 -2.602957873340000106e+02 -3.665513835370000351e+01 9.748067193239999995e+01
6.500000000000000222e-01 -7.525058714630000395e+03 5.913591782980000062e+03 -1.231277978289999919e+04 -2.603732955940000124e+02 -3.657420777600000150e+01 9.799489656469999943e+01
6.500000000000000222e-01 -7.559665139980000276e+03 5.871123871820000204e+03 -1.234850583750000078e+04 -2.602156499309999731e+02 -3.664156715330000225e+01 9.777680552169999828e+01
6.500000000000000222e-01 -7.508080738360000396e+03 5.824255151520000254e+03 -1.231168588269999964e+04 -2.597465179299999818e+02 -3.621132218030000161e+01 9.879047078150000516e+01
6.500000000000000222e-01 -7.401587032559999898e+03 5.941878210539999600e+03 -1.230774648669999988e+04 -2.600008679499999857e+02 -3.649344420029999725e+01 9.802242801840000652e+01
6.500000000000000222e-01 -7.456509426259999600e+03 6.013480934479999632e+03 -1.241960401610000008e+04 -2.604164553609999757e+02 -3.677869882409999747e+01 9.859130204260000596e+01
6.500000000000000222e-01 -7.569708351809999840e+03 5.889013918429999649e+03 -1.247157244499999979e+04 -2.599842482290000021e+02 -3.641026214739999745e+01 9.759120513809999409e+01
6.500000000000000222e-01 -7.442350575620000200e+03 5.955731341409999914e+03 -1.252878525989999980e+04 -2.603323090669999829e+02 -3.636259991589999885e+01 9.820047164080000357e+01
6.500000000000000222e-01 -7.378976531080000314e+03 5.951348235329999625e+03 -1.250646668900000077e+04 -2.603083800239999732e+02 -3.656561852109999933e+01 9.838397370379999529e+01
6.500000000000000222e-01 -7.514207903389999956e+03 5.811726730200000020e+03 -1.250720619059999990e+04 -2.603123667279999722e+02 -3.583618395290000080e+01 9.789364200949999884e+01
6.500000000000000222e-01 -7.344638412749999588e+03 5.802421317420000378e+03 -1.242688931819999925e+04 -2.605421483060000014e+02 -3.644834204589999871e+01 9.822341489849999618e+01
6.500000000000000222e-01 -7.397822376879999865e+03 5.978649790550000034e+03 -1.249290406950000033e+04 -2.603867883570000004e+02 -3.640217488830000292e+01 9.851301171059999717e+01
