3.450000000000000000e+05 3.119746831760000077e+03 -4.825563779039999645e+03 -7.153730999190000148e+03 -1.245624404609999942e+02 3.790005286929999784e+01 -2.837358771970000149e+01
6.500000000000000222e-01 3.032247631419999834e+03 -4.735269967809999798e+03 -6.889131303369999841e+03 -1.249919612890000025e+02 3.872267648740000112e+01 -2.720123281980000129e+01
6.500000000000000222e-01 2.947183168930000193e+03 -4.945642295880000347e+03 -7.336926422859999548e+03 -1.238406221000000045e+02 3.786073665290000179e+01 -2.768731622749999843e+01
6.500000000000000222e-01 3.308628100060000179e+03 -4.750802418489999582e+03 -6.965808970359999876e+03 -1.250990254230000005e+02 3.838990385969999863e+01 -2.976133827809999843e+01
6.500000000000000222e-01 3.103223988180000106e+03 -4.944689199809999991e+03 -7.423009974759999750e+03 -1.235731417359999966e+02 3.476214688919999674e+01 -2.859348470489999983e+01
6.500000000000000222e-01 3.231662978559999829e+03 -5.025169946600000003e+03 -7.318892193399999996e+03 -1.245533914749999980e+02 3.795221798770000277e+01 -2.932701484149999871e+01
6.500000000000000222e-01 3.214494170380000014e+03 -4.610692708710000261e+03 -7.292899241359999905e+03 -1.256172718880000048e+02 3.531847616419999980e+01 -2.990524022729999842e+01
6.500000000000000222e-01 2.901416222490000109e+03 -4.722711210819999906e+03 -7.286490831840000283e+03 -1.226411158269999930e+02 3.728598971510000126e+01 -2.866965573090000063e+01
6.500000000000000222e-01 3.281201733270000204e+03 -4.655655221220000385e+03 -7.293004701980000391e+03 -1.252606722769999976e+02 3.504299906010000143e+01 -2.970652032270000120e+01
6.500000000000000222e-01 2.897622840760000145e+03 -4.749419805550000092e+03 -6.969864627660000224e+03 -1.241488354199999975e+02 3.931222892169999739e+01 -2.615799772069999918e+01
6.500000000000000222e-01 2.855987762430000203e+03 -4.840961535700000240e+03 -7.059109638609999820e+03 -1.229065195200000034e+02 3.911281457670000350e+01 -2.507995045199999851e+01
6.500000000000000222e-01 2.946752023590000135e+03 -4.968187455070000397e+03 -7.319208915960000013e+03 -1.239446598880000039e+02 3.737844434649999670e+01 -2.711002626439999830e+01
6.500000000000000222e-01 3.191794034250000095e+03 -4.841525247380000110e+03 -6.885472378229999777e+03 -1.270478418950000048e+02 3.967566649470000328e+01 -2.819576816280000031e+01
6.500000000000000222e-01 3.058851839729999938e+03 -4.675111078699999780e+03 -7.385955048750000060e+03 -1.243695983589999940e+02 3.643957664589999723e+01 -2.825938689790000069e+01
6.500000000000000222e-01 2.983066729019999912e+03 -4.774313931659999980e+03 -7.386706685060000382e+03 -1.213481424170000054e+02 3.621676657820000145e+01 -2.928047190910000097e+01
6.500000000000000222e-01 3.263042009499999949e+03 -4.781851046679999854e+03 -6.923182944780000071e+03 -1.266054886259999961e+02 3.881397963620000269e+01 -2.856424373240000136e+01
6.500000000000000222e-01 3.003322808070000065e+03 -5.036476518399999804e+03 -7.298946954969999751e+03 -1.222989441219999946e+02 3.907362433429999982e+01 -3.129678927180000159e+01
6.500000000000000222e-01 2.903254199919999792e+03 -4.897167341549999946e+03 -7.304198786969999674e+03 -1.238461556849999994e+02 3.737396564849999692e+01 -2.637986635349999887e+01
6.500000000000000222e-01 3.121874357669999881e+03 -4.913348359919999893e+03 -6.893077078139999685e+03 -1.262351023599999991e+02 4.185117806880000302e+01 -2.780814651300000051e+01
6.500000000000000222e-01 3.017950377560000106e+03 -4.889038425970000389e+03 -6.894144955779999691e+03 -1.231560327100000052e+02 4.051319726229999674e+01 -2.688212715490000093e+01
6.500000000000000222e-01 3.170475943070000085e+03 -4.752698862629999894e+03 -7.419974095210000087e+03 -1.235397571759999948e+02 3.443640393020000090e+01 -2.893387736100000041e+01
6.500000000000000222e-01 2.920082262710000123e+03 -4.655388163620000341e+03 -7.257507238289999805e+03 -1.243266783840000045e+02 3.790941010419999913e+01 -2.590510571140000096e+01
6.500000000000000222e-01 2.973091065529999923e+03 -4.641717431500000203e+03 -7.297443657230000099e+03 -1.232466878369999961e+02 3.618150948880000328e+01 -2.892681131870000044e+01
6.500000000000000222e-01 3.230615145440000106e+03 -4.659505370640000365e+03 -6.952480155379999815e+03 -1.276653247640000046e+02 3.725346913559999962e+01 -2.610769067540000066e+01
6.500000000000000222e-01 3.339827215480000177e+03 -4.844307735729999877e+03 -6.996604129000000285e+03 -1.266915159339999946e+02 3.814062080240000085e+01 -2.864214881090000020e+01
6.500000000000000222e-01 3.332970937179999964e+03 -4.816327013140000417e+03 -6.986800005760000204e+03 -1.260526111469999933e+02 3.817373584629999783e+01 -2.950311040260000084e+01
6.500000000000000222e-01 3.098265865599999870e+03 -5.039315292729999783e+03 -6.979726729179999893e+03 -1.238976241109999989e+02 4.039842130169999734e+01 -2.753248688369999897e+01
6.500000000000000222e-01 2.992218565080000189e+03 -4.670575333509999837e+03 -7.350769363229999726e+03 -1.247953948880000041e+02 3.803325772219999834e+01 -2.649410224360000043e+01
6.500000000000000222e-01 2.931271425299999919e+03 -5.011765431800000442e+03 -7.221968724940000357e+03 -1.234286801169999990e+02 3.840518671819999952e+01 -2.673923103610000140e+01
6.500000000000000222e-01 3.011986218649999955e+03 -4.578318358290000106e+03 -7.245368016960000205e+03 -1.248743806909999989e+02 3.718855867789999792e+01 -2.707001756020000016e+01
6.500000000000000222e-01 2.988145474509999985e+03 -4.969691118009999627e+03 -6.954391653869999573e+03 -1.253776418089999964e+02 3.847651081160000075e+01 -2.973648658609999984e+01
6.500000000000000222e-01 3.301702910819999943e+03 -4.664001470170000175e+03 -7.028507902160000413e+03 -1.259742134279999988e+02 3.668751311380000146e+01 -2.796701938040000002e+01
6.500000000000000222e-01 2.886149504760000127e+03 -4.909346476970000367e+03 -7.023207427629999984e+03 -1.248099908399999975e+02 3.914897535309999910e+01 -2.959666185260000049e+01
6.500000000000000222e-01 2.848015478299999813e+03 -4.860457042619999811e+03 -7.153543134440000358e+03 -1.231921084739999941e+02 3.860855623399999814e+01 -2.524030616070000121e+01
6.500000000000000222e-01 3.180253557510000064e+03 -4.784846899070000291e+03 -7.431922691110000414e+03 -1.253710427470000042e+02 3.559291518549999722e+01 -2.934888675050000018e+01
6.500000000000000222e-01 3.006266062849999798e+03 -4.569404666379999981e+03 -7.104997638849999930e+03 -1.246971341130000042e+02 3.716329165369999998e+01 -2.454629878120000086e+01
6.500000000000000222e-01 3.110673487110000224e+03 -4.549472270139999637e+03 -7.193004787050000232e+03 -1.254600539690000005e+02 3.687887596350000052e+01 -2.689170740069999965e+01
6.500000000000000222e-01 3.158322684039999785e+03 -4.711623789410000427e+03 -7.397534898859999885e+03 -1.231224915770000052e+02 3.455328163379999751e+01 -2.849374266559999924e+01
6.500000000000000222e-01 3.189301472999999987e+03 -4.718432111299999633e+03 -6.897725360540000111e+03 -1.259337112340000004e+02 3.717498228699999885e+01 -2.727046359330000058e+01
6.500000000000000222e-01 2.986300674709999839e+03 -4.933264002529999743e+03 -6.933149280859999635e+03 -1.248452183469999994e+02 4.114858359280000144e+01 -2.767874905040000044e+01
6.500000000000000222e-01 3.188445842009999978e+03 -4.640145567200000187e+03 -6.944218696160000036e+03 -1.254175925490000054e+02 3.948513487219999973e+01 -2.876742324679999996e+01
4.560000000000000000e+04 7.708785859849999724e+03 2.174209793380000065e+03 1.885540294949999952e+04 2.016706031010000117e+02 -6.177432963620000095e+01 1.942337205069999868e+02
6.500000000000000222e-01 7.761399968890000309e+03 2.048736476489999859e+03 1.901555201179999858e+04 2.022519216979999896e+02 -6.217838826679999897e+01 1.941581545550000101e+02
6.500000000000000222e-01 7.835188112779999756e+03 2.275474420129999999e+03 1.873286676369999986e+04 2.011202593870000044e+02 -6.243521356589999982e+01 1.935498150859999953e+02
6.500000000000000222e-01 7.763743415300000379e+03 2.056973175990000072e+03 1.901516537410000092e+04 2.014403208559999996e+02 -6.085020341869999783e+01 1.950784699779999869e+02
6.500000000000000222e-01 7.508716594690000420e+03 2.160518455800000083e+03 1.882218359810000038e+04 2.019228403529999980e+02 -6.178365872730000063e+01 1.941622689589999879e+02
6.500000000000000222e-01 7.850397264530000029e+03 2.309079786270000113e+03 1.880311730940000052e+04 2.015498711989999947e+02 -6.175429582150000130e+01 1.952364463199999989e+02
6.500000000000000222e-01 7.619660998790000122e+03 2.354771977339999921e+03 1.885886963509999987e+04 2.018750507700000014e+02 -6.214629554009999879e+01 1.939513595450000025e+02
6.500000000000000222e-01 7.676202661440000156e+03 2.214348103259999789e+03 1.905551589279999826e+04 2.025712755829999878e+02 -6.251002233490000037e+01 1.947441838789999906e+02
6.500000000000000222e-01 7.706834039889999985e+03 2.376198638939999910e+03 1.885035746199999994e+04 2.017064556500000094e+02 -6.216133419089999990e+01 1.940148849459999951e+02
6.500000000000000222e-01 7.689897553540000445e+03 2.240588418880000063e+03 1.865935087719999865e+04 2.014574027479999927e+02 -6.246865810490000115e+01 1.937511800869999945e+02
6.500000000000000222e-01 7.620193370349999896e+03 2.171993465659999856e+03 1.866770549450000181e+04 2.017808432360000097e+02 -6.185856472110000226e+01 1.938603300700000034e+02
6.500000000000000222e-01 7.853906136700000388e+03 2.080222672819999843e+03 1.875619412119999834e+04 2.013934477900000104e+02 -6.160358047150000260e+01 1.947392868830000054e+02
6.500000000000000222e-01 7.662733680219999769e+03 2.178293743409999934e+03 1.905636681880000106e+04 2.019729008129999954e+02 -6.168823165469999736e+01 1.944175416340000027e+02
6.500000000000000222e-01 7.634481632080000054e+03 2.017171739579999894e+03 1.896355574540000089e+04 2.022824322499999994e+02 -6.179822344200000117e+01 1.942729919710000104e+02
6.500000000000000222e-01 7.684618282649999855e+03 1.980731075709999914e+03 1.878990294530000028e+04 2.018317110540000101e+02 -6.144889102959999860e+01 1.934234708189999878e+02
6.500000000000000222e-01 7.574842689379999683e+03 2.024396791910000047e+03 1.888124308820000078e+04 2.019554370699999879e+02 -6.148580488780000053e+01 1.948796694380000076e+02
6.500000000000000222e-01 7.801652716909999981e+03 2.014022207329999901e+03 1.878675065860000177e+04 2.012324709359999986e+02 -6.134264951259999776e+01 1.945364244779999865e+02
6.500000000000000222e-01 7.903511834879999697e+03 2.224652309590000186e+03 1.888826278639999873e+04 2.015188631999999984e+02 -6.184434449359999775e+01 1.940647501219999924e+02
6.500000000000000222e-01 7.910105171709999922e+03 2.195536452259999805e+03 1.886429366289999962e+04 2.013521909000000107e+02 -6.177944365909999647e+01 1.945957679949999886e+02
6.500000000000000222e-01 7.621160727800000132e+03 2.049646269740000207e+03 1.871516065030000027e+04 2.021626043759999902e+02 -6.178884626029999794e+01 1.936676763670000128e+02
6.500000000000000222e-01 7.638827887180000289e+03 2.236735395409999910e+03 1.904073356319999948e+04 2.021856338730000004e+02 -6.197743241250000068e+01 1.946986954379999872e+02
6.500000000000000222e-01 7.629808679759999904e+03 2.292703550310000082e+03 1.870367337820000103e+04 2.011050183680000032e+02 -6.131927591299999847e+01 1.945917438419999996e+02
6.500000000000000222e-01 7.835891128520000166e+03 2.049756621500000165e+03 1.874860895249999885e+04 2.014077827129999889e+02 -6.163518550719999922e+01 1.937363281540000060e+02
6.500000000000000222e-01 7.791584730700000364e+03 1.989965478260000054e+03 1.886351371690000087e+04 2.015523031550000042e+02 -6.148806275660000153e+01 1.932994565790000081e+02
6.500000000000000222e-01 7.709932083790000434e+03 2.304774883649999992e+03 1.869437761699999828e+04 2.012742641400000139e+02 -6.116856661050000099e+01 1.945673776589999875e+02
6.500000000000000222e-01 7.870877391789999820e+03 2.057363564130000213e+03 1.890363893800000005e+04 2.016861528050000061e+02 -6.171913709599999720e+01 1.938992965349999906e+02
6.500000000000000222e-01 7.610352499910000006e+03 2.313543918219999796e+03 1.895948866270000144e+04 2.023519511540000053e+02 -6.249294375240000221e+01 1.950006352000000049e+02
6.500000000000000222e-01 7.837292909669999972e+03 2.065789099300000089e+03 1.896405576210000072e+04 2.015900130979999858e+02 -6.149716976149999681e+01 1.939242349170000068e+02
6.500000000000000222e-01 7.841317014930000369e+03 2.255201509529999839e+03 1.872550437349999993e+04 2.016500928799999883e+02 -6.154814101579999885e+01 1.948335814200000016e+02
6.500000000000000222e-01 7.666584316319999743e+03 2.143178320909999911e+03 1.865402298140000130e+04 2.008508322959999930e+02 -6.222900098950000114e+01 1.941119611240000040e+02
6.500000000000000222e-01 7.686723729760000424e+03 2.143627822469999956e+03 1.865127277529999992e+04 2.011267301910000072e+02 -6.215730955179999739e+01 1.940515094410000074e+02
6.500000000000000222e-01 7.526576426530000390e+03 2.118339672179999980e+03 1.892526361099999849e+04 2.017355215690000136e+02 -6.164139715120000318e+01 1.935928881579999938e+02
6.500000000000000222e-01 7.733470204690000173e+03 2.360395735969999805e+03 1.894533003180000014e+04 2.013657451459999947e+02 -6.173279953739999826e+01 1.945109563569999978e+02
6.500000000000000222e-01 7.631988151919999837e+03 2.330249900129999787e+03 1.894979770279999866e+04 2.020886014620000140e+02 -6.208393575089999672e+01 1.938312918180000111e+02
6.500000000000000222e-01 7.822244111119999616e+03 2.016893744749999996e+03 1.890797578630000135e+04 2.015897598809999920e+02 -6.156698347079999678e+01 1.934983733910000012e+02
6.500000000000000222e-01 7.872704447879999861e+03 2.280095785240000168e+03 1.880095892380000078e+04 2.014878337300000055e+02 -6.212694804680000260e+01 1.942978744110000093e+02
6.500000000000000222e-01 7.710379764360000081e+03 2.254334896200000003e+03 1.904777723809999952e+04 2.017061377150000112e+02 -6.091236256349999678e+01 1.942287764360000040e+02
6.500000000000000222e-01 7.858085467310000240e+03 2.055190305799999805e+03 1.891445566649999819e+04 2.012617091689999995e+02 -6.130717600599999884e+01 1.946534661270000015e+02
6.500000000000000222e-01 7.506677302500000224e+03 2.170726644610000221e+03 1.887085791030000109e+04 2.018705568149999863e+02 -6.178817145840000080e+01 1.930969086329999982e+02
6.500000000000000222e-01 7.765798145959999601e+03 2.351772971020000114e+03 1.894610917889999837e+04 2.013591216220000035e+02 -6.160789809090000091e+01 1.943013103449999903e+02
6.500000000000000222e-01 7.898318511460000082e+03 2.204393996469999820e+03 1.892362034710000080e+04 2.012721269730000131e+02 -6.175619553840000009e+01 1.949181660110000109e+02
1.390000000000000000e+04 -1.103168507990000035e+04 3.338596148690000064e+03 1.073747911240000030e+04 -2.319594707889999938e+02 2.005927907690000040e+02 -3.389563387860000034e+02
6.500000000000000222e-01 -1.098606300550000014e+04 3.320777371539999876e+03 1.087105062820000057e+04 -2.327821965249999892e+02 2.009059899730000041e+02 -3.387337499550000075e+02
6.500000000000000222e-01 -1.106041842279999946e+04 3.370605101250000189e+03 1.060055173850000028e+04 -2.321037660080000080e+02 2.009396885619999864e+02 -3.388467013759999986e+02
6.500000000000000222e-01 -1.107091609310000058e+04 3.356705666880000081e+03 1.087599415939999926e+04 -2.316339427560000104e+02 2.003326323889999969e+02 -3.385432796449999842e+02
6.500000000000000222e-01 -1.095663842870000008e+04 3.240554431720000139e+03 1.067019831039999917e+04 -2.321375390329999959e+02 2.010698421239999902e+02 -3.396323903719999748e+02
6.500000000000000222e-01 -1.095394136090000029e+04 3.234116345819999879e+03 1.068792012900000009e+04 -2.320017618210000023e+02 2.008622099270000092e+02 -3.388963174529999947e+02
6.500000000000000222e-01 -1.110234188189999986e+04 3.315309244170000056e+03 1.086235336289999941e+04 -2.323919427740000003e+02 2.007385672190000037e+02 -3.388483218920000013e+02
6.500000000000000222e-01 -1.109919685519999985e+04 3.304188588999999865e+03 1.061800186729999950e+04 -2.312004049640000005e+02 2.007285870100000125e+02 -3.391973594329999742e+02
6.500000000000000222e-01 -1.093909537439999986e+04 3.332558313019999787e+03 1.062559034699999938e+04 -2.323058088440000120e+02 2.005644831239999917e+02 -3.396715901339999846e+02
6.500000000000000222e-01 -1.094506260509999993e+04 3.254493959999999788e+03 1.080258189329999914e+04 -2.322700396339999998e+02 2.009021756049999965e+02 -3.392984335780000151e+02
6.500000000000000222e-01 -1.107317373450000014e+04 3.212828171319999910e+03 1.069474669309999990e+04 -2.319457432430000097e+02 2.010944468449999931e+02 -3.391197394449999933e+02
6.500000000000000222e-01 -1.099713838589999978e+04 3.243201947200000177e+03 1.083129438379999920e+04 -2.324683216100000038e+02 2.013169302359999904e+02 -3.386618609770000035e+02
6.500000000000000222e-01 -1.091030815540000003e+04 3.265470129029999953e+03 1.072897232599999916e+04 -2.320514954360000104e+02 2.007211302839999973e+02 -3.398713120319999916e+02
6.500000000000000222e-01 -1.099403803660000085e+04 3.212424690660000124e+03 1.077705130040000040e+04 -2.321996400049999920e+02 2.010095122049999929e+02 -3.392343935139999758e+02
6.500000000000000222e-01 -1.100284058019999975e+04 3.246640262630000052e+03 1.084600466760000018e+04 -2.318452541270000040e+02 2.003188680220000037e+02 -3.391751645449999728e+02
6.500000000000000222e-01 -1.108533258519999981e+04 3.392786711289999857e+03 1.061634953239999959e+04 -2.314545146439999996e+02 2.002070676550000030e+02 -3.392396039480000240e+02
6.500000000000000222e-01 -1.089450206570000046e+04 3.369667105040000024e+03 1.071615993619999972e+04 -2.321297825769999861e+02 2.004671655079999937e+02 -3.398479244330000029e+02
6.500000000000000222e-01 -1.106390876829999979e+04 3.471906515480000053e+03 1.077396872459999940e+04 -2.320211802340000133e+02 2.002134625269999901e+02 -3.381947584179999922e+02
6.500000000000000222e-01 -1.092461972760000026e+04 3.365423925799999779e+03 1.082414134930000000e+04 -2.320540738180000062e+02 2.006560549110000125e+02 -3.394047613280000064e+02
6.500000000000000222e-01 -1.093288673070000004e+04 3.438677523230000133e+03 1.074397551910000038e+04 -2.320896340900000041e+02 2.003097801099999913e+02 -3.390253251070000147e+02
6.500000000000000222e-01 -1.100475493739999911e+04 3.470887355119999938e+03 1.078105195579999963e+04 -2.322115791370000011e+02 2.002363040529999978e+02 -3.383920324630000209e+02
6.500000000000000222e-01 -1.089722493279999981e+04 3.383313855129999865e+03 1.073514295470000070e+04 -2.320824900560000117e+02 2.004600520170000095e+02 -3.398245364800000061e+02
6.500000000000000222e-01 -1.111219337219999943e+04 3.247353398010000092e+03 1.081229747060000045e+04 -2.318278812860000073e+02 2.011073131299999943e+02 -3.382129569479999986e+02
6.500000000000000222e-01 -1.116343648109999958e+04 3.324811898829999791e+03 1.069091096719999950e+04 -2.317646430819999921e+02 2.006154204560000096e+02 -3.385659508460000211e+02
6.500000000000000222e-01 -1.104961020490000010e+04 3.477381307250000191e+03 1.072915064920000077e+04 -2.319279898000000060e+02 2.003028055949999953e+02 -3.383095177669999885e+02
6.500000000000000222e-01 -1.098465057490000072e+04 3.346044966599999952e+03 1.087198692210000081e+04 -2.325488293450000015e+02 2.005325185970000064e+02 -3.388284256030000279e+02
6.500000000000000222e-01 -1.107931994669999949e+04 3.209000565580000057e+03 1.071618086500000027e+04 -2.319429419790000111e+02 2.009466514540000048e+02 -3.386343552029999842e+02
6.500000000000000222e-01 -1.096642773339999985e+04 3.436823693310000181e+03 1.065662230590000036e+04 -2.321502770870000063e+02 2.001245747659999950e+02 -3.396358688029999939e+02
6.500000000000000222e-01 -1.105900280820000080e+04 3.205418526020000172e+03 1.078199793830000090e+04 -2.318024521350000100e+02 2.006969782820000034e+02 -3.390316158370000039e+02
6.500000000000000222e-01 -1.090905682949999937e+04 3.303131976210000175e+03 1.079602017650000016e+04 -2.319510599070000012e+02 2.006090364869999974e+02 -3.396975268549999782e+02
6.500000000000000222e-01 -1.113905465940000067e+04 3.250115422760000001e+03 1.071577867990000050e+04 -2.318459873930000015e+02 2.008867303129999868e+02 -3.387849461000000133e+02
6.500000000000000222e-01 -1.110502138179999929e+04 3.429893611580000197e+03 1.082144589660000020e+04 -2.318771631520000085e+02 2.001895234049999885e+02 -3.381682768279999891e+02
6.500000000000000222e-01 -1.097858398769999985e+04 3.382629533320000064e+03 1.061016134280000006e+04 -2.313030732610000086e+02 2.007674216650000005e+02 -3.388683340380000004e+02
6.500000000000000222e-01 -1.094980454049999935e+04 3.233816264649999994e+03 1.078585432419999961e+04 -2.319292015469999910e+02 2.005945069059999923e+02 -3.396986440640000069e+02
6.500000000000000222e-01 -1.091613101819999974e+04 3.419350947689999884e+03 1.072383210949999921e+04 -2.320985256090000064e+02 2.003596915690000060e+02 -3.397945085410000274e+02
6.500000000000000222e-01 -1.096620584550000058e+04 3.460241802170000028e+03 1.070987421220000033e+04 -2.320057976299999893e+02 2.001724309980000100e+02 -3.395667831399999841e+02
6.500000000000000222e-01 -1.113158984659999987e+04 3.250001582110000072e+03 1.078679327379999995e+04 -2.317592425130000038e+02 2.009246609260000014e+02 -3.381640046339999799e+02
6.500000000000000222e-01 -1.113070634869999958e+04 3.436943551849999949e+03 1.076567415129999972e+04 -2.320592342200000076e+02 2.005204830790000017e+02 -3.393279645729999743e+02
6.500000000000000222e-01 -1.094790060249999988e+04 3.233336113219999788e+03 1.078672575689999940e+04 -2.320509943499999963e+02 2.007866238809999970e+02 -3.388066281470000263e+02
6.500000000000000222e-01 -1.091242524469999989e+04 3.395326707549999810e+03 1.078633346019999954e+04 -2.323720416069999999e+02 2.003778378739999937e+02 -3.385285286330000076e+02
6.500000000000000222e-01 -1.109861110449999978e+04 3.301726896780000061e+03 1.086084580450000067e+04 -2.326255674930000055e+02 2.005427889949999951e+02 -3.390308695580000062e+02
1.190000000000000000e+04 -6.916334397280000303e+03 5.954618264450000424e+03 -1.261301324770000065e+04 -2.624830581570000163e+02 -3.479165438009999889e+01 9.418593226090000314e+01
6.500000000000000222e-01 -7.014690229609999733e+03 6.038118586280000272e+03 -1.258509327060000032e+04 -2.624359725539999886e+02 -3.481125007039999986e+01 9.339294881959999373e+01
6.500000000000000222e-01 -6.979647694680000313e+03 5.933385676130000320e+03 -1.249763515940000070e+04 -2.625375198759999762e+02 -3.507374962990000000e+01 9.405719736109999474e+01
6.500000000000000222e-01 -6.842282999240000208e+03 5.933948678609999661e+03 -1.250094457569999940e+04 -2.625909710959999757e+02 -3.500075418950000028e+01 9.456696984449999377e+01
6.500000000000000222e-01 -6.838718974700000217e+03 5.992060667020000437e+03 -1.271478169619999971e+04 -2.623344035869999971e+02 -3.453948943910000224e+01 9.446937439600000630e+01
6.500000000000000222e-01 -6.818315683509999872e+03 6.021090379459999895e+03 -1.255570373900000050e+04 -2.628923797339999737e+02 -3.512665700409999658e+01 9.478280127089999496e+01
6.500000000000000222e-01 -6.953647016740000254e+03 6.034783798999999817e+03 -1.251463597540000046e+04 -2.621864950199999953e+02 -3.542894121759999848e+01 9.455451770899999531e+01
6.500000000000000222e-01 -6.871006280249999691e+03 5.845889438250000239e+03 -1.266373490569999922e+04 -2.626663755069999979e+02 -3.454675276020000041e+01 9.476595429120000347e+01
6.500000000000000222e-01 -6.958176653559999977e+03 5.837468766070000129e+03 -1.257046485329999996e+04 -2.623405565709999792e+02 -3.438832848290000044e+01 9.479987987629999679e+01
6.500000000000000222e-01 -6.920677889550000145e+03 5.843942597909999677e+03 -1.253137531649999983e+04 -2.620195300280000197e+02 -3.507735552580000160e+01 9.435272004200000140e+01
6.500000000000000222e-01 -6.863443522350000421e+03 6.050842628839999634e+03 -1.254342894220000017e+04 -2.623860964250000052e+02 -3.544722667700000329e+01 9.435503610879999314e+01
6.500000000000000222e-01 -6.788818696090000230e+03 5.946889904259999639e+03 -1.264190008590000070e+04 -2.628739529979999929e+02 -3.479480690270000309e+01 9.390606113079999773e+01
6.500000000000000222e-01 -6.894036535600000207e+03 5.828176341190000130e+03 -1.264598433429999932e+04 -2.624019355020000148e+02 -3.475297039059999804e+01 9.490172815479999713e+01
6.500000000000000222e-01 -6.833326807909999843e+03 5.852364372379999622e+03 -1.263010400619999928e+04 -2.625632733290000260e+02 -3.467670959779999862e+01 9.443763245869999423e+01
6.500000000000000222e-01 -6.911837899639999705e+03 5.867171530659999917e+03 -1.271421708340000077e+04 -2.623917742979999730e+02 -3.503918737269999895e+01 9.450922528979999981e+01
6.500000000000000222e-01 -7.017374738409999736e+03 5.950382514889999584e+03 -1.252888953899999979e+04 -2.623160292570000252e+02 -3.488222940690000229e+01 9.396353327010000100e+01
6.500000000000000222e-01 -6.813376012249999803e+03 5.875104178370000227e+03 -1.263174336819999917e+04 -2.625916094269999803e+02 -3.473160887400000263e+01 9.501690885600000058e+01
6.500000000000000222e-01 -6.859462407879999773e+03 5.917421521559999746e+03 -1.272449978499999997e+04 -2.630556903739999939e+02 -3.430183204339999747e+01 9.404483150990000695e+01
6.500000000000000222e-01 -6.854443220649999603e+03 5.933435146709999572e+03 -1.249445815899999980e+04 -2.620049705679999761e+02 -3.510245315169999714e+01 9.419594560150000007e+01
6.500000000000000222e-01 -7.004835295249999945e+03 5.859597367829999712e+03 -1.262899534730000050e+04 -2.622907238180000036e+02 -3.447465528010000213e+01 9.404440901819999965e+01
6.500000000000000222e-01 -6.972034938570000122e+03 6.060214413239999885e+03 -1.256825939509999989e+04 -2.621814292939999973e+02 -3.522146252329999783e+01 9.399868752659999416e+01
6.500000000000000222e-01 -6.886506304069999715e+03 5.852010257779999847e+03 -1.252679649649999919e+04 -2.623087058410000054e+02 -3.460154333410000049e+01 9.491473135190000221e+01
6.500000000000000222e-01 -6.970518302909999875e+03 5.958242816019999736e+03 -1.273706487229999948e+04 -2.619938631649999934e+02 -3.458821757740000180e+01 9.369149704199999462e+01
6.500000000000000222e-01 -6.998270418989999598e+03 5.986345636160000140e+03 -1.251312157389999993e+04 -2.625505427599999848e+02 -3.478228074479999776e+01 9.392092945109999391e+01
6.500000000000000222e-01 -6.852056117049999557e+03 6.020880835359999764e+03 -1.270904215250000016e+04 -2.629652493749999849e+02 -3.456785036219999796e+01 9.408307771280000509e+01
6.500000000000000222e-01 -6.981632374619999609e+03 5.899648279899999579e+03 -1.271543905059999997e+04 -2.628675018249999766e+02 -3.467269159260000322e+01 9.439284005499999353e+01
6.500000000000000222e-01 -6.935183136360000390e+03 5.884018661539999812e+03 -1.272536965000000055e+04 -2.623804471070000091e+02 -3.492538383299999794e+01 9.427654953290000606e+01
6.500000000000000222e-01 -6.940439609930000188e+03 5.882419020229999660e+03 -1.272070981849999953e+04 -2.627949977079999826e+02 -3.475689891150000221e+01 9.443217101300000138e+01
6.500000000000000222e-01 -6.791858331489999728e+03 5.944215923570000086e+03 -1.265205333919999975e+04 -2.629152869029999806e+02 -3.476202664240000217e+01 9.390654405729999610e+01
6.500000000000000222e-01 -6.896107445200000257e+03 5.906778827400000409e+03 -1.248729125360000035e+04 -2.625771760999999742e+02 -3.437427298699999767e+01 9.472036577119999379e+01
6.500000000000000222e-01 -6.914515058480000334e+03 5.826683190409999952e+03 -1.263673951420000049e+04 -2.625254572179999855e+02 -3.455467251460000000e+01 9.488036001109999518e+01
6.500000000000000222e-01 -6.892980850390000342e+03 5.824162132450000172e+03 -1.260381718379999984e+04 -2.624036035319999769e+02 -3.466640662399999684e+01 9.389427817169999457e+01
6.500000000000000222e-01 -6.854678506870000092e+03 5.913996735779999653e+03 -1.272271819890000006e+04 -2.631453845660000184e+02 -3.429608739209999868e+01 9.382154742529999680e+01
6.500000000000000222e-01 -6.785267474950000178e+03 5.963594886199999564e+03 -1.261155630419999943e+04 -2.627422697459999767e+02 -3.487312384110000352e+01 9.491117826020000336e+01
6.500000000000000222e-01 -6.861067123419999916e+03 6.012905410389999815e+03 -1.272000886569999966e+04 -2.631457990440000003e+02 -3.478948975969999680e+01 9.380592082500000117e+01
6.500000000000000222e-01 -6.919180761319999874e+03 5.826546146720000252e+03 -1.257976819149999938e+04 -2.623911969170000020e+02 -3.445772175030000284e+01 9.501760002320000353e+01
6.500000000000000222e-01 -7.004713912080000227e+03 6.043617809329999545e+03 -1.266678284379999968e+04 -2.626672653670000273e+02 -3.456806348960000008e+01 9.424998260520000315e+01
6.500000000000000222e-01 -6.908973972949999734e+03 5.993467949849999968e+03 -1.248505814180000016e+04 -2.624743135290000282e+02 -3.563440619269999843e+01 9.450474436250000565e+01
6.500000000000000222e-01 -6.857951373980000426e+03 5.944206895850000365e+03 -1.273260440820000076e+04 -2.622903546950000191e+02 -3.471790805679999892e+01 9.432401215289999641e+01
6.500000000000000222e-01 -6.928460897310000291e+03 5.950507768149999720e+03 -1.247876331500000015e+04 -2.617273768549999886e+02 -3.490512411699999973e+01 9.442233931820000237e+01
6.500000000000000222e-01 -6.966319046399999934e+03 5.935366832450000402e+03 -1.248989958549999938e+04 -2.627659689540000159e+02 -3.511584319530000187e+01 9.408999808980000523e+01
