3.450000000000000000e+05 3.739323743720000039e+03 -4.992686358760000076e+03 -6.962016162330000043e+03 -1.171939999850000049e+02 2.734918485289999879e+01 -4.634356702729999711e+01
6.500000000000000222e-01 3.653438455619999786e+03 -4.905488979579999977e+03 -6.702129192520000288e+03 -1.173845339089999982e+02 2.773734450139999907e+01 -4.566279283539999767e+01
6.500000000000000222e-01 3.564733520990000216e+03 -5.112680835780000052e+03 -7.149124630930000421e+03 -1.171262056239999936e+02 2.735288356319999892e+01 -4.551375619200000244e+01
6.500000000000000222e-01 3.929201265879999937e+03 -4.920177528989999701e+03 -6.766897433289999753e+03 -1.170469110479999983e+02 2.774138678499999955e+01 -4.775363593790000039e+01
6.500000000000000222e-01 3.718849801490000118e+03 -5.096537334440000450e+03 -7.231188818450000326e+03 -1.166475135609999967e+02 2.452303772999999865e+01 -4.618303563730000150e+01
6.500000000000000222e-01 3.851504252289999840e+03 -5.192799914060000447e+03 -7.123867050609999751e+03 -1.173167816189999968e+02 2.749653303630000067e+01 -4.668929524050000168e+01
6.500000000000000222e-01 3.839022470909999811e+03 -4.766241251729999931e+03 -7.092925850530000389e+03 -1.180706458129999987e+02 2.540888661239999990e+01 -4.804034623460000120e+01
6.500000000000000222e-01 3.512545558119999896e+03 -4.887309917589999714e+03 -7.092360532130000138e+03 -1.158109757999999943e+02 2.696896552089999943e+01 -4.700248071979999764e+01
6.500000000000000222e-01 3.903650062010000056e+03 -4.809738394930000140e+03 -7.094465066820000175e+03 -1.176193255179999966e+02 2.511465321609999890e+01 -4.767888273020000156e+01
6.500000000000000222e-01 3.515519245659999797e+03 -4.922751300019999690e+03 -6.788012396369999806e+03 -1.169413677780000000e+02 2.835984391059999865e+01 -4.470139901969999841e+01
6.500000000000000222e-01 3.468244240640000044e+03 -5.013314530980000200e+03 -6.883320239130000118e+03 -1.159859687739999998e+02 2.817753823239999988e+01 -4.341938925289999673e+01
6.500000000000000222e-01 3.564824889200000143e+03 -5.132600623000000269e+03 -7.134429899929999920e+03 -1.172263578379999984e+02 2.681198828100000142e+01 -4.491063640680000191e+01
6.500000000000000222e-01 3.822855122720000054e+03 -5.016529808680000315e+03 -6.694486638190000122e+03 -1.191880843750000025e+02 2.865680216109999989e+01 -4.621943694229999977e+01
6.500000000000000222e-01 3.678214602410000225e+03 -4.836283516399999826e+03 -7.194429524060000404e+03 -1.173028074709999942e+02 2.648177112189999960e+01 -4.639401028759999690e+01
6.500000000000000222e-01 3.587539888360000077e+03 -4.933838105460000406e+03 -7.190131493990000308e+03 -1.145123430750000040e+02 2.605787183180000000e+01 -4.735149143019999940e+01
6.500000000000000222e-01 3.891471946069999831e+03 -4.952996330789999774e+03 -6.730331404010000369e+03 -1.186055874209999956e+02 2.801130899099999993e+01 -4.658100319620000107e+01
6.500000000000000222e-01 3.612729745279999861e+03 -5.209291425180000260e+03 -7.093161333109999759e+03 -1.154904552130000042e+02 2.839061173010000161e+01 -4.892725481819999800e+01
6.500000000000000222e-01 3.520899256029999833e+03 -5.061670747490000394e+03 -7.122666779510000197e+03 -1.171548894120000028e+02 2.685104415549999857e+01 -4.437204579080000144e+01
6.500000000000000222e-01 3.749327302589999817e+03 -5.099113283519999641e+03 -6.704232836459999817e+03 -1.185937541889999949e+02 3.068049819200000172e+01 -4.577119508530000047e+01
6.500000000000000222e-01 3.630163679650000176e+03 -5.067848972280000453e+03 -6.709531996949999666e+03 -1.157220521899999994e+02 2.930074681960000049e+01 -4.505139855110000013e+01
6.500000000000000222e-01 3.785261477819999982e+03 -4.903667489600000408e+03 -7.225726337719999719e+03 -1.163509732720000045e+02 2.450435876059999885e+01 -4.678634962070000114e+01
6.500000000000000222e-01 3.539531866469999841e+03 -4.823350104889999784e+03 -7.077242221389999941e+03 -1.173741919489999930e+02 2.766309986419999944e+01 -4.434612120660000301e+01
6.500000000000000222e-01 3.586827337640000223e+03 -4.801152991609999845e+03 -7.101859077099999922e+03 -1.162229938100000055e+02 2.605845517339999873e+01 -4.731219318889999670e+01
6.500000000000000222e-01 3.864504743330000110e+03 -4.823230517570000302e+03 -6.771552802549999797e+03 -1.196743260939999942e+02 2.667784437459999936e+01 -4.438035734999999704e+01
6.500000000000000222e-01 3.968675695939999969e+03 -5.012279474179999852e+03 -6.804051405070000328e+03 -1.186890496479999939e+02 2.744779476600000123e+01 -4.638978114649999895e+01
6.500000000000000222e-01 3.958492120670000077e+03 -4.984504131370000323e+03 -6.789658895280000252e+03 -1.180275176079999966e+02 2.749248687300000071e+01 -4.732109722719999922e+01
6.500000000000000222e-01 3.714418304190000072e+03 -5.217579978349999692e+03 -6.792967391369999859e+03 -1.165248333539999948e+02 2.920567720760000086e+01 -4.524331560619999948e+01
6.500000000000000222e-01 3.613999575790000108e+03 -4.839663279940000393e+03 -7.167997177250000277e+03 -1.178200253699999962e+02 2.797891587590000029e+01 -4.473741914899999728e+01
6.500000000000000222e-01 3.546589824029999818e+03 -5.180789517060000435e+03 -7.039061202089999824e+03 -1.166662220409999975e+02 2.758673336429999878e+01 -4.454696830299999988e+01
6.500000000000000222e-01 3.633569431420000001e+03 -4.742982808169999771e+03 -7.059034306649999962e+03 -1.176589330040000050e+02 2.709650569880000148e+01 -4.554879260410000086e+01
6.500000000000000222e-01 3.612210361769999963e+03 -5.138018486719999601e+03 -6.755585780700000214e+03 -1.181216970800000041e+02 2.724320363920000077e+01 -4.774636069099999958e+01
6.500000000000000222e-01 3.926832018680000147e+03 -4.825308046760000252e+03 -6.838475955949999843e+03 -1.179499411719999955e+02 2.629572674890000172e+01 -4.608246046800000073e+01
6.500000000000000222e-01 3.507963340159999916e+03 -5.081480639639999936e+03 -6.824636427649999860e+03 -1.178081389740000020e+02 2.805215928819999860e+01 -4.779814755179999963e+01
6.500000000000000222e-01 3.462109695229999943e+03 -5.030606159599999955e+03 -6.977206403520000094e+03 -1.164187807760000055e+02 2.782084638330000104e+01 -4.347717745210000118e+01
6.500000000000000222e-01 3.804450417959999868e+03 -4.941680558129999554e+03 -7.235776574149999760e+03 -1.181934042080000040e+02 2.563788124179999883e+01 -4.711021655129999886e+01
6.500000000000000222e-01 3.626514002410000103e+03 -4.733326994539999760e+03 -6.931199766159999854e+03 -1.173142463519999978e+02 2.683751406100000025e+01 -4.317061828530000156e+01
6.500000000000000222e-01 3.734516624339999908e+03 -4.712615411499999936e+03 -7.007649173650000193e+03 -1.179570310590000020e+02 2.681488979170000064e+01 -4.534013356199999834e+01
6.500000000000000222e-01 3.770895764760000020e+03 -4.863236337450000065e+03 -7.205258346309999979e+03 -1.159038884120000006e+02 2.463830080350000173e+01 -4.645520384959999660e+01
6.500000000000000222e-01 3.814472121740000148e+03 -4.881162136279999686e+03 -6.710849027670000396e+03 -1.180004793570000032e+02 2.636575384229999841e+01 -4.554289644320000008e+01
6.500000000000000222e-01 3.607535639650000121e+03 -5.115295906999999715e+03 -6.744678641559999960e+03 -1.175528742160000064e+02 2.992222201190000064e+01 -4.576203330410000092e+01
6.500000000000000222e-01 3.810987647089999882e+03 -4.815201197149999643e+03 -6.749397956810000323e+03 -1.174900831420000031e+02 2.886135461929999835e+01 -4.714686080509999755e+01
9.810000000000000000e+05 8.285954013150000537e+04 -2.128244846249999966e+02 3.505995936339999753e+04 -9.677380221070000843e+00 2.647824931250000091e+01 -5.272034908239999851e+01
6.500000000000000222e-01 8.339571178310000687e+04 -1.623098644319999948e+03 3.700006793969999853e+04 -8.915783674709999218e+00 2.558215287790000048e+01 -5.307913689360000120e+01
6.500000000000000222e-01 8.444196199120000529e+04 1.093711859909999930e+03 3.371521586250000109e+04 -9.990304859940000171e+00 2.585687104519999835e+01 -5.363426201829999940e+01
6.500000000000000222e-01 8.356030788490000123e+04 -1.750201297000000068e+03 3.683925242469999648e+04 -9.973197486469999262e+00 2.736352509259999977e+01 -5.183191118650000107e+01
6.500000000000000222e-01 8.044427842410000449e+04 -3.759504156479999892e+02 3.465669088519999787e+04 -9.813576582310000518e+00 2.649658615019999885e+01 -5.255454421040000312e+01
6.500000000000000222e-01 8.455460194469999988e+04 1.377752319369999896e+03 3.427532094240000151e+04 -9.454146166419999275e+00 2.679426102349999894e+01 -5.149547815409999885e+01
6.500000000000000222e-01 8.177141123389999848e+04 1.983467521909999959e+03 3.514810653370000364e+04 -9.669879368849999324e+00 2.637165835269999903e+01 -5.313362322809999938e+01
6.500000000000000222e-01 8.233648371600000246e+04 3.911679822080000122e+02 3.737899464740000258e+04 -8.767127824859999308e+00 2.547557982500000051e+01 -5.236318593920000097e+01
6.500000000000000222e-01 8.283213748000000487e+04 2.239978947990000052e+03 3.504224815949999902e+04 -9.670079062739999287e+00 2.638455386509999911e+01 -5.313218973069999862e+01
6.500000000000000222e-01 8.265751569899999595e+04 6.833869704039999533e+02 3.278378888439999719e+04 -9.825868309780000587e+00 2.581500561429999863e+01 -5.305424303430000066e+01
6.500000000000000222e-01 8.177695736240000406e+04 -2.309449771989999931e+02 3.285809892779999791e+04 -9.569655026350000426e+00 2.649162046200000020e+01 -5.280227042509999791e+01
6.500000000000000222e-01 8.461669026869999652e+04 -1.353837943080000059e+03 3.378938509999999951e+04 -9.558421023139999306e+00 2.653881280830000122e+01 -5.195739417320000086e+01
6.500000000000000222e-01 8.227794236240000464e+04 -1.740245590840000034e+02 3.744287679090000165e+04 -9.583659857289999806e+00 2.649263147550000141e+01 -5.277286959660000321e+01
6.500000000000000222e-01 8.188250109809999412e+04 -2.062853899969999929e+03 3.634434123990000080e+04 -9.128204449829999234e+00 2.607495062410000131e+01 -5.268884838719999664e+01
6.500000000000000222e-01 8.253938995179999620e+04 -2.556596013159999984e+03 3.440249423009999737e+04 -9.425486612149999388e+00 2.654694949019999939e+01 -5.356549538470000016e+01
6.500000000000000222e-01 8.122497930720000295e+04 -2.032937567919999992e+03 3.524652564539999730e+04 -9.628636518000000422e+00 2.656507198079999910e+01 -5.166668403890000150e+01
6.500000000000000222e-01 8.402670438029999787e+04 -2.179838279799999782e+03 3.418564540169999964e+04 -9.919090886170000232e+00 2.673538253430000111e+01 -5.219258503729999887e+01
6.500000000000000222e-01 8.519541300220000267e+04 3.981692331279999735e+02 3.550044993930000055e+04 -9.444067607339999171e+00 2.643086850250000097e+01 -5.323493888019999787e+01
6.500000000000000222e-01 8.529931581980000192e+04 4.233691831379999826e+01 3.512159523759999865e+04 -9.613608369530000530e+00 2.647206190469999854e+01 -5.246408708839999946e+01
6.500000000000000222e-01 8.172641810979999718e+04 -1.687317289970000047e+03 3.345840670420000242e+04 -9.087856431740000573e+00 2.629890559700000097e+01 -5.307502446560000209e+01
6.500000000000000222e-01 8.195799264830000175e+04 5.650969312910000326e+02 3.720687798150000162e+04 -9.356448805130000324e+00 2.624262737729999984e+01 -5.237797738169999917e+01
6.500000000000000222e-01 8.200890274900000077e+04 1.105676672119999921e+03 3.317093193510000128e+04 -1.049027548429999968e+01 2.743685125200000030e+01 -5.195878098690000257e+01
6.500000000000000222e-01 8.440065162079999573e+04 -1.709052938880000056e+03 3.386623774099999719e+04 -9.579901548480000528e+00 2.643860654259999876e+01 -5.326649823649999860e+01
6.500000000000000222e-01 8.385969055889999436e+04 -2.437746557290000055e+03 3.531785865550000017e+04 -9.604780175080000149e+00 2.644722503559999893e+01 -5.397902333110000228e+01
6.500000000000000222e-01 8.292887533029999759e+04 1.223428562609999972e+03 3.306976559760000237e+04 -1.005834796739999959e+01 2.765237823340000034e+01 -5.206304730389999946e+01
6.500000000000000222e-01 8.478011642330000177e+04 -1.600485972429999947e+03 3.570643113820000144e+04 -9.286781020030000278e+00 2.624762125299999838e+01 -5.335369383060000104e+01
6.500000000000000222e-01 8.158730621500000416e+04 1.557350141579999899e+03 3.617796487550000165e+04 -9.147600186640000075e+00 2.577353878619999961e+01 -5.184697045509999924e+01
6.500000000000000222e-01 8.440294833240000298e+04 -1.536947904480000034e+03 3.642641425100000197e+04 -9.554564878320000787e+00 2.652967385859999894e+01 -5.339017658929999754e+01
6.500000000000000222e-01 8.442356862890000048e+04 7.037775363350000362e+02 3.340789326070000243e+04 -9.255339462949999429e+00 2.700303002889999959e+01 -5.186462635739999882e+01
6.500000000000000222e-01 8.248239341319999949e+04 -5.088060944729999733e+02 3.265386326869999903e+04 -1.065695316190000064e+01 2.593840306230000081e+01 -5.247260078339999723e+01
6.500000000000000222e-01 8.267408816129999468e+04 -5.154884589600000027e+02 3.263255435520000174e+04 -1.023956277669999970e+01 2.603217007110000125e+01 -5.256920976180000338e+01
6.500000000000000222e-01 8.069511065980000421e+04 -8.953773387200000116e+02 3.599402481429999898e+04 -1.010550542170000021e+01 2.652989362630000159e+01 -5.350288719819999983e+01
6.500000000000000222e-01 8.321221884260000661e+04 1.984088331650000100e+03 3.610203727719999733e+04 -1.014020943749999937e+01 2.685559601490000148e+01 -5.263803318819999788e+01
6.500000000000000222e-01 8.188803955159999896e+04 1.685728307139999970e+03 3.626235347690000344e+04 -9.440472699640000798e+00 2.634721657709999931e+01 -5.344693969290000268e+01
6.500000000000000222e-01 8.422015205459999561e+04 -2.104666429609999796e+03 3.582191437630000291e+04 -9.528879557570000713e+00 2.636791291060000120e+01 -5.383152740719999940e+01
6.500000000000000222e-01 8.482930885580000177e+04 1.098474104820000093e+03 3.440994633109999995e+04 -9.479579911520000124e+00 2.623093782810000008e+01 -5.277377785179999847e+01
6.500000000000000222e-01 8.288771652600000380e+04 5.941378796149999744e+02 3.737738898450000124e+04 -9.825452210610000847e+00 2.767158964549999922e+01 -5.310253139739999995e+01
6.500000000000000222e-01 8.470064259990000573e+04 -1.695521979959999953e+03 3.570723713020000287e+04 -9.880643389090000284e+00 2.678655575899999874e+01 -5.233302134790000082e+01
6.500000000000000222e-01 8.043317876589999651e+04 -2.530167590329999996e+02 3.542370572140000149e+04 -9.940301531970000326e+00 2.647684034790000140e+01 -5.409283766659999770e+01
6.500000000000000222e-01 8.359641747030000261e+04 1.861378413619999947e+03 3.614921769009999844e+04 -1.007024010900000022e+01 2.699678003169999840e+01 -5.294941342130000095e+01
6.500000000000000222e-01 8.517779763169999933e+04 1.446022458099999994e+02 3.577970098400000279e+04 -9.808814640259999607e+00 2.649010848019999997e+01 -5.211956813079999762e+01
4.560000000000000000e+04 6.667543413770000370e+03 2.488002189629999975e+03 1.783860231399999975e+04 2.049280573469999922e+02 -6.071469051209999890e+01 2.029445608059999984e+02
6.500000000000000222e-01 6.739800551319999613e+03 2.460728055370000220e+03 1.802950556819999838e+04 2.041833915150000109e+02 -6.025756416499999801e+01 2.034879871850000086e+02
6.500000000000000222e-01 6.625682730839999749e+03 2.531290055999999822e+03 1.764104362019999826e+04 2.041831713999999920e+02 -6.014482275879999662e+01 2.029875365100000124e+02
6.500000000000000222e-01 6.610806649940000170e+03 2.515961775149999994e+03 1.803428238010000132e+04 2.059610866970000131e+02 -6.111451017160000276e+01 2.034112531540000077e+02
6.500000000000000222e-01 6.775413872920000358e+03 2.344147430529999838e+03 1.774714761770000041e+04 2.043509930069999996e+02 -6.010610106909999928e+01 2.022313607209999873e+02
6.500000000000000222e-01 6.778482055849999597e+03 2.336300550680000015e+03 1.776775885529999869e+04 2.046019550299999992e+02 -6.043185939279999985e+01 2.033520283839999934e+02
6.500000000000000222e-01 6.570593270420000408e+03 2.453868262609999874e+03 1.801635630509999828e+04 2.047475018369999873e+02 -6.058166916140000069e+01 2.028547537789999922e+02
6.500000000000000222e-01 6.564451567850000174e+03 2.437407042459999957e+03 1.766763524099999995e+04 2.055986852999999996e+02 -6.059617573629999754e+01 2.022826503359999890e+02
6.500000000000000222e-01 6.801200320429999920e+03 2.479369776800000182e+03 1.768383146290000150e+04 2.039715243420000093e+02 -6.069986280050000005e+01 2.022398583719999863e+02
6.500000000000000222e-01 6.794413024270000278e+03 2.365550690390000000e+03 1.793518142359999911e+04 2.046734339410000132e+02 -6.034335835120000269e+01 2.027868790759999911e+02
6.500000000000000222e-01 6.607425698779999948e+03 2.304162898109999787e+03 1.777753207969999858e+04 2.047163121629999978e+02 -6.018241190060000179e+01 2.025409619810000095e+02
6.500000000000000222e-01 6.721330668440000409e+03 2.346635288980000041e+03 1.797160396879999826e+04 2.044587352819999921e+02 -5.976895583040000304e+01 2.035520367359999909e+02
6.500000000000000222e-01 6.842001039660000060e+03 2.382358044489999884e+03 1.783368947950000074e+04 2.047367157470000052e+02 -6.056967830389999818e+01 2.020504514060000076e+02
6.500000000000000222e-01 6.723442635319999681e+03 2.304397482800000034e+03 1.789742848030000096e+04 2.046549636599999928e+02 -6.027503285720000292e+01 2.026929388840000001e+02
6.500000000000000222e-01 6.709360963070000253e+03 2.358159205089999887e+03 1.799595987270000114e+04 2.054796957169999985e+02 -6.126906354399999799e+01 2.027356570050000073e+02
6.500000000000000222e-01 6.586046994809999887e+03 2.567942007489999924e+03 1.766596939650000058e+04 2.052611952629999905e+02 -6.122937850120000292e+01 2.022756239720000053e+02
6.500000000000000222e-01 6.865099386019999656e+03 2.533498652969999966e+03 1.781558566269999938e+04 2.046275876709999864e+02 -6.076925169169999918e+01 2.021395905459999938e+02
6.500000000000000222e-01 6.622235803350000424e+03 2.681781085940000139e+03 1.788592981059999875e+04 2.050367040810000105e+02 -6.109478773330000223e+01 2.039603452229999903e+02
6.500000000000000222e-01 6.822663940849999562e+03 2.526375635010000224e+03 1.796728161729999920e+04 2.051507457550000026e+02 -6.052254654379999721e+01 2.026866366030000108e+02
6.500000000000000222e-01 6.810115018409999720e+03 2.633550816290000057e+03 1.784980710320000071e+04 2.048154602769999997e+02 -6.091963534069999753e+01 2.032218310769999903e+02
6.500000000000000222e-01 6.708329671899999994e+03 2.680250145710000197e+03 1.789811525790000087e+04 2.047779393389999996e+02 -6.102607259549999696e+01 2.038982291339999904e+02
6.500000000000000222e-01 6.861126544349999676e+03 2.553164044459999786e+03 1.784266931090000071e+04 2.047820030210000084e+02 -6.076125597669999934e+01 2.021606470259999924e+02
6.500000000000000222e-01 6.552049537590000000e+03 2.353817490670000097e+03 1.793995166469999822e+04 2.053517916350000121e+02 -6.013899231650000132e+01 2.037620124219999980e+02
6.500000000000000222e-01 6.476935843860000205e+03 2.467845975470000212e+03 1.776755103539999982e+04 2.050342994330000010e+02 -6.077508387510000176e+01 2.030079771970000024e+02
6.500000000000000222e-01 6.641598215330000130e+03 2.688955712640000002e+03 1.782250733400000172e+04 2.050082830249999972e+02 -6.093784672980000039e+01 2.038363019409999879e+02
6.500000000000000222e-01 6.740351739540000381e+03 2.499436612919999789e+03 1.803151478359999965e+04 2.045586003989999995e+02 -6.077846865789999953e+01 2.033411838229999944e+02
6.500000000000000222e-01 6.598781950130000041e+03 2.299677089580000029e+03 1.780504015349999827e+04 2.047894701730000122e+02 -6.041683124850000297e+01 2.032527254279999909e+02
6.500000000000000222e-01 6.761510291519999555e+03 2.631888836250000168e+03 1.772803786609999952e+04 2.043965473289999863e+02 -6.121112011630000183e+01 2.021689651529999878e+02
6.500000000000000222e-01 6.627813676230000056e+03 2.296350724599999921e+03 1.790236194410000098e+04 2.052706779970000071e+02 -6.079121110389999671e+01 2.027337854099999959e+02
6.500000000000000222e-01 6.843945137439999598e+03 2.437272440369999913e+03 1.792887041189999945e+04 2.051704023359999951e+02 -6.068371190180000241e+01 2.023096566549999977e+02
6.500000000000000222e-01 6.512648777239999617e+03 2.359001203580000038e+03 1.780482110850000026e+04 2.049693061160000127e+02 -6.047301243919999791e+01 2.027841572149999934e+02
6.500000000000000222e-01 6.562919349189999593e+03 2.621737074269999994e+03 1.795331792340000175e+04 2.054167399540000076e+02 -6.122796487099999752e+01 2.038442277009999941e+02
6.500000000000000222e-01 6.737801804439999614e+03 2.549759221159999925e+03 1.765587640489999831e+04 2.054351454369999885e+02 -6.033979174880000329e+01 2.032577340960000072e+02
6.500000000000000222e-01 6.785251273660000152e+03 2.337869053850000000e+03 1.791365110479999930e+04 2.051219991179999909e+02 -6.083950511719999810e+01 2.021561161239999933e+02
6.500000000000000222e-01 6.834041161559999637e+03 2.605482170339999811e+03 1.782609858389999863e+04 2.047339523109999959e+02 -6.086273000679999967e+01 2.021279658740000116e+02
6.500000000000000222e-01 6.761536892510000143e+03 2.665291596319999826e+03 1.780405605869999999e+04 2.048387711700000011e+02 -6.110656419410000240e+01 2.022675511850000021e+02
6.500000000000000222e-01 6.523516511660000106e+03 2.358742236969999794e+03 1.790278264340000169e+04 2.053591594039999961e+02 -6.041852464720000171e+01 2.037563943609999910e+02
6.500000000000000222e-01 6.526851005739999891e+03 2.629549670909999804e+03 1.788059969560000172e+04 2.049651927189999867e+02 -6.072508023649999842e+01 2.019930223430000069e+02
6.500000000000000222e-01 6.788628394620000108e+03 2.335904569589999937e+03 1.790908090100000118e+04 2.049178681429999926e+02 -6.055313665109999732e+01 2.035126031709999950e+02
6.500000000000000222e-01 6.841659108720000404e+03 2.571017582540000149e+03 1.790753210169999875e+04 2.045133240920000048e+02 -6.088117890579999880e+01 2.040659592019999877e+02
6.500000000000000222e-01 6.577467393599999923e+03 2.435677179169999818e+03 1.801544477040000129e+04 2.043862947240000096e+02 -6.089500656029999703e+01 2.026019313920000116e+02
1.390000000000000000e+04 -9.823480452199999490e+03 2.305541528130000188e+03 1.245006942770000023e+04 -2.396339867890000050e+02 2.026719118510000044e+02 -3.296820564110000191e+02
6.500000000000000222e-01 -9.929518025979999948e+03 2.394968070079999961e+03 1.248573630380000031e+04 -2.397696445370000049e+02 2.027026929120000034e+02 -3.301138203720000206e+02
6.500000000000000222e-01 -9.892007486619999327e+03 2.285057491919999848e+03 1.257479261439999937e+04 -2.400905836000000022e+02 2.025594015249999984e+02 -3.297581007150000119e+02
6.500000000000000222e-01 -9.744279128980000678e+03 2.285244376369999827e+03 1.256723824319999949e+04 -2.399386794080000129e+02 2.026870518849999883e+02 -3.295823600659999784e+02
6.500000000000000222e-01 -9.740252636949999214e+03 2.343560615729999881e+03 1.233899923029999991e+04 -2.390888822029999972e+02 2.027870159580000120e+02 -3.294572657780000213e+02
6.500000000000000222e-01 -9.716340914739999789e+03 2.378723539980000169e+03 1.250757425139999941e+04 -2.400302101370000116e+02 2.024926416399999880e+02 -3.292220490550000136e+02
6.500000000000000222e-01 -9.865917223939999531e+03 2.395249923070000023e+03 1.255409799380000004e+04 -2.395875332589999971e+02 2.022003608310000118e+02 -3.290885870609999984e+02
6.500000000000000222e-01 -9.773385931070000879e+03 2.187777648450000015e+03 1.239147728559999996e+04 -2.396665283009999996e+02 2.028025088660000108e+02 -3.293724988260000259e+02
6.500000000000000222e-01 -9.869511821649999547e+03 2.178288951869999892e+03 1.249184813670000040e+04 -2.396967638060000070e+02 2.030970686260000093e+02 -3.291764049860000227e+02
6.500000000000000222e-01 -9.831501062350000211e+03 2.189394765290000123e+03 1.253610909290000018e+04 -2.394208355840000024e+02 2.024773763139999971e+02 -3.297396884909999812e+02
6.500000000000000222e-01 -9.767802738989999852e+03 2.412402249879999999e+03 1.252376378289999957e+04 -2.395936035389999859e+02 2.021774270720000004e+02 -3.294873650470000257e+02
6.500000000000000222e-01 -9.684263774720000583e+03 2.297236842610000167e+03 1.241965965949999918e+04 -2.398004313909999894e+02 2.026734393060000059e+02 -3.303116393540000217e+02
6.500000000000000222e-01 -9.799749087100000907e+03 2.170110695630000009e+03 1.240984729709999920e+04 -2.394753123510000137e+02 2.026007874720000075e+02 -3.292042344019999973e+02
6.500000000000000222e-01 -9.733870397650000086e+03 2.195637710290000086e+03 1.242914277589999983e+04 -2.396012742560000106e+02 2.027543801250000115e+02 -3.298186924180000119e+02
6.500000000000000222e-01 -9.818376619299999220e+03 2.213073397059999934e+03 1.233937101369999982e+04 -2.392997696259999998e+02 2.021887258399999894e+02 -3.294508597590000250e+02
6.500000000000000222e-01 -9.933515050140000312e+03 2.301935785619999933e+03 1.254224858329999915e+04 -2.398252434370000117e+02 2.026902201400000081e+02 -3.297039717740000242e+02
6.500000000000000222e-01 -9.712224531080000816e+03 2.220189439780000157e+03 1.242401070609999988e+04 -2.395759577569999976e+02 2.027029901600000130e+02 -3.292203747600000270e+02
6.500000000000000222e-01 -9.758316427449999537e+03 2.262499650870000096e+03 1.233073349090000011e+04 -2.398804971620000117e+02 2.029905636089999916e+02 -3.300015591800000152e+02
6.500000000000000222e-01 -9.760809426350000649e+03 2.285329294919999938e+03 1.257648179069999969e+04 -2.393734277739999925e+02 2.025912258879999968e+02 -3.299300022840000111e+02
6.500000000000000222e-01 -9.919448364809999475e+03 2.202158295719999842e+03 1.243399681559999954e+04 -2.395599886349999963e+02 2.028968170409999914e+02 -3.297657913489999828e+02
6.500000000000000222e-01 -9.885295573710000099e+03 2.420965438539999923e+03 1.250011625409999942e+04 -2.394687210959999959e+02 2.023250745820000134e+02 -3.295459289679999983e+02
6.500000000000000222e-01 -9.793148562540000057e+03 2.195277887610000107e+03 1.253748590040000090e+04 -2.396711654380000027e+02 2.029952091000000109e+02 -3.292416095199999972e+02
6.500000000000000222e-01 -9.883490986779999730e+03 2.307632528090000051e+03 1.232052272289999928e+04 -2.388843036600000005e+02 2.026359272759999897e+02 -3.299702450010000234e+02
6.500000000000000222e-01 -9.911779421850000290e+03 2.339858454109999911e+03 1.255937955639999927e+04 -2.400673931069999867e+02 2.028496931560000007e+02 -3.297470147559999987e+02
6.500000000000000222e-01 -9.750976560360000803e+03 2.374549886350000179e+03 1.234755319589999999e+04 -2.397707759140000121e+02 2.027796671609999919e+02 -3.297895693639999877e+02
6.500000000000000222e-01 -9.890465575000000172e+03 2.245622835570000007e+03 1.233936631219999981e+04 -2.398713929760000099e+02 2.025536877399999867e+02 -3.293455526309999755e+02
6.500000000000000222e-01 -9.843410385920000408e+03 2.230359723749999830e+03 1.232902385800000047e+04 -2.392875576449999926e+02 2.022868030330000124e+02 -3.295976204290000169e+02
6.500000000000000222e-01 -9.846666111110000202e+03 2.227699181190000218e+03 1.233309749419999935e+04 -2.397345868150000001e+02 2.024666151780000121e+02 -3.294378984019999734e+02
6.500000000000000222e-01 -9.687205297869999413e+03 2.294142088959999910e+03 1.240878449050000017e+04 -2.398223168510000107e+02 2.026861630889999901e+02 -3.303040446819999829e+02
6.500000000000000222e-01 -9.802200681030000851e+03 2.252669191779999892e+03 1.258121493220000048e+04 -2.400448227750000001e+02 2.033291919099999916e+02 -3.293508940489999759e+02
6.500000000000000222e-01 -9.821075651020000805e+03 2.167419574330000160e+03 1.241999917549999918e+04 -2.396569986709999966e+02 2.028152020949999894e+02 -3.291871265300000005e+02
6.500000000000000222e-01 -9.799056227319999380e+03 2.165609108279999873e+03 1.246077102559999912e+04 -2.396106110880000131e+02 2.027831687789999933e+02 -3.302973542240000029e+02
6.500000000000000222e-01 -9.752706591629999821e+03 2.258838916470000186e+03 1.233386031879999973e+04 -2.399775586529999885e+02 2.030039612639999973e+02 -3.302564826199999857e+02
6.500000000000000222e-01 -9.681341358109999419e+03 2.315598514780000187e+03 1.244645693439999923e+04 -2.397088197920000141e+02 2.026415265120000129e+02 -3.292505313560000104e+02
6.500000000000000222e-01 -9.759536642979999669e+03 2.367272248790000049e+03 1.233742765340000005e+04 -2.399503765100000123e+02 2.025250250459999961e+02 -3.300658221979999780e+02
6.500000000000000222e-01 -9.827298762120000902e+03 2.166980699369999911e+03 1.248027121049999914e+04 -2.396716425749999928e+02 2.030180898380000087e+02 -3.290652897570000164e+02
6.500000000000000222e-01 -9.916733158709999771e+03 2.398970019389999834e+03 1.239321153199999935e+04 -2.397605734279999865e+02 2.027956256600000131e+02 -3.291932419039999900e+02
6.500000000000000222e-01 -9.816585566190000463e+03 2.352493446339999991e+03 1.258549113779999971e+04 -2.399217236700000058e+02 2.020485347730000001e+02 -3.293570916169999805e+02
6.500000000000000222e-01 -9.761021588589999737e+03 2.293413214409999910e+03 1.232067642060000071e+04 -2.390459177730000135e+02 2.025443520020000108e+02 -3.296349657459999776e+02
6.500000000000000222e-01 -9.841904638390000400e+03 2.302453943399999844e+03 1.259266651649999949e+04 -2.392156086260000052e+02 2.027953067619999956e+02 -3.294738340339999922e+02
6.500000000000000222e-01 -9.876442573289999928e+03 2.287460466189999806e+03 1.258277315810000073e+04 -2.403272269949999895e+02 2.025375407269999926e+02 -3.297641604510000093e+02
1.190000000000000000e+04 -5.559440113439999550e+03 6.121135870590000195e+03 -1.306865438779999931e+04 -2.672198967549999793e+02 -3.020588877209999978e+01 8.367028379949999817e+01
6.500000000000000222e-01 -5.644056179070000326e+03 6.030129233139999997e+03 -1.302151793670000006e+04 -2.671396323370000232e+02 -3.033332216149999994e+01 8.320286253689999967e+01
6.500000000000000222e-01 -5.649864838669999699e+03 6.028272103100000095e+03 -1.304073520540000027e+04 -2.670165264629999911e+02 -2.998095860120000111e+01 8.422365770400000429e+01
6.500000000000000222e-01 -5.443137073050000254e+03 6.155839928289999989e+03 -1.312179758559999937e+04 -2.672208013489999985e+02 -3.012970370820000099e+01 8.419793579390000104e+01
6.500000000000000222e-01 -5.457659734980000394e+03 6.037039025160000165e+03 -1.308431861140000001e+04 -2.673670404910000116e+02 -3.011312332829999860e+01 8.337741821570000411e+01
6.500000000000000222e-01 -5.576249594259999867e+03 6.219331876209999791e+03 -1.315776511360000040e+04 -2.671566423140000097e+02 -3.066964894990000090e+01 8.300216880210000170e+01
6.500000000000000222e-01 -5.638281229969999913e+03 6.224930753820000064e+03 -1.304157251030000043e+04 -2.670962473710000040e+02 -3.037254748810000038e+01 8.405544497200000365e+01
6.500000000000000222e-01 -5.526784645490000003e+03 6.115287515510000048e+03 -1.293856788050000068e+04 -2.670013353929999766e+02 -3.036396059300000161e+01 8.376693787429999816e+01
6.500000000000000222e-01 -5.679342273799999930e+03 6.093346357819999866e+03 -1.311770957509999971e+04 -2.671109751189999884e+02 -3.014359784630000050e+01 8.379214767390000418e+01
6.500000000000000222e-01 -5.598486635940000269e+03 6.027076657929999783e+03 -1.315480357139999978e+04 -2.671875278420000086e+02 -3.045485477109999906e+01 8.405302840219999894e+01
6.500000000000000222e-01 -5.535322006370000054e+03 6.069821778020000238e+03 -1.294803289519999998e+04 -2.673306905840000240e+02 -3.014189867729999861e+01 8.381037845870000069e+01
6.500000000000000222e-01 -5.658682328730000336e+03 6.034951735820000067e+03 -1.308473404049999954e+04 -2.670986078750000274e+02 -3.013081531550000136e+01 8.423140662059999784e+01
6.500000000000000222e-01 -5.519630757570000242e+03 6.076731465750000098e+03 -1.318767745180000020e+04 -2.670109765369999764e+02 -3.041724340989999931e+01 8.389508330489999821e+01
6.500000000000000222e-01 -5.630361843380000209e+03 6.190677763519999644e+03 -1.298107388270000047e+04 -2.667778851290000262e+02 -3.065315933440000151e+01 8.409319980719999421e+01
6.500000000000000222e-01 -5.483475582920000306e+03 6.227835750770000232e+03 -1.304832489469999928e+04 -2.673668760339999722e+02 -3.025720015290000120e+01 8.318128685050000115e+01
6.500000000000000222e-01 -5.466988684719999583e+03 6.103221950600000127e+03 -1.297402471159999914e+04 -2.675585673379999889e+02 -3.022504100540000138e+01 8.407876260899999465e+01
6.500000000000000222e-01 -5.687185352129999956e+03 6.146764964599999985e+03 -1.309300143720000051e+04 -2.670161931970000069e+02 -3.019464734330000155e+01 8.343721954549999964e+01
6.500000000000000222e-01 -5.474847709599999689e+03 6.150294030860000021e+03 -1.296904437959999996e+04 -2.673515508689999933e+02 -3.054084227759999948e+01 8.394759246830000166e+01
6.500000000000000222e-01 -5.537764181169999574e+03 6.120307076179999967e+03 -1.293606407570000010e+04 -2.665711529139999811e+02 -3.036067138450000158e+01 8.373274418040000455e+01
6.500000000000000222e-01 -5.554200623310000083e+03 6.065602976830000443e+03 -1.294729012350000085e+04 -2.673622359209999786e+02 -2.974445842000000084e+01 8.400999850339999853e+01
6.500000000000000222e-01 -5.557019362089999959e+03 6.253162132159999601e+03 -1.307833279969999967e+04 -2.672289948839999738e+02 -3.036237980840000006e+01 8.393953577009999378e+01
6.500000000000000222e-01 -5.435041849729999740e+03 6.083571152370000164e+03 -1.303871278100000018e+04 -2.673586094720000119e+02 -3.026105042940000089e+01 8.390950383009999314e+01
6.500000000000000222e-01 -5.619405259680000199e+03 6.005635276799999701e+03 -1.304038978569999927e+04 -2.670148236059999931e+02 -3.025121467929999852e+01 8.339962356229999330e+01
6.500000000000000222e-01 -5.463573039040000367e+03 6.203526751549999972e+03 -1.302869317389999924e+04 -2.671846535070000073e+02 -3.026648596920000145e+01 8.310836704300000122e+01
6.500000000000000222e-01 -5.540955548240000098e+03 5.990197872880000432e+03 -1.305863901839999926e+04 -2.672229378249999741e+02 -3.001708648359999998e+01 8.420619366280000406e+01
6.500000000000000222e-01 -5.683488631760000317e+03 6.079385437160000038e+03 -1.304800447159999931e+04 -2.669688670259999981e+02 -3.009869983389999959e+01 8.407828539950000390e+01
6.500000000000000222e-01 -5.637398614550000275e+03 6.175571102879999671e+03 -1.316312624250000044e+04 -2.675268273429999795e+02 -2.992068113590000067e+01 8.388883066040000358e+01
6.500000000000000222e-01 -5.556396492810000382e+03 5.993261546060000001e+03 -1.303738138900000013e+04 -2.672985019550000061e+02 -2.998053612400000034e+01 8.367159770070000491e+01
6.500000000000000222e-01 -5.537590934019999622e+03 6.214412618530000145e+03 -1.316230080740000085e+04 -2.672194102170000178e+02 -2.981311118980000074e+01 8.392712458889999994e+01
6.500000000000000222e-01 -5.637584259330000350e+03 6.227674250519999987e+03 -1.305026642890000039e+04 -2.672286150400000224e+02 -3.021387178439999843e+01 8.303888986190000310e+01
6.500000000000000222e-01 -5.634814535659999819e+03 6.152592730489999667e+03 -1.296283563759999925e+04 -2.673972558309999954e+02 -3.013704715189999916e+01 8.346161985659999516e+01
6.500000000000000222e-01 -5.670493371859999570e+03 6.110876259810000192e+03 -1.299704658480000035e+04 -2.672572160930000109e+02 -3.027930031569999869e+01 8.325604420880000589e+01
6.500000000000000222e-01 -5.622258718340000087e+03 6.060937096239999846e+03 -1.296716923999999926e+04 -2.667870949069999824e+02 -2.985324447449999852e+01 8.418231919980000555e+01
6.500000000000000222e-01 -5.514390022440000394e+03 6.180043553460000112e+03 -1.295771330029999990e+04 -2.669147280290000026e+02 -2.998617115049999882e+01 8.341312504590000287e+01
6.500000000000000222e-01 -5.566585587440000381e+03 6.253803408210000271e+03 -1.307413694190000024e+04 -2.672658238309999774e+02 -3.030477249240000148e+01 8.412297190590000184e+01
6.500000000000000222e-01 -5.682533496330000162e+03 6.127365670099999988e+03 -1.311902584690000003e+04 -2.669351883329999851e+02 -3.012106721139999976e+01 8.314154017069999725e+01
6.500000000000000222e-01 -5.553299107609999737e+03 6.193515982169999916e+03 -1.318048924090000037e+04 -2.671086086939999973e+02 -3.001321125009999946e+01 8.372573993960000394e+01
6.500000000000000222e-01 -5.490217382789999647e+03 6.190468825050000305e+03 -1.315926828510000087e+04 -2.670479132199999981e+02 -3.018390481040000140e+01 8.385029855230000351e+01
6.500000000000000222e-01 -5.624853753970000071e+03 6.046246445429999767e+03 -1.315652724979999948e+04 -2.672136287760000073e+02 -2.962613668199999850e+01 8.336189763599999480e+01
6.500000000000000222e-01 -5.453909678740000345e+03 6.040951541639999959e+03 -1.307795819119999942e+04 -2.673590846149999720e+02 -3.013491294330000159e+01 8.352309599320000189e+01
6.500000000000000222e-01 -5.508442679970000427e+03 6.216503212640000129e+03 -1.314672837719999916e+04 -2.671433199169999853e+02 -2.999329314619999920e+01 8.400627057389999663e+01
