3.450000000000000000e+05 3.055879845569999816e+03 -4.805915349060000153e+03 -7.167768595960000312e+03 -1.252355438019999951e+02 3.894982686390000026e+01 -2.652940296510000096e+01
6.500000000000000222e-01 2.968155758920000153e+03 -4.715189657480000278e+03 -6.902555777810000109e+03 -1.256855022409999947e+02 3.981641694350000193e+01 -2.530353579819999865e+01
6.500000000000000222e-01 2.883701818890000141e+03 -4.926015299120000236e+03 -7.350617765179999878e+03 -1.244490644750000001e+02 3.890528361049999972e+01 -2.586151469789999879e+01
6.500000000000000222e-01 3.244469255080000039e+03 -4.730900812150000093e+03 -6.980554570889999923e+03 -1.258404928119999937e+02 3.945023735840000256e+01 -2.791069993369999835e+01
6.500000000000000222e-01 3.039873570409999957e+03 -4.926653235480000149e+03 -7.437171228999999585e+03 -1.242044939679999942e+02 3.578097700320000030e+01 -2.679335606969999972e+01
6.500000000000000222e-01 3.167803123229999983e+03 -5.005497171130000424e+03 -7.333433392040000399e+03 -1.252168087609999958e+02 3.899289272549999907e+01 -2.754576538230000082e+01
6.500000000000000222e-01 3.150083407590000206e+03 -4.592380915949999689e+03 -7.307716126369999984e+03 -1.263075440009999966e+02 3.630345225229999784e+01 -2.804578432070000105e+01
6.500000000000000222e-01 2.838545871069999976e+03 -4.703383461870000247e+03 -7.300671533239999917e+03 -1.232587302459999989e+02 3.830953780990000013e+01 -2.679317578139999867e+01
6.500000000000000222e-01 3.216970544830000108e+03 -4.637483603120000225e+03 -7.307724098890000278e+03 -1.259618264530000005e+02 3.603069780330000071e+01 -2.786319950069999862e+01
6.500000000000000222e-01 2.833972283619999871e+03 -4.729039148949999799e+03 -6.982754095280000001e+03 -1.248025369500000039e+02 4.040156029509999769e+01 -2.425429258080000139e+01
6.500000000000000222e-01 2.792979393019999861e+03 -4.820683253719999811e+03 -7.071453681789999791e+03 -1.235331437340000065e+02 4.020056557350000048e+01 -2.319912629510000102e+01
6.500000000000000222e-01 2.883217364879999877e+03 -4.948805412540000361e+03 -7.332605719160000262e+03 -1.245535311430000007e+02 3.842951917789999783e+01 -2.528678660779999987e+01
6.500000000000000222e-01 3.126644061680000050e+03 -4.820956485759999850e+03 -6.899416232280000258e+03 -1.277681614170000017e+02 4.077391546089999963e+01 -2.634038554520000019e+01
6.500000000000000222e-01 2.995091180330000043e+03 -4.656224958879999576e+03 -7.399930899809999573e+03 -1.250125166899999982e+02 3.742866935890000235e+01 -2.640221042430000153e+01
6.500000000000000222e-01 2.920856745720000163e+03 -4.755536850170000434e+03 -7.401206834220000019e+03 -1.219689206820000038e+02 3.722497654210000206e+01 -2.743185522050000102e+01
6.500000000000000222e-01 3.198114433170000211e+03 -4.761728432799999609e+03 -6.937315516300000127e+03 -1.273406957870000014e+02 3.989060498069999738e+01 -2.671004789570000071e+01
6.500000000000000222e-01 2.940627158849999887e+03 -5.016225264020000395e+03 -7.314489020109999728e+03 -1.229177000760000027e+02 4.013397281489999813e+01 -2.949069259810000077e+01
6.500000000000000222e-01 2.839770843839999998e+03 -4.877788752190000196e+03 -7.317217263989999992e+03 -1.244513468960000040e+02 3.842048587560000072e+01 -2.453720667660000032e+01
6.500000000000000222e-01 3.057145394889999807e+03 -4.891663511599999765e+03 -6.906824301020000348e+03 -1.269342444260000065e+02 4.296367211409999953e+01 -2.595893617140000131e+01
6.500000000000000222e-01 2.954801124199999776e+03 -4.868036832300000242e+03 -6.907413919190000342e+03 -1.238346839489999951e+02 4.162925697400000047e+01 -2.501442295300000040e+01
6.500000000000000222e-01 3.107136025629999949e+03 -4.734837376870000298e+03 -7.434302368560000104e+03 -1.241967910510000053e+02 3.542428281549999980e+01 -2.710617491869999895e+01
6.500000000000000222e-01 2.856346930300000167e+03 -4.635743095529999664e+03 -7.270270992619999561e+03 -1.249563156010000000e+02 3.892727376319999877e+01 -2.401561807339999888e+01
6.500000000000000222e-01 2.909906149920000189e+03 -4.622959307279999848e+03 -7.311754428690000168e+03 -1.238834945060000052e+02 3.718608327510000322e+01 -2.704474691129999897e+01
6.500000000000000222e-01 3.165146144830000139e+03 -4.640186211870000079e+03 -6.965349969840000085e+03 -1.283984685739999918e+02 3.830863808979999874e+01 -2.422762663700000019e+01
6.500000000000000222e-01 3.274855079500000102e+03 -4.824532048340000074e+03 -7.010783696499999678e+03 -1.274290168569999935e+02 3.920707083549999794e+01 -2.681599489310000095e+01
6.500000000000000222e-01 3.268325010349999957e+03 -4.796534884519999650e+03 -7.001418068439999843e+03 -1.267920262429999951e+02 3.923823736490000158e+01 -2.767010398129999871e+01
6.500000000000000222e-01 3.034738465060000181e+03 -5.018372622419999971e+03 -6.993340319339999951e+03 -1.245721826820000047e+02 4.151360156679999847e+01 -2.571203747630000080e+01
6.500000000000000222e-01 2.928242632810000032e+03 -4.650871845720000238e+03 -7.363839456550000250e+03 -1.254286880829999973e+02 3.903191794090000144e+01 -2.462480679880000167e+01
6.500000000000000222e-01 2.867999531710000156e+03 -4.991851854550000098e+03 -7.235175429990000339e+03 -1.240417622270000066e+02 3.948175499189999726e+01 -2.491401849360000043e+01
6.500000000000000222e-01 2.947964166530000057e+03 -4.559045816490000107e+03 -7.258726297250000243e+03 -1.255300398769999930e+02 3.819108195089999924e+01 -2.517602532400000115e+01
6.500000000000000222e-01 2.923865307389999998e+03 -4.949730495499999961e+03 -6.969124869479999688e+03 -1.260362980670000042e+02 3.959443367099999733e+01 -2.788721141950000160e+01
6.500000000000000222e-01 3.237097328719999950e+03 -4.644976704759999848e+03 -7.042333006519999799e+03 -1.267125963849999977e+02 3.772310905150000337e+01 -2.610474622310000115e+01
6.500000000000000222e-01 2.822166259969999828e+03 -4.889045900359999905e+03 -7.037864561160000449e+03 -1.254425915669999938e+02 4.025156284439999865e+01 -2.772949924430000124e+01
6.500000000000000222e-01 2.784864771059999839e+03 -4.840440408479999860e+03 -7.165972170830000323e+03 -1.238042813590000009e+02 3.968144858130000330e+01 -2.337125094459999985e+01
6.500000000000000222e-01 3.115977632860000085e+03 -4.766393481340000108e+03 -7.446465315139999802e+03 -1.260264476640000026e+02 3.658296075740000219e+01 -2.752952441020000052e+01
6.500000000000000222e-01 2.942330423079999946e+03 -4.550138606769999569e+03 -7.117061136270000134e+03 -1.253692967470000070e+02 3.819105769189999933e+01 -2.263544288370000146e+01
6.500000000000000222e-01 3.046344516120000208e+03 -4.530358571699999629e+03 -7.206272244030000365e+03 -1.261448139240000046e+02 3.787951634630000086e+01 -2.499904891910000160e+01
6.500000000000000222e-01 3.095195402169999852e+03 -4.693703023179999946e+03 -7.411635193430000072e+03 -1.237823819329999964e+02 3.553926073920000306e+01 -2.665460769610000114e+01
6.500000000000000222e-01 3.124719441509999797e+03 -4.699147280320000391e+03 -6.911189938880000227e+03 -1.266609204380000051e+02 3.825284213289999968e+01 -2.539114666400000075e+01
6.500000000000000222e-01 2.922291529560000072e+03 -4.911937251510000351e+03 -6.946827878860000055e+03 -1.255087198899999947e+02 4.226562825050000072e+01 -2.582000203739999833e+01
6.500000000000000222e-01 3.124127863969999908e+03 -4.619684797150000122e+03 -6.958445902309999838e+03 -1.261442611869999979e+02 4.054200740569999795e+01 -2.687700620620000080e+01
4.560000000000000000e+04 7.811825534180000432e+03 2.142598424379999869e+03 1.895451038849999895e+04 2.013435400440000080e+02 -6.186529968509999833e+01 1.934015722759999960e+02
6.500000000000000222e-01 7.864737486469999567e+03 2.016920541599999979e+03 1.911462200149999990e+04 2.019271611439999958e+02 -6.226136716170000085e+01 1.933306545640000138e+02
6.500000000000000222e-01 7.937944130769999902e+03 2.243523567440000079e+03 1.883162494879999940e+04 2.007844459030000053e+02 -6.253220792639999814e+01 1.927194576800000050e+02
6.500000000000000222e-01 7.866665893970000070e+03 2.025836304319999954e+03 1.911470596540000042e+04 2.011154460349999908e+02 -6.093356807450000190e+01 1.942509806150000031e+02
6.500000000000000222e-01 7.611887162930000159e+03 2.128902261700000054e+03 1.892125270209999871e+04 2.016032436140000073e+02 -6.187483942480000110e+01 1.933230959939999991e+02
6.500000000000000222e-01 7.953373385089999829e+03 2.277476830770000106e+03 1.890273858069999915e+04 2.012157124210000063e+02 -6.185241487039999697e+01 1.944085701749999942e+02
6.500000000000000222e-01 7.722806376530000307e+03 2.322967863670000042e+03 1.895783242980000068e+04 2.015525130640000100e+02 -6.224719092859999847e+01 1.931181859460000112e+02
6.500000000000000222e-01 7.779704810019999968e+03 2.182360414769999807e+03 1.915488547240000116e+04 2.022517096189999961e+02 -6.260148936670000097e+01 1.939163899929999957e+02
6.500000000000000222e-01 7.809892208109999956e+03 2.344386609019999923e+03 1.894935341429999971e+04 2.013800180709999950e+02 -6.226311377950000292e+01 1.931843452200000115e+02
6.500000000000000222e-01 7.792826919629999793e+03 2.208620656879999842e+03 1.875821028619999925e+04 2.011252994179999973e+02 -6.256489596589999991e+01 1.929140185359999862e+02
6.500000000000000222e-01 7.723288882189999640e+03 2.140338561489999847e+03 1.876662006330000077e+04 2.014516899410000121e+02 -6.195133129890000134e+01 1.930206185369999901e+02
6.500000000000000222e-01 7.956801637489999848e+03 2.048699825900000178e+03 1.885556042230000094e+04 2.010568154810000010e+02 -6.168982138709999674e+01 1.939084914080000033e+02
6.500000000000000222e-01 7.765929974140000013e+03 2.146726741349999884e+03 1.915556919209999978e+04 2.016538103540000009e+02 -6.177787604240000263e+01 1.935890461230000028e+02
6.500000000000000222e-01 7.737835671830000138e+03 1.985550445860000082e+03 1.906268305129999862e+04 2.019612634869999965e+02 -6.188023999499999661e+01 1.934400051750000102e+02
6.500000000000000222e-01 7.787739924440000323e+03 1.949288586630000054e+03 1.888859504789999846e+04 2.015030273079999859e+02 -6.153022056519999694e+01 1.925873512160000018e+02
6.500000000000000222e-01 7.678029551700000411e+03 1.992934953510000014e+03 1.898067963669999881e+04 2.016343854039999997e+02 -6.156898415690000093e+01 1.940428639149999981e+02
6.500000000000000222e-01 7.904466654750000089e+03 1.982633739890000015e+03 1.888601286540000001e+04 2.008987743909999892e+02 -6.142516685030000190e+01 1.937042162440000084e+02
6.500000000000000222e-01 8.006472138299999642e+03 2.193004695829999946e+03 1.898728566259999934e+04 2.011848562060000063e+02 -6.193704747999999682e+01 1.932397832789999939e+02
6.500000000000000222e-01 8.012979954260000341e+03 2.163922370690000207e+03 1.896358791479999854e+04 2.010170382189999998e+02 -6.187079666710000225e+01 1.937701887990000102e+02
6.500000000000000222e-01 7.724451715219999642e+03 2.018028791859999956e+03 1.881397676839999986e+04 2.018344817889999945e+02 -6.187467925469999841e+01 1.928282089999999869e+02
6.500000000000000222e-01 7.742133141080000314e+03 2.205019684580000103e+03 1.914007956159999958e+04 2.018672444940000048e+02 -6.207030546069999843e+01 1.938696466400000133e+02
6.500000000000000222e-01 7.732558901929999593e+03 2.261322859320000134e+03 1.880296254200000112e+04 2.007770024339999964e+02 -6.141809682859999953e+01 1.937543309929999964e+02
6.500000000000000222e-01 7.938794116179999946e+03 2.018217959780000001e+03 1.884746210150000115e+04 2.010717610860000093e+02 -6.172007527910000135e+01 1.929043828799999858e+02
6.500000000000000222e-01 7.894562928710000051e+03 1.958503094169999940e+03 1.896214373880000130e+04 2.012213982899999962e+02 -6.156886644099999728e+01 1.924685401639999895e+02
6.500000000000000222e-01 7.812767928000000211e+03 2.273471140980000200e+03 1.879365492920000179e+04 2.009426535279999939e+02 -6.126784236999999678e+01 1.937323411600000043e+02
6.500000000000000222e-01 7.973923574829999779e+03 2.025782228130000021e+03 1.900257669919999898e+04 2.013534617550000121e+02 -6.180303980650000284e+01 1.930723386770000047e+02
6.500000000000000222e-01 7.713742584810000153e+03 2.281563327670000035e+03 1.905898845109999820e+04 2.020327219979999995e+02 -6.259079373400000179e+01 1.941692226360000006e+02
6.500000000000000222e-01 7.940290734680000241e+03 2.034321274249999988e+03 1.906300637890000144e+04 2.012604558040000029e+02 -6.158103936159999847e+01 1.930976759499999957e+02
6.500000000000000222e-01 7.944343814329999987e+03 2.223704520480000156e+03 1.882491896970000016e+04 2.013137096019999888e+02 -6.164410942869999843e+01 1.940030875019999996e+02
6.500000000000000222e-01 7.769203638920000230e+03 2.111334399379999923e+03 1.875306642959999954e+04 2.005192138769999985e+02 -6.232019061599999787e+01 1.932730662900000027e+02
6.500000000000000222e-01 7.789483891859999858e+03 2.111820565689999967e+03 1.875028546049999932e+04 2.007941758990000096e+02 -6.224847732770000164e+01 1.932131966270000021e+02
6.500000000000000222e-01 7.629651775369999996e+03 2.086797038730000168e+03 1.902404227689999971e+04 2.014181341670000052e+02 -6.172939622909999713e+01 1.927564889889999904e+02
6.500000000000000222e-01 7.836354593039999600e+03 2.328803347279999798e+03 1.904458042500000010e+04 2.010410342140000068e+02 -6.183258263140000111e+01 1.936834475759999918e+02
6.500000000000000222e-01 7.735243282790000194e+03 2.298478205079999952e+03 1.904869968750000044e+04 2.017682326530000125e+02 -6.218276061640000307e+01 1.930004015089999996e+02
6.500000000000000222e-01 7.925241496460000235e+03 1.985390759189999926e+03 1.900670808920000127e+04 2.012589892489999954e+02 -6.164874809610000028e+01 1.926696640440000010e+02
6.500000000000000222e-01 7.975648562909999782e+03 2.248302687389999846e+03 1.890010035639999842e+04 2.011525682179999990e+02 -6.222345884319999954e+01 1.934703702950000093e+02
6.500000000000000222e-01 7.813439143399999921e+03 2.223163646569999855e+03 1.914688357779999933e+04 2.013850691380000058e+02 -6.100585497699999848e+01 1.934021954320000134e+02
6.500000000000000222e-01 7.960914795550000235e+03 2.023819695809999985e+03 1.901377901470000143e+04 2.009297326930000054e+02 -6.139079957789999753e+01 1.938262966679999977e+02
6.500000000000000222e-01 7.609821546430000126e+03 2.139108108349999839e+03 1.896938256869999896e+04 2.015525620880000019e+02 -6.187948972899999944e+01 1.922589842010000041e+02
6.500000000000000222e-01 7.868678803120000339e+03 2.320244588850000127e+03 1.904525260139999955e+04 2.010330668000000003e+02 -6.170714039660000338e+01 1.934747032909999973e+02
6.500000000000000222e-01 8.001152962649999608e+03 2.172791802650000136e+03 1.902307974359999935e+04 2.009393545739999922e+02 -6.184755058710000242e+01 1.940937074139999936e+02
1.390000000000000000e+04 -1.115008375850000084e+04 3.441103511270000126e+03 1.056393029820000083e+04 -2.311257235459999890e+02 2.003379604490000077e+02 -3.398352158829999894e+02
6.500000000000000222e-01 -1.110488509940000040e+04 3.423445800770000005e+03 1.069761462729999948e+04 -2.319590719530000058e+02 2.006547370069999943e+02 -3.396166072020000115e+02
6.500000000000000222e-01 -1.117888822980000077e+04 3.473288525639999989e+03 1.042705978219999997e+04 -2.312596409779999931e+02 2.006796772799999928e+02 -3.397224145490000069e+02
6.500000000000000222e-01 -1.118915103470000031e+04 3.459080695749999904e+03 1.070265746270000091e+04 -2.308108572799999934e+02 2.000805499930000053e+02 -3.394186762609999732e+02
6.500000000000000222e-01 -1.107512650779999967e+04 3.343306904900000063e+03 1.049630170240000007e+04 -2.312972774449999918e+02 2.008195716150000010e+02 -3.405194596040000192e+02
6.500000000000000222e-01 -1.107236035330000050e+04 3.336762882540000192e+03 1.051439981500000067e+04 -2.311628428550000081e+02 2.006128635149999866e+02 -3.397837598620000108e+02
6.500000000000000222e-01 -1.122096382359999916e+04 3.417892753439999979e+03 1.068886105830000088e+04 -2.315665120650000119e+02 2.004900353200000040e+02 -3.397222483620000162e+02
6.500000000000000222e-01 -1.121720457709999937e+04 3.406765746930000205e+03 1.044433098539999992e+04 -2.303556686100000093e+02 2.004751487339999869e+02 -3.400715967259999957e+02
6.500000000000000222e-01 -1.105766915030000018e+04 3.435050101249999898e+03 1.045167387710000003e+04 -2.314641967940000029e+02 2.003053255279999973e+02 -3.405579221880000205e+02
6.500000000000000222e-01 -1.106362125259999993e+04 3.357161165030000120e+03 1.062885589029999937e+04 -2.314407947390000118e+02 2.006537464639999939e+02 -3.401861828930000229e+02
6.500000000000000222e-01 -1.119156369129999985e+04 3.315594603559999996e+03 1.052111441879999984e+04 -2.311053265939999903e+02 2.008495875719999901e+02 -3.399982425449999823e+02
6.500000000000000222e-01 -1.111579873570000018e+04 3.346081918570000198e+03 1.065789486949999991e+04 -2.316403146240000126e+02 2.010711847530000114e+02 -3.395457827330000100e+02
6.500000000000000222e-01 -1.102875372360000074e+04 3.368043868769999790e+03 1.055495275559999936e+04 -2.312170409050000046e+02 2.004692115820000140e+02 -3.407614965239999947e+02
6.500000000000000222e-01 -1.111255975380000018e+04 3.315147766200000206e+03 1.060335878240000056e+04 -2.313667571219999957e+02 2.007649381170000140e+02 -3.401192478670000128e+02
6.500000000000000222e-01 -1.112118260270000064e+04 3.349009891459999835e+03 1.067234284959999968e+04 -2.310183221000000060e+02 2.000731745960000012e+02 -3.400584247799999957e+02
6.500000000000000222e-01 -1.120347076999999990e+04 3.495095308500000101e+03 1.044265730099999928e+04 -2.306118421010000077e+02 1.999462638710000135e+02 -3.401128469149999773e+02
6.500000000000000222e-01 -1.101298805449999963e+04 3.472108682330000192e+03 1.054215264940000088e+04 -2.312968619369999885e+02 2.002062570370000003e+02 -3.407368267100000025e+02
6.500000000000000222e-01 -1.118234038300000066e+04 3.574217645589999847e+03 1.060081079630000022e+04 -2.311928738640000063e+02 1.999497917319999942e+02 -3.390679437489999941e+02
6.500000000000000222e-01 -1.104306905159999951e+04 3.467963018890000058e+03 1.065036125840000022e+04 -2.312291817889999948e+02 2.003987909850000051e+02 -3.402914064930000109e+02
6.500000000000000222e-01 -1.105135302360000060e+04 3.541037613030000102e+03 1.057039007329999913e+04 -2.312600052530000028e+02 2.000449384750000092e+02 -3.399095019800000159e+02
6.500000000000000222e-01 -1.112328425099999913e+04 3.573209886000000097e+03 1.060779197569999997e+04 -2.313845813959999873e+02 1.999715313810000055e+02 -3.392698229499999911e+02
6.500000000000000222e-01 -1.101568719550000060e+04 3.485751650350000091e+03 1.056114776960000017e+04 -2.312513597960000027e+02 2.001985805470000059e+02 -3.407128875189999917e+02
6.500000000000000222e-01 -1.123052548639999986e+04 3.350126586240000051e+03 1.063912983510000049e+04 -2.309969797139999912e+02 2.008631645879999894e+02 -3.390877427429999784e+02
6.500000000000000222e-01 -1.128173409709999942e+04 3.427331575770000200e+03 1.051756433649999963e+04 -2.309253072459999885e+02 2.003635140439999986e+02 -3.394347954080000136e+02
6.500000000000000222e-01 -1.116799335869999959e+04 3.579737634430000071e+03 1.055593380149999939e+04 -2.310965161910000063e+02 2.000372181379999859e+02 -3.391836177299999804e+02
6.500000000000000222e-01 -1.110335349959999985e+04 3.448521913730000051e+03 1.069850263629999972e+04 -2.317263413590000027e+02 2.002792760529999896e+02 -3.397107861599999978e+02
6.500000000000000222e-01 -1.119770886350000001e+04 3.311691658499999903e+03 1.054279688130000068e+04 -2.311040647149999927e+02 2.007027167029999930e+02 -3.395125077280000028e+02
6.500000000000000222e-01 -1.108492313939999985e+04 3.539088772650000010e+03 1.048272532470000078e+04 -2.313132322230000000e+02 1.998585326879999968e+02 -3.405174202189999733e+02
6.500000000000000222e-01 -1.117732125860000087e+04 3.307982271079999919e+03 1.060841038289999960e+04 -2.309689361490000010e+02 2.004543025590000127e+02 -3.399114928839999834e+02
6.500000000000000222e-01 -1.102745262139999977e+04 3.405648034610000195e+03 1.062208968300000015e+04 -2.311227995369999917e+02 2.003557074059999934e+02 -3.405869008180000037e+02
6.500000000000000222e-01 -1.125739402850000079e+04 3.352775354809999953e+03 1.054231912829999965e+04 -2.310072492619999878e+02 2.006407709130000114e+02 -3.396574769489999994e+02
6.500000000000000222e-01 -1.122337991730000067e+04 3.532193876329999966e+03 1.064830206010000074e+04 -2.310510663949999923e+02 1.999312437380000063e+02 -3.390393274689999998e+02
6.500000000000000222e-01 -1.109664487980000013e+04 3.485224209359999804e+03 1.043665673009999955e+04 -2.304609419360000118e+02 2.005048133829999983e+02 -3.397502955429999929e+02
6.500000000000000222e-01 -1.106818834400000014e+04 3.336326455590000023e+03 1.061192369669999971e+04 -2.310977774529999920e+02 2.003472962829999915e+02 -3.405863037930000132e+02
6.500000000000000222e-01 -1.103460139410000011e+04 3.521736729969999942e+03 1.054985288720000062e+04 -2.312670686099999955e+02 2.000955096209999908e+02 -3.406804728029999865e+02
6.500000000000000222e-01 -1.108462858950000009e+04 3.562531201880000026e+03 1.053601270160000058e+04 -2.311735192909999910e+02 1.999058040829999925e+02 -3.404477886139999896e+02
6.500000000000000222e-01 -1.124988630650000050e+04 3.352681278689999999e+03 1.061365107089999947e+04 -2.309261701460000040e+02 2.006801497440000048e+02 -3.390372130960000163e+02
6.500000000000000222e-01 -1.124915683370000079e+04 3.539412705820000156e+03 1.059193786800000089e+04 -2.312286323120000020e+02 2.002608478180000020e+02 -3.401968267149999861e+02
6.500000000000000222e-01 -1.106634683159999986e+04 3.335944567709999774e+03 1.061325115120000009e+04 -2.312201323930000001e+02 2.005395048970000005e+02 -3.396947125410000012e+02
6.500000000000000222e-01 -1.103103662009999971e+04 3.497722627189999912e+03 1.061300136829999974e+04 -2.315450434189999953e+02 2.001170202000000131e+02 -3.394153850760000068e+02
6.500000000000000222e-01 -1.121735241630000019e+04 3.404210539940000217e+03 1.068726000050000039e+04 -2.317997686100000010e+02 2.002952120680000121e+02 -3.399053998539999952e+02
1.190000000000000000e+04 -7.050419654450000053e+03 5.936713050749999638e+03 -1.256458947160000025e+04 -2.619566577929999767e+02 -3.523983445049999830e+01 9.521085770450000041e+01
6.500000000000000222e-01 -7.148750091289999546e+03 6.020202237950000381e+03 -1.253707727130000058e+04 -2.619044388600000275e+02 -3.526377969949999880e+01 9.440891043390000448e+01
6.500000000000000222e-01 -7.113758031710000068e+03 5.915335530940000353e+03 -1.244927706380000018e+04 -2.620002858990000050e+02 -3.552458819849999827e+01 9.508267177890000710e+01
6.500000000000000222e-01 -6.976422743799999807e+03 5.915935000329999639e+03 -1.245232378070000050e+04 -2.620618255859999977e+02 -3.545496312440000253e+01 9.560040283249999504e+01
6.500000000000000222e-01 -6.972731070640000326e+03 5.974284556599999632e+03 -1.266621305650000068e+04 -2.618191609450000215e+02 -3.498705891840000248e+01 9.549404228669999384e+01
6.500000000000000222e-01 -6.952611294719999933e+03 6.003011400360000152e+03 -1.250697376219999933e+04 -2.623700564960000179e+02 -3.558447471520000249e+01 9.581162557710000272e+01
6.500000000000000222e-01 -7.087579146860000037e+03 6.016550372570000036e+03 -1.246602459629999976e+04 -2.616542997839999884e+02 -3.588626116900000085e+01 9.557602459860000010e+01
6.500000000000000222e-01 -7.005186022070000035e+03 5.828111665520000315e+03 -1.261501287539999976e+04 -2.621428828379999914e+02 -3.498628901650000245e+01 9.579738897609999526e+01
6.500000000000000222e-01 -7.092187055080000391e+03 5.819771512090000215e+03 -1.252172599799999989e+04 -2.618063744369999881e+02 -3.482977500509999658e+01 9.582924384439999699e+01
6.500000000000000222e-01 -7.054524154009999620e+03 5.825892138449999948e+03 -1.248286432459999924e+04 -2.614854100759999938e+02 -3.552221921089999768e+01 9.538517563339999583e+01
6.500000000000000222e-01 -6.997479589360000318e+03 6.032599353450000308e+03 -1.249491865949999919e+04 -2.618612096360000123e+02 -3.590650414819999980e+01 9.538010836210000321e+01
6.500000000000000222e-01 -6.923106123010000374e+03 5.928982771390000380e+03 -1.259361767719999989e+04 -2.623564793979999763e+02 -3.524419548859999907e+01 9.493782306939999671e+01
6.500000000000000222e-01 -7.028080331899999692e+03 5.810293312050000168e+03 -1.259719287959999929e+04 -2.618756064429999810e+02 -3.519175371290000243e+01 9.593314657480000562e+01
6.500000000000000222e-01 -6.967453924770000413e+03 5.834519352710000021e+03 -1.258154915830000027e+04 -2.620401459089999889e+02 -3.511935093070000136e+01 9.547181819060000407e+01
6.500000000000000222e-01 -7.045877474359999724e+03 5.849142427839999982e+03 -1.266562757699999929e+04 -2.618692716080000196e+02 -3.547686934109999868e+01 9.553578992030000450e+01
6.500000000000000222e-01 -7.151371832230000109e+03 5.932430652289999671e+03 -1.248058034009999938e+04 -2.617788673700000004e+02 -3.533170201920000153e+01 9.498509016299999530e+01
6.500000000000000222e-01 -6.947518091310000273e+03 5.857230602309999995e+03 -1.258289231160000054e+04 -2.620703256069999725e+02 -3.517614643059999935e+01 9.605109477729999412e+01
6.500000000000000222e-01 -6.993842705070000193e+03 5.899768428399999721e+03 -1.267614765599999919e+04 -2.625380021639999768e+02 -3.474356117180000325e+01 9.507174593269999718e+01
6.500000000000000222e-01 -6.988283038059999853e+03 5.915369470530000399e+03 -1.244602721500000007e+04 -2.614747412759999747e+02 -3.555663900030000235e+01 9.522887113250000368e+01
6.500000000000000222e-01 -7.138820532869999624e+03 5.841856614340000306e+03 -1.258064417370000047e+04 -2.617578057650000005e+02 -3.491358403960000345e+01 9.506839796149999700e+01
6.500000000000000222e-01 -7.105965141210000183e+03 6.042087418459999753e+03 -1.251993320800000038e+04 -2.616518409629999837e+02 -3.567746199060000123e+01 9.501640291590000231e+01
6.500000000000000222e-01 -7.020500917289999961e+03 5.834202691569999843e+03 -1.247799768190000032e+04 -2.617764535000000024e+02 -3.504802074479999874e+01 9.594891329819999726e+01
6.500000000000000222e-01 -7.104354451690000133e+03 5.940443438539999988e+03 -1.268889564570000039e+04 -2.614715584499999750e+02 -3.502932501859999803e+01 9.470969791429999418e+01
6.500000000000000222e-01 -7.132387716809999802e+03 5.968443957950000367e+03 -1.246483421199999975e+04 -2.620144980570000257e+02 -3.523536721869999866e+01 9.494228450779999662e+01
6.500000000000000222e-01 -6.986390691820000029e+03 6.003089757009999630e+03 -1.266067155450000064e+04 -2.624496133289999875e+02 -3.501723753889999813e+01 9.510574368429999481e+01
6.500000000000000222e-01 -7.115914407590000337e+03 5.881806485260000045e+03 -1.266691047439999966e+04 -2.623418735719999972e+02 -3.511075294740000174e+01 9.541385142069999858e+01
6.500000000000000222e-01 -7.069216848000000027e+03 5.866047746240000379e+03 -1.267689974400000028e+04 -2.618576748410000050e+02 -3.536308618670000214e+01 9.530067737999999622e+01
6.500000000000000222e-01 -7.074685131330000331e+03 5.864534273809999831e+03 -1.267216035430000011e+04 -2.622715637320000042e+02 -3.519454299139999875e+01 9.545622499469999411e+01
6.500000000000000222e-01 -6.926166977740000220e+03 5.926325746090000393e+03 -1.260377076169999964e+04 -2.623981412429999978e+02 -3.521065952189999848e+01 9.493800148729999933e+01
6.500000000000000222e-01 -7.030238962299999912e+03 5.889086123629999747e+03 -1.243859237500000017e+04 -2.620434489990000202e+02 -3.482603184879999958e+01 9.575239840019999349e+01
6.500000000000000222e-01 -7.048621567410000353e+03 5.808901619350000146e+03 -1.258795919859999958e+04 -2.619973721459999751e+02 -3.499322190179999836e+01 9.591094131740000250e+01
6.500000000000000222e-01 -7.027024870819999705e+03 5.806322907009999653e+03 -1.255554051140000047e+04 -2.618748143230000096e+02 -3.510698370880000141e+01 9.492714331249999304e+01
6.500000000000000222e-01 -6.989104702319999888e+03 5.896346593399999620e+03 -1.267448013979999996e+04 -2.626278271319999931e+02 -3.473776349389999751e+01 9.484887258919999908e+01
6.500000000000000222e-01 -6.919487277920000452e+03 5.945647016900000381e+03 -1.256275987039999927e+04 -2.622236599600000204e+02 -3.532521146309999693e+01 9.594318824280000513e+01
6.500000000000000222e-01 -6.995493991710000046e+03 5.995001326780000454e+03 -1.267178010050000012e+04 -2.626300494619999881e+02 -3.523758751420000124e+01 9.482815561879999677e+01
6.500000000000000222e-01 -7.053217705089999981e+03 5.808813457790000029e+03 -1.253091735560000052e+04 -2.618595392589999733e+02 -3.489898012529999960e+01 9.604951455970000040e+01
6.500000000000000222e-01 -7.138893433219999679e+03 6.025826696469999661e+03 -1.261832909020000079e+04 -2.621411689899999828e+02 -3.501714887899999695e+01 9.526405875560000425e+01
6.500000000000000222e-01 -7.043053231980000419e+03 5.975129490459999943e+03 -1.243647081140000046e+04 -2.619419233020000206e+02 -3.609160404749999884e+01 9.553173534719999793e+01
6.500000000000000222e-01 -6.991940620929999568e+03 5.926340685490000396e+03 -1.268410991049999939e+04 -2.617738453189999746e+02 -3.516104186470000315e+01 9.534941412329999366e+01
6.500000000000000222e-01 -7.062157557620000262e+03 5.932542987189999621e+03 -1.243021781209999972e+04 -2.611924259599999800e+02 -3.535933867930000218e+01 9.545053654279999478e+01
6.500000000000000222e-01 -7.100546297300000333e+03 5.917294944559999749e+03 -1.244152448379999987e+04 -2.622291118080000274e+02 -3.556753550570000044e+01 9.511638614529999813e+01
