3.450000000000000000e+05 4.793334075050000138e+03 -5.159826131410000016e+03 -6.358596969500000341e+03 -1.001926419290000041e+02 7.120552360679999637e+00 -7.813279051530000174e+01
6.500000000000000222e-01 4.974250308249999762e+03 -5.341793224920000284e+03 -6.234979623320000428e+03 -1.009255219490000002e+02 7.852834518379999906e+00 -7.796070821659999694e+01
6.500000000000000222e-01 4.634306013659999735e+03 -5.273832275730000219e+03 -6.151073388830000113e+03 -9.888931523220000486e+01 7.178039125579999791e+00 -7.724898961179999901e+01
6.500000000000000222e-01 4.598681613669999933e+03 -5.233995797950000451e+03 -6.163596929440000167e+03 -9.925904684539999323e+01 7.875474576760000289e+00 -7.676516096170000480e+01
6.500000000000000222e-01 4.722141690929999641e+03 -5.423507802760000232e+03 -6.276409828969999580e+03 -1.001126753919999999e+02 7.904976973410000163e+00 -7.601910395500000561e+01
6.500000000000000222e-01 4.874847679819999939e+03 -5.302504244720000315e+03 -6.124968887629999699e+03 -9.976319028080000351e+01 6.997513266480000382e+00 -7.762303222190000440e+01
6.500000000000000222e-01 4.839229117079999924e+03 -5.056784292579999601e+03 -6.096573942199999692e+03 -9.929742403410000406e+01 8.926615581060000082e+00 -7.899889669300000605e+01
6.500000000000000222e-01 4.684269870060000358e+03 -5.110182971430000180e+03 -6.099768463340000380e+03 -1.014324226629999970e+02 7.597397174820000210e+00 -7.882618632589999663e+01
6.500000000000000222e-01 4.869417906829999993e+03 -5.067824626650000027e+03 -6.099483845699999620e+03 -9.986607665610000595e+01 8.703565062110000028e+00 -7.875722118849999731e+01
6.500000000000000222e-01 4.950330608569999640e+03 -5.204401295020000362e+03 -6.124499947260000226e+03 -9.941328840069999728e+01 6.715066270470000376e+00 -7.856773162659999343e+01
6.500000000000000222e-01 4.847008756729999732e+03 -5.154993782710000232e+03 -6.078457025839999915e+03 -9.812134820359999310e+01 7.366914950710000021e+00 -7.853944519259999879e+01
6.500000000000000222e-01 4.647489960640000390e+03 -5.276997388509999837e+03 -6.143253166460000102e+03 -9.868277590009999756e+01 7.896017054689999703e+00 -7.674635732270000688e+01
6.500000000000000222e-01 4.541221700340000098e+03 -5.076027240999999776e+03 -6.255061560500000269e+03 -1.002339647600000063e+02 7.021863788470000145e+00 -7.883438479270000698e+01
6.500000000000000222e-01 4.716507185880000179e+03 -4.943891584420000072e+03 -6.189606874899999639e+03 -9.947711080099999492e+01 6.701182033190000276e+00 -7.881313417810000033e+01
6.500000000000000222e-01 4.591979129739999735e+03 -5.080312101309999889e+03 -6.172772521500000039e+03 -1.016020336960000066e+02 7.726950376989999647e+00 -7.980299552530000540e+01
6.500000000000000222e-01 4.565393018290000327e+03 -5.209997244279999904e+03 -6.194694879669999864e+03 -9.987797303579999664e+01 6.969009395099999615e+00 -7.799725279609999973e+01
6.500000000000000222e-01 4.736558399460000146e+03 -5.252353217629999563e+03 -6.094789502329999777e+03 -1.013980611530000004e+02 5.485542264090000231e+00 -7.898722639529999867e+01
6.500000000000000222e-01 4.622096231380000063e+03 -5.211515471040000193e+03 -6.136334836320000250e+03 -9.859399056760000235e+01 7.752150852989999841e+00 -7.669724541630000658e+01
6.500000000000000222e-01 4.754133324329999596e+03 -4.912041017759999704e+03 -6.223426931130000412e+03 -9.979311622859999886e+01 7.382169187579999736e+00 -7.966083769210000298e+01
6.500000000000000222e-01 4.990193120939999972e+03 -5.020425995329999751e+03 -6.206379148099999838e+03 -9.972906899769999711e+01 8.020355467990000875e+00 -7.977335585580000554e+01
6.500000000000000222e-01 4.879383266589999948e+03 -4.914537277770000401e+03 -6.240546942830000262e+03 -1.008331924640000068e+02 8.227791049169999482e+00 -7.904691852749999725e+01
6.500000000000000222e-01 4.694194746180000038e+03 -5.076455670979999923e+03 -6.104613109969999641e+03 -9.896737497879999523e+01 6.021007958140000227e+00 -7.759953522220000366e+01
6.500000000000000222e-01 4.715058672600000136e+03 -5.061153936959999555e+03 -6.102678511000000071e+03 -1.012778072929999951e+02 8.524622738159999713e+00 -7.905932117189999531e+01
6.500000000000000222e-01 4.683847101440000188e+03 -5.294198991840000417e+03 -6.131998022939999828e+03 -1.008405597050000040e+02 5.553284251750000067e+00 -7.936474210250000283e+01
6.500000000000000222e-01 4.638147979289999967e+03 -5.146954979029999777e+03 -6.119522750850000193e+03 -1.008952329340000063e+02 7.311511303259999650e+00 -7.849216639659999828e+01
6.500000000000000222e-01 4.613692013060000136e+03 -5.166024332040000445e+03 -6.137044017809999787e+03 -9.976456552250000698e+01 7.236233748290000101e+00 -7.771331446569999457e+01
6.500000000000000222e-01 4.813543549420000090e+03 -5.005200668489999771e+03 -6.119556501629999730e+03 -1.004915040940000068e+02 9.299512201589999805e+00 -7.920909580929999549e+01
6.500000000000000222e-01 4.655952190850000079e+03 -4.990379987219999748e+03 -6.175335205979999955e+03 -9.896105049230000361e+01 5.745307418180000347e+00 -7.693052836379999349e+01
6.500000000000000222e-01 4.725265670570000111e+03 -5.226645663039999818e+03 -6.089736621160000141e+03 -9.860885510709999835e+01 8.372551093089999341e+00 -7.741756706179999981e+01
6.500000000000000222e-01 4.756354016600000250e+03 -5.067544853639999928e+03 -6.091372275949999676e+03 -9.965795472460000326e+01 6.726507149859999757e+00 -7.820572147560000076e+01
6.500000000000000222e-01 4.936145915680000144e+03 -4.992296501969999554e+03 -6.177150667840000096e+03 -1.013343486259999935e+02 6.179412766889999631e+00 -7.638412526419999438e+01
6.500000000000000222e-01 4.704038155690000167e+03 -5.242592125780000060e+03 -6.100599953549999555e+03 -1.009139975570000018e+02 7.693134855540000316e+00 -7.819378885429999571e+01
6.500000000000000222e-01 4.935614023060000363e+03 -5.102144813980000436e+03 -6.118165137940000022e+03 -1.020521054790000051e+02 6.434958634710000069e+00 -7.690711540300000593e+01
6.500000000000000222e-01 4.753621690760000092e+03 -5.165525850789999822e+03 -6.076147459079999862e+03 -9.802083045599999878e+01 7.487282083020000201e+00 -7.779503852839999922e+01
6.500000000000000222e-01 5.001968725949999680e+03 -4.992179678620000232e+03 -6.259821291410000413e+03 -9.949981499509999594e+01 7.064021458060000036e+00 -7.953611630860000048e+01
6.500000000000000222e-01 4.795647992139999587e+03 -5.165263254450000204e+03 -6.073377519249999750e+03 -9.951041245529999912e+01 5.439700192130000111e+00 -7.816123740999999825e+01
6.500000000000000222e-01 4.793768885149999733e+03 -5.108948316310000337e+03 -6.077926681259999896e+03 -9.984482482289999439e+01 6.684237795649999647e+00 -7.810362197160000619e+01
6.500000000000000222e-01 4.824854216259999703e+03 -4.919901967300000251e+03 -6.206761902760000339e+03 -1.011986422739999938e+02 8.395694729780000642e+00 -7.856863438999999971e+01
6.500000000000000222e-01 4.663005403070000284e+03 -5.367568719959999726e+03 -6.213119986810000228e+03 -1.011876961180000052e+02 7.630230352089999890e+00 -7.884644406389999460e+01
6.500000000000000222e-01 4.935685533070000020e+03 -5.002494455480000397e+03 -6.167944651570000133e+03 -9.913087811869999655e+01 6.695906757989999569e+00 -7.868584822450000615e+01
6.500000000000000222e-01 4.706571110380000391e+03 -5.365398580070000207e+03 -6.180959435890000350e+03 -9.990371996259999321e+01 8.702484929489999743e+00 -7.641625145429999577e+01
6.500000000000000222e-01 4.713115230110000084e+03 -4.948170146450000175e+03 -6.184069147010000052e+03 -1.009691126769999983e+02 7.530178218419999681e+00 -7.732749933009999666e+01
6.500000000000000222e-01 4.913455950470000062e+03 -5.060072150709999732e+03 -6.119860963570000422e+03 -9.923434685920000220e+01 8.523904715180000480e+00 -7.924399617999999634e+01
6.500000000000000222e-01 4.707635089289999996e+03 -4.971697658570000385e+03 -6.161946589770000173e+03 -1.009335713229999953e+02 8.620586724380000732e+00 -7.972312944879999463e+01
6.500000000000000222e-01 4.746538664759999847e+03 -5.162990061640000022e+03 -6.077197800019999704e+03 -9.981668879500000457e+01 7.179504731659999806e+00 -7.805405642399999522e+01
6.500000000000000222e-01 4.860190920979999646e+03 -5.097305701870000121e+03 -6.088399278339999910e+03 -1.015616455189999954e+02 5.603087676080000357e+00 -7.743399608539999690e+01
6.500000000000000222e-01 4.797878213169999981e+03 -5.169051732949999860e+03 -6.073505723319999561e+03 -1.006084970080000005e+02 7.840862162169999650e+00 -7.810486831500000449e+01
6.500000000000000222e-01 4.969790496730000086e+03 -5.363495324360000268e+03 -6.265284806730000128e+03 -9.985671634189999679e+01 6.715514640140000324e+00 -8.028862852730000554e+01
6.500000000000000222e-01 4.793292984269999579e+03 -5.157841664210000090e+03 -6.073323681879999640e+03 -1.002613183189999972e+02 7.900835672170000379e+00 -7.813085126260000379e+01
6.500000000000000222e-01 4.736134884019999845e+03 -4.901817817619999914e+03 -6.251939739489999738e+03 -9.988113502059999860e+01 7.263226694840000164e+00 -7.970524616950000052e+01
6.500000000000000222e-01 4.537377589310000076e+03 -5.164130054649999693e+03 -6.232710095950000323e+03 -1.003377841020000005e+02 7.154770283899999583e+00 -7.845408266489999960e+01
6.500000000000000222e-01 4.917597567370000434e+03 -5.240680885779999699e+03 -6.114680776490000426e+03 -1.008080902410000022e+02 7.375512121379999897e+00 -7.743529927919999523e+01
6.500000000000000222e-01 5.069838184430000183e+03 -5.178199999860000389e+03 -6.290815652530000079e+03 -1.001808026869999964e+02 7.067543149049999585e+00 -7.829147780399999590e+01
6.500000000000000222e-01 4.863011934199999814e+03 -5.027496945599999890e+03 -6.115533569629999874e+03 -1.010841959290000034e+02 8.165878416119999983e+00 -7.820852815850000184e+01
6.500000000000000222e-01 4.782685858750000079e+03 -5.235116583369999717e+03 -6.083699176140000418e+03 -1.008567938749999939e+02 6.139202973839999800e+00 -7.854605655630000172e+01
6.500000000000000222e-01 4.807630332040000212e+03 -5.143806040610000309e+03 -6.074124133970000003e+03 -9.902797475379999526e+01 8.660979201199999977e+00 -7.826441891439999665e+01
6.500000000000000222e-01 4.845642865339999844e+03 -5.247669859460000225e+03 -6.092104839710000306e+03 -1.000529917340000026e+02 7.281013013509999965e+00 -7.783527377199999364e+01
6.500000000000000222e-01 4.743631647750000411e+03 -5.172763707389999581e+03 -6.077968540900000335e+03 -9.936998960530000602e+01 7.521982149450000321e+00 -7.793882529389999547e+01
6.500000000000000222e-01 4.786278888640000332e+03 -5.160552746270000171e+03 -6.073404920549999588e+03 -1.005678697750000055e+02 7.132841909479999742e+00 -7.813428531639999619e+01
6.500000000000000222e-01 4.678950308479999876e+03 -5.306551698279999982e+03 -6.142411685439999928e+03 -1.014091001689999985e+02 7.527150654049999723e+00 -7.867515587539999444e+01
6.500000000000000222e-01 4.982589608930000395e+03 -5.323081972140000289e+03 -6.220423700520000239e+03 -9.919757905550000032e+01 6.192992011600000346e+00 -7.948431408209999915e+01
6.500000000000000222e-01 4.674532194379999964e+03 -4.975245441750000282e+03 -6.176753349380000145e+03 -9.909994507960000476e+01 5.629338633979999784e+00 -7.650456455200000505e+01
6.500000000000000222e-01 4.892513879279999855e+03 -5.256122782469999947e+03 -6.109311160469999777e+03 -1.000395198869999973e+02 6.990342801039999721e+00 -7.875430262300000095e+01
6.500000000000000222e-01 4.780937134839999999e+03 -5.132228878570000234e+03 -6.074922910850000335e+03 -9.928670967230000599e+01 5.095473807150000312e+00 -7.787235603999999967e+01
6.500000000000000222e-01 4.805526727630000096e+03 -4.928913262269999905e+03 -6.191978849420000188e+03 -9.965488962850000121e+01 5.410213326300000070e+00 -7.660688465990000395e+01
6.500000000000000222e-01 4.732128808749999735e+03 -5.115553384840000035e+03 -6.083428601919999892e+03 -9.957976792319999504e+01 6.778955485380000034e+00 -7.778617548530000647e+01
6.500000000000000222e-01 4.868856471750000310e+03 -5.264965594710000005e+03 -6.104571090360000198e+03 -9.973642201090000015e+01 6.303055739250000400e+00 -7.898279425740000192e+01
6.500000000000000222e-01 4.672961531119999563e+03 -5.056514337180000439e+03 -6.121745043449999685e+03 -9.878931318319999377e+01 5.853770431540000097e+00 -7.728645371860000068e+01
6.500000000000000222e-01 4.959565025150000110e+03 -5.063011699200000294e+03 -6.147887885690000076e+03 -1.010887054079999956e+02 6.103683818800000438e+00 -7.689937657289999606e+01
6.500000000000000222e-01 4.573865969000000405e+03 -5.333391475950000313e+03 -6.303139483070000097e+03 -9.971543274159999726e+01 7.237245467610000205e+00 -7.632821059459999447e+01
6.500000000000000222e-01 4.647491949809999824e+03 -5.401560052740000174e+03 -6.317451418159999776e+03 -9.982853294500000629e+01 7.091033359069999875e+00 -7.695180019910000624e+01
6.500000000000000222e-01 4.897182122899999740e+03 -5.127125999150000098e+03 -6.094888375769999584e+03 -1.012184896779999974e+02 6.585777297859999990e+00 -7.763392051530000515e+01
6.500000000000000222e-01 4.774300858450000305e+03 -5.279855867870000111e+03 -6.100325345889999880e+03 -9.938362532569999530e+01 6.160525104100000426e+00 -7.822412150700000666e+01
6.500000000000000222e-01 4.856805571060000148e+03 -5.283999162439999964e+03 -6.110035890840000320e+03 -1.014667174789999962e+02 8.919343264720000164e+00 -7.749869318839999721e+01
6.500000000000000222e-01 4.741580040069999995e+03 -5.087812321489999704e+03 -6.087495739599999979e+03 -9.885940399560000458e+01 5.337280004010000134e+00 -7.745103173319999712e+01
6.500000000000000222e-01 4.856012776239999766e+03 -5.117673031160000392e+03 -6.083515188600000329e+03 -1.004010582100000022e+02 7.595325116479999750e+00 -7.818814437410000551e+01
6.500000000000000222e-01 4.783400581490000150e+03 -5.429420333789999859e+03 -6.265217845959999977e+03 -9.971952527899999552e+01 7.317309158669999647e+00 -7.648871166819999701e+01
6.500000000000000222e-01 4.734992442519999713e+03 -5.112845406170000388e+03 -6.083390883330000179e+03 -1.003641492189999980e+02 7.206693004819999970e+00 -7.827467233069999963e+01
6.500000000000000222e-01 4.835951772999999775e+03 -5.159107734850000270e+03 -6.076520717890000014e+03 -1.024984911579999931e+02 7.129561947340000039e+00 -7.778425073079999663e+01
6.500000000000000222e-01 4.751053020000000288e+03 -5.279551309739999851e+03 -6.103003098490000411e+03 -9.924317953359999933e+01 6.718008976390000164e+00 -7.794774583109999355e+01
6.500000000000000222e-01 4.710814881080000305e+03 -5.172570725870000388e+03 -6.085817083830000229e+03 -1.010914903919999972e+02 6.948156175930000344e+00 -7.840897738149999441e+01
6.500000000000000222e-01 4.551924896290000106e+03 -5.065093436410000322e+03 -6.239951372219999939e+03 -1.007888685909999964e+02 7.294858552430000032e+00 -7.985317743100000598e+01
6.500000000000000222e-01 4.604169094419999965e+03 -4.958781915450000270e+03 -6.287098603209999965e+03 -9.967688780349999433e+01 6.583734707909999706e+00 -7.607219505729999298e+01
6.500000000000000222e-01 5.033281688209999629e+03 -5.276080639110000448e+03 -6.257318669780000164e+03 -9.958974403630000438e+01 6.855087020720000091e+00 -8.026465797820000603e+01
6.500000000000000222e-01 4.864805762760000107e+03 -5.254307008879999557e+03 -6.098934335859999919e+03 -9.884479367999999511e+01 5.476513520960000214e+00 -7.886097985760000029e+01
6.500000000000000222e-01 4.855287644179999916e+03 -5.243724470619999920e+03 -6.092912714400000368e+03 -1.003004925759999963e+02 7.453417199010000438e+00 -7.774907063530000073e+01
6.500000000000000222e-01 5.026471813830000428e+03 -5.073137964190000275e+03 -6.218749947389999761e+03 -1.002877557540000026e+02 6.656625080180000431e+00 -7.749258784699999580e+01
6.500000000000000222e-01 4.584741950249999718e+03 -5.257816000150000036e+03 -6.190353439440000329e+03 -1.014003194489999942e+02 7.063054657330000374e+00 -7.949084532199999842e+01
6.500000000000000222e-01 4.999129921880000438e+03 -5.172697118719999708e+03 -6.161478697739999916e+03 -9.869357350769999471e+01 7.044026776749999996e+00 -7.979734264580000058e+01
6.500000000000000222e-01 4.695357323799999904e+03 -5.064737041669999599e+03 -6.108363767499999994e+03 -9.912841836789999661e+01 6.075471407630000265e+00 -7.773391974390000314e+01
6.500000000000000222e-01 4.769960948869999811e+03 -5.237055457329999626e+03 -6.084911447649999900e+03 -9.983442442189999610e+01 6.051663098089999693e+00 -7.831110832570000468e+01
6.500000000000000222e-01 4.729028999199999816e+03 -4.994853771150000284e+03 -6.135329346710000209e+03 -9.991094162589999428e+01 7.496933429450000297e+00 -7.903573474329999726e+01
6.500000000000000222e-01 4.788862518249999994e+03 -5.157108703009999772e+03 -6.073361799409999549e+03 -9.829065105259999768e+01 5.989893199489999986e+00 -7.807407804180000710e+01
6.500000000000000222e-01 4.768187575599999946e+03 -5.078829525279999871e+03 -6.086333935599999677e+03 -9.945664959030000318e+01 5.949768307190000272e+00 -7.790451979549999351e+01
6.500000000000000222e-01 4.729794568440000148e+03 -4.946346458590000111e+03 -6.179550869540000349e+03 -1.009333492850000056e+02 7.319294253309999831e+00 -7.714443907320000449e+01
6.500000000000000222e-01 4.628663472279999951e+03 -4.996357609310000043e+03 -6.192990010950000396e+03 -1.006863837859999933e+02 7.613162140060000027e+00 -7.970324537060000125e+01
6.500000000000000222e-01 4.813633935869999732e+03 -5.155152917139999772e+03 -6.074077363309999782e+03 -9.809668968770000674e+01 7.651400962960000385e+00 -7.828118790370000113e+01
6.500000000000000222e-01 4.805435277169999608e+03 -5.211500045730000238e+03 -6.078291332279999551e+03 -9.965931573529999810e+01 4.957418188540000159e+00 -7.854568680910000467e+01
6.500000000000000222e-01 4.615022930420000193e+03 -5.202575159629999689e+03 -6.140116250740000396e+03 -9.891301316089999318e+01 7.244149020270000072e+00 -7.716645561670000575e+01
6.500000000000000222e-01 4.784315831490000164e+03 -5.168974535860000287e+03 -6.073606744830000025e+03 -1.005098233709999960e+02 7.042317681890000181e+00 -7.814010838129999570e+01
6.500000000000000222e-01 4.778308895430000121e+03 -5.229488195930000074e+03 -6.082336239209999803e+03 -1.003627673550000026e+02 5.053778866450000073e+00 -7.861961115619999418e+01
1.390000000000000000e+04 -7.448887139970000135e+03 3.345863745589999780e+02 1.554922945149999941e+04 -2.505197019860000012e+02 2.043631470310000111e+02 -3.109400309270000093e+02
6.500000000000000222e-01 -7.457068604179999966e+03 3.318352272889999881e+02 1.569198048200000085e+04 -2.499377968940000017e+02 2.045661130050000054e+02 -3.108946731920000275e+02
6.500000000000000222e-01 -7.406652812010000162e+03 3.839587884349999740e+02 1.567662716680000085e+04 -2.501278908669999907e+02 2.047631185220000134e+02 -3.112259295920000000e+02
6.500000000000000222e-01 -7.499180587369999557e+03 3.294301989279999816e+02 1.568301069029999962e+04 -2.503762546780000093e+02 2.044021558149999862e+02 -3.108680500699999811e+02
6.500000000000000222e-01 -7.451147320770000078e+03 3.516072938369999861e+02 1.569120908889999919e+04 -2.504903291409999895e+02 2.038370020799999907e+02 -3.108645263369999725e+02
6.500000000000000222e-01 -7.579621649660000003e+03 3.136043662679999784e+02 1.560330009930000051e+04 -2.506710611409999956e+02 2.043757667049999895e+02 -3.112390833719999819e+02
6.500000000000000222e-01 -7.457454045219999898e+03 3.101301205830000072e+02 1.568987929199999962e+04 -2.503313916849999998e+02 2.045464251450000006e+02 -3.108794323839999834e+02
6.500000000000000222e-01 -7.409072634789999938e+03 3.942307907399999749e+02 1.567295318749999933e+04 -2.501611924999999985e+02 2.047320904469999903e+02 -3.112445713810000143e+02
6.500000000000000222e-01 -7.438896212139999989e+03 3.793175174470000002e+02 1.568472251239999969e+04 -2.507403293220000080e+02 2.044364035750000141e+02 -3.108962562309999953e+02
6.500000000000000222e-01 -7.513919946689999961e+03 3.535295800249999729e+02 1.567517413529999976e+04 -2.499827568050000082e+02 2.041867332440000098e+02 -3.106418164749999846e+02
6.500000000000000222e-01 -7.466408594059999814e+03 3.197016641170000071e+02 1.569038015009999981e+04 -2.504527321330000120e+02 2.042860773209999934e+02 -3.109339321069999755e+02
6.500000000000000222e-01 -7.403136739130000024e+03 2.763451572760000090e+02 1.567157663719999982e+04 -2.501670247630000006e+02 2.039134414380000067e+02 -3.112695705520000047e+02
6.500000000000000222e-01 -7.352195573029999650e+03 4.210394770639999820e+02 1.560945572870000069e+04 -2.507647895400000095e+02 2.042235948020000080e+02 -3.103742138869999962e+02
6.500000000000000222e-01 -7.484545215099999950e+03 3.802756981599999904e+02 1.567998133100000086e+04 -2.501965181729999870e+02 2.039312049920000049e+02 -3.106730019660000153e+02
6.500000000000000222e-01 -7.446647698009999658e+03 3.361696747419999838e+02 1.569221459300000060e+04 -2.500070900499999880e+02 2.047320888980000007e+02 -3.109451025779999895e+02
6.500000000000000222e-01 -7.440004389699999592e+03 3.516175880519999737e+02 1.569094605500000034e+04 -2.503330295149999927e+02 2.048630382430000054e+02 -3.110034884479999846e+02
6.500000000000000222e-01 -7.419817251890000080e+03 3.605260141289999751e+02 1.568683020600000054e+04 -2.501134510420000083e+02 2.047904470740000136e+02 -3.111035675210000022e+02
6.500000000000000222e-01 -7.423737563499999851e+03 3.093124525410000274e+02 1.568772364200000084e+04 -2.509714510839999946e+02 2.048110202309999863e+02 -3.107730268550000119e+02
6.500000000000000222e-01 -7.477220798020000075e+03 3.703951178849999906e+02 1.568478870140000072e+04 -2.508532523990000129e+02 2.047413733100000002e+02 -3.110398843049999869e+02
6.500000000000000222e-01 -7.485977068789999976e+03 3.169619824370000174e+02 1.568621820350000053e+04 -2.510641929010000126e+02 2.040899268189999987e+02 -3.111143810830000120e+02
6.500000000000000222e-01 -7.340916272679999565e+03 3.990976878120000038e+02 1.561730749730000025e+04 -2.506996511049999867e+02 2.041551461249999875e+02 -3.104360155100000043e+02
6.500000000000000222e-01 -7.417845608390000052e+03 3.082957652729999722e+02 1.568633906059999936e+04 -2.509550575300000048e+02 2.047222652400000129e+02 -3.107571279829999753e+02
6.500000000000000222e-01 -7.327919761219999600e+03 3.702746176879999780e+02 1.561660635069999989e+04 -2.507989424310000004e+02 2.043454739000000018e+02 -3.105123996859999806e+02
6.500000000000000222e-01 -7.561499452850000125e+03 3.626321896730000276e+02 1.563286311860000023e+04 -2.507106779009999968e+02 2.044617182920000005e+02 -3.111061223519999999e+02
6.500000000000000222e-01 -7.345576234969999859e+03 3.827075645229999736e+02 1.563560923580000053e+04 -2.508950823739999976e+02 2.042113772229999995e+02 -3.104286701419999872e+02
6.500000000000000222e-01 -7.492498582410000381e+03 3.051236472019999724e+02 1.568220159670000066e+04 -2.509205578010000011e+02 2.040089328100000046e+02 -3.111459796149999875e+02
6.500000000000000222e-01 -7.407336298129999705e+03 2.448152308809999909e+02 1.565253598149999925e+04 -2.502897462790000134e+02 2.039068523759999891e+02 -3.113793295240000134e+02
6.500000000000000222e-01 -7.424307101690000309e+03 2.773713318370000138e+02 1.567802421789999971e+04 -2.505385673979999979e+02 2.046038852300000030e+02 -3.107282984710000164e+02
6.500000000000000222e-01 -7.436638384480000241e+03 3.695924020179999729e+02 1.568733808280000085e+04 -2.502739860069999907e+02 2.046785548020000078e+02 -3.110547500220000074e+02
6.500000000000000222e-01 -7.440929098640000120e+03 4.211141873939999982e+02 1.566292734609999934e+04 -2.508397791829999903e+02 2.045589743109999858e+02 -3.108572081230000208e+02
6.500000000000000222e-01 -7.480622781559999567e+03 2.702612723830000050e+02 1.567291785940000045e+04 -2.508462305920000119e+02 2.044284532890000037e+02 -3.110469028910000020e+02
6.500000000000000222e-01 -7.423698758780000389e+03 3.330794198529999903e+02 1.568999672459999965e+04 -2.500823735969999859e+02 2.043323889319999864e+02 -3.110140229940000154e+02
6.500000000000000222e-01 -7.441461013510000157e+03 2.900214921809999851e+02 1.568489935479999986e+04 -2.506997719249999932e+02 2.049960887189999994e+02 -3.107483274150000057e+02
6.500000000000000222e-01 -7.436139931099999558e+03 3.188498207330000014e+02 1.569079120340000009e+04 -2.506001707670000087e+02 2.044378101689999880e+02 -3.109345341110000049e+02
6.500000000000000222e-01 -7.445751037490000272e+03 2.213928537150000011e+02 1.563644271599999956e+04 -2.507126914110000087e+02 2.048727618949999965e+02 -3.105168291279999835e+02
6.500000000000000222e-01 -7.355686096170000383e+03 3.376686957800000073e+02 1.565764699079999991e+04 -2.507481070059999979e+02 2.043657103349999886e+02 -3.107603966479999826e+02
6.500000000000000222e-01 -7.424052754989999812e+03 3.154513005929999849e+02 1.568876235819999965e+04 -2.510205275289999918e+02 2.047429166109999983e+02 -3.107927458899999920e+02
6.500000000000000222e-01 -7.351891909920000217e+03 2.689807070599999861e+02 1.563148611440000059e+04 -2.502440504690000012e+02 2.041254582100000050e+02 -3.111646177740000212e+02
6.500000000000000222e-01 -7.571327623279999898e+03 3.743038219630000185e+02 1.561149173739999969e+04 -2.502431490410000094e+02 2.042482872639999982e+02 -3.104095085480000193e+02
6.500000000000000222e-01 -7.458895929340000293e+03 3.236272124440000084e+02 1.569146870929999932e+04 -2.505958124070000110e+02 2.041900650229999883e+02 -3.109517438990000073e+02
6.500000000000000222e-01 -7.425579212630000256e+03 2.912450203170000123e+02 1.568345596880000085e+04 -2.507076187790000006e+02 2.045429514239999946e+02 -3.109392001580000056e+02
6.500000000000000222e-01 -7.470432947170000261e+03 4.149296343089999937e+02 1.566563572899999963e+04 -2.507987961979999909e+02 2.049452990179999858e+02 -3.112488389669999833e+02
6.500000000000000222e-01 -7.575509251950000362e+03 3.390258470420000094e+02 1.561555191720000039e+04 -2.508002184089999957e+02 2.043702437180000118e+02 -3.114757356270000059e+02
6.500000000000000222e-01 -7.345471175919999951e+03 2.947563391279999792e+02 1.563969519199999922e+04 -2.506637435030000063e+02 2.043614371829999925e+02 -3.106445635250000237e+02
6.500000000000000222e-01 -7.373073930579999796e+03 4.029720723440000256e+02 1.564937277490000088e+04 -2.503366839960000050e+02 2.041200202470000136e+02 -3.109062891890000060e+02
6.500000000000000222e-01 -7.532729481829999713e+03 2.574924224650000042e+02 1.563570560769999975e+04 -2.501655288979999909e+02 2.044907181289999869e+02 -3.104870155610000211e+02
6.500000000000000222e-01 -7.486049983820000307e+03 2.183532839309999929e+02 1.562365426499999921e+04 -2.507230648130000077e+02 2.047576962539999954e+02 -3.106942549309999890e+02
6.500000000000000222e-01 -7.481272715150000295e+03 2.194242353790000095e+02 1.562767296340000030e+04 -2.502944488059999912e+02 2.045200911949999920e+02 -3.104691487630000211e+02
6.500000000000000222e-01 -7.412817099099999723e+03 3.315464599160000034e+02 1.568758414049999919e+04 -2.500901722520000021e+02 2.043179416749999859e+02 -3.110480403679999881e+02
6.500000000000000222e-01 -7.498111932259999776e+03 4.528089204020000125e+02 1.561285374129999946e+04 -2.506102214340000103e+02 2.045994628820000116e+02 -3.115109203819999948e+02
6.500000000000000222e-01 -7.448101882449999721e+03 2.994552394909999862e+02 1.568786705679999977e+04 -2.504604730060000009e+02 2.048305079959999944e+02 -3.107960653979999961e+02
6.500000000000000222e-01 -7.451690020660000300e+03 3.507616577769999822e+02 1.569129801729999963e+04 -2.504626970719999974e+02 2.038347176480000087e+02 -3.108671569730000215e+02
6.500000000000000222e-01 -7.356197677709999880e+03 2.727392749229999822e+02 1.563887407879999955e+04 -2.501830104489999940e+02 2.041342689470000096e+02 -3.114434182840000176e+02
6.500000000000000222e-01 -7.440276797040000019e+03 3.352024263980000001e+02 1.569197987350000039e+04 -2.511321902519999867e+02 2.043211840209999934e+02 -3.108967247169999837e+02
6.500000000000000222e-01 -7.368397155110000313e+03 4.088726701260000027e+02 1.564118185509999967e+04 -2.501732633610000107e+02 2.043507229690000031e+02 -3.112328561510000213e+02
6.500000000000000222e-01 -7.448274555109999710e+03 3.587464846020000095e+02 1.569018166569999994e+04 -2.504863547489999860e+02 2.049560152589999973e+02 -3.110391430450000030e+02
6.500000000000000222e-01 -7.491969135500000448e+03 3.777367195339999739e+02 1.567854344940000010e+04 -2.501137736240000038e+02 2.039496491829999911e+02 -3.107446892670000125e+02
6.500000000000000222e-01 -7.470779861220000384e+03 2.037783864339999980e+02 1.560273895319999974e+04 -2.505442855880000081e+02 2.041165965879999931e+02 -3.115342909039999881e+02
6.500000000000000222e-01 -7.320681976150000082e+03 3.100412839989999725e+02 1.560760100400000010e+04 -2.507579414589999942e+02 2.044318444609999972e+02 -3.104861856929999817e+02
6.500000000000000222e-01 -7.309975115059999553e+03 3.590164889040000276e+02 1.557282383640000080e+04 -2.504412539289999984e+02 2.043862510529999952e+02 -3.115161922570000002e+02
6.500000000000000222e-01 -7.322379211499999656e+03 3.790985279899999796e+02 1.559889185849999922e+04 -2.507270392920000006e+02 2.042764934589999939e+02 -3.103436918169999785e+02
6.500000000000000222e-01 -7.410648145799999838e+03 3.750546013929999845e+02 1.568095671550000043e+04 -2.509683707469999945e+02 2.039933569920000025e+02 -3.106936620889999858e+02
6.500000000000000222e-01 -7.431893048279999675e+03 3.520880293249999795e+02 1.569014419570000064e+04 -2.501221426740000027e+02 2.046895549140000128e+02 -3.110238583810000250e+02
6.500000000000000222e-01 -7.389054153389999556e+03 3.521365909639999927e+02 1.567793336889999955e+04 -2.510381728719999899e+02 2.041841988509999908e+02 -3.106681567439999867e+02
6.500000000000000222e-01 -7.438920280530000127e+03 3.263697967109999922e+02 1.569165419440000005e+04 -2.501902588719999869e+02 2.040904988169999967e+02 -3.109765982480000162e+02
6.500000000000000222e-01 -7.464243381299999783e+03 4.227727178050000134e+02 1.566079633210000065e+04 -2.506790875769999900e+02 2.049121796860000018e+02 -3.113274871009999742e+02
6.500000000000000222e-01 -7.434213969680000446e+03 3.152644931219999762e+02 1.569017253969999911e+04 -2.501470050769999887e+02 2.038761013900000023e+02 -3.110307626030000279e+02
6.500000000000000222e-01 -7.586117464609999843e+03 3.568464760879999744e+02 1.558269510459999947e+04 -2.504444270619999884e+02 2.043316949640000075e+02 -3.107305397989999847e+02
6.500000000000000222e-01 -7.501873893900000439e+03 3.223906584289999842e+02 1.568151007759999993e+04 -2.503433563540000080e+02 2.044639759279999964e+02 -3.108359993149999809e+02
6.500000000000000222e-01 -7.487359082240000134e+03 2.463781089029999976e+02 1.565497744140000032e+04 -2.505184674219999863e+02 2.048975638770000103e+02 -3.105642569830000070e+02
6.500000000000000222e-01 -7.505380317060000380e+03 4.499600123690000260e+02 1.561173339189999933e+04 -2.502756433209999898e+02 2.040908083820000058e+02 -3.108460241640000277e+02
6.500000000000000222e-01 -7.466358150779999960e+03 3.195232010639999771e+02 1.569036876060000031e+04 -2.501133469069999933e+02 2.047909420359999899e+02 -3.108352266239999722e+02
6.500000000000000222e-01 -7.362297504750000371e+03 2.376849388489999910e+02 1.560897398129999965e+04 -2.506736973259999957e+02 2.045379643120000139e+02 -3.103619944640000199e+02
6.500000000000000222e-01 -7.385320268849999593e+03 2.721769569109999907e+02 1.566109268460000021e+04 -2.501856958920000125e+02 2.040316143549999879e+02 -3.113391234709999935e+02
6.500000000000000222e-01 -7.464472874740000407e+03 3.129332445470000152e+02 1.568973199299999942e+04 -2.501873504810000099e+02 2.046763653179999949e+02 -3.108444495690000053e+02
6.500000000000000222e-01 -7.545101194570000189e+03 3.529708918979999908e+02 1.565339621970000007e+04 -2.507124859760000106e+02 2.043572362749999911e+02 -3.111641731839999920e+02
6.500000000000000222e-01 -7.472843217380000169e+03 3.393692309169999817e+02 1.569014150589999917e+04 -2.506380439959999933e+02 2.044023263420000092e+02 -3.109493407159999947e+02
6.500000000000000222e-01 -7.546871259180000379e+03 2.984279095750000010e+02 1.564695736500000021e+04 -2.507825205199999914e+02 2.044102876860000038e+02 -3.111128979009999966e+02
6.500000000000000222e-01 -7.590894564619999983e+03 3.348382950569999821e+02 1.556611852929999986e+04 -2.504427912189999859e+02 2.043631118430000129e+02 -3.103284776520000037e+02
6.500000000000000222e-01 -7.463924732780000340e+03 4.608697342880000178e+02 1.561438470690000031e+04 -2.503314854909999951e+02 2.043144088640000007e+02 -3.112734239060000050e+02
6.500000000000000222e-01 -7.448682464999999866e+03 3.485140383190000080e+02 1.569156315499999982e+04 -2.505805310730000031e+02 2.039655569450000030e+02 -3.108902820889999816e+02
6.500000000000000222e-01 -7.478064283239999895e+03 3.432660266650000267e+02 1.568896941130000050e+04 -2.506440161149999994e+02 2.044246982120000098e+02 -3.109513373789999946e+02
6.500000000000000222e-01 -7.433086110160000317e+03 3.642320493550000151e+02 1.568824394840000059e+04 -2.508158224729999972e+02 2.041149140660000114e+02 -3.108391679690000160e+02
6.500000000000000222e-01 -7.485753419249999752e+03 3.026928774739999994e+02 1.568367717780000021e+04 -2.500863464470000110e+02 2.047774571060000142e+02 -3.107127833540000097e+02
6.500000000000000222e-01 -7.449713230669999575e+03 3.404937065390000157e+02 1.569211573160000080e+04 -2.505601439589999870e+02 2.047254526959999907e+02 -3.109498769720000269e+02
6.500000000000000222e-01 -7.432133192209999834e+03 3.402407828930000164e+02 1.569114364539999951e+04 -2.500758006490000014e+02 2.044923460779999971e+02 -3.109914544810000052e+02
6.500000000000000222e-01 -7.534724688090000200e+03 3.941298132260000102e+02 1.564692227310000089e+04 -2.501971416830000123e+02 2.041450733490000005e+02 -3.104661137339999755e+02
6.500000000000000222e-01 -7.449917772990000230e+03 3.688031392760000244e+02 1.568806289269999979e+04 -2.503761038140000039e+02 2.040376481870000021e+02 -3.108900663709999890e+02
6.500000000000000222e-01 -7.424975343760000214e+03 4.355678635159999885e+02 1.564764136150000013e+04 -2.506565462679999996e+02 2.039544504780000125e+02 -3.104687319220000177e+02
6.500000000000000222e-01 -7.433823449819999951e+03 3.140223460380000233e+02 1.568995802969999932e+04 -2.507627772220000111e+02 2.047077546959999950e+02 -3.108444282909999856e+02
6.500000000000000222e-01 -7.342157308369999555e+03 2.903269898159999798e+02 1.563358970530000079e+04 -2.506370165019999945e+02 2.043548146159999988e+02 -3.106394222679999757e+02
6.500000000000000222e-01 -7.368310898929999894e+03 3.416968270529999927e+02 1.566715763440000046e+04 -2.509681268459999899e+02 2.043416158230000121e+02 -3.106472452369999928e+02
6.500000000000000222e-01 -7.374070245660000182e+03 4.066395055369999909e+02 1.564752644850000070e+04 -2.501539110980000089e+02 2.045817877179999869e+02 -3.113848406270000169e+02
6.500000000000000222e-01 -7.522290498639999896e+03 2.373535504609999975e+02 1.562412770859999910e+04 -2.503052089159999980e+02 2.046280080550000093e+02 -3.103824910660000000e+02
6.500000000000000222e-01 -7.449472621410000102e+03 3.459081912510000052e+02 1.569179059249999955e+04 -2.504870350980000069e+02 2.037176621019999914e+02 -3.108818604929999765e+02
6.500000000000000222e-01 -7.498032408349999969e+03 3.368637152239999750e+02 1.568351128219999919e+04 -2.509225656849999950e+02 2.043749081830000023e+02 -3.110803384600000072e+02
6.500000000000000222e-01 -7.441503816620000180e+03 4.556487693639999748e+02 1.562516762790000030e+04 -2.507485627380000039e+02 2.043285734099999900e+02 -3.105587741520000122e+02
6.500000000000000222e-01 -7.380057535619999726e+03 4.063006702829999881e+02 1.565204675769999994e+04 -2.509137684499999921e+02 2.043212053119999894e+02 -3.106496826040000201e+02
6.500000000000000222e-01 -7.506486748749999606e+03 2.639337277330000120e+02 1.565943563150000045e+04 -2.504982068820000052e+02 2.039476033720000032e+02 -3.111655341580000140e+02
6.500000000000000222e-01 -7.442824709589999657e+03 3.299930472990000112e+02 1.569203734420000001e+04 -2.502899014269999896e+02 2.041883099130000119e+02 -3.109512935419999735e+02
6.500000000000000222e-01 -7.407781898219999675e+03 4.121212765569999874e+02 1.566215901990000020e+04 -2.508290798630000040e+02 2.039925505880000003e+02 -3.105524620470000059e+02
3.690000000000000000e+05 2.842361136869999882e+03 7.205494492080000555e+02 -5.526829311420000295e+02 -4.367296105999999867e+01 3.063660750569999891e+01 -9.648496170260000326e+01
6.500000000000000222e-01 2.873300693369999863e+03 7.775333279860000175e+02 -4.200593636219999780e+02 -4.554818693039999999e+01 3.032706659449999975e+01 -9.636016667239999833e+01
6.500000000000000222e-01 2.938268204559999958e+03 7.804898485720000281e+02 -4.579161658570000100e+02 -4.222262454260000197e+01 3.182061631950000091e+01 -9.940826046809999639e+01
6.500000000000000222e-01 2.853621603439999944e+03 7.607235789439999962e+02 -4.111591454210000052e+02 -4.307229969849999662e+01 3.348411577289999741e+01 -9.788081918129999792e+01
6.500000000000000222e-01 2.792027842179999880e+03 5.947303205690000141e+02 -4.947763930670000150e+02 -4.483445166159999928e+01 3.230145909040000163e+01 -9.553062138100000311e+01
6.500000000000000222e-01 2.756583792670000093e+03 6.325530537079999931e+02 -4.707120992470000260e+02 -4.388441960600000158e+01 3.243337307070000008e+01 -9.454421437819999596e+01
6.500000000000000222e-01 2.956753184719999808e+03 6.583533666170000060e+02 -4.823184935830000200e+02 -4.292371584760000047e+01 3.007230607940000056e+01 -9.737506328390000476e+01
6.500000000000000222e-01 2.816071052360000067e+03 7.905128584230000115e+02 -4.249426186250000228e+02 -4.551980818860000255e+01 3.264425705050000204e+01 -9.751911290500000007e+01
6.500000000000000222e-01 2.852342254830000002e+03 7.592086410849999538e+02 -4.106309346649999839e+02 -4.322845122199999679e+01 3.359467423969999800e+01 -9.783537246900000639e+01
6.500000000000000222e-01 2.812600560960000166e+03 6.931537909119999767e+02 -4.107187355300000036e+02 -4.616766000530000014e+01 2.839110189990000066e+01 -9.770605557929999918e+01
6.500000000000000222e-01 2.840739969339999789e+03 5.831745393769999737e+02 -4.972018769019999809e+02 -4.276478798549999993e+01 2.980307243569999898e+01 -9.659953052410000396e+01
6.500000000000000222e-01 2.868798940529999982e+03 8.330080026450000332e+02 -4.609233178640000119e+02 -4.410079952000000247e+01 2.826036087390000162e+01 -9.428107938419999812e+01
6.500000000000000222e-01 2.727645780540000032e+03 6.970087879809999549e+02 -4.626256760609999787e+02 -4.574665917930000347e+01 3.005906366239999983e+01 -9.890515674579999938e+01
6.500000000000000222e-01 2.767771201030000157e+03 7.048489075429999957e+02 -4.262639390840000146e+02 -4.405886478290000241e+01 3.017988221450000097e+01 -9.690906533689999947e+01
6.500000000000000222e-01 2.740223254749999796e+03 8.196910458940000126e+02 -5.119832908530000282e+02 -4.457433262509999849e+01 3.109928444499999856e+01 -9.779341091329999358e+01
6.500000000000000222e-01 2.853845666239999900e+03 7.691682843889999504e+02 -4.137547445960000232e+02 -4.517189641560000268e+01 2.896649486469999957e+01 -9.615854428389999953e+01
6.500000000000000222e-01 2.821680958590000046e+03 7.374011473829999659e+02 -4.075844385510000052e+02 -4.257641721960000325e+01 2.926563161680000036e+01 -9.666062196960000108e+01
6.500000000000000222e-01 2.842021542909999880e+03 7.215433754619999718e+02 -4.051253565299999764e+02 -4.467746118819999879e+01 3.326607316519999813e+01 -9.696393182580000314e+01
6.500000000000000222e-01 2.867260223369999949e+03 7.263751114939999525e+02 -4.073771128060000137e+02 -4.393304014670000157e+01 3.041190300410000091e+01 -9.700222365259999435e+01
6.500000000000000222e-01 2.741695423149999897e+03 7.667364593429999786e+02 -4.544419771820000165e+02 -4.499678554319999790e+01 3.122336920809999938e+01 -9.708490771319999624e+01
6.500000000000000222e-01 2.869231531469999936e+03 6.892036623640000244e+02 -4.110960749089999808e+02 -4.613959184290000337e+01 3.311028070430000270e+01 -9.612254225889999759e+01
6.500000000000000222e-01 2.930801332030000140e+03 6.081431183580000379e+02 -5.173217778990000397e+02 -4.450465501469999907e+01 3.179755744350000057e+01 -9.419919651009999484e+01
6.500000000000000222e-01 2.851023958350000157e+03 8.377901507999999922e+02 -4.626583595440000067e+02 -4.514115169680000150e+01 3.045450569109999961e+01 -9.532882514210000124e+01
6.500000000000000222e-01 2.844042915300000004e+03 8.209686858830000347e+02 -4.438495232060000149e+02 -4.535112382919999874e+01 3.089260585699999950e+01 -9.600552853780000362e+01
6.500000000000000222e-01 2.821960276280000016e+03 8.130502758479999557e+02 -4.400370217099999763e+02 -4.246196992179999796e+01 2.742812237680000109e+01 -9.512280397310000524e+01
6.500000000000000222e-01 2.837262421509999967e+03 7.177301715480000439e+02 -4.052296709190000001e+02 -4.154082904199999859e+01 3.185426575840000041e+01 -9.682225162400000329e+01
6.500000000000000222e-01 2.957162597319999804e+03 7.077518311920000542e+02 -4.607511482689999980e+02 -4.206005164079999759e+01 3.042316549250000079e+01 -9.902519727269999805e+01
6.500000000000000222e-01 2.735974618279999959e+03 7.410182380569999623e+02 -4.524549500069999795e+02 -4.456127091190000300e+01 3.031954805899999883e+01 -9.752999400810000452e+01
6.500000000000000222e-01 2.838223881179999808e+03 8.174457605070000454e+02 -4.421723479699999757e+02 -4.247856464920000263e+01 3.011238260020000013e+01 -9.791735107799999582e+01
6.500000000000000222e-01 2.828596232960000179e+03 7.270020394900000156e+02 -4.058950182710000263e+02 -4.128435823440000263e+01 2.919613324839999891e+01 -9.660619055760000151e+01
6.500000000000000222e-01 2.858013694990000204e+03 6.411049813350000477e+02 -4.287539625620000265e+02 -4.245605042980000121e+01 2.839400646289999841e+01 -9.754230833489999952e+01
6.500000000000000222e-01 2.831674489330000142e+03 7.417683178859999771e+02 -4.070389208660000122e+02 -4.541053432679999702e+01 3.336942711190000210e+01 -9.744187275080000177e+01
6.500000000000000222e-01 2.848354494390000127e+03 8.344086234630000263e+02 -4.596492483449999895e+02 -4.266743163009999762e+01 3.087379341669999988e+01 -9.876983643440000549e+01
6.500000000000000222e-01 2.848502440019999995e+03 6.960699160010000242e+02 -4.072515472810000006e+02 -4.315206831270000265e+01 2.842807702580000040e+01 -9.726453298750000442e+01
6.500000000000000222e-01 2.853498341510000046e+03 7.191913093450000360e+02 -4.055575934400000051e+02 -4.090734985750000163e+01 3.019300603869999833e+01 -9.719496770169999422e+01
6.500000000000000222e-01 2.786693930249999994e+03 8.121882572409999739e+02 -4.508024122580000039e+02 -4.332436726569999763e+01 2.906863573860000116e+01 -9.450043014080000603e+01
6.500000000000000222e-01 2.894017577680000159e+03 7.173083860850000519e+02 -4.145513034620000212e+02 -4.513317334530000124e+01 3.074860210099999946e+01 -9.661023062709999465e+01
6.500000000000000222e-01 2.843238258140000198e+03 6.674686841290000530e+02 -4.152254599560000088e+02 -4.512383917639999709e+01 3.161268255839999952e+01 -9.697778717490000133e+01
6.500000000000000222e-01 2.834139454589999787e+03 7.149047732699999642e+02 -4.054483923550000100e+02 -4.625017740130000021e+01 2.893299624750000021e+01 -9.711085118290000651e+01
6.500000000000000222e-01 2.915853844780000145e+03 6.176499243020000449e+02 -4.779065912340000182e+02 -4.442417266399999676e+01 3.128245428279999985e+01 -9.816549902779999570e+01
6.500000000000000222e-01 2.950570983969999816e+03 6.965444727939999439e+02 -4.555269793609999738e+02 -4.393477728479999911e+01 3.102882343219999939e+01 -9.728097023109999952e+01
6.500000000000000222e-01 2.928461932189999970e+03 6.853409658670000226e+02 -4.380100464430000216e+02 -4.578715677040000287e+01 3.136199982449999979e+01 -9.508622118750000141e+01
6.500000000000000222e-01 2.843778622750000068e+03 7.432104065620000029e+02 -4.069220360300000152e+02 -4.347285195229999744e+01 3.186013078759999928e+01 -9.724600832180000509e+01
6.500000000000000222e-01 2.786921711659999801e+03 6.524993236080000543e+02 -4.338670102880000172e+02 -4.339302747960000062e+01 2.894657651929999886e+01 -9.726757255660000112e+01
6.500000000000000222e-01 2.893950739209999938e+03 8.042831024119999483e+02 -4.429040335160000268e+02 -4.301914851829999975e+01 2.830237002559999837e+01 -9.609941763099999434e+01
6.500000000000000222e-01 2.845116583380000066e+03 7.254872066100000438e+02 -4.052375059120000174e+02 -4.514474751419999876e+01 2.886225427809999999e+01 -9.688610396079999987e+01
6.500000000000000222e-01 2.864309372430000167e+03 6.991228015049999840e+02 -4.084375861930000156e+02 -4.536736826620000329e+01 3.197940571310000024e+01 -9.670682660580000345e+01
6.500000000000000222e-01 2.806969812949999778e+03 7.347329608170000483e+02 -4.100714001889999736e+02 -4.693672982780000069e+01 3.171071669230000012e+01 -9.766833519479999381e+01
6.500000000000000222e-01 2.864977587660000154e+03 6.526915773059999992e+02 -4.236159600220000243e+02 -4.492700711989999718e+01 3.348880780710000238e+01 -9.527882559939999396e+01
6.500000000000000222e-01 2.829768108560000201e+03 6.035515141409999842e+02 -4.628952802860000020e+02 -4.276954003440000207e+01 3.130318970100000087e+01 -9.469317889340000249e+01
6.500000000000000222e-01 2.957388680819999990e+03 7.526312130239999760e+02 -4.657939067479999835e+02 -4.477322016250000303e+01 2.994325364030000003e+01 -9.509821738760000187e+01
6.500000000000000222e-01 2.745939638780000223e+03 6.342553551940000034e+02 -4.813439360890000103e+02 -4.382390325490000293e+01 3.213457114549999716e+01 -9.440200558630000671e+01
6.500000000000000222e-01 2.789030431600000156e+03 8.111843714899999895e+02 -4.501314434720000008e+02 -4.217941460269999965e+01 2.840278797279999878e+01 -9.607266342139999438e+01
6.500000000000000222e-01 2.850539205579999816e+03 7.281929463940000460e+02 -4.055581488849999801e+02 -4.202177588079999992e+01 3.221090221789999930e+01 -9.716371884400000170e+01
6.500000000000000222e-01 2.867898190869999780e+03 6.194736443169999802e+02 -4.472819970169999806e+02 -4.228716265589999779e+01 2.852657946480000106e+01 -9.766289664830000561e+01
6.500000000000000222e-01 2.841728050539999913e+03 6.468628683419999561e+02 -4.247091599629999905e+02 -4.375539362960000034e+01 2.766746100310000145e+01 -9.841177405039999826e+01
6.500000000000000222e-01 2.913685205010000118e+03 7.537071435999999949e+02 -4.277924961429999939e+02 -4.163284786789999714e+01 3.095693389110000027e+01 -9.827266697470000167e+01
6.500000000000000222e-01 2.895211674849999781e+03 6.398142805969999927e+02 -4.404977978310000140e+02 -4.203257566450000127e+01 2.834529273229999902e+01 -9.851320125520000204e+01
6.500000000000000222e-01 2.905940778470000168e+03 6.289663674890000493e+02 -4.553229513329999918e+02 -4.212076366080000156e+01 2.862830692140000011e+01 -9.880992211859999941e+01
6.500000000000000222e-01 2.873351234360000035e+03 6.210547151199999689e+02 -4.471652543370000217e+02 -4.250318260120000247e+01 2.960040429860000089e+01 -9.651276235740000686e+01
6.500000000000000222e-01 2.853933478699999796e+03 7.829773801459999731e+02 -4.197048530740000274e+02 -4.323659672480000182e+01 2.758873962210000030e+01 -9.605367763760000344e+01
6.500000000000000222e-01 2.846483612819999962e+03 7.324885258599999815e+02 -4.056711958249999839e+02 -4.426014501480000263e+01 3.075499566890000125e+01 -9.698248765280000327e+01
6.500000000000000222e-01 2.790136251559999891e+03 7.966886151850000033e+02 -4.379431519940000044e+02 -4.196898880140000188e+01 2.785281001070000073e+01 -9.500604340739999998e+01
6.500000000000000222e-01 2.815494153369999822e+03 7.049976635179999676e+02 -4.083818304939999848e+02 -4.665309097010000272e+01 2.893567372480000088e+01 -9.752536164730000223e+01
6.500000000000000222e-01 2.940019728740000119e+03 6.870728030899999794e+02 -4.474375335830000040e+02 -4.222994174669999978e+01 3.036056312859999906e+01 -9.893598606390000327e+01
6.500000000000000222e-01 2.876890715609999916e+03 7.218181526920000124e+02 -4.092506561929999975e+02 -4.079660835570000188e+01 3.070387404970000134e+01 -9.775318531050000104e+01
6.500000000000000222e-01 2.754502742470000157e+03 8.115165713679999726e+02 -4.769998151649999727e+02 -4.235110607429999874e+01 2.877873325399999871e+01 -9.394568481580000707e+01
6.500000000000000222e-01 2.884047216200000094e+03 8.373564873420000367e+02 -4.734088796770000158e+02 -4.252253776879999947e+01 2.854627917539999871e+01 -9.612428243009999562e+01
6.500000000000000222e-01 2.829967242050000095e+03 7.033537402790000215e+02 -4.066353816769999980e+02 -4.281362976489999994e+01 3.292045265510000007e+01 -9.653644038929999738e+01
6.500000000000000222e-01 2.905475634420000006e+03 6.880013756390000026e+02 -4.234605554340000140e+02 -4.184411245500000121e+01 2.973861894270000050e+01 -9.843007898850000004e+01
6.500000000000000222e-01 2.854099638059999961e+03 7.145388222899999846e+02 -4.057186753159999739e+02 -4.610690442210000128e+01 3.160218764129999869e+01 -9.674859187760000623e+01
6.500000000000000222e-01 2.741656755760000124e+03 7.301693885780000528e+02 -4.449745396409999785e+02 -4.578150283760000150e+01 3.073227039140000016e+01 -9.816086892420000254e+01
6.500000000000000222e-01 2.747363656670000182e+03 7.719911083660000486e+02 -4.520460231970000109e+02 -4.189277686669999667e+01 2.921963827120000090e+01 -9.418278004450000651e+01
6.500000000000000222e-01 2.818640790920000200e+03 7.051675481779999473e+02 -4.078176401439999950e+02 -4.136779296689999796e+01 3.209823570369999857e+01 -9.627478314619999367e+01
6.500000000000000222e-01 2.888654426380000132e+03 6.424238051239999550e+02 -4.363529294040000082e+02 -4.259544540979999994e+01 2.853026655609999906e+01 -9.888459853279999834e+01
6.500000000000000222e-01 2.826441583159999936e+03 7.479246668859999545e+02 -4.085656831649999958e+02 -4.541166532750000329e+01 3.304245051299999858e+01 -9.758818873820000306e+01
6.500000000000000222e-01 2.883080790330000127e+03 6.979838048259999823e+02 -4.125969946609999965e+02 -4.203199463629999855e+01 2.941094232300000044e+01 -9.758992457450000302e+01
6.500000000000000222e-01 2.841351569320000181e+03 7.065805486939999582e+02 -4.057750238070000250e+02 -4.366428702200000345e+01 3.080132015599999917e+01 -9.691013456349999444e+01
6.500000000000000222e-01 2.741200229309999941e+03 7.517901472280000235e+02 -4.493903247939999801e+02 -4.339903036430000327e+01 3.053601832149999851e+01 -9.552606433219999360e+01
6.500000000000000222e-01 2.819826220739999826e+03 7.207512083110000276e+02 -4.068215986870000052e+02 -4.122684418800000117e+01 3.050321620480000107e+01 -9.645690824759999771e+01
6.500000000000000222e-01 2.856800940170000104e+03 7.034855476940000472e+02 -4.068719601399999988e+02 -4.570954484800000017e+01 3.256785695050000129e+01 -9.663064321909999421e+01
6.500000000000000222e-01 2.793440464109999994e+03 7.164502478770000380e+02 -4.134661114090000069e+02 -4.529400313250000210e+01 3.034033556119999986e+01 -9.729543522230000008e+01
6.500000000000000222e-01 2.944158689010000217e+03 6.950707572579999578e+02 -4.488069490699999733e+02 -4.170904987250000318e+01 3.003910341750000157e+01 -9.897606038540000384e+01
6.500000000000000222e-01 2.716319357379999929e+03 6.456867404199999783e+02 -5.343608683999999585e+02 -4.353703122809999826e+01 3.090950599550000177e+01 -9.293190638830000694e+01
6.500000000000000222e-01 2.736260852559999876e+03 6.488647889229999919e+02 -4.787739901630000077e+02 -4.476980865029999990e+01 3.149800962529999993e+01 -9.640311192599999401e+01
6.500000000000000222e-01 2.813688297979999788e+03 6.056654716929999722e+02 -4.637362524239999857e+02 -4.265394798250000008e+01 2.886309286010000008e+01 -9.733664034020000599e+01
6.500000000000000222e-01 2.892348111700000118e+03 8.486732722000000422e+02 -4.989547081680000247e+02 -4.339506974809999917e+01 3.164636855279999850e+01 -9.980158485990000372e+01
6.500000000000000222e-01 2.724336009279999871e+03 6.700718387939999729e+02 -4.792271871990000136e+02 -4.427028396960000123e+01 3.128339772789999884e+01 -9.592921338329999514e+01
6.500000000000000222e-01 2.847606954809999934e+03 7.189131953410000051e+02 -4.052279945999999882e+02 -4.690035635070000097e+01 3.143094887590000042e+01 -9.683509272979999594e+01
6.500000000000000222e-01 2.857476960670000153e+03 7.095769398180000280e+02 -4.063073189369999909e+02 -4.232701081369999940e+01 2.934279914969999936e+01 -9.721268512390000183e+01
6.500000000000000222e-01 2.797201771609999923e+03 6.225765779790000352e+02 -4.519885639180000112e+02 -4.539164782499999973e+01 2.935571491929999866e+01 -9.886508114730000329e+01
6.500000000000000222e-01 2.794641189980000036e+03 7.691627303599999550e+02 -4.220285008690000268e+02 -4.446035633169999812e+01 3.092860575170000104e+01 -9.775038425699999323e+01
6.500000000000000222e-01 2.724589411339999970e+03 7.965885405440000113e+02 -5.052623301439999750e+02 -4.373696743170000190e+01 3.043567500179999996e+01 -9.465059141640000462e+01
6.500000000000000222e-01 2.852514426459999868e+03 7.680749494640000421e+02 -4.133441006009999796e+02 -4.344728150489999763e+01 3.360427401949999648e+01 -9.801040844669999785e+01
6.500000000000000222e-01 2.857044711860000007e+03 7.986826732099999617e+02 -4.287494048190000058e+02 -4.234953709900000263e+01 3.037092997290000085e+01 -9.777503006000000596e+01
6.500000000000000222e-01 2.958143928330000108e+03 7.348560066730000244e+02 -4.621810705139999982e+02 -4.421182025379999914e+01 3.038486475739999904e+01 -9.619608023710000566e+01
6.500000000000000222e-01 2.823090276949999861e+03 6.793325645529999974e+02 -4.122038327839999852e+02 -4.327819761639999996e+01 2.958507756559999891e+01 -9.695054146910000270e+01
6.500000000000000222e-01 2.904499485490000097e+03 7.645948000020000563e+02 -4.262741092759999901e+02 -4.264501906729999803e+01 2.996045625480000041e+01 -9.732678319810000289e+01
6.500000000000000222e-01 2.782421942020000188e+03 7.968555022550000331e+02 -4.409232597199999759e+02 -4.344843006909999872e+01 2.954233430309999875e+01 -9.500053187679999667e+01
6.500000000000000222e-01 2.799887240099999872e+03 6.436861168140000018e+02 -4.337861012760000108e+02 -4.307222911169999691e+01 2.881097963530000072e+01 -9.723092405250000070e+01
6.500000000000000222e-01 2.956589170520000152e+03 6.335054014889999507e+02 -5.178214522130000432e+02 -4.402608791109999942e+01 3.108878172329999856e+01 -9.403349050570000145e+01
