3.450000000000000000e+05 -3.325390488919999825e+03 -5.309622823610000069e+02 -3.078143393949999790e+03 -8.983459592319999842e+01 1.308558244099999968e+02 2.276576905930000123e+02
6.500000000000000222e-01 -3.280705167799999799e+03 -5.885251252150000028e+02 -3.068285625200000140e+03 -8.477170720469999310e+01 1.247013444290000024e+02 2.292525480319999929e+02
6.500000000000000222e-01 -3.301931191350000063e+03 -3.752176565969999729e+02 -2.663700673129999814e+03 -8.005753607629999635e+01 1.380314649770000131e+02 2.379386981689999914e+02
6.500000000000000222e-01 -3.321092457339999783e+03 -3.153294785780000211e+02 -2.569121232500000133e+03 -7.764727948789999346e+01 1.374484505620000050e+02 2.414869664269999987e+02
6.500000000000000222e-01 -3.309339494800000011e+03 -4.918427832020000210e+02 -2.957424221029999899e+03 -8.617252909420000151e+01 1.392403122309999901e+02 2.278168457129999922e+02
6.500000000000000222e-01 -3.309142331949999971e+03 -4.374116046039999901e+02 -2.794451022889999876e+03 -8.803166196809999633e+01 1.379571064570000090e+02 2.329690577689999884e+02
6.500000000000000222e-01 -3.319445374609999817e+03 -2.281256380629999967e+02 -2.563798128890000044e+03 -8.348854024589999767e+01 1.328005451820000076e+02 2.430649119139999925e+02
6.500000000000000222e-01 -3.422468499680000150e+03 -2.740490387410000039e+02 -2.555681836560000193e+03 -7.929257415610000237e+01 1.343767803160000085e+02 2.408323340709999911e+02
6.500000000000000222e-01 -3.336441689979999865e+03 -2.479772743080000055e+02 -2.578214711510000143e+03 -8.442939586459999646e+01 1.330365240499999970e+02 2.421823042000000044e+02
6.500000000000000222e-01 -3.299846370379999826e+03 -4.414082858570000099e+02 -2.832923996749999787e+03 -9.066731219339999370e+01 1.351823182630000133e+02 2.324463507199999981e+02
6.500000000000000222e-01 -3.265551102219999848e+03 -3.282748181189999741e+02 -2.625452149050000116e+03 -8.496324868380000339e+01 1.356593710969999904e+02 2.401613415690000011e+02
6.500000000000000222e-01 -3.289878269299999829e+03 -3.304355683009999893e+02 -2.595150027149999914e+03 -7.934439599940000676e+01 1.385329443630000128e+02 2.405748529010000141e+02
6.500000000000000222e-01 -3.379915839109999979e+03 -3.798926541679999787e+02 -2.772137191520000215e+03 -7.912096795610000299e+01 1.313284166450000043e+02 2.358606990899999971e+02
6.500000000000000222e-01 -3.343259240620000128e+03 -3.221292701020000209e+02 -2.610377184569999827e+03 -8.131995651420000115e+01 1.298715224750000061e+02 2.418649481630000082e+02
6.500000000000000222e-01 -3.442859897929999988e+03 -3.099848862229999895e+02 -2.710364231099999870e+03 -7.932580068469999901e+01 1.318914498320000064e+02 2.365911000790000003e+02
6.500000000000000222e-01 -3.354316798629999994e+03 -3.871615446659999975e+02 -2.723311962100000073e+03 -7.905375533740000549e+01 1.355490525929999990e+02 2.361176355210000111e+02
6.500000000000000222e-01 -3.405179217049999806e+03 -4.532871685860000071e+02 -2.775468584149999970e+03 -8.399480539840000404e+01 1.369974803400000098e+02 2.318963128590000053e+02
6.500000000000000222e-01 -3.294905949129999954e+03 -2.928854460649999965e+02 -2.501770463280000058e+03 -7.727464561189999870e+01 1.376696747999999957e+02 2.439500027679999903e+02
6.500000000000000222e-01 -3.353533742059999895e+03 -3.280794885619999945e+02 -2.726083813679999821e+03 -8.389277419270000280e+01 1.276653898649999945e+02 2.388607804750000128e+02
6.500000000000000222e-01 -3.317918323710000095e+03 -3.979779411540000069e+02 -2.910708558339999854e+03 -9.267168192389999604e+01 1.286263035190000039e+02 2.325458837790000075e+02
6.500000000000000222e-01 -3.373540382080000199e+03 -3.176665447330000234e+02 -2.746068694909999977e+03 -8.718710166430000186e+01 1.272659625369999929e+02 2.384554740869999989e+02
6.500000000000000222e-01 -3.318644011729999875e+03 -3.167327331569999842e+02 -2.463000305940000089e+03 -7.855765116210000087e+01 1.352165841039999918e+02 2.449126869870000007e+02
6.500000000000000222e-01 -3.415653512020000107e+03 -2.213410926390000100e+02 -2.528531697869999789e+03 -7.957946160289999682e+01 1.330022334489999878e+02 2.426220757659999947e+02
6.500000000000000222e-01 -3.381701601190000019e+03 -4.935690485970000054e+02 -2.895534781580000072e+03 -8.420127475040000320e+01 1.369529009899999892e+02 2.282611583409999980e+02
6.500000000000000222e-01 -3.401197223900000154e+03 -3.047708998169999859e+02 -2.584613116340000033e+03 -7.868033874760000401e+01 1.351589511280000124e+02 2.399556144800000084e+02
6.500000000000000222e-01 -3.351850190130000101e+03 -3.122661500730000057e+02 -2.557858814860000166e+03 -7.781232932780000056e+01 1.359944383099999925e+02 2.414620091109999862e+02
6.500000000000000222e-01 -3.373204108339999948e+03 -1.997976849320000099e+02 -2.553541402310000194e+03 -8.250054103280000106e+01 1.311729477309999936e+02 2.433781987799999911e+02
6.500000000000000222e-01 -3.320143761809999887e+03 -3.239092863569999849e+02 -2.443946190499999830e+03 -7.738123612670000284e+01 1.330077418209999962e+02 2.466356550430000141e+02
6.500000000000000222e-01 -3.287857544909999888e+03 -2.722233612530000073e+02 -2.528975645630000145e+03 -8.021486611180000637e+01 1.378170072579999896e+02 2.429617423690000066e+02
6.500000000000000222e-01 -3.342519507569999860e+03 -2.951103248759999929e+02 -2.498813333680000142e+03 -8.052040225300000031e+01 1.344007580420000068e+02 2.436963667800000053e+02
6.500000000000000222e-01 -3.376475451249999878e+03 -3.588711468750000222e+02 -2.527969974820000061e+03 -8.551868630699999585e+01 1.322515850489999991e+02 2.432849963959999968e+02
6.500000000000000222e-01 -3.385457381159999841e+03 -3.277719642359999739e+02 -2.639832954470000004e+03 -8.111037413479999714e+01 1.371915774160000012e+02 2.376463345800000013e+02
6.500000000000000222e-01 -3.405017694279999887e+03 -3.607279499219999934e+02 -2.560904125560000011e+03 -8.583471704490000320e+01 1.348191399259999912e+02 2.405653578790000040e+02
6.500000000000000222e-01 -3.268779210029999831e+03 -2.880060773509999876e+02 -2.511167204889999994e+03 -8.081144198100000153e+01 1.368248311350000108e+02 2.438118449149999947e+02
6.500000000000000222e-01 -3.310221077059999971e+03 -4.739089149669999870e+02 -2.990027715449999960e+03 -9.479023532259999740e+01 1.267657052800000059e+02 2.299721526270000140e+02
6.500000000000000222e-01 -3.327074929899999916e+03 -3.966021401279999736e+02 -2.606307545789999949e+03 -8.333174187429999336e+01 1.366369555580000110e+02 2.388922213330000091e+02
6.500000000000000222e-01 -3.343040094089999911e+03 -3.127676966529999731e+02 -2.523641493489999903e+03 -8.183834692349999784e+01 1.353641336880000097e+02 2.424192673500000126e+02
6.500000000000000222e-01 -3.396322127299999920e+03 -2.600735387880000076e+02 -2.608636880210000072e+03 -8.370758699670000169e+01 1.285662738990000094e+02 2.422852420989999871e+02
6.500000000000000222e-01 -3.368118087050000213e+03 -4.738134243490000017e+02 -3.017559594589999961e+03 -8.390493731249999598e+01 1.367057609720000073e+02 2.250487921829999891e+02
6.500000000000000222e-01 -3.299892386919999808e+03 -3.835723533099999827e+02 -2.725008120380000037e+03 -8.871742964610000115e+01 1.307102343889999929e+02 2.380558777660000089e+02
6.500000000000000222e-01 -3.318640147269999943e+03 -3.692626483739999799e+02 -2.734342005349999909e+03 -8.266807786990000295e+01 1.391994080590000067e+02 2.355906197340000006e+02
6.500000000000000222e-01 -3.396959569329999795e+03 -2.438340655879999872e+02 -2.438796966400000201e+03 -7.833667250829999773e+01 1.310309805560000029e+02 2.468848620500000095e+02
6.500000000000000222e-01 -3.307008032629999889e+03 -2.914470413399999984e+02 -2.684114280660000077e+03 -8.728098664789999361e+01 1.320228376720000085e+02 2.393084354469999937e+02
6.500000000000000222e-01 -3.407478097069999876e+03 -2.336026914020000049e+02 -2.613727745480000067e+03 -8.078484579240000585e+01 1.297798052100000064e+02 2.412826026559999946e+02
6.500000000000000222e-01 -3.343374764340000183e+03 -3.029176948179999727e+02 -2.536001145650000126e+03 -8.078245498850000672e+01 1.364380597710000131e+02 2.417980984829999898e+02
6.500000000000000222e-01 -3.401235071749999861e+03 -3.660221871570000189e+02 -2.526769082039999830e+03 -8.349408482879999838e+01 1.353285738820000006e+02 2.411406774419999977e+02
6.500000000000000222e-01 -3.368324882609999804e+03 -2.841801902220000215e+02 -2.549287247209999805e+03 -8.212483656029999679e+01 1.362148576259999970e+02 2.412285766809999927e+02
6.500000000000000222e-01 -3.283872879470000044e+03 -6.531423558830000502e+02 -3.359470485089999784e+03 -9.773453972410000290e+01 1.341052504779999879e+02 2.171266923350000013e+02
6.500000000000000222e-01 -3.355705997949999983e+03 -2.757494434449999972e+02 -2.536918655559999934e+03 -8.185550232999999309e+01 1.360332505510000090e+02 2.419281043930000124e+02
6.500000000000000222e-01 -3.357368956280000020e+03 -3.486723818099999903e+02 -2.769222544839999955e+03 -8.406119861679999872e+01 1.269351753159999987e+02 2.376956118660000072e+02
6.500000000000000222e-01 -3.378416102900000169e+03 -3.890058799189999945e+02 -2.774386916880000172e+03 -7.900844738589999849e+01 1.336200262899999984e+02 2.349657513109999911e+02
6.500000000000000222e-01 -3.349678520349999872e+03 -3.880043055429999868e+02 -2.710100624409999909e+03 -8.768298186980000253e+01 1.368994814319999875e+02 2.357911275479999915e+02
6.500000000000000222e-01 -3.318106393850000131e+03 -5.484849357880000298e+02 -3.110708590579999964e+03 -1.007318613139999997e+02 1.332571365219999961e+02 2.282694318020000139e+02
6.500000000000000222e-01 -3.385408621430000039e+03 -2.517262258119999956e+02 -2.525808993539999847e+03 -8.336272446169999739e+01 1.324692420719999859e+02 2.433707161060000033e+02
6.500000000000000222e-01 -3.377697160499999882e+03 -4.086190341779999926e+02 -2.707419171879999794e+03 -8.422390074889999312e+01 1.370965145510000127e+02 2.347667453180000052e+02
6.500000000000000222e-01 -3.305129664709999815e+03 -2.421416547800000103e+02 -2.528098504449999837e+03 -8.218444876489999729e+01 1.355807527620000030e+02 2.434243350920000069e+02
6.500000000000000222e-01 -3.331767044679999799e+03 -3.699751496360000260e+02 -2.677048863850000089e+03 -8.543715249980000692e+01 1.374570505869999977e+02 2.368485997170000132e+02
6.500000000000000222e-01 -3.324186371249999866e+03 -2.898737696270000015e+02 -2.527825350579999849e+03 -8.061265677350000658e+01 1.366825055619999887e+02 2.424269778320000057e+02
6.500000000000000222e-01 -3.369426361119999910e+03 -3.108438995739999768e+02 -2.553684682690000045e+03 -8.197048548509999932e+01 1.362117760360000034e+02 2.408175855439999964e+02
6.500000000000000222e-01 -3.399932539599999927e+03 -4.018994605810000280e+02 -2.818500807270000223e+03 -8.290809883890000265e+01 1.371357903169999872e+02 2.314864385680000112e+02
6.500000000000000222e-01 -3.267145583890000125e+03 -6.121068564170000172e+02 -3.198456489470000179e+03 -9.672982434610000269e+01 1.353241702040000121e+02 2.219759045129999890e+02
6.500000000000000222e-01 -3.322362775619999866e+03 -3.182873669919999884e+02 -2.403188468299999840e+03 -7.720032906839999498e+01 1.330312818440000058e+02 2.480017575939999972e+02
6.500000000000000222e-01 -3.329903145390000191e+03 -4.292269555519999926e+02 -2.840150210260000222e+03 -8.903991622200000222e+01 1.363078815320000103e+02 2.313626506219999897e+02
6.500000000000000222e-01 -3.321334507349999967e+03 -3.888818048389999831e+02 -2.549928911680000056e+03 -8.216838575510000453e+01 1.364198135770000135e+02 2.409247507450000114e+02
6.500000000000000222e-01 -3.330774565990000156e+03 -3.525309147720000169e+02 -2.469506360949999817e+03 -8.156963393440000232e+01 1.313735430670000142e+02 2.461241474340000082e+02
6.500000000000000222e-01 -3.337693109209999875e+03 -2.947171702640000035e+02 -2.477338256970000202e+03 -7.957558944180000537e+01 1.358496941740000068e+02 2.440308184939999876e+02
6.500000000000000222e-01 -3.321572481640000206e+03 -4.597256696329999954e+02 -2.863618628860000172e+03 -8.886114236250000431e+01 1.366329866179999897e+02 2.302415873559999966e+02
6.500000000000000222e-01 -3.312715141959999983e+03 -3.177792113610000229e+02 -2.441440492549999817e+03 -7.773337042459999680e+01 1.349041185510000105e+02 2.459181517190000079e+02
6.500000000000000222e-01 -3.364024603329999991e+03 -3.888861043160000008e+02 -2.601773282090000066e+03 -8.726366334210000275e+01 1.336014921660000141e+02 2.402288614510000002e+02
6.500000000000000222e-01 -3.314311783940000169e+03 -4.822386174320000123e+02 -2.895834801169999992e+03 -8.147773229700000286e+01 1.371081344460000082e+02 2.308326211019999903e+02
6.500000000000000222e-01 -3.311111153729999842e+03 -5.243210744440000326e+02 -3.075598002520000136e+03 -9.303086049610000430e+01 1.435460158600000113e+02 2.201386576440000056e+02
6.500000000000000222e-01 -3.380073185900000226e+03 -3.535356541720000223e+02 -2.585339633359999880e+03 -8.528380089060000557e+01 1.352868941369999902e+02 2.398226960369999858e+02
6.500000000000000222e-01 -3.313540894639999806e+03 -4.356570405659999778e+02 -2.751016932089999955e+03 -8.488812065739999468e+01 1.380087132660000009e+02 2.339715473130000021e+02
6.500000000000000222e-01 -3.379967363700000078e+03 -3.190451224500000080e+02 -2.685732775089999905e+03 -8.550456174820000399e+01 1.375626680610000108e+02 2.365031917130000068e+02
6.500000000000000222e-01 -3.308920961159999933e+03 -3.485401626390000160e+02 -2.465868247490000158e+03 -7.989236859259999335e+01 1.358914369910000062e+02 2.444150571529999922e+02
6.500000000000000222e-01 -3.355879196849999971e+03 -2.951723684429999821e+02 -2.561755036990000008e+03 -8.385887650339999766e+01 1.349097455250000053e+02 2.413903939410000135e+02
6.500000000000000222e-01 -3.294738715120000052e+03 -5.328602252800000088e+02 -3.018508335600000009e+03 -8.957901556640000251e+01 1.399957480500000031e+02 2.252409362470000076e+02
6.500000000000000222e-01 -3.371084873450000032e+03 -2.830409153119999814e+02 -2.511120917839999947e+03 -8.002679686620000155e+01 1.352174412859999961e+02 2.426675108080000030e+02
6.500000000000000222e-01 -3.439062664260000020e+03 -3.146291957180000054e+02 -2.548217056800000137e+03 -8.293119534299999884e+01 1.360741784829999972e+02 2.400189906340000050e+02
6.500000000000000222e-01 -3.308980019220000031e+03 -4.012730591200000276e+02 -2.706897485049999887e+03 -8.362818030969999938e+01 1.381781605500000012e+02 2.357673481520000109e+02
6.500000000000000222e-01 -3.400170348269999977e+03 -3.221287198879999778e+02 -2.580640697840000030e+03 -8.043367327250000187e+01 1.361625144509999927e+02 2.394416798569999969e+02
6.500000000000000222e-01 -3.408249645240000063e+03 -3.709057610309999973e+02 -2.822200694650000059e+03 -7.998977596560000336e+01 1.304850151159999996e+02 2.340256962770000086e+02
6.500000000000000222e-01 -3.343964192569999796e+03 -3.303253861779999738e+02 -2.509726023660000010e+03 -7.705905315760000462e+01 1.308704861010000116e+02 2.457032474439999987e+02
6.500000000000000222e-01 -3.275622985399999834e+03 -6.122579674730000079e+02 -3.294985558070000025e+03 -9.882330863200000692e+01 1.326585937870000009e+02 2.199197527329999957e+02
6.500000000000000222e-01 -3.287215180170000167e+03 -4.874524358890000144e+02 -2.843043993620000037e+03 -8.874893805300000338e+01 1.369493069119999973e+02 2.311120612519999895e+02
6.500000000000000222e-01 -3.340146477549999872e+03 -3.610050568579999890e+02 -2.667374925839999833e+03 -8.548996439420000115e+01 1.373597731879999913e+02 2.371642082920000121e+02
6.500000000000000222e-01 -3.322679821230000016e+03 -4.545385145029999876e+02 -2.826759281810000175e+03 -9.254779073209999751e+01 1.314869066960000055e+02 2.341332498380000118e+02
6.500000000000000222e-01 -3.414342937750000146e+03 -4.330891188630000102e+02 -2.898693737460000193e+03 -8.158536085699999774e+01 1.350047168719999888e+02 2.294041319140000041e+02
6.500000000000000222e-01 -3.278575084789999892e+03 -4.780201935900000194e+02 -2.999932225640000070e+03 -9.528144325969999784e+01 1.323398256090000018e+02 2.277637020820000089e+02
6.500000000000000222e-01 -3.326075735739999800e+03 -3.145216547520000177e+02 -2.470575794689999839e+03 -7.867963776969999401e+01 1.347846983340000122e+02 2.447087637280000081e+02
6.500000000000000222e-01 -3.337156192779999856e+03 -4.084043265999999903e+02 -2.686887542380000014e+03 -8.376895911590000310e+01 1.374698164929999962e+02 2.359304178159999879e+02
6.500000000000000222e-01 -3.360965633889999935e+03 -2.703466803329999948e+02 -2.559642143640000086e+03 -8.069067219389999934e+01 1.314595677419999902e+02 2.427632628549999936e+02
6.500000000000000222e-01 -3.278879520609999872e+03 -3.654462544639999919e+02 -2.575598988130000180e+03 -8.281896862719999319e+01 1.366296956969999883e+02 2.409030285869999943e+02
6.500000000000000222e-01 -3.331861986930000057e+03 -3.296754641339999807e+02 -2.496175024250000206e+03 -8.089040101569999308e+01 1.350922429059999956e+02 2.434448906069999907e+02
6.500000000000000222e-01 -3.392905430150000029e+03 -2.495906360459999860e+02 -2.424257969450000019e+03 -7.854480860389999464e+01 1.312304755750000140e+02 2.472954240100000050e+02
6.500000000000000222e-01 -3.403627798720000101e+03 -3.000669282569999723e+02 -2.681849485900000218e+03 -7.993523887679999973e+01 1.300631674740000108e+02 2.387974218290000010e+02
6.500000000000000222e-01 -3.267437121909999860e+03 -2.980774326050000127e+02 -2.568938260580000133e+03 -8.321381588600000612e+01 1.360354121389999875e+02 2.420852120440000022e+02
6.500000000000000222e-01 -3.330237492799999927e+03 -4.550851190390000056e+02 -2.713098881660000188e+03 -8.518956721780000407e+01 1.370333532989999981e+02 2.348079127839999956e+02
6.500000000000000222e-01 -3.311558554440000080e+03 -3.228133928720000085e+02 -2.552021654279999893e+03 -7.787472796699999833e+01 1.371180360310000026e+02 2.419526941420000128e+02
6.500000000000000222e-01 -3.366858185049999975e+03 -3.189996231399999829e+02 -2.564388815440000144e+03 -8.210187655590000588e+01 1.363786704860000043e+02 2.404020544070000085e+02
6.500000000000000222e-01 -3.360199038180000116e+03 -4.564782182010000042e+02 -2.728139447259999997e+03 -8.459162069709999798e+01 1.372007532570000023e+02 2.338641345739999906e+02
1.390000000000000000e+04 -2.022367579779999869e+04 1.224659763249999924e+04 -6.983021329230000447e+03 -1.464698508030000141e+02 1.598233412859999873e+02 -3.603448877600000060e+02
6.500000000000000222e-01 -2.022583964800000103e+04 1.226481812349999927e+04 -6.848512809720000405e+03 -1.465434974089999969e+02 1.601678218010000023e+02 -3.609479033750000099e+02
6.500000000000000222e-01 -2.019025761899999998e+04 1.230954253070000050e+04 -6.888393781040000249e+03 -1.468470295330000113e+02 1.597973355100000106e+02 -3.612651196799999980e+02
6.500000000000000222e-01 -2.029364871240000139e+04 1.225910294140000042e+04 -6.844248506580000139e+03 -1.469830927270000132e+02 1.602664386040000011e+02 -3.606693723490000139e+02
6.500000000000000222e-01 -2.025593207980000079e+04 1.223707798650000041e+04 -6.847093412389999685e+03 -1.470785861090000139e+02 1.595027375520000135e+02 -3.608947546879999777e+02
6.500000000000000222e-01 -2.037234517689999848e+04 1.224982108069999958e+04 -6.924993424049999703e+03 -1.469325331510000012e+02 1.605913906860000111e+02 -3.603486814099999833e+02
6.500000000000000222e-01 -2.024902834349999830e+04 1.224944714240000030e+04 -6.848392502220000097e+03 -1.468641116320000037e+02 1.603708296529999870e+02 -3.609078894360000049e+02
6.500000000000000222e-01 -2.019488825210000141e+04 1.231534722010000041e+04 -6.891752533930000027e+03 -1.468982749760000104e+02 1.597092607730000111e+02 -3.612415718720000086e+02
6.500000000000000222e-01 -2.026327918670000145e+04 1.229347264060000089e+04 -6.851990346560000035e+03 -1.475102021980000018e+02 1.598195189330000119e+02 -3.608417872360000160e+02
6.500000000000000222e-01 -2.028339036309999938e+04 1.226463400779999938e+04 -6.834963063340000190e+03 -1.466147470930000054e+02 1.599428066300000069e+02 -3.603986851640000282e+02
6.500000000000000222e-01 -2.026262041840000165e+04 1.224301116159999947e+04 -6.849155357010000444e+03 -1.469617446500000142e+02 1.601650083359999996e+02 -3.609255856560000097e+02
6.500000000000000222e-01 -2.017380420550000053e+04 1.217834954950000065e+04 -6.903668077549999907e+03 -1.463182881179999981e+02 1.597845284400000025e+02 -3.614226935809999759e+02
6.500000000000000222e-01 -2.016869207259999894e+04 1.229736188679999941e+04 -6.907193250340000304e+03 -1.473064651079999976e+02 1.588884183650000068e+02 -3.604422698910000236e+02
6.500000000000000222e-01 -2.027154754909999974e+04 1.226717285730000003e+04 -6.836210473670000283e+03 -1.469047249600000100e+02 1.594831750150000005e+02 -3.605183136630000149e+02
6.500000000000000222e-01 -2.022103759060000084e+04 1.227740186870000070e+04 -6.851700847750000321e+03 -1.466488616480000076e+02 1.602552573460000076e+02 -3.609980093739999916e+02
6.500000000000000222e-01 -2.023751274009999906e+04 1.229713432470000043e+04 -6.855672444990000258e+03 -1.470628227859999981e+02 1.602919551090000141e+02 -3.610263212489999773e+02
6.500000000000000222e-01 -2.020253869520000080e+04 1.229596032759999980e+04 -6.870068324709999615e+03 -1.468077885190000131e+02 1.600437435160000064e+02 -3.611801131430000282e+02
6.500000000000000222e-01 -2.025852798579999944e+04 1.226331694430000061e+04 -6.848962231260000408e+03 -1.475599989099999902e+02 1.605684421390000125e+02 -3.609213950029999864e+02
6.500000000000000222e-01 -2.030810402830000021e+04 1.230949869930000023e+04 -6.853199431000000004e+03 -1.476780699269999957e+02 1.603041209339999966e+02 -3.608198938159999898e+02
6.500000000000000222e-01 -2.032308519439999873e+04 1.223207102999999915e+04 -6.857646595479999633e+03 -1.476150117360000138e+02 1.601482118110000101e+02 -3.609122741310000038e+02
6.500000000000000222e-01 -2.015229463430000033e+04 1.227601044969999930e+04 -6.907541091779999988e+03 -1.471695488080000018e+02 1.589346236620000070e+02 -3.605963164190000043e+02
6.500000000000000222e-01 -2.025055366030000005e+04 1.225641233710000051e+04 -6.849488963810000314e+03 -1.475065027189999967e+02 1.604645677359999922e+02 -3.608810224729999732e+02
6.500000000000000222e-01 -2.014322676169999977e+04 1.226459866820000025e+04 -6.916707337269999698e+03 -1.471839436349999914e+02 1.592403662639999880e+02 -3.607279422569999952e+02
6.500000000000000222e-01 -2.036963850129999992e+04 1.229217662860000019e+04 -6.889795746619999591e+03 -1.473177411140000004e+02 1.603504299470000092e+02 -3.603645082919999822e+02
6.500000000000000222e-01 -2.017204139009999926e+04 1.226966505019999931e+04 -6.889503309620000437e+03 -1.474038629970000045e+02 1.591697933609999893e+02 -3.606665765289999968e+02
6.500000000000000222e-01 -2.031761126879999938e+04 1.221831817939999928e+04 -6.863281028979999974e+03 -1.473864303020000079e+02 1.601512691380000035e+02 -3.609227270540000063e+02
6.500000000000000222e-01 -2.017800450980000096e+04 1.215401760389999981e+04 -6.928519139889999678e+03 -1.462343033390000073e+02 1.599917613780000067e+02 -3.614320670850000283e+02
6.500000000000000222e-01 -2.022450081919999866e+04 1.222458188499999960e+04 -6.858380849590000253e+03 -1.468970892279999987e+02 1.605021369620000087e+02 -3.608955968349999921e+02
6.500000000000000222e-01 -2.023041382330000124e+04 1.229851023800000075e+04 -6.862251158129999567e+03 -1.470120357309999974e+02 1.599870666710000080e+02 -3.610589991009999835e+02
6.500000000000000222e-01 -2.027206502570000157e+04 1.233137159360000078e+04 -6.867131053889999748e+03 -1.477034914250000099e+02 1.596556718749999959e+02 -3.606727011809999794e+02
6.500000000000000222e-01 -2.029680744599999889e+04 1.221516427649999969e+04 -6.870532476469999892e+03 -1.471785111050000125e+02 1.606529182049999918e+02 -3.609032347660000255e+02
6.500000000000000222e-01 -2.020090852190000078e+04 1.224891980270000022e+04 -6.863235452900000382e+03 -1.466232807970000067e+02 1.598591416520000053e+02 -3.611525241690000030e+02
6.500000000000000222e-01 -2.025609827719999885e+04 1.226034184880000066e+04 -6.847631652250000116e+03 -1.472232668700000033e+02 1.608552352579999933e+02 -3.608249959839999974e+02
6.500000000000000222e-01 -2.024626131789999999e+04 1.224767730929999925e+04 -6.852972924859999694e+03 -1.471550923910000108e+02 1.601741526159999864e+02 -3.609951295640000239e+02
6.500000000000000222e-01 -2.024354558479999832e+04 1.219957088880000083e+04 -6.883025017879999723e+03 -1.467459760940000137e+02 1.611556744750000121e+02 -3.605454841480000141e+02
6.500000000000000222e-01 -2.017184552629999962e+04 1.224710216709999986e+04 -6.889942634410000210e+03 -1.471873659249999946e+02 1.596403079430000105e+02 -3.610491494699999748e+02
6.500000000000000222e-01 -2.026239054010000109e+04 1.226317946929999925e+04 -6.849103492700000061e+03 -1.476142027539999901e+02 1.604519600799999921e+02 -3.609299518319999720e+02
6.500000000000000222e-01 -2.011957162529999914e+04 1.217741043610000088e+04 -6.944757294449999790e+03 -1.461782342360000087e+02 1.597434605710000142e+02 -3.613345244349999916e+02
6.500000000000000222e-01 -2.034684155480000118e+04 1.228709966379999969e+04 -6.866832764280000447e+03 -1.467778420760000131e+02 1.600453726449999863e+02 -3.596973725049999757e+02
6.500000000000000222e-01 -2.026735972029999903e+04 1.223783609900000010e+04 -6.848896182669999689e+03 -1.471134425109999881e+02 1.599863554220000026e+02 -3.609104013520000080e+02
6.500000000000000222e-01 -2.023857236790000024e+04 1.223223032489999969e+04 -6.864844779709999784e+03 -1.471328880320000110e+02 1.604016344179999862e+02 -3.610748523180000120e+02
6.500000000000000222e-01 -2.029855292209999971e+04 1.235269617119999930e+04 -6.882258019859999877e+03 -1.477154738119999990e+02 1.601349636729999872e+02 -3.608850128479999739e+02
6.500000000000000222e-01 -2.038139525149999827e+04 1.226908690319999914e+04 -6.926792278070000066e+03 -1.472118925629999922e+02 1.604476263720000020e+02 -3.605688143020000211e+02
6.500000000000000222e-01 -2.014790940190000038e+04 1.221242888250000033e+04 -6.904365063520000149e+03 -1.468413785349999898e+02 1.598387824630000011e+02 -3.609511879209999847e+02
6.500000000000000222e-01 -2.016599530049999885e+04 1.228089129920000050e+04 -6.900547966869999982e+03 -1.469294492129999981e+02 1.589948483139999951e+02 -3.610122074689999749e+02
6.500000000000000222e-01 -2.029662497589999839e+04 1.221086014699999942e+04 -6.863615833779999775e+03 -1.463312781200000074e+02 1.608393488350000098e+02 -3.601464760060000003e+02
6.500000000000000222e-01 -2.027978171369999836e+04 1.219379677959999935e+04 -6.897522726260000127e+03 -1.466818125009999960e+02 1.612164118469999892e+02 -3.604755290869999840e+02
6.500000000000000222e-01 -2.024832017780000024e+04 1.217871451359999992e+04 -6.882438467689999925e+03 -1.462358363460000135e+02 1.609231982409999944e+02 -3.603406226980000042e+02
6.500000000000000222e-01 -2.018987618590000056e+04 1.224555505919999996e+04 -6.869906181370000013e+03 -1.466051609620000136e+02 1.598106090320000021e+02 -3.612166761149999843e+02
6.500000000000000222e-01 -2.030396396520000053e+04 1.235854795770000055e+04 -6.940830893559999822e+03 -1.473614602430000105e+02 1.595797051209999893e+02 -3.607611580010000125e+02
6.500000000000000222e-01 -2.024807955320000110e+04 1.225750361870000052e+04 -6.847077136750000136e+03 -1.470034568709999974e+02 1.606485885069999995e+02 -3.608713983889999781e+02
6.500000000000000222e-01 -2.025433215660000133e+04 1.223769686299999921e+04 -6.847465551180000148e+03 -1.470799123529999974e+02 1.595243396680000103e+02 -3.609371937149999781e+02
6.500000000000000222e-01 -2.012108314729999984e+04 1.218114524680000068e+04 -6.953966212919999634e+03 -1.461577487689999941e+02 1.597426671789999943e+02 -3.615760986779999939e+02
6.500000000000000222e-01 -2.028674714160000076e+04 1.225626631190000080e+04 -6.845893205970000054e+03 -1.477783117230000016e+02 1.600877329019999991e+02 -3.608934091510000144e+02
6.500000000000000222e-01 -2.014938912909999999e+04 1.229680698479999955e+04 -6.928523491539999668e+03 -1.467615927230000068e+02 1.590758517410000081e+02 -3.612412946129999796e+02
6.500000000000000222e-01 -2.025643293809999886e+04 1.230894731809999939e+04 -6.856653723399999762e+03 -1.472689214730000060e+02 1.603712464820000037e+02 -3.610221517159999962e+02
6.500000000000000222e-01 -2.027217534689999957e+04 1.226686935090000043e+04 -6.841020013129999825e+03 -1.467908854799999858e+02 1.595294308830000034e+02 -3.605525549399999932e+02
6.500000000000000222e-01 -2.024201485070000126e+04 1.214044984970000041e+04 -6.972435500710000269e+03 -1.461800583209999900e+02 1.606613166920000140e+02 -3.611195839640000145e+02
6.500000000000000222e-01 -2.012520560420000038e+04 1.222357677850000073e+04 -6.928444137110000156e+03 -1.468663885040000139e+02 1.596648460229999955e+02 -3.607480730039999912e+02
6.500000000000000222e-01 -2.008730200239999976e+04 1.225120625420000033e+04 -7.022779386100000011e+03 -1.464358994430000109e+02 1.591324052749999964e+02 -3.613913176699999781e+02
6.500000000000000222e-01 -2.013031506520000039e+04 1.226520371110000087e+04 -6.923738725109999905e+03 -1.470477188689999934e+02 1.590695148130000121e+02 -3.605187727489999929e+02
6.500000000000000222e-01 -2.024822139149999930e+04 1.226135324220000075e+04 -6.849862616049999815e+03 -1.476449793090000071e+02 1.593865948250000031e+02 -3.607980956050000145e+02
6.500000000000000222e-01 -2.021482035760000144e+04 1.228537375260000044e+04 -6.860231559279999601e+03 -1.467994952660000081e+02 1.600729560320000076e+02 -3.610912324849999777e+02
6.500000000000000222e-01 -2.022913849290000144e+04 1.225331438560000061e+04 -6.856650802879999901e+03 -1.476287896210000099e+02 1.596127674850000062e+02 -3.608810987129999717e+02
6.500000000000000222e-01 -2.022253651109999919e+04 1.223134526550000010e+04 -6.856859743760000129e+03 -1.467137598570000137e+02 1.597732488400000079e+02 -3.610788085909999836e+02
6.500000000000000222e-01 -2.028395647660000031e+04 1.235489616930000011e+04 -6.892883953010000369e+03 -1.475744572160000132e+02 1.599959207180000078e+02 -3.609573254850000126e+02
6.500000000000000222e-01 -2.021271116410000104e+04 1.220972948709999946e+04 -6.863125496339999700e+03 -1.465713794639999890e+02 1.596474280719999967e+02 -3.611424496820000059e+02
6.500000000000000222e-01 -2.036548399639999843e+04 1.227884473559999969e+04 -6.910517015030000039e+03 -1.467902257929999905e+02 1.602571661529999858e+02 -3.597967272760000128e+02
6.500000000000000222e-01 -2.029329491979999875e+04 1.225804007839999940e+04 -6.843591013569999632e+03 -1.469269513609999933e+02 1.603973878230000025e+02 -3.606416080280000074e+02
6.500000000000000222e-01 -2.027877939939999851e+04 1.222425791260000005e+04 -6.858722186779999902e+03 -1.467644612900000141e+02 1.611549567639999907e+02 -3.604544383780000203e+02
6.500000000000000222e-01 -2.028898454430000129e+04 1.232617698209999980e+04 -6.902516414409999925e+03 -1.469462496829999907e+02 1.591438523170000110e+02 -3.602443360190000021e+02
6.500000000000000222e-01 -2.024931957390000025e+04 1.227143337930000052e+04 -6.843529572890000054e+03 -1.467787638609999874e+02 1.605144990910000047e+02 -3.608364324959999863e+02
6.500000000000000222e-01 -2.015382897470000171e+04 1.218080128700000023e+04 -6.915515447800000402e+03 -1.465479362899999956e+02 1.603904255159999934e+02 -3.605820899280000162e+02
6.500000000000000222e-01 -2.015496943019999890e+04 1.217966900290000012e+04 -6.921389978049999627e+03 -1.462808558929999947e+02 1.598270508500000062e+02 -3.615011845650000168e+02
6.500000000000000222e-01 -2.024739883189999819e+04 1.225947618569999941e+04 -6.845341383889999634e+03 -1.467496522099999936e+02 1.604564293379999924e+02 -3.608665785470000174e+02
6.500000000000000222e-01 -2.035624574829999983e+04 1.227813672399999996e+04 -6.878166090699999586e+03 -1.473327113640000050e+02 1.602843096779999996e+02 -3.605713360749999765e+02
6.500000000000000222e-01 -2.028693932689999929e+04 1.226516378489999988e+04 -6.846500897400000213e+03 -1.473017655280000042e+02 1.601649966379999910e+02 -3.608450227760000075e+02
6.500000000000000222e-01 -2.035577352750000136e+04 1.224025818409999920e+04 -6.883566425889999664e+03 -1.471817579510000087e+02 1.606686606160000110e+02 -3.605527880299999879e+02
6.500000000000000222e-01 -2.036564549780000016e+04 1.226412373140000091e+04 -6.901944739120000122e+03 -1.466663385079999955e+02 1.604224912720000020e+02 -3.594088065390000111e+02
6.500000000000000222e-01 -2.025284795840000152e+04 1.234243783780000012e+04 -6.933109561160000339e+03 -1.470325020600000130e+02 1.590681892670000082e+02 -3.607370817770000144e+02
6.500000000000000222e-01 -2.025840829680000024e+04 1.224310205490000044e+04 -6.843153428560000066e+03 -1.471604581820000135e+02 1.596233423250000101e+02 -3.608336030880000180e+02
6.500000000000000222e-01 -2.029260188589999962e+04 1.226979404719999911e+04 -6.846300069279999661e+03 -1.473228139039999860e+02 1.601753622720000010e+02 -3.608132830399999875e+02
6.500000000000000222e-01 -2.026056579090000014e+04 1.226279979289999937e+04 -6.848216286490000130e+03 -1.474920608099999981e+02 1.596315672439999958e+02 -3.608804956060000109e+02
6.500000000000000222e-01 -2.026026585310000155e+04 1.225939408580000054e+04 -6.839139253850000387e+03 -1.466196865439999897e+02 1.606674787750000064e+02 -3.606481730820000280e+02
6.500000000000000222e-01 -2.026012223430000086e+04 1.228232940439999948e+04 -6.849132521849999648e+03 -1.472474256309999987e+02 1.603174848799999950e+02 -3.609438069970000242e+02
6.500000000000000222e-01 -2.021041901409999991e+04 1.226472924330000023e+04 -6.858416048750000300e+03 -1.466810049990000095e+02 1.599790060310000115e+02 -3.610911442130000069e+02
6.500000000000000222e-01 -2.031685904419999861e+04 1.229414825059999930e+04 -6.843457691079999677e+03 -1.469085219810000069e+02 1.597421242970000037e+02 -3.599997805539999831e+02
6.500000000000000222e-01 -2.024834164600000076e+04 1.226184674319999976e+04 -6.848869663849999597e+03 -1.470379943330000003e+02 1.595292876700000022e+02 -3.608718700410000224e+02
6.500000000000000222e-01 -2.024181296540000039e+04 1.230297485070000039e+04 -6.862006414210000003e+03 -1.474083392439999898e+02 1.589357981830000028e+02 -3.603806568150000089e+02
6.500000000000000222e-01 -2.025384929890000058e+04 1.226118264129999989e+04 -6.849805923410000105e+03 -1.473346894880000093e+02 1.604394660739999949e+02 -3.609324170109999841e+02
6.500000000000000222e-01 -2.014112493560000075e+04 1.220794523459999982e+04 -6.910618956510000316e+03 -1.467656267490000062e+02 1.598367199470000060e+02 -3.609322980950000215e+02
6.500000000000000222e-01 -2.020129087710000022e+04 1.225159573900000032e+04 -6.870626446569999644e+03 -1.474798338600000136e+02 1.596965083210000103e+02 -3.609273910530000080e+02
6.500000000000000222e-01 -2.015490576829999918e+04 1.230951583629999914e+04 -6.930611162449999938e+03 -1.467822141039999906e+02 1.593017492799999957e+02 -3.613679450789999805e+02
6.500000000000000222e-01 -2.029144878940000126e+04 1.220272890200000074e+04 -6.870862053480000213e+03 -1.463633548159999975e+02 1.610490843640000094e+02 -3.600703264109999964e+02
6.500000000000000222e-01 -2.025336312980000002e+04 1.222653750519999994e+04 -6.846815895069999897e+03 -1.470539795619999950e+02 1.594446442509999997e+02 -3.609133889899999872e+02
6.500000000000000222e-01 -2.032834513900000093e+04 1.226466453890000048e+04 -6.854592602890000308e+03 -1.475869340870000030e+02 1.602883684399999993e+02 -3.608060906700000032e+02
6.500000000000000222e-01 -2.026234535650000180e+04 1.234097672229999989e+04 -6.882929057729999840e+03 -1.475482072449999862e+02 1.591753589699999907e+02 -3.602518874630000028e+02
6.500000000000000222e-01 -2.021277332720000049e+04 1.229857246809999924e+04 -6.878737767360000362e+03 -1.476025415930000122e+02 1.592735156699999948e+02 -3.607455778679999980e+02
6.500000000000000222e-01 -2.029416219060000003e+04 1.218246436209999956e+04 -6.886938210659999640e+03 -1.466653756320000070e+02 1.603192951469999912e+02 -3.608751369889999978e+02
6.500000000000000222e-01 -2.023367284020000079e+04 1.224036507730000085e+04 -6.852856237920000240e+03 -1.468531725990000041e+02 1.598581197169999939e+02 -3.610194949520000023e+02
6.500000000000000222e-01 -2.023660235109999849e+04 1.228722705839999981e+04 -6.857791263250000156e+03 -1.475553172379999864e+02 1.590947894770000062e+02 -3.605891967059999956e+02
3.690000000000000000e+05 5.898221937439999465e+02 8.779876755460000481e+01 3.869923065820000261e+02 1.537579567020000013e+02 2.238786067430000060e+02 1.322278772230000072e+02
6.500000000000000222e-01 7.320829293110000435e+02 2.921248185250000233e+02 5.069095834249999939e+02 1.551834428770000045e+02 2.234671883569999977e+02 4.148563922719999653e+01
6.500000000000000222e-01 5.725930437770000481e+02 4.386150551370000272e+01 3.282776707539999848e+02 1.548668506500000035e+02 2.293887712519999980e+02 1.445230328659999941e+02
6.500000000000000222e-01 7.794988578049999433e+02 3.371039014240000142e+02 5.233030585960000280e+02 1.445117142860000001e+02 2.227136546060000057e+02 3.874902861759999695e+01
6.500000000000000222e-01 8.913210892030000423e+02 4.731387556660000087e+02 5.700393856150000147e+02 1.389043675409999992e+02 2.067113731679999944e+02 4.768592231590000097e+01
6.500000000000000222e-01 9.685798868269999957e+02 5.855757644579999806e+02 5.556192409789999829e+02 1.358404160750000074e+02 2.034699739039999997e+02 9.578995276920000634e+00
6.500000000000000222e-01 3.342565235210000196e+02 -2.712055128430000082e+02 2.091638355080000053e+02 1.967584075549999909e+02 2.175153391810000016e+02 1.581684742449999987e+02
6.500000000000000222e-01 7.922083904129999610e+02 3.761736171779999722e+02 5.321828717339999457e+02 1.389427134249999938e+02 2.233933910279999964e+02 4.260260759530000030e+01
6.500000000000000222e-01 7.789622989450000432e+02 3.330126637220000134e+02 5.232495913369999698e+02 1.448395844970000041e+02 2.228429527199999995e+02 3.869410116190000082e+01
6.500000000000000222e-01 8.982209650449999572e+02 5.294534170010000480e+02 5.420334273570000505e+02 1.427480742600000099e+02 2.087494137779999903e+02 2.471522990309999912e+01
6.500000000000000222e-01 8.155146739939999634e+02 3.743403934329999743e+02 5.395201565969999820e+02 1.495020145750000040e+02 2.078420281470000077e+02 6.701960197830000254e+01
6.500000000000000222e-01 6.895392940069999668e+02 2.779857772220000243e+02 4.971103670449999754e+02 1.599803943779999997e+02 2.249059888070000000e+02 3.934922867950000125e+01
6.500000000000000222e-01 9.232062551699999631e+02 6.435512583910000330e+02 6.003181992019999598e+02 1.186454042390000012e+02 2.048574839210000107e+02 4.710977977649999815e+01
6.500000000000000222e-01 9.392679730060000338e+02 5.924623387960000400e+02 5.422845001450000382e+02 1.357466231669999956e+02 2.070650533390000021e+02 9.344885309680000418e+00
6.500000000000000222e-01 7.810222387540000000e+02 4.601264816670000073e+02 5.516741910020000432e+02 1.201577881670000068e+02 2.196437909340000090e+02 7.689558698049999919e+01
6.500000000000000222e-01 7.814184303179999915e+02 3.621127199480000058e+02 5.133226248859999714e+02 1.545010324289999915e+02 2.192949782990000074e+02 2.694930772300000044e+01
6.500000000000000222e-01 8.553731826250000267e+02 4.577364676369999756e+02 5.156281890400000520e+02 1.503707008359999975e+02 2.128503571450000038e+02 9.404637447420000740e+00
6.500000000000000222e-01 8.185940288519999513e+02 3.646965017420000095e+02 5.274480955770000037e+02 1.476602187459999982e+02 2.189639391839999973e+02 2.707156188789999973e+01
6.500000000000000222e-01 7.803224014480000506e+02 3.319965686379999852e+02 5.148820336600000473e+02 1.557776075760000083e+02 2.182711400999999967e+02 3.174368660809999909e+01
6.500000000000000222e-01 8.892376582389999840e+02 5.695341647840000405e+02 5.645546613159999652e+02 1.260479884370000008e+02 2.136627732050000077e+02 2.960411193139999853e+01
6.500000000000000222e-01 7.974649233740000227e+02 3.092847648630000208e+02 5.228196301980000271e+02 1.540813461230000030e+02 2.185561378479999917e+02 3.279731727210000258e+01
6.500000000000000222e-01 7.004451093679999758e+02 1.387143270409999900e+02 4.883303105659999801e+02 1.610274893579999969e+02 2.201175845799999991e+02 7.174903180430000305e+01
6.500000000000000222e-01 7.192524694029999637e+02 3.009311870450000015e+02 5.100325953130000016e+02 1.476211397259999956e+02 2.268244163230000083e+02 5.000619035359999742e+01
6.500000000000000222e-01 7.357659734439999966e+02 3.118928744770000208e+02 5.141118949809999776e+02 1.473448209860000020e+02 2.260588788219999969e+02 4.618375871079999939e+01
6.500000000000000222e-01 7.855444380100000217e+02 4.042948758640000051e+02 5.093887170390000279e+02 1.540544654649999927e+02 2.182486555069999952e+02 1.659373920950000070e+01
6.500000000000000222e-01 8.320604697420000093e+02 3.944874793419999719e+02 5.182320778480000172e+02 1.515201372360000107e+02 2.153675766890000034e+02 1.382788968929999918e+01
6.500000000000000222e-01 3.740543275979999862e+02 -2.466709048179999968e+02 2.259582952540000065e+02 1.879155309429999932e+02 2.225390604959999905e+02 1.549653184269999997e+02
6.500000000000000222e-01 9.146436836599999651e+02 6.139221801710000364e+02 5.696397044300000516e+02 1.255778860810000026e+02 2.095259980920000089e+02 2.732429402300000021e+01
6.500000000000000222e-01 7.904202012120000518e+02 4.330036486259999720e+02 5.284337650500000336e+02 1.383370471949999967e+02 2.198585983979999980e+02 4.174911231170000292e+01
6.500000000000000222e-01 8.504930204910000384e+02 4.412202354730000025e+02 5.096069443000000092e+02 1.538737882270000057e+02 2.118896960159999878e+02 6.046423394249999639e+00
6.500000000000000222e-01 8.248527292270000544e+02 3.932459581049999997e+02 5.253744797829999698e+02 1.577254738819999886e+02 2.093474098769999898e+02 3.738063717330000202e+01
6.500000000000000222e-01 8.162897988969999687e+02 3.751142582950000133e+02 5.318030687420000504e+02 1.433542078709999998e+02 2.204827714850000007e+02 3.306989396849999707e+01
6.500000000000000222e-01 1.979709624490000124e+02 -3.764941749999999843e+02 -3.310401341149999865e+01 1.975257169909999959e+02 2.087934865199999876e+02 1.917617671010000038e+02
6.500000000000000222e-01 8.362971354459999702e+02 4.189414465429999836e+02 5.192512435459999551e+02 1.554640481060000070e+02 2.116677114910000057e+02 2.235723125339999839e+01
6.500000000000000222e-01 8.075452525150000156e+02 3.712933632389999730e+02 5.133653750009999612e+02 1.563269595879999940e+02 2.149404303800000093e+02 1.909832447329999994e+01
6.500000000000000222e-01 8.349217344109999885e+02 4.683799677559999850e+02 5.210180444549999947e+02 1.445457565670000122e+02 2.173250741809999909e+02 1.055880108290000052e+01
6.500000000000000222e-01 7.379289843269999665e+02 2.510117809170000100e+02 5.065844899499999769e+02 1.597747324579999884e+02 2.204325480809999931e+02 4.377049657679999939e+01
6.500000000000000222e-01 8.486956750269999930e+02 4.045491306200000281e+02 5.337390675880000117e+02 1.494075712450000140e+02 2.133342118319999940e+02 2.989092101580000005e+01
6.500000000000000222e-01 8.583671000379999896e+02 4.596025650490000203e+02 5.294569967200000065e+02 1.479084294150000005e+02 2.129746043250000014e+02 2.428141851979999899e+01
6.500000000000000222e-01 8.325878813059999857e+02 4.036659320019999768e+02 5.565149437699999453e+02 1.256102435229999941e+02 2.104952020759999982e+02 7.970835343299999920e+01
6.500000000000000222e-01 2.343141157530000100e+02 -3.917234903460000055e+02 1.233769622300000037e+02 2.030363673129999995e+02 2.127352118299999972e+02 1.689830330469999922e+02
6.500000000000000222e-01 7.119000086659999624e+02 1.641500794089999999e+02 4.969619056729999897e+02 1.657536895030000039e+02 2.205373159480000140e+02 5.597969950209999723e+01
6.500000000000000222e-01 8.019585138579999466e+02 3.672167291719999866e+02 5.221763402609999503e+02 1.492053134610000029e+02 2.192206207760000041e+02 2.772056797089999947e+01
6.500000000000000222e-01 9.351663413820000414e+02 5.713109280270000454e+02 5.470272683809999990e+02 1.416486811400000079e+02 2.036877882519999901e+02 1.775747575660000166e+01
6.500000000000000222e-01 7.043913392309999608e+02 2.614502647909999951e+02 4.952978085060000240e+02 1.605526209139999878e+02 2.216764678959999912e+02 4.415917703929999760e+01
6.500000000000000222e-01 8.316402285520000532e+02 4.196125830280000173e+02 5.211091406629999483e+02 1.520894326890000059e+02 2.145351043750000031e+02 2.331556686049999882e+01
6.500000000000000222e-01 8.005279666579999684e+02 3.339566380439999875e+02 5.222175639929999988e+02 1.534129033039999968e+02 2.178236988239999903e+02 3.265186435230000228e+01
6.500000000000000222e-01 8.648879656939999450e+02 4.713085344460000101e+02 5.447341156229999797e+02 1.374382964719999904e+02 2.161408865660000060e+02 3.056069481089999940e+01
6.500000000000000222e-01 8.197220828949999714e+02 3.210089804699999831e+02 5.260642617360000486e+02 1.560051250939999932e+02 2.153214796249999949e+02 2.635930915260000162e+01
6.500000000000000222e-01 8.775703697469999724e+02 4.227608932310000114e+02 5.373264225660000193e+02 1.542777706370000033e+02 2.068015800910000053e+02 2.279518665750000039e+01
6.500000000000000222e-01 1.391233732830000065e+02 -4.661110642570000095e+02 9.225185575390000281e+01 2.093310367779999979e+02 2.074036941210000009e+02 1.688561690989999988e+02
6.500000000000000222e-01 9.724043381760000102e+02 6.037317407330000378e+02 5.618209209929999588e+02 1.338486176620000094e+02 2.027343818969999916e+02 1.165763122639999949e+01
6.500000000000000222e-01 8.147734620649999897e+02 4.640764323590000231e+02 5.254475150590000112e+02 1.440635484599999927e+02 2.176072615639999981e+02 2.254851687400000060e+01
6.500000000000000222e-01 8.040864786199999799e+02 3.584828270049999901e+02 5.193970156159999760e+02 1.515145842130000062e+02 2.180434629979999954e+02 2.315095419760000084e+01
6.500000000000000222e-01 7.990136029010000129e+02 3.562012508970000226e+02 5.237473790499999495e+02 1.580322065059999943e+02 2.096710171670000022e+02 5.288385249209999728e+01
6.500000000000000222e-01 8.485109339169999885e+02 4.491824070590000133e+02 5.361572645979999834e+02 1.510956556470000010e+02 2.081680348140000092e+02 4.204577981269999754e+01
6.500000000000000222e-01 3.344028409090000196e+02 -2.546925999610000133e+02 2.472581581970000002e+02 1.948075121070000080e+02 2.246111374850000004e+02 1.456329735269999901e+02
6.500000000000000222e-01 7.605645393180000156e+02 3.028389470050000227e+02 5.088388125079999895e+02 1.582756534840000029e+02 2.122782355989999985e+02 6.650267602249999754e+01
6.500000000000000222e-01 7.661677024110000502e+02 2.998642988529999798e+02 5.088208711959999846e+02 1.508273040439999875e+02 2.108189927759999875e+02 8.342394863959999896e+01
6.500000000000000222e-01 7.987072241739999754e+02 3.342774034450000045e+02 5.222962056510000366e+02 1.608392003110000132e+02 2.106205764750000071e+02 4.369889723019999650e+01
6.500000000000000222e-01 7.653754819810000072e+02 3.556386046480000118e+02 5.062937010840000198e+02 1.584496456720000026e+02 2.185106926820000126e+02 2.386531408369999951e+01
6.500000000000000222e-01 8.122150413179999759e+02 3.817809802310000009e+02 5.211615344550000373e+02 1.511521133210000016e+02 2.173869797710000000e+02 2.549899819030000003e+01
6.500000000000000222e-01 8.532695441500000015e+02 4.931143940339999858e+02 5.099694169580000107e+02 1.480301026049999962e+02 2.135772232150000036e+02 2.153248459439999873e+00
6.500000000000000222e-01 8.889747146669999438e+02 5.129963737760000413e+02 5.403229978020000317e+02 1.425382669949999865e+02 2.106361639280000020e+02 2.480129161300000007e+01
6.500000000000000222e-01 3.711098825909999732e+02 -2.374910305740000069e+02 2.224056598589999965e+02 1.907013462769999990e+02 2.212709366260000081e+02 1.562885587430000101e+02
6.500000000000000222e-01 8.012446862489999830e+02 3.616374783090000165e+02 5.169761543150000307e+02 1.534298365740000065e+02 2.155913556730000096e+02 2.855506414670000126e+01
6.500000000000000222e-01 8.591769395439999926e+02 5.234447594250000293e+02 5.282820308289999502e+02 1.400275211500000125e+02 2.147445564120000085e+02 9.100051056159999874e+00
6.500000000000000222e-01 4.199925239919999740e+02 -1.116587400469999949e+02 3.319691107759999795e+02 1.878484349400000042e+02 2.287825560560000042e+02 1.232794066609999959e+02
6.500000000000000222e-01 8.515243919450000476e+02 4.071280526969999869e+02 5.242506545889999643e+02 1.486119620409999982e+02 2.150928432240000063e+02 1.354360956340000044e+01
6.500000000000000222e-01 8.106821921729999758e+02 3.657703343709999899e+02 5.264414383060000091e+02 1.489597899199999915e+02 2.123916675209999880e+02 5.162217287099999652e+01
6.500000000000000222e-01 8.141123617639999566e+02 3.648364026969999827e+02 5.248118872090000195e+02 1.506897519160000058e+02 2.178259213620000025e+02 3.024105799009999984e+01
6.500000000000000222e-01 9.147892552219999516e+02 6.091911598890000050e+02 5.770421251569999868e+02 1.236500941919999974e+02 2.095474794900000006e+02 3.379089261259999688e+01
6.500000000000000222e-01 9.271405305790000284e+02 5.906688463460000094e+02 5.104451194260000193e+02 1.389371439630000111e+02 2.084774754770000129e+02 -1.012728953799999942e+01
6.500000000000000222e-01 8.714802965840000297e+02 4.422521483130000206e+02 5.162271141710000393e+02 1.491976079769999899e+02 2.124630126769999947e+02 3.424028647670000147e+00
6.500000000000000222e-01 7.676887031909999450e+02 3.146838361829999826e+02 5.117512362429999939e+02 1.553464739679999980e+02 2.126995561500000065e+02 6.793147071939999648e+01
6.500000000000000222e-01 8.187079128159999755e+02 3.879284366530000057e+02 5.332249683400000322e+02 1.420946945640000081e+02 2.203444964779999964e+02 3.380317005349999704e+01
6.500000000000000222e-01 7.721693547889999536e+02 3.153672865170000250e+02 5.116871325179999985e+02 1.598024685009999928e+02 2.157117674129999898e+02 3.803492689790000014e+01
6.500000000000000222e-01 8.380476819850000538e+02 4.068395718610000245e+02 5.228479873569999654e+02 1.513736711479999997e+02 2.144815553560000012e+02 2.009267645359999932e+01
6.500000000000000222e-01 9.313464443809999693e+02 6.043576935090000006e+02 5.388632398400000056e+02 1.322376802910000038e+02 2.093309707679999860e+02 4.007190847080000395e+00
6.500000000000000222e-01 8.646330532040000207e+02 4.511621387389999995e+02 5.121145451469999443e+02 1.509097593959999983e+02 2.119956448060000014e+02 3.433733904929999969e+00
6.500000000000000222e-01 8.115852553490000219e+02 3.468984553989999995e+02 5.251275543629999447e+02 1.512092169660000138e+02 2.180993515899999977e+02 3.021745554150000146e+01
6.500000000000000222e-01 9.032123371149999684e+02 5.336889873080000370e+02 5.410824908280000045e+02 1.387172868709999989e+02 2.109551015030000087e+02 1.736829637740000010e+01
6.500000000000000222e-01 3.970323098239999808e+02 -1.999886485110000081e+02 2.588112188630000219e+02 1.883482681010000022e+02 2.232653345409999872e+02 1.475246108149999884e+02
6.500000000000000222e-01 9.600392496030000302e+02 6.291779171230000429e+02 5.825318347339999718e+02 1.296824358259999883e+02 2.017535304129999929e+02 2.303722048119999855e+01
6.500000000000000222e-01 9.536043437719999929e+02 6.231000541439999552e+02 5.862950882469999669e+02 1.265681990650000017e+02 2.035038408830000094e+02 3.003954385830000007e+01
6.500000000000000222e-01 8.777478107890000274e+02 4.805282452420000254e+02 5.527556657899999664e+02 1.469811400190000086e+02 2.046908007039999973e+02 4.304577808549999673e+01
6.500000000000000222e-01 3.257280018640000208e+02 -2.666577097869999875e+02 1.365877974409999922e+02 1.802423201219999953e+02 2.254236272660000111e+02 1.758364527999999893e+02
6.500000000000000222e-01 9.635032519119999961e+02 6.474625015960000383e+02 5.794919894449999447e+02 1.258787521250000054e+02 2.034594341359999987e+02 2.140090191910000073e+01
6.500000000000000222e-01 8.251279798399999663e+02 3.858764731119999851e+02 5.282334420879999470e+02 1.483545370539999908e+02 2.175938152820000084e+02 3.066330771270000000e+01
6.500000000000000222e-01 8.082715990159999819e+02 3.743723194460000059e+02 5.152839557559999548e+02 1.569693223650000107e+02 2.143799021629999970e+02 2.394038806709999889e+01
6.500000000000000222e-01 8.904735056189999796e+02 5.244523576210000329e+02 5.723919574860000239e+02 1.350226548960000059e+02 2.050397815480000077e+02 5.572976843050000184e+01
6.500000000000000222e-01 8.423406576549999727e+02 4.709909276480000244e+02 5.400458374219999769e+02 1.374967328509999902e+02 2.174885906620000071e+02 3.026133450540000069e+01
6.500000000000000222e-01 8.610760306119999541e+02 5.498864596979999533e+02 5.619559746219999852e+02 1.277303208769999969e+02 2.153557326700000090e+02 3.132778545769999923e+01
6.500000000000000222e-01 7.737436093070000425e+02 3.324490257019999717e+02 5.232232853519999480e+02 1.431344126360000075e+02 2.236084921499999894e+02 4.271805002899999693e+01
6.500000000000000222e-01 7.934925791760000493e+02 4.106128906349999852e+02 5.235946527710000282e+02 1.425875455419999867e+02 2.193188001190000023e+02 3.668574444640000110e+01
6.500000000000000222e-01 2.852454124640000259e+02 -3.243761307899999906e+02 2.062711873009999977e+02 1.996114971179999884e+02 2.197970380040000009e+02 1.538398774460000027e+02
6.500000000000000222e-01 8.853028196239999943e+02 4.787730579509999984e+02 5.265219252660000393e+02 1.496435869560000071e+02 2.090127024189999929e+02 1.418881951570000055e+01
6.500000000000000222e-01 8.667068685609999648e+02 4.673719813050000198e+02 5.367698136919999570e+02 1.398282293000000038e+02 2.106987564389999932e+02 3.165222333630000051e+01
6.500000000000000222e-01 8.574655927730000258e+02 4.934624030919999882e+02 5.225909670229999620e+02 1.424155349460000082e+02 2.157886717039999951e+02 7.775861723660000280e+00
6.500000000000000222e-01 9.203526552719999927e+02 5.412046193899999480e+02 5.433970871100000295e+02 1.451995230850000098e+02 2.041265195119999873e+02 1.995374178559999834e+01
6.500000000000000222e-01 2.709803103830000168e+02 -3.436191329210000163e+02 2.200763587499999971e+02 2.059735544099999913e+02 2.134823614430000021e+02 1.515276755920000085e+02
