3.450000000000000000e+05 2.184271947549999823e+03 -4.500480586009999570e+03 -7.271238835670000299e+03 -1.326837653510000052e+02 5.232648578589999744e+01 -1.967080717480000018e+00
6.500000000000000222e-01 2.092919787350000206e+03 -4.402123721590000059e+03 -6.995380726229999709e+03 -1.333251795399999935e+02 5.376592112289999648e+01 2.964217733040000122e-02
6.500000000000000222e-01 2.019974749109999948e+03 -4.621121069359999638e+03 -7.450500072349999755e+03 -1.310846154470000045e+02 5.220052370900000227e+01 -1.610130512130000024e+00
6.500000000000000222e-01 2.366016642619999857e+03 -4.421623430220000046e+03 -7.092911213749999661e+03 -1.341630644029999928e+02 5.297479260389999922e+01 -3.186902468530000032e+00
6.500000000000000222e-01 2.176754917860000205e+03 -4.643887859520000347e+03 -7.544492272039999989e+03 -1.311720311240000001e+02 4.876685558390000352e+01 -2.909697097620000061e+00
6.500000000000000222e-01 2.296470950890000040e+03 -4.700065079179999884e+03 -7.446389333860000079e+03 -1.326083478010000078e+02 5.226221430319999683e+01 -3.832090005890000040e+00
6.500000000000000222e-01 2.270543807560000005e+03 -4.307537947980000354e+03 -7.420910070580000138e+03 -1.339696855939999978e+02 4.883211137800000046e+01 -3.312692022679999848e+00
6.500000000000000222e-01 1.982673745379999900e+03 -4.403518737620000138e+03 -7.404863954819999890e+03 -1.299691323449999913e+02 5.129717005189999668e+01 -1.890678501750000073e+00
6.500000000000000222e-01 2.339245242290000078e+03 -4.354321129910000309e+03 -7.420310777880000387e+03 -1.337900475780000136e+02 4.861167792959999900e+01 -3.332947323470000001e+00
6.500000000000000222e-01 1.966316963620000024e+03 -4.412244684539999980e+03 -7.068342000399999961e+03 -1.319351017189999880e+02 5.427474328120000280e+01 1.115418141319999945e+00
6.500000000000000222e-01 1.934910488199999918e+03 -4.505286680999999589e+03 -7.150927939590000278e+03 -1.303497583490000125e+02 5.405794931900000222e+01 1.832099311769999961e+00
6.500000000000000222e-01 2.018763732870000013e+03 -4.646832010869999976e+03 -7.428695391469999777e+03 -1.311946375679999903e+02 5.182138624299999918e+01 -1.067223917019999968e+00
6.500000000000000222e-01 2.236108263449999868e+03 -4.501133219620000091e+03 -7.000858527559999857e+03 -1.357759365109999976e+02 5.480053636430000097e+01 -1.525088608769999965e+00
6.500000000000000222e-01 2.126199496860000181e+03 -4.363619673289999810e+03 -7.502191627260000132e+03 -1.320782663349999950e+02 4.999967135309999833e+01 -1.737946807449999964e+00
6.500000000000000222e-01 2.073425102879999940e+03 -4.463591430729999956e+03 -7.510917019389999950e+03 -1.287740500200000042e+02 5.002785211709999658e+01 -2.917289967099999881e+00
6.500000000000000222e-01 2.309817540760000156e+03 -4.448761879620000400e+03 -7.041333702969999649e+03 -1.355581208330000038e+02 5.363965237490000248e+01 -1.919597754420000024e+00
6.500000000000000222e-01 2.086801004890000058e+03 -4.702462171400000443e+03 -7.439770089550000193e+03 -1.297074047749999863e+02 5.360085537700000202e+01 -5.497885367770000364e+00
6.500000000000000222e-01 1.976224201120000089e+03 -4.576082688159999634e+03 -7.407441256920000342e+03 -1.310252496950000136e+02 5.174977264769999863e+01 -6.250467485539999701e-02
6.500000000000000222e-01 2.173076435229999788e+03 -4.556475263180000184e+03 -7.005929591959999925e+03 -1.346815844699999900e+02 5.715613670909999655e+01 -1.223519018560000005e+00
6.500000000000000222e-01 2.092555786909999824e+03 -4.541788727639999706e+03 -6.999508144469999934e+03 -1.313287676680000118e+02 5.586054669439999998e+01 -7.731553204169999693e-02
6.500000000000000222e-01 2.243075163210000028e+03 -4.455769285360000140e+03 -7.542573077809999631e+03 -1.314826157159999980e+02 4.800782504920000093e+01 -2.844275787499999986e+00
6.500000000000000222e-01 1.988506221679999953e+03 -4.331847516920000089e+03 -7.354993038599999636e+03 -1.318105575989999920e+02 5.186501249150000348e+01 1.095879407850000042e+00
6.500000000000000222e-01 2.049033198770000126e+03 -4.331453385239999989e+03 -7.417408970430000409e+03 -1.308383823919999998e+02 4.993623106470000295e+01 -2.064896587199999800e+00
6.500000000000000222e-01 2.269840670869999940e+03 -4.338741176849999647e+03 -7.051489168510000127e+03 -1.365647057109999878e+02 5.180523095329999705e+01 9.035474379800000344e-01
6.500000000000000222e-01 2.385728591489999872e+03 -4.516541019459999916e+03 -7.116688123009999799e+03 -1.357174770560000070e+02 5.284195989610000055e+01 -2.407329038239999885e+00
6.500000000000000222e-01 2.383460539340000196e+03 -4.488462984589999905e+03 -7.112853279320000183e+03 -1.351003083079999953e+02 5.283312581730000090e+01 -3.177578157990000207e+00
6.500000000000000222e-01 2.167517755649999799e+03 -4.692849796610000340e+03 -7.092110281770000256e+03 -1.320523401650000039e+02 5.575594147780000043e+01 -1.411723481419999926e+00
6.500000000000000222e-01 2.056958102269999927e+03 -4.347027201900000364e+03 -7.453500957530000051e+03 -1.323567098890000011e+02 5.172281611020000014e+01 2.197980432009999929e-01
6.500000000000000222e-01 2.006865959960000055e+03 -4.681707308080000075e+03 -7.328600737480000134e+03 -1.307298769100000015e+02 5.320795024219999902e+01 -6.444069375269999567e-01
6.500000000000000222e-01 2.075200343519999933e+03 -4.260759173409999676e+03 -7.351094651000000340e+03 -1.327146631630000115e+02 5.093170448909999948e+01 5.410287396369999925e-03
6.500000000000000222e-01 2.047622262390000060e+03 -4.637200059089999741e+03 -7.081573131410000315e+03 -1.332372662109999908e+02 5.384453441429999998e+01 -3.244691770569999800e+00
6.500000000000000222e-01 2.352875954029999775e+03 -4.348348180310000316e+03 -7.142015346780000073e+03 -1.349892490889999976e+02 5.094630973310000144e+01 -1.243255384420000054e+00
6.500000000000000222e-01 1.951038183010000012e+03 -4.572782939319999969e+03 -7.148598533970000062e+03 -1.322986138310000115e+02 5.427308165539999862e+01 -2.881690892199999965e+00
6.500000000000000222e-01 1.925515166809999982e+03 -4.529154600709999613e+03 -7.247155937010000343e+03 -1.304408627159999980e+02 5.334645223639999756e+01 1.478936571059999983e+00
6.500000000000000222e-01 2.239610006779999821e+03 -4.479389735759999894e+03 -7.557890107070000340e+03 -1.332795809840000061e+02 4.918979159330000073e+01 -3.363100226739999865e+00
6.500000000000000222e-01 2.070023261599999842e+03 -4.250739302940000016e+03 -7.191420351759999903e+03 -1.327564683720000005e+02 5.129301991850000064e+01 2.810603491669999787e+00
6.500000000000000222e-01 2.168222393049999937e+03 -4.234209806259999823e+03 -7.297399993160000122e+03 -1.337075182270000084e+02 5.061217780030000313e+01 1.976095213219999924e-01
6.500000000000000222e-01 2.233840045259999897e+03 -4.413949592300000404e+03 -7.516360976529999789e+03 -1.311025034820000030e+02 4.809517355690000073e+01 -2.233853516489999969e+00
6.500000000000000222e-01 2.241440446250000150e+03 -4.397208733000000393e+03 -7.005301071900000352e+03 -1.347517919960000086e+02 5.202989775910000247e+01 -2.832604985080000026e-01
6.500000000000000222e-01 2.049365103439999984e+03 -4.581355137839999770e+03 -7.044757323099999667e+03 -1.327892561989999933e+02 5.649988761819999894e+01 -1.010087820060000086e+00
6.500000000000000222e-01 2.244368969080000170e+03 -4.303225951229999737e+03 -7.062157718020000175e+03 -1.342299417360000007e+02 5.400318889609999928e+01 -1.621751357880000022e+00
4.560000000000000000e+04 9.158389331140000650e+03 1.722277898759999971e+03 2.023023755639999945e+04 1.971459044869999957e+02 -6.279917007710000121e+01 1.833643906620000052e+02
6.500000000000000222e-01 9.215333059619999403e+03 1.594204858199999990e+03 2.039002044749999914e+04 1.977584790409999869e+02 -6.310199540450000200e+01 1.833467580360000113e+02
6.500000000000000222e-01 9.280412002029999712e+03 1.818490937929999973e+03 2.010282454130000042e+04 1.964819233860000054e+02 -6.353570941120000271e+01 1.827060312579999959e+02
6.500000000000000222e-01 9.211788750809999328e+03 1.612062955619999912e+03 2.039632317350000085e+04 1.969483797929999866e+02 -6.178135136230000057e+01 1.842669534990000102e+02
6.500000000000000222e-01 8.960463885589999336e+03 1.708518295170000101e+03 2.019619606379999823e+04 1.974920120820000022e+02 -6.280948261590000214e+01 1.832021526629999926e+02
6.500000000000000222e-01 9.298823360619999221e+03 1.856982292359999974e+03 2.018543238679999922e+04 1.969351099270000134e+02 -6.287213134030000106e+01 1.844240958869999929e+02
6.500000000000000222e-01 9.070935327389999657e+03 1.899703136059999906e+03 2.023158190190000096e+04 1.974065593450000051e+02 -6.330006985730000224e+01 1.830641621199999918e+02
6.500000000000000222e-01 9.132675243879999471e+03 1.757037780829999974e+03 2.043420280809999895e+04 1.981436295370000096e+02 -6.354289016269999735e+01 1.839244880589999980e+02
6.500000000000000222e-01 9.156718389330000718e+03 1.920980709720000050e+03 2.022364854239999841e+04 1.971883332019999955e+02 -6.332686815329999774e+01 1.831623244829999919e+02
6.500000000000000222e-01 9.137720919949999370e+03 1.783410141300000078e+03 2.003049317579999843e+04 1.968647770599999944e+02 -6.355636482919999963e+01 1.828215329589999953e+02
6.500000000000000222e-01 9.070490466159999414e+03 1.719394443780000074e+03 2.003953758329999982e+04 1.972253691610000033e+02 -6.290249054560000275e+01 1.828989395060000049e+02
6.500000000000000222e-01 9.301089231440000731e+03 1.629748024270000087e+03 2.013480447039999854e+04 1.967466989890000093e+02 -6.256537872450000037e+01 1.838951370469999915e+02
6.500000000000000222e-01 9.114884145300000455e+03 1.727024104500000021e+03 2.043264911249999932e+04 1.975522490870000070e+02 -6.269957057620000285e+01 1.835881581939999876e+02
6.500000000000000222e-01 9.088785101479999867e+03 1.565451466660000051e+03 2.033863030090000029e+04 1.978338375300000109e+02 -6.270775383109999979e+01 1.833916135480000094e+02
6.500000000000000222e-01 9.135316037369999322e+03 1.531589989640000113e+03 2.015871026440000060e+04 1.972847060160000012e+02 -6.234783234260000029e+01 1.825082135419999929e+02
6.500000000000000222e-01 9.026776705399999628e+03 1.574904256080000096e+03 2.026057940790000066e+04 1.975087719100000072e+02 -6.240898460649999890e+01 1.839518495689999895e+02
6.500000000000000222e-01 9.247794683910000458e+03 1.565603470560000005e+03 2.016382168950000050e+04 1.966238919390000035e+02 -6.225635022099999816e+01 1.836731918119999989e+02
6.500000000000000222e-01 9.351720306720000735e+03 1.772126736010000059e+03 2.026217345170000044e+04 1.969062099749999959e+02 -6.289344934630000239e+01 1.832872386679999863e+02
6.500000000000000222e-01 9.357057192669999495e+03 1.743545101870000053e+03 2.024204761339999823e+04 1.967255977050000126e+02 -6.281048443499999934e+01 1.838122311619999891e+02
6.500000000000000222e-01 9.074276405630000227e+03 1.597851481760000070e+03 2.008560733310000069e+04 1.976205837599999882e+02 -6.274392768149999711e+01 1.827105752079999945e+02
6.500000000000000222e-01 9.092550474690000556e+03 1.783228931000000102e+03 2.041903397259999838e+04 1.977732478949999972e+02 -6.302949089890000067e+01 1.838620934019999993e+02
6.500000000000000222e-01 9.075255874009999388e+03 1.843748064890000023e+03 2.008090001929999926e+04 1.965666270709999992e+02 -6.244368747130000230e+01 1.836566356159999884e+02
6.500000000000000222e-01 9.283201326559999870e+03 1.599108531099999936e+03 2.011987779040000169e+04 1.967682719000000020e+02 -6.258007936330000121e+01 1.828762467120000110e+02
6.500000000000000222e-01 9.240165308960000402e+03 1.540553942909999932e+03 2.023162859509999907e+04 1.969784304810000037e+02 -6.238150850819999960e+01 1.824487635730000079e+02
6.500000000000000222e-01 9.156455417720000696e+03 1.856891573150000113e+03 2.007153621209999983e+04 1.966900544060000016e+02 -6.229959594959999691e+01 1.836642400149999901e+02
6.500000000000000222e-01 9.320359711529999913e+03 1.606133006250000108e+03 2.027627432770000087e+04 1.970908488450000107e+02 -6.265388696189999962e+01 1.830984109339999861e+02
6.500000000000000222e-01 9.065242019780000192e+03 1.856086745759999985e+03 2.033988830109999981e+04 1.979278791259999934e+02 -6.360749482589999815e+01 1.841342280759999994e+02
6.500000000000000222e-01 9.286212707970000338e+03 1.616165895460000002e+03 2.033687166010000146e+04 1.970351128659999915e+02 -6.243263773820000040e+01 1.831252840930000048e+02
6.500000000000000222e-01 9.290369344830000045e+03 1.804702977559999908e+03 2.010480239309999888e+04 1.970053846039999996e+02 -6.263680315429999723e+01 1.839913984439999979e+02
6.500000000000000222e-01 9.110030652240000563e+03 1.687961603929999910e+03 2.002772188610000012e+04 1.962663027570000054e+02 -6.325159066860000223e+01 1.831612730209999995e+02
6.500000000000000222e-01 9.132132120579999537e+03 1.688932051889999912e+03 2.002456098090000160e+04 1.965297917450000114e+02 -6.317981097210000030e+01 1.831090994420000015e+02
6.500000000000000222e-01 8.977064111739999134e+03 1.667498071429999982e+03 2.029523475170000165e+04 1.973343612150000013e+02 -6.262835630170000201e+01 1.826644229769999868e+02
6.500000000000000222e-01 9.180966517040000326e+03 1.908367242179999948e+03 2.032234047819999978e+04 1.968726533740000093e+02 -6.287419495200000341e+01 1.836948925910000128e+02
6.500000000000000222e-01 9.084911359179999636e+03 1.875712339570000040e+03 2.032171701329999996e+04 1.976488365829999907e+02 -6.321310835189999722e+01 1.829702645749999874e+02
6.500000000000000222e-01 9.271105364819999522e+03 1.566862635429999955e+03 2.027762010050000026e+04 1.970182012200000088e+02 -6.247363665379999986e+01 1.826743056560000014e+02
6.500000000000000222e-01 9.320627681690000827e+03 1.825363061069999958e+03 2.017646797739999965e+04 1.968576994560000060e+02 -6.322326724500000239e+01 1.834899426769999877e+02
6.500000000000000222e-01 9.160508561419999751e+03 1.808523776300000009e+03 2.042276773120000144e+04 1.972603792230000010e+02 -6.197568553469999841e+01 1.834236021270000094e+02
6.500000000000000222e-01 9.304521473259999766e+03 1.606963011009999946e+03 2.029256090499999846e+04 1.966768940180000129e+02 -6.223873844380000264e+01 1.838494075940000130e+02
6.500000000000000222e-01 8.958110747939999783e+03 1.718679069399999889e+03 2.023716323740000007e+04 1.974595139809999864e+02 -6.281716658679999910e+01 1.821494034739999961e+02
6.500000000000000222e-01 9.213188697949999550e+03 1.900672576330000084e+03 2.032163645330000145e+04 1.968487972050000110e+02 -6.274289886639999736e+01 1.834970990180000001e+02
6.500000000000000222e-01 9.344797260539999115e+03 1.752565670189999992e+03 2.030375134450000041e+04 1.966776253189999863e+02 -6.278828069450000271e+01 1.841467775280000012e+02
1.390000000000000000e+04 -1.262998843449999913e+04 4.742299584440000217e+03 8.304974975940000149e+03 -2.194498319180000010e+02 1.962911008730000049e+02 -3.500159786639999879e+02
6.500000000000000222e-01 -1.259065140860000065e+04 4.726866997680000168e+03 8.439852854410000873e+03 -2.204104954649999968e+02 1.966541001029999904e+02 -3.498721411779999926e+02
6.500000000000000222e-01 -1.265928364890000012e+04 4.776506473790000200e+03 8.169070409719999589e+03 -2.194611472610000078e+02 1.965644463490000078e+02 -3.498334125480000125e+02
6.500000000000000222e-01 -1.266744654289999926e+04 4.758735940399999890e+03 8.446481128499999613e+03 -2.192800857590000021e+02 1.960796058960000039e+02 -3.495830665130000057e+02
6.500000000000000222e-01 -1.255582307509999919e+04 4.647791979319999882e+03 8.232564323889999287e+03 -2.195141129929999977e+02 1.968153967480000119e+02 -3.507930633859999716e+02
6.500000000000000222e-01 -1.255223462429999927e+04 4.639935231669999666e+03 8.255459111460000713e+03 -2.193982159999999908e+02 1.966224232790000030e+02 -3.500672173379999776e+02
6.500000000000000222e-01 -1.270412115380000068e+04 4.720372135759999765e+03 8.430764047720000235e+03 -2.200064963510000098e+02 1.965349793510000040e+02 -3.498634975520000125e+02
6.500000000000000222e-01 -1.269164734150000004e+04 4.708908270850000008e+03 8.184076741410000068e+03 -2.185471361189999868e+02 1.964453786370000046e+02 -3.501731588069999930e+02
6.500000000000000222e-01 -1.253941945149999992e+04 4.735815057769999839e+03 8.187758125119999931e+03 -2.196692427129999885e+02 1.961888834570000029e+02 -3.508097050050000121e+02
6.500000000000000222e-01 -1.254570155779999914e+04 4.660656664070000261e+03 8.367190465679999761e+03 -2.197990656309999906e+02 1.966794802990000051e+02 -3.504950124210000126e+02
6.500000000000000222e-01 -1.267105486630000087e+04 4.620526634419999937e+03 8.261115181459999803e+03 -2.193386765879999984e+02 1.969273695990000022e+02 -3.501699470600000268e+02
6.500000000000000222e-01 -1.259926765420000083e+04 4.652436047189999954e+03 8.400566203279999172e+03 -2.200244521369999973e+02 1.971367312719999916e+02 -3.498112315689999718e+02
6.500000000000000222e-01 -1.250913519839999935e+04 4.670168753549999565e+03 8.289464914750000389e+03 -2.195011533230000111e+02 1.964431994800000041e+02 -3.510862979670000072e+02
6.500000000000000222e-01 -1.259402344610000000e+04 4.619529566029999842e+03 8.342258681130000696e+03 -2.196826043410000011e+02 1.968424606899999958e+02 -3.503877762089999806e+02
6.500000000000000222e-01 -1.260061264289999963e+04 4.648834034939999583e+03 8.411659783279999829e+03 -2.194139807020000035e+02 1.961423452450000013e+02 -3.503208813480000003e+02
6.500000000000000222e-01 -1.267969027749999987e+04 4.793490644569999859e+03 8.182187912379999943e+03 -2.188354802149999898e+02 1.958258679250000114e+02 -3.501977451270000188e+02
6.500000000000000222e-01 -1.249397402829999919e+04 4.772161058689999663e+03 8.276903094679999413e+03 -2.196083339250000108e+02 1.960674739060000036e+02 -3.510384571000000165e+02
6.500000000000000222e-01 -1.266296231660000012e+04 4.872554326540000147e+03 8.347111034240000663e+03 -2.196070566699999915e+02 1.958010350799999912e+02 -3.491792821320000257e+02
6.500000000000000222e-01 -1.252395385779999924e+04 4.769446478300000308e+03 8.388049558220000108e+03 -2.196499654069999963e+02 1.963134851970000057e+02 -3.505868638549999901e+02
6.500000000000000222e-01 -1.253227780979999989e+04 4.839902885710000191e+03 8.310747653770000397e+03 -2.196300642299999879e+02 1.958643764530000055e+02 -3.501548125830000231e+02
6.500000000000000222e-01 -1.260518257459999950e+04 4.871629492879999816e+03 8.352581766359999165e+03 -2.198051205589999881e+02 1.958028605099999879e+02 -3.494402645430000121e+02
6.500000000000000222e-01 -1.249645232129999931e+04 4.785736675430000105e+03 8.296065944390000368e+03 -2.195877383799999905e+02 1.960540027090000024e+02 -3.510109850000000051e+02
6.500000000000000222e-01 -1.270972636039999998e+04 4.655209692739999809e+03 8.385177404969999770e+03 -2.193647676610000019e+02 1.969598511279999968e+02 -3.492353279810000117e+02
6.500000000000000222e-01 -1.276017007129999911e+04 4.728839126519999809e+03 8.261661969900000258e+03 -2.191997381900000050e+02 1.963651250940000068e+02 -3.494804680569999960e+02
6.500000000000000222e-01 -1.264785086210000009e+04 4.878558912149999742e+03 8.301468783020000046e+03 -2.194684517670000048e+02 1.958601432220000049e+02 -3.492975828520000050e+02
6.500000000000000222e-01 -1.258762383790000058e+04 4.749408196020000105e+03 8.440142506820000563e+03 -2.201872952569999882e+02 1.962547157040000059e+02 -3.499603807579999852e+02
6.500000000000000222e-01 -1.267726048599999922e+04 4.615705034909999995e+03 8.285982544549999147e+03 -2.193591702909999981e+02 1.967947832430000119e+02 -3.496848912560000144e+02
6.500000000000000222e-01 -1.256590949390000060e+04 4.836681064890000016e+03 8.219258507729999110e+03 -2.195915798890000019e+02 1.956629630550000059e+02 -3.507113368089999881e+02
6.500000000000000222e-01 -1.265618482030000087e+04 4.610422132470000179e+03 8.348862770609999643e+03 -2.192868445720000068e+02 1.965628488440000012e+02 -3.501196960730000001e+02
6.500000000000000222e-01 -1.250747673270000087e+04 4.706989316119999785e+03 8.357738481989999855e+03 -2.194904717619999985e+02 1.963159798019999869e+02 -3.509141592039999864e+02
6.500000000000000222e-01 -1.273635644850000062e+04 4.656322534249999990e+03 8.284782852329999514e+03 -2.192773926289999906e+02 1.967137287099999980e+02 -3.497570511430000124e+02
6.500000000000000222e-01 -1.270317037270000037e+04 4.830637081279999620e+03 8.394836265320000166e+03 -2.194959579130000122e+02 1.958560953919999861e+02 -3.491347659670000212e+02
6.500000000000000222e-01 -1.257184434519999922e+04 4.787172030300000188e+03 8.178221048260000316e+03 -2.186747280959999955e+02 1.963482669820000126e+02 -3.499453558850000263e+02
6.500000000000000222e-01 -1.254793023779999930e+04 4.637860017740000330e+03 8.347639588669999284e+03 -2.194271401789999913e+02 1.963883329280000112e+02 -3.508933369950000269e+02
6.500000000000000222e-01 -1.251547633429999951e+04 4.820947285860000193e+03 8.285092197269999815e+03 -2.196061660530000097e+02 1.959193004219999921e+02 -3.509445091740000180e+02
6.500000000000000222e-01 -1.256489701210000021e+04 4.860419753610000043e+03 8.272990499719999207e+03 -2.195152964049999866e+02 1.957048781880000092e+02 -3.506450230579999925e+02
6.500000000000000222e-01 -1.272854702270000053e+04 4.656553676980000091e+03 8.360108858820000023e+03 -2.192696403090000103e+02 1.967738630130000104e+02 -3.491601944910000270e+02
6.500000000000000222e-01 -1.272993398130000060e+04 4.839955760369999552e+03 8.331005744219999542e+03 -2.196173381110000093e+02 1.961665241489999971e+02 -3.502515922449999834e+02
6.500000000000000222e-01 -1.254690932369999973e+04 4.638737792629999603e+03 8.354803405570000905e+03 -2.195547572680000030e+02 1.965806340880000107e+02 -3.500056783100000075e+02
6.500000000000000222e-01 -1.251391822329999923e+04 4.797217910029999985e+03 8.356461627680000674e+03 -2.199427347470000029e+02 1.959870324180000125e+02 -3.497044433699999786e+02
6.500000000000000222e-01 -1.270201566470000034e+04 4.705450068690000080e+03 8.427938353819999975e+03 -2.202321504600000139e+02 1.963523109669999940e+02 -3.500538783669999816e+02
3.690000000000000000e+05 -7.744780146959999456e+02 3.748082068760000141e+01 5.235060557169999811e+02 -2.088580627270000036e+02 -1.429615909139999985e+02 1.185807692390000057e+02
6.500000000000000222e-01 -8.264895249420000027e+02 -3.195112163559999985e+01 5.468239080150000291e+02 -1.927656958970000005e+02 -1.507664821980000056e+02 1.107039572949999950e+02
6.500000000000000222e-01 -9.492698197480000317e+02 -9.997178041899999812e+01 5.621803761889999578e+02 -1.977845361420000074e+02 -1.413221351759999891e+02 8.441461983070000485e+01
6.500000000000000222e-01 -8.268295212149999998e+02 2.225500979370000110e+01 4.981900787270000137e+02 -2.143948421819999908e+02 -1.404605380819999993e+02 1.001444876169999958e+02
6.500000000000000222e-01 -5.701455136060000086e+02 1.902666928110000129e+02 4.264201375399999847e+02 -2.222802597209999931e+02 -1.427919518369999992e+02 1.533764529350000032e+02
6.500000000000000222e-01 -7.509434084099999609e+02 5.933034324340000154e+01 4.849318359640000153e+02 -2.217019363940000005e+02 -1.493205552780000005e+02 1.141679004530000014e+02
6.500000000000000222e-01 -8.625225648529999489e+02 -7.989503969979999454e+01 5.319356498600000123e+02 -2.044048941110000044e+02 -1.502927520629999947e+02 8.321675457530000131e+01
6.500000000000000222e-01 -7.604150969099999884e+02 9.145653487660000280e+01 5.283805755969999609e+02 -2.192380809489999933e+02 -1.328957089349999876e+02 1.281600331349999919e+02
6.500000000000000222e-01 -9.057578633330000457e+02 -1.861388822700000034e+01 5.723930333690000225e+02 -2.056488426230000073e+02 -1.331770037940000009e+02 8.969636474329999487e+01
6.500000000000000222e-01 -8.807973422589999473e+02 -3.836803039059999776e+01 5.472333477549999543e+02 -2.093989462959999912e+02 -1.330156065900000044e+02 9.405235545060000391e+01
6.500000000000000222e-01 -7.680707303689999890e+02 1.175842627509999971e+01 4.911287802749999969e+02 -2.192777840249999883e+02 -1.506994084680000014e+02 1.129416255630000023e+02
6.500000000000000222e-01 -6.297668886909999628e+02 1.643877111509999907e+02 4.182374220109999783e+02 -2.226134545310000021e+02 -1.389895740960000126e+02 1.546492640950000066e+02
6.500000000000000222e-01 -7.883789159079999536e+02 5.926072519750000112e+01 5.302720165780000343e+02 -2.130509955939999998e+02 -1.302906158520000020e+02 1.084207128620000020e+02
6.500000000000000222e-01 -7.284721827240000493e+02 1.019062977319999987e+02 4.955591583639999840e+02 -2.208495893410000122e+02 -1.328191430450000041e+02 1.323810542170000133e+02
6.500000000000000222e-01 -7.185874054580000347e+02 6.002500636669999778e+01 5.263312057980000418e+02 -2.136607677789999968e+02 -1.334710435890000042e+02 1.362606620869999858e+02
6.500000000000000222e-01 -9.324718724550000388e+02 -9.650690361540000595e+01 5.721383662550000508e+02 -1.944111718519999954e+02 -1.431211641440000051e+02 8.603426937739999403e+01
6.500000000000000222e-01 -7.144783035369999880e+02 1.054033069879999971e+02 4.944156894139999849e+02 -2.251272188700000072e+02 -1.348093021619999945e+02 1.252936624390000020e+02
6.500000000000000222e-01 -6.483397630760000538e+02 1.718810610289999943e+02 4.500480783439999755e+02 -2.144389541399999928e+02 -1.363546128170000031e+02 1.593631771919999949e+02
6.500000000000000222e-01 -8.017674856539999837e+02 3.299929244399999817e+01 4.871950350280000066e+02 -2.128449632720000011e+02 -1.363552028310000139e+02 1.036912643459999970e+02
6.500000000000000222e-01 -8.611790569859999778e+02 -1.496842289139999949e+01 5.819952670950000311e+02 -1.980921593820000055e+02 -1.347583145320000142e+02 1.083157163380000014e+02
6.500000000000000222e-01 -7.959842220909999924e+02 -4.082992690319999696e+01 5.255321192659999952e+02 -2.004118076279999912e+02 -1.526283175229999927e+02 1.021800045669999975e+02
6.500000000000000222e-01 -8.728047240160000229e+02 8.198490899090000283e+00 5.368550189930000442e+02 -2.140297060009999939e+02 -1.342507218480000120e+02 9.041151864229999546e+01
6.500000000000000222e-01 -6.627601334229999566e+02 9.709770161369999641e+01 4.980995718940000074e+02 -2.051990775810000116e+02 -1.421533239020000110e+02 1.477278412610000089e+02
6.500000000000000222e-01 -9.224446966460000112e+02 -7.713125631650000003e+01 5.593478583679999474e+02 -1.953513386230000037e+02 -1.466069837359999894e+02 8.815040761029999317e+01
6.500000000000000222e-01 -6.106047527319999517e+02 1.793651266210000017e+02 4.273947843189999958e+02 -2.160385108700000103e+02 -1.451442675819999977e+02 1.575978263769999899e+02
6.500000000000000222e-01 -7.744889008840000315e+02 3.614108456030000127e+01 5.639987905609999643e+02 -1.980192398780000076e+02 -1.354617280969999911e+02 1.244102112810000023e+02
6.500000000000000222e-01 -7.150414178129999527e+02 6.340896802649999842e+01 5.278383811160000505e+02 -2.100435903579999888e+02 -1.351425432030000024e+02 1.395662165329999880e+02
6.500000000000000222e-01 -7.613446760890000178e+02 5.974598298250000283e+01 5.544310345909999569e+02 -2.131355759180000007e+02 -1.367590416019999964e+02 1.363646858619999875e+02
6.500000000000000222e-01 -6.264689698470000394e+02 1.683440539030000025e+02 4.168781512929999735e+02 -2.221486784090000128e+02 -1.385565383709999878e+02 1.565456337210000015e+02
6.500000000000000222e-01 -9.001428744969999798e+02 2.489403214949999832e+00 5.315893240760000253e+02 -2.101604241510000008e+02 -1.399925373940000100e+02 8.631694072279999830e+01
6.500000000000000222e-01 -8.166823000990000310e+02 4.510809704839999768e+01 5.526587866060000351e+02 -2.104734060659999955e+02 -1.303156270309999911e+02 1.094996267300000028e+02
6.500000000000000222e-01 -7.765353851610000220e+02 6.797644616060000544e+01 5.376576671340000075e+02 -2.016045502409999983e+02 -1.317997911509999938e+02 1.268217475440000044e+02
6.500000000000000222e-01 -6.451999072029999525e+02 1.792399188359999869e+02 4.374423608569999828e+02 -2.138028190169999903e+02 -1.354710900729999992e+02 1.640863280549999956e+02
6.500000000000000222e-01 -6.708104199269999981e+02 1.276008251150000063e+02 4.627173607319999746e+02 -2.268655750640000122e+02 -1.421814717720000090e+02 1.286139232779999872e+02
6.500000000000000222e-01 -6.201608020439999791e+02 1.625641443860000095e+02 4.242872480070000165e+02 -2.129025168119999876e+02 -1.439895635739999875e+02 1.635420426100000100e+02
6.500000000000000222e-01 -8.726978548810000120e+02 1.037233629810000046e+01 5.593268510929999593e+02 -2.110316893270000094e+02 -1.317623941079999952e+02 9.432795301919999531e+01
6.500000000000000222e-01 -7.659910414490000221e+02 1.519907874419999949e+01 5.418310218609999538e+02 -1.952614762970000015e+02 -1.504031828429999962e+02 1.121767342109999959e+02
6.500000000000000222e-01 -8.817862068120000458e+02 -8.031641540069999508e+01 5.243480002109999987e+02 -2.077718111430000079e+02 -1.462461340060000055e+02 8.576187123239999721e+01
6.500000000000000222e-01 -5.904462949129999743e+02 1.600162688240000080e+02 4.406276010270000256e+02 -2.195365528380000057e+02 -1.390331992000000128e+02 1.557370943900000100e+02
6.500000000000000222e-01 -8.708151531029999433e+02 -4.036510193440000194e+01 5.231796351780000123e+02 -2.086528012210000043e+02 -1.436550496000000123e+02 8.242537266029999898e+01
6.500000000000000222e-01 -9.563404694629999767e+02 -9.896599208419999627e+01 5.600465280260000327e+02 -1.983694083809999995e+02 -1.413728115989999878e+02 8.502331280859999652e+01
