3.450000000000000000e+05 3.557136260140000104e+03 -4.948144651829999930e+03 -7.029270540620000247e+03 -1.195270717410000003e+02 3.052787507609999906e+01 -4.103541193449999724e+01
6.500000000000000222e-01 3.470896843779999926e+03 -4.860250212199999623e+03 -6.768228998200000206e+03 -1.197958056389999939e+02 3.104560948139999965e+01 -4.021485269120000083e+01
6.500000000000000222e-01 3.382802572919999875e+03 -5.068141839629999595e+03 -7.215128456790000200e+03 -1.192616544729999930e+02 3.052040616409999885e+01 -4.024126119889999842e+01
6.500000000000000222e-01 3.747082348139999795e+03 -4.875010927799999990e+03 -6.836323799560000225e+03 -1.195851244259999930e+02 3.094788923229999966e+01 -4.244658668289999781e+01
6.500000000000000222e-01 3.537609712490000220e+03 -5.056417957689999639e+03 -7.298274355679999644e+03 -1.188430896280000013e+02 2.760762906040000075e+01 -4.097807149220000156e+01
6.500000000000000222e-01 3.669164095869999983e+03 -5.148054238429999714e+03 -7.191790610639999613e+03 -1.196036216119999978e+02 3.064571719219999935e+01 -4.155975847220000219e+01
6.500000000000000222e-01 3.655443314409999857e+03 -4.724833076459999575e+03 -7.162751776179999979e+03 -1.204585852959999954e+02 2.839622411130000046e+01 -4.268042992230000010e+01
6.500000000000000222e-01 3.332608084569999846e+03 -4.843402681749999829e+03 -7.160538697889999639e+03 -1.179858446310000062e+02 3.008286777720000060e+01 -4.157791733940000256e+01
6.500000000000000222e-01 3.720746035969999866e+03 -4.768780130410000311e+03 -7.163772439440000198e+03 -1.200330152679999998e+02 2.810605285429999967e+01 -4.236805502819999703e+01
6.500000000000000222e-01 3.333752304250000179e+03 -4.876560167790000378e+03 -6.852610039909999614e+03 -1.192323510309999932e+02 3.166033045769999887e+01 -3.922486090780000012e+01
6.500000000000000222e-01 3.288016733680000016e+03 -4.967408163779999995e+03 -6.945987741859999915e+03 -1.181877921009999994e+02 3.147264140920000131e+01 -3.799946019069999892e+01
6.500000000000000222e-01 3.382738981840000179e+03 -5.088881704530000206e+03 -7.199511406200000238e+03 -1.193628761389999937e+02 2.999585423610000134e+01 -3.964590528109999923e+01
6.500000000000000222e-01 3.637482123939999838e+03 -4.969870196910000232e+03 -6.761546979159999864e+03 -1.216719185240000058e+02 3.197278356099999996e+01 -4.090592010409999801e+01
6.500000000000000222e-01 3.495929130649999934e+03 -4.793211660060000213e+03 -7.261717901310000343e+03 -1.195455261780000029e+02 2.948496001559999868e+01 -4.103002281010000019e+01
6.500000000000000222e-01 3.409604063690000203e+03 -4.891370446410000113e+03 -7.258904596409999613e+03 -1.166841492369999997e+02 2.912345381349999940e+01 -4.200241952559999703e+01
6.500000000000000222e-01 3.706964508250000108e+03 -4.907380153140000402e+03 -6.797949061540000002e+03 -1.211299091719999979e+02 3.126240479919999871e+01 -4.126866344750000337e+01
6.500000000000000222e-01 3.433296075560000190e+03 -5.163111910089999583e+03 -7.164464249769999697e+03 -1.176525930539999933e+02 3.161395125459999988e+01 -4.371350767709999730e+01
6.500000000000000222e-01 3.338928001750000021e+03 -5.017901409860000058e+03 -7.186875422510000135e+03 -1.192851075389999949e+02 3.002224987510000176e+01 -3.905022375059999717e+01
6.500000000000000222e-01 3.564920641449999948e+03 -5.049302295849999609e+03 -6.770617060990000027e+03 -1.210107449839999987e+02 3.404380777429999938e+01 -4.047564260499999733e+01
6.500000000000000222e-01 3.450225035179999850e+03 -5.020150775109999813e+03 -6.774757006779999756e+03 -1.180765955349999956e+02 3.267794181899999728e+01 -3.968974224160000119e+01
6.500000000000000222e-01 3.604415950359999897e+03 -4.863647315170000184e+03 -7.293681773930000418e+03 -1.186267657589999942e+02 2.749730238080000078e+01 -4.150479217430000034e+01
6.500000000000000222e-01 3.357159995070000150e+03 -4.778393192870000348e+03 -7.141310393370000384e+03 -1.195859505450000029e+02 3.075308878819999947e+01 -3.889311185439999718e+01
6.500000000000000222e-01 3.406210705179999877e+03 -4.758692712979999669e+03 -7.170502354139999625e+03 -1.184562980040000042e+02 2.911328928509999869e+01 -4.187248564669999951e+01
6.500000000000000222e-01 3.678352553799999896e+03 -4.779721220280000125e+03 -6.835724551330000395e+03 -1.221981041640000001e+02 2.985846055300000046e+01 -3.899158164389999826e+01
6.500000000000000222e-01 3.784042525379999915e+03 -4.967557362780000403e+03 -6.871435164020000229e+03 -1.212103545660000066e+02 3.066436848809999915e+01 -4.115623071590000137e+01
6.500000000000000222e-01 3.774871266369999830e+03 -4.939714584389999800e+03 -6.858459537259999706e+03 -1.205563490579999950e+02 3.070708879249999868e+01 -4.206608419460000192e+01
6.500000000000000222e-01 3.533261626550000074e+03 -5.170034506779999901e+03 -6.858591636920000383e+03 -1.188571110089999934e+02 3.257485810450000230e+01 -4.001691405500000087e+01
6.500000000000000222e-01 3.430938497229999939e+03 -4.794264674099999866e+03 -7.232712683710000420e+03 -1.200360576430000066e+02 3.101122593919999915e+01 -3.934306506930000324e+01
6.500000000000000222e-01 3.365355589539999983e+03 -5.135820356610000090e+03 -7.103583292729999812e+03 -1.188163015620000067e+02 3.084576685089999870e+01 -3.928235614319999769e+01
6.500000000000000222e-01 3.450698071530000107e+03 -4.698933781720000297e+03 -7.124946085759999733e+03 -1.199501839299999943e+02 3.013998587700000087e+01 -4.008585419919999993e+01
6.500000000000000222e-01 3.428615697870000076e+03 -5.093482063759999619e+03 -6.824991905589999988e+03 -1.204270329590000017e+02 3.062698423819999860e+01 -4.242833573029999883e+01
6.500000000000000222e-01 3.743329166689999965e+03 -4.782427414189999581e+03 -6.905300553500000206e+03 -1.204803326830000003e+02 2.942336357820000003e+01 -4.073715170789999718e+01
6.500000000000000222e-01 3.324908823820000180e+03 -5.035727844650000407e+03 -6.894075929270000415e+03 -1.200385031840000067e+02 3.139814962910000062e+01 -4.242023770640000180e+01
6.500000000000000222e-01 3.281250503440000102e+03 -4.985282749990000411e+03 -7.039984186100000443e+03 -1.185758759240000018e+02 3.107180419759999879e+01 -3.808533657430000119e+01
6.500000000000000222e-01 3.620770955309999863e+03 -4.899910295470000165e+03 -7.304252954829999908e+03 -1.204667033190000041e+02 2.863787384229999944e+01 -4.185761083260000248e+01
6.500000000000000222e-01 3.444134195690000070e+03 -4.689625545689999853e+03 -6.993421087869999610e+03 -1.196561096920000011e+02 2.994779065730000056e+01 -3.766804145940000126e+01
6.500000000000000222e-01 3.551120667310000044e+03 -4.669007859010000175e+03 -7.073249565950000033e+03 -1.203338851729999988e+02 2.984818997249999839e+01 -3.988945666869999940e+01
6.500000000000000222e-01 3.590731250450000061e+03 -4.823013592790000075e+03 -7.272679698760000065e+03 -1.181888902999999971e+02 2.762652186200000060e+01 -4.114182381770000063e+01
6.500000000000000222e-01 3.630909143299999869e+03 -4.838078048399999716e+03 -6.776808902359999593e+03 -1.205073847809999990e+02 2.961783600000000050e+01 -4.015277539889999758e+01
6.500000000000000222e-01 3.424810236060000079e+03 -5.066637390269999742e+03 -6.811016931209999711e+03 -1.198666937469999993e+02 3.330424892439999951e+01 -4.042575507890000353e+01
6.500000000000000222e-01 3.628211584239999866e+03 -4.768314818210000340e+03 -6.817802612999999837e+03 -1.199952460810000048e+02 3.206235257819999873e+01 -4.172546827419999715e+01
9.810000000000000000e+05 8.284434080710000126e+04 -1.720697834469999918e+02 3.497868481340000289e+04 -1.007298555660000083e+01 2.647916819820000001e+01 -5.288934866849999850e+01
6.500000000000000222e-01 8.338169275149999885e+04 -1.583717708890000040e+03 3.691823797740000009e+04 -9.300886397359999336e+00 2.559017025660000044e+01 -5.325227683629999831e+01
6.500000000000000222e-01 8.442628239409999514e+04 1.133505027520000112e+03 3.363254317930000252e+04 -1.038413352110000076e+01 2.585111148720000074e+01 -5.379219438829999689e+01
6.500000000000000222e-01 8.354466137139999773e+04 -1.708078085110000075e+03 3.675934304880000127e+04 -1.035825399269999991e+01 2.737216328259999898e+01 -5.200385741099999848e+01
6.500000000000000222e-01 8.042885961430000316e+04 -3.351667488549999803e+02 3.457566462239999964e+04 -1.022199803450000033e+01 2.649846786579999858e+01 -5.273252358919999949e+01
6.500000000000000222e-01 8.453974967540000216e+04 1.418987195919999976e+03 3.419593900990000111e+04 -9.845243409020000058e+00 2.678710492589999959e+01 -5.165491509940000014e+01
6.500000000000000222e-01 8.175622015389999433e+04 2.024049163659999977e+03 3.506619220440000208e+04 -1.006977431349999996e+01 2.636087947120000052e+01 -5.330741503649999657e+01
6.500000000000000222e-01 8.232269120450000628e+04 4.303770223629999805e+02 3.729826222140000027e+04 -9.155197565099999935e+00 2.547337688680000056e+01 -5.254206833770000173e+01
6.500000000000000222e-01 8.281694946839999466e+04 2.280579595210000207e+03 3.496033978249999927e+04 -1.006558511279999912e+01 2.637268069819999994e+01 -5.330111398599999717e+01
6.500000000000000222e-01 8.264207992610000656e+04 7.231171732080000538e+02 3.270200604920000114e+04 -1.023174288150000066e+01 2.581115793969999928e+01 -5.321592592300000035e+01
6.500000000000000222e-01 8.176191288950000308e+04 -1.901695824960000039e+02 3.277670089230000303e+04 -9.979495446099999612e+00 2.649268497350000118e+01 -5.296788244849999927e+01
6.500000000000000222e-01 8.460167625740000221e+04 -1.312985592929999939e+03 3.370929369690000021e+04 -9.951141657140000873e+00 2.654549363419999963e+01 -5.211489872319999961e+01
6.500000000000000222e-01 8.226289310080000723e+04 -1.332478840979999859e+02 3.736151344750000135e+04 -9.971712831950000577e+00 2.649333954729999974e+01 -5.295221182979999952e+01
6.500000000000000222e-01 8.186814809129999776e+04 -2.022712441279999894e+03 3.626310873670000001e+04 -9.522442874159999349e+00 2.608560978979999945e+01 -5.286621500409999896e+01
6.500000000000000222e-01 8.252457540669999435e+04 -2.515726040479999938e+03 3.431991973719999805e+04 -9.824892458529999928e+00 2.656025583090000097e+01 -5.373337204740000317e+01
6.500000000000000222e-01 8.120985013010000694e+04 -1.992041646700000001e+03 3.516686706899999990e+04 -1.003058226319999946e+01 2.657585014569999871e+01 -5.184318783110000339e+01
6.500000000000000222e-01 8.401113452609999513e+04 -2.138680075780000152e+03 3.410518921450000198e+04 -1.031274748929999951e+01 2.674635670500000018e+01 -5.235371631539999981e+01
6.500000000000000222e-01 8.518058196530000714e+04 4.388486466649999898e+02 3.541838941909999994e+04 -9.827733635250000432e+00 2.642872022550000111e+01 -5.339606406280000073e+01
6.500000000000000222e-01 8.528422304510000686e+04 8.308108434810000631e+01 3.504072244399999909e+04 -9.998299558450000291e+00 2.647166768640000001e+01 -5.262356124149999914e+01
6.500000000000000222e-01 8.171211708989999897e+04 -1.646832430760000079e+03 3.337658703760000208e+04 -9.495237987359999465e+00 2.630787429240000108e+01 -5.324300492519999750e+01
6.500000000000000222e-01 8.194329128980000678e+04 6.054858576860000312e+02 3.712612196029999905e+04 -9.746851146439999170e+00 2.623949488490000093e+01 -5.255793709959999660e+01
6.500000000000000222e-01 8.199244323049999366e+04 1.147901343609999913e+03 3.309083202699999674e+04 -1.089761135510000045e+01 2.743067026099999950e+01 -5.212456200169999931e+01
6.500000000000000222e-01 8.438560408049999387e+04 -1.668353412230000004e+03 3.378413059619999694e+04 -9.973231206350000377e+00 2.644711830219999982e+01 -5.342508768729999957e+01
6.500000000000000222e-01 8.384460743439999351e+04 -2.397030924300000152e+03 3.523464939739999681e+04 -9.994594192550000145e+00 2.645942960700000057e+01 -5.414467178910000200e+01
6.500000000000000222e-01 8.291308367399999406e+04 1.265984574159999966e+03 3.298950841450000007e+04 -1.046170340419999967e+01 2.764569338340000115e+01 -5.222466134630000312e+01
6.500000000000000222e-01 8.476552683580000303e+04 -1.560080979909999996e+03 3.562418611200000305e+04 -9.671278477879999613e+00 2.625538122300000055e+01 -5.351706046679999673e+01
6.500000000000000222e-01 8.157292173000000184e+04 1.597012975200000028e+03 3.609802755009999964e+04 -9.543947191550000042e+00 2.576508334940000111e+01 -5.202511306369999744e+01
6.500000000000000222e-01 8.438794754459999967e+04 -1.496109021960000064e+03 3.634411011080000026e+04 -9.937817523630000593e+00 2.653713337339999967e+01 -5.355739286410000233e+01
6.500000000000000222e-01 8.440901924340000551e+04 7.453363304800000151e+02 3.332794507929999963e+04 -9.650477555929999340e+00 2.699924065789999972e+01 -5.202156008979999768e+01
6.500000000000000222e-01 8.246567740960000083e+04 -4.688810453820000248e+02 3.257297548409999945e+04 -1.106421647830000055e+01 2.594094835699999990e+01 -5.263452372119999723e+01
6.500000000000000222e-01 8.265801522760000080e+04 -4.754190697230000069e+02 3.255151853900000060e+04 -1.064598852029999954e+01 2.603473975460000034e+01 -5.273026935690000272e+01
6.500000000000000222e-01 8.067924804960000620e+04 -8.545402686480000511e+02 3.591153619839999737e+04 -1.050675342239999921e+01 2.653455489070000084e+01 -5.368439273050000082e+01
6.500000000000000222e-01 8.319631183930000407e+04 2.025415159820000099e+03 3.602088792220000323e+04 -1.052972622280000081e+01 2.684525256910000124e+01 -5.280898519539999825e+01
6.500000000000000222e-01 8.187320560509999632e+04 1.726273642220000056e+03 3.617995435659999930e+04 -9.835115007820000699e+00 2.633814436540000159e+01 -5.362404696459999798e+01
6.500000000000000222e-01 8.420518843579999520e+04 -2.064074273130000165e+03 3.573893192680000357e+04 -9.915205697239999338e+00 2.637829416670000171e+01 -5.399744897850000314e+01
6.500000000000000222e-01 8.481441874399999506e+04 1.138843062350000082e+03 3.432859735789999831e+04 -9.868983981730000465e+00 2.622523737290000057e+01 -5.293262555700000149e+01
6.500000000000000222e-01 8.287229686729999958e+04 6.367261256369999955e+02 3.729552040950000082e+04 -1.021122032060000073e+01 2.766837010089999893e+01 -5.327905726859999902e+01
6.500000000000000222e-01 8.468513872240000637e+04 -1.654287110519999942e+03 3.562656283049999911e+04 -1.026546216490000063e+01 2.679480434970000147e+01 -5.249670187510000119e+01
6.500000000000000222e-01 8.041756750770000508e+04 -2.122640146139999899e+02 3.534030967450000026e+04 -1.034534619549999945e+01 2.647803271849999973e+01 -5.427357364169999698e+01
6.500000000000000222e-01 8.358061955430000671e+04 1.902923092239999960e+03 3.606759016120000160e+04 -1.045794505299999955e+01 2.698714789630000155e+01 -5.311895336269999746e+01
6.500000000000000222e-01 8.516240596420000657e+04 1.853738016759999994e+02 3.569935642250000092e+04 -1.019148054699999939e+01 2.648921199060000120e+01 -5.228168659930000217e+01
4.560000000000000000e+04 6.982209152059999724e+03 2.394281459310000173e+03 1.814888370349999968e+04 2.039538384079999958e+02 -6.106325241919999769e+01 2.002522046729999943e+02
6.500000000000000222e-01 7.053326091939999969e+03 2.367720237600000019e+03 1.834064159609999842e+04 2.032169848800000125e+02 -6.059416492150000266e+01 2.008191094260000114e+02
6.500000000000000222e-01 6.939192230630000267e+03 2.438434698139999909e+03 1.795137467800000013e+04 2.031963119510000126e+02 -6.050850471479999726e+01 2.002739513040000077e+02
6.500000000000000222e-01 6.927083196579999822e+03 2.421626699989999906e+03 1.834529276309999841e+04 2.050137883390000013e+02 -6.146177903000000242e+01 2.007326038619999906e+02
6.500000000000000222e-01 7.089171069529999841e+03 2.251381546340000114e+03 1.805632914209999944e+04 2.033504833920000010e+02 -6.043121109340000174e+01 1.995363516769999990e+02
6.500000000000000222e-01 7.092626655789999859e+03 2.243035006969999813e+03 1.807866680249999990e+04 2.036029354480000109e+02 -6.075471155529999834e+01 2.006590414750000093e+02
6.500000000000000222e-01 6.885004567750000206e+03 2.360360620219999873e+03 1.832650424180000118e+04 2.038036350639999910e+02 -6.091950596830000109e+01 2.001684457259999874e+02
6.500000000000000222e-01 6.880147625710000284e+03 2.343869893160000174e+03 1.797687616169999819e+04 2.046219226489999983e+02 -6.094315865749999972e+01 1.995623498749999953e+02
6.500000000000000222e-01 7.114367219900000237e+03 2.385670131490000131e+03 1.799302693300000101e+04 2.029629496350000011e+02 -6.105062925459999690e+01 1.995459424519999914e+02
6.500000000000000222e-01 7.108678717529999631e+03 2.272421746290000101e+03 1.824523305930000060e+04 2.036887596450000046e+02 -6.066579328609999777e+01 2.001112596680000024e+02
6.500000000000000222e-01 6.921766008159999728e+03 2.211284188659999927e+03 1.808717855659999987e+04 2.037426936450000028e+02 -6.050152984319999661e+01 1.998309635560000004e+02
6.500000000000000222e-01 7.035276618040000358e+03 2.254393189389999861e+03 1.828282997640000031e+04 2.034879282279999870e+02 -6.008785898619999699e+01 2.008721087000000125e+02
6.500000000000000222e-01 7.156351578859999790e+03 2.288876222589999998e+03 1.814260463399999935e+04 2.037357840150000072e+02 -6.089794679909999786e+01 1.993709983050000005e+02
6.500000000000000222e-01 7.037684439839999868e+03 2.211380417570000191e+03 1.820732609070000035e+04 2.036761350490000098e+02 -6.058876059419999649e+01 2.000051478850000137e+02
6.500000000000000222e-01 7.024881575680000424e+03 2.263606891960000212e+03 1.830593088129999887e+04 2.045130398180000100e+02 -6.158963986869999729e+01 2.000576968009999916e+02
6.500000000000000222e-01 6.901222332139999708e+03 2.473412784810000176e+03 1.797520457399999941e+04 2.042827934880000100e+02 -6.159893230710000012e+01 1.995618173979999881e+02
6.500000000000000222e-01 7.179279533650000303e+03 2.439689152479999848e+03 1.812464249209999980e+04 2.036235135240000034e+02 -6.112402456539999918e+01 1.994658804359999920e+02
6.500000000000000222e-01 6.937079257239999606e+03 2.587450331919999826e+03 1.819778012870000020e+04 2.040760523600000056e+02 -6.147566694559999689e+01 2.012749848299999940e+02
6.500000000000000222e-01 7.137665304279999873e+03 2.432950476139999864e+03 1.827718766440000036e+04 2.041673796450000111e+02 -6.087139723939999669e+01 2.000222067939999988e+02
6.500000000000000222e-01 7.124593986589999986e+03 2.539496905559999959e+03 1.816053070790000129e+04 2.038238742940000066e+02 -6.129114576469999776e+01 2.005494266819999893e+02
6.500000000000000222e-01 7.022766219889999775e+03 2.586026648009999917e+03 1.820987712570000076e+04 2.038061700359999975e+02 -6.140503382989999892e+01 2.012221282819999999e+02
6.500000000000000222e-01 7.175547054280000339e+03 2.459364925660000154e+03 1.815176066640000136e+04 2.037814116989999889e+02 -6.111852823750000141e+01 1.994896526670000014e+02
6.500000000000000222e-01 6.867386606390000452e+03 2.261002453890000197e+03 1.825148654650000026e+04 2.044023260280000045e+02 -6.046224482649999743e+01 2.010635884120000014e+02
6.500000000000000222e-01 6.791781060420000358e+03 2.374031255639999927e+03 1.807791015479999987e+04 2.040806293370000049e+02 -6.112493627180000288e+01 2.002899307490000069e+02
6.500000000000000222e-01 6.956391181959999813e+03 2.594863790630000040e+03 1.813416385620000074e+04 2.040389021660000139e+02 -6.132223643430000237e+01 2.011472640490000003e+02
6.500000000000000222e-01 7.054455218649999551e+03 2.405622046450000198e+03 1.834242609810000067e+04 2.035927373750000129e+02 -6.112151084340000295e+01 2.006738951330000020e+02
6.500000000000000222e-01 6.913237867820000247e+03 2.206438797929999964e+03 1.811578339119999873e+04 2.038197582489999888e+02 -6.073436057800000043e+01 2.005443418140000063e+02
6.500000000000000222e-01 7.075340653440000096e+03 2.537382561729999907e+03 1.803712863579999976e+04 2.033999461569999880e+02 -6.158739050639999846e+01 1.994806645470000035e+02
6.500000000000000222e-01 6.943014091959999860e+03 2.202539171930000066e+03 1.821231563209999877e+04 2.043059400820000064e+02 -6.110493940669999802e+01 2.000372081010000045e+02
6.500000000000000222e-01 7.158970672749999721e+03 2.343610227659999964e+03 1.823819276090000130e+04 2.041791636519999997e+02 -6.101831676580000163e+01 1.996407916279999881e+02
6.500000000000000222e-01 6.827391655329999594e+03 2.265667510000000220e+03 1.811483822589999909e+04 2.040126856900000121e+02 -6.080208751039999981e+01 2.000693551349999950e+02
6.500000000000000222e-01 6.878358602219999739e+03 2.527210685359999843e+03 1.826498831499999869e+04 2.044701238540000077e+02 -6.159677459569999769e+01 2.011572845480000069e+02
6.500000000000000222e-01 7.053227023200000076e+03 2.456602835879999930e+03 1.796663366890000179e+04 2.044337375400000099e+02 -6.070469253320000291e+01 2.005575595889999931e+02
6.500000000000000222e-01 7.100206759769999735e+03 2.243979317480000191e+03 1.822272908109999844e+04 2.041365161980000096e+02 -6.115824154860000306e+01 1.994768606810000051e+02
6.500000000000000222e-01 7.148389950849999877e+03 2.511519156150000072e+03 1.813513789069999984e+04 2.037362362380000036e+02 -6.122996299249999907e+01 1.994546927320000123e+02
6.500000000000000222e-01 7.076053934300000037e+03 2.570943897019999895e+03 1.811330492740000045e+04 2.038499687240000071e+02 -6.148591320559999929e+01 1.995874275179999984e+02
6.500000000000000222e-01 6.838865461010000217e+03 2.265495114979999926e+03 1.821430421379999825e+04 2.044103735909999955e+02 -6.074413111079999794e+01 2.010519525359999875e+02
6.500000000000000222e-01 6.841594100440000148e+03 2.535793714460000047e+03 1.818941307460000098e+04 2.040170227810000085e+02 -6.109853282729999790e+01 1.992960643399999867e+02
6.500000000000000222e-01 7.103268972699999722e+03 2.242455740809999952e+03 1.822024685279999903e+04 2.039314632519999861e+02 -6.087167552599999709e+01 2.008335815709999963e+02
6.500000000000000222e-01 7.155673381249999693e+03 2.477033138679999865e+03 1.821955960649999906e+04 2.035222378139999933e+02 -6.123941779479999781e+01 2.013995905909999919e+02
6.500000000000000222e-01 6.891321753219999664e+03 2.341689749900000152e+03 1.832520349989999886e+04 2.034411624219999908e+02 -6.122961825830000038e+01 1.999155175369999995e+02
1.390000000000000000e+04 -1.019065646489999926e+04 2.617082485739999811e+03 1.194042724470000030e+04 -2.374618451009999944e+02 2.021375841139999920e+02 -3.325474838630000249e+02
6.500000000000000222e-01 -1.029690463730000010e+04 2.706544832309999947e+03 1.197545246980000047e+04 -2.376002243720000138e+02 2.021534892249999871e+02 -3.329493512550000105e+02
6.500000000000000222e-01 -1.025990204439999980e+04 2.596436080330000095e+03 1.206504913549999947e+04 -2.379392140159999940e+02 2.020393514179999954e+02 -3.326032883760000232e+02
6.500000000000000222e-01 -1.011194851899999958e+04 2.596814764000000196e+03 1.205774027159999969e+04 -2.377981996279999919e+02 2.021607209130000058e+02 -3.324601924699999813e+02
6.500000000000000222e-01 -1.010657743699999992e+04 2.655264518940000016e+03 1.182968580219999967e+04 -2.369006048370000030e+02 2.022339602430000127e+02 -3.323448909410000169e+02
6.500000000000000222e-01 -1.008414598929999920e+04 2.689974271290000161e+03 1.199862747900000068e+04 -2.378829819339999858e+02 2.019396576030000006e+02 -3.321040389330000266e+02
6.500000000000000222e-01 -1.023303915360000065e+04 2.706054442220000055e+03 1.204538426059999983e+04 -2.374383981960000085e+02 2.016523893730000054e+02 -3.319346186029999899e+02
6.500000000000000222e-01 -1.014060196279999946e+04 2.499537653729999874e+03 1.188229597090000061e+04 -2.374809752559999936e+02 2.022915116279999950e+02 -3.322582187660000272e+02
6.500000000000000222e-01 -1.023678476129999945e+04 2.490510706049999953e+03 1.198298861949999991e+04 -2.375250389439999879e+02 2.025971854219999955e+02 -3.320363011669999764e+02
6.500000000000000222e-01 -1.019835955350000040e+04 2.500661151610000161e+03 1.202637850489999983e+04 -2.372623765179999964e+02 2.019754722879999917e+02 -3.326050783819999879e+02
6.500000000000000222e-01 -1.013493604079999932e+04 2.723163910459999897e+03 1.201441929680000067e+04 -2.374468462289999877e+02 2.016194542099999865e+02 -3.323554909110000040e+02
6.500000000000000222e-01 -1.005169986930000050e+04 2.608776180050000221e+03 1.190902318980000018e+04 -2.376329408359999888e+02 2.021337222690000033e+02 -3.332100059190000252e+02
6.500000000000000222e-01 -1.016667164609999963e+04 2.481564852519999931e+03 1.190092944720000014e+04 -2.372909190219999971e+02 2.020958763149999982e+02 -3.320841792730000179e+02
6.500000000000000222e-01 -1.010099518499999976e+04 2.507322348969999894e+03 1.191926975909999965e+04 -2.374276044739999918e+02 2.022416873280000118e+02 -3.327109880470000007e+02
6.500000000000000222e-01 -1.018501694320000024e+04 2.523883091040000181e+03 1.183007546849999926e+04 -2.370997149869999987e+02 2.016704630940000129e+02 -3.323281056970000122e+02
6.500000000000000222e-01 -1.030099363570000060e+04 2.613512590100000125e+03 1.203259466059999977e+04 -2.376641182500000014e+02 2.021661045769999987e+02 -3.325409099679999940e+02
6.500000000000000222e-01 -1.007931175459999940e+04 2.531789626849999877e+03 1.191505567719999999e+04 -2.374041205730000001e+02 2.021833110569999974e+02 -3.321164366969999833e+02
6.500000000000000222e-01 -1.012585443619999933e+04 2.574532083950000015e+03 1.182058184430000074e+04 -2.376853333450000036e+02 2.024573252819999993e+02 -3.328897982029999980e+02
6.500000000000000222e-01 -1.012760921170000074e+04 2.596753032340000118e+03 1.206645181360000061e+04 -2.372335099430000014e+02 2.020660135130000015e+02 -3.328038878379999801e+02
6.500000000000000222e-01 -1.028649842340000032e+04 2.514066622700000153e+03 1.192423721850000038e+04 -2.373722378330000140e+02 2.023901614970000082e+02 -3.326162751530000037e+02
6.500000000000000222e-01 -1.025222502969999914e+04 2.731955362350000087e+03 1.199070064400000047e+04 -2.373070919609999976e+02 2.017685330410000120e+02 -3.323891368710000052e+02
6.500000000000000222e-01 -1.016039532650000001e+04 2.507339196490000177e+03 1.202851578560000053e+04 -2.375165263279999976e+02 2.024905074840000054e+02 -3.321150044190000017e+02
6.500000000000000222e-01 -1.024948726419999912e+04 2.619114214470000206e+03 1.181044208710000021e+04 -2.366785367960000031e+02 2.020964750219999928e+02 -3.328286642850000021e+02
6.500000000000000222e-01 -1.027963612400000056e+04 2.651673919530000148e+03 1.204965804820000085e+04 -2.379133176789999879e+02 2.023167307040000082e+02 -3.325856985710000231e+02
6.500000000000000222e-01 -1.011835260879999987e+04 2.686237417899999855e+03 1.183773190240000076e+04 -2.375847715520000065e+02 2.022200586570000098e+02 -3.326724522399999842e+02
6.500000000000000222e-01 -1.025798202680000031e+04 2.556990435629999865e+03 1.183024667699999918e+04 -2.376667635150000137e+02 2.020305357160000028e+02 -3.322046603709999886e+02
6.500000000000000222e-01 -1.021002908170000046e+04 2.541317467349999788e+03 1.181950708959999974e+04 -2.370838858710000068e+02 2.017647790649999990e+02 -3.324687305339999739e+02
6.500000000000000222e-01 -1.021397314030000052e+04 2.538934570800000074e+03 1.182382718849999947e+04 -2.375313029900000004e+02 2.019457479399999897e+02 -3.323081656250000151e+02
6.500000000000000222e-01 -1.005467290449999928e+04 2.605701231389999975e+03 1.189815965800000049e+04 -2.376519903900000088e+02 2.021467249959999890e+02 -3.332024490840000226e+02
6.500000000000000222e-01 -1.017003091230000064e+04 2.565236066200000096e+03 1.207208220769999934e+04 -2.379011802640000042e+02 2.028134982610000066e+02 -3.322170256339999810e+02
6.500000000000000222e-01 -1.018827809829999933e+04 2.479205383120000079e+03 1.191111165679999976e+04 -2.374729845589999968e+02 2.023124512210000034e+02 -3.320618609100000072e+02
6.500000000000000222e-01 -1.016619552669999939e+04 2.477346798409999792e+03 1.195017251679999936e+04 -2.374372521740000082e+02 2.022819593970000085e+02 -3.331750783640000009e+02
6.500000000000000222e-01 -1.012039481499999965e+04 2.570892637120000018e+03 1.182331519619999926e+04 -2.377834329330000003e+02 2.024715827260000083e+02 -3.331461841409999920e+02
6.500000000000000222e-01 -1.004864188060000015e+04 2.627086387159999958e+03 1.193745512699999927e+04 -2.375485059680000006e+02 2.020988009989999910e+02 -3.321470467030000009e+02
6.500000000000000222e-01 -1.012718653090000043e+04 2.678569074349999937e+03 1.182718191379999917e+04 -2.377609779580000122e+02 2.019670249080000133e+02 -3.329477014770000096e+02
6.500000000000000222e-01 -1.019453356879999956e+04 2.479081323419999990e+03 1.197157469549999951e+04 -2.375004895749999889e+02 2.025187056860000041e+02 -3.319356466180000211e+02
6.500000000000000222e-01 -1.028409132370000043e+04 2.710684860230000140e+03 1.188433911120000084e+04 -2.375722501129999955e+02 2.022398670379999999e+02 -3.320356762569999773e+02
6.500000000000000222e-01 -1.018422900079999999e+04 2.663071800000000167e+03 1.207635546539999996e+04 -2.377817085780000070e+02 2.015103157229999908e+02 -3.322145630050000022e+02
6.500000000000000222e-01 -1.012727414200000021e+04 2.604752811400000155e+03 1.181109014369999932e+04 -2.368496350039999925e+02 2.020032633579999981e+02 -3.325217290250000133e+02
6.500000000000000222e-01 -1.020845930670000052e+04 2.614191694850000204e+03 1.208335360460000084e+04 -2.370730765790000021e+02 2.022700817879999988e+02 -3.323281988479999995e+02
6.500000000000000222e-01 -1.024470378490000076e+04 2.598804835639999965e+03 1.207301821410000048e+04 -2.381789802469999984e+02 2.020167393739999966e+02 -3.326121496380000053e+02
1.190000000000000000e+04 -5.969728008009999940e+03 6.073569127349999690e+03 -1.293740264639999987e+04 -2.659008975899999996e+02 -3.160104545469999948e+01 8.687492457589999617e+01
6.500000000000000222e-01 -6.054197491230000196e+03 5.982378546259999894e+03 -1.289098039500000050e+04 -2.657907089440000163e+02 -3.171251466869999902e+01 8.641406501369999660e+01
6.500000000000000222e-01 -6.059817838650000340e+03 5.981066565680000167e+03 -1.290862852220000059e+04 -2.656691237030000252e+02 -3.135656636239999884e+01 8.743227632570000196e+01
6.500000000000000222e-01 -5.853452290899999753e+03 6.108386067610000282e+03 -1.298972931349999999e+04 -2.659354144229999974e+02 -3.153068274669999838e+01 8.740855481059999477e+01
6.500000000000000222e-01 -5.868187833220000357e+03 5.989624749169999632e+03 -1.295349721359999967e+04 -2.660657068930000264e+02 -3.149574233470000095e+01 8.660870214999999916e+01
6.500000000000000222e-01 -5.986452318730000115e+03 6.171048505359999581e+03 -1.302756283049999911e+04 -2.658537178319999725e+02 -3.206848412669999959e+01 8.617948859419999508e+01
6.500000000000000222e-01 -6.048368579230000250e+03 6.177092673250000189e+03 -1.290974732009999934e+04 -2.657640852069999937e+02 -3.178693008719999824e+01 8.723484506510000358e+01
6.500000000000000222e-01 -5.936726120090000222e+03 6.067460763959999895e+03 -1.280715188640000088e+04 -2.656690733170000271e+02 -3.178078411450000118e+01 8.699161009389999322e+01
6.500000000000000222e-01 -6.089448123959999975e+03 6.045891390859999774e+03 -1.298628457820000040e+04 -2.657734957740000254e+02 -3.151804774320000035e+01 8.697807176749999769e+01
6.500000000000000222e-01 -6.008723836099999971e+03 5.979153053400000317e+03 -1.302296304749999945e+04 -2.658674983789999828e+02 -3.181580093970000078e+01 8.725727726850000465e+01
6.500000000000000222e-01 -5.945767864579999696e+03 6.022345270869999695e+03 -1.281654630709999947e+04 -2.659951066510000146e+02 -3.154773294379999982e+01 8.703985226269999487e+01
6.500000000000000222e-01 -6.068765680610000345e+03 5.987520262549999643e+03 -1.295262089960000048e+04 -2.657564971780000178e+02 -3.150030502030000079e+01 8.743296876089999614e+01
6.500000000000000222e-01 -5.929614556739999898e+03 6.028858482440000444e+03 -1.305607983729999978e+04 -2.657147569050000016e+02 -3.178770663879999958e+01 8.709976210489999460e+01
6.500000000000000222e-01 -6.039951780479999798e+03 6.142405010299999958e+03 -1.284918056509999951e+04 -2.654359882019999759e+02 -3.207110030620000174e+01 8.728555475660000695e+01
6.500000000000000222e-01 -5.894004597699999977e+03 6.180167958760000147e+03 -1.291782866079999985e+04 -2.660671766030000072e+02 -3.168107257109999964e+01 8.638232595069999320e+01
6.500000000000000222e-01 -5.877800707139999759e+03 6.055612245330000405e+03 -1.284212352559999999e+04 -2.662429641580000066e+02 -3.163773686420000075e+01 8.731035814969999365e+01
6.500000000000000222e-01 -6.097143940549999570e+03 6.099220902430000024e+03 -1.296212802209999973e+04 -2.656769505220000269e+02 -3.158274595179999977e+01 8.661624674719999462e+01
6.500000000000000222e-01 -5.885341613419999703e+03 6.102190985790000013e+03 -1.283735135679999985e+04 -2.660366575400000215e+02 -3.196297185710000122e+01 8.717106123780000360e+01
6.500000000000000222e-01 -5.947041769170000407e+03 6.072484844720000183e+03 -1.280470236479999949e+04 -2.652366277149999974e+02 -3.177819866620000155e+01 8.695526678039999524e+01
6.500000000000000222e-01 -5.964691734230000293e+03 6.018739629059999970e+03 -1.281549789219999911e+04 -2.660223860120000268e+02 -3.114843679210000005e+01 8.723734827580000228e+01
6.500000000000000222e-01 -5.967329202279999663e+03 6.205335967230000279e+03 -1.294668323530000089e+04 -2.659203980369999840e+02 -3.178168503159999858e+01 8.712270912719999671e+01
6.500000000000000222e-01 -5.845557614440000179e+03 6.035915428229999634e+03 -1.290707162240000071e+04 -2.660580154169999787e+02 -3.166157134879999902e+01 8.714185262549999322e+01
6.500000000000000222e-01 -6.029359306690000267e+03 5.958015713269999651e+03 -1.290954515130000073e+04 -2.656721568859999820e+02 -3.162427429479999930e+01 8.661640040419999309e+01
6.500000000000000222e-01 -5.873821363949999977e+03 6.155844875460000367e+03 -1.289830230389999997e+04 -2.658846034939999754e+02 -3.169008550459999896e+01 8.631833180840000352e+01
6.500000000000000222e-01 -5.951243498439999712e+03 5.942939378220000435e+03 -1.292654360210000050e+04 -2.658977852379999831e+02 -3.138931899310000162e+01 8.743525489110000137e+01
6.500000000000000222e-01 -6.093366428270000142e+03 6.031993503059999966e+03 -1.291613217350000014e+04 -2.656191598739999904e+02 -3.148101293510000076e+01 8.727307504159999496e+01
6.500000000000000222e-01 -6.048160149020000063e+03 6.128450433969999722e+03 -1.303156130850000045e+04 -2.662096917889999759e+02 -3.130663878640000064e+01 8.706335669339999583e+01
6.500000000000000222e-01 -5.966796041730000070e+03 5.946057125520000227e+03 -1.290610917719999998e+04 -2.659672458109999980e+02 -3.135556125869999988e+01 8.690009512490000532e+01
6.500000000000000222e-01 -5.947896475859999555e+03 6.167446887979999701e+03 -1.303067040439999982e+04 -2.659244756310000071e+02 -3.121295863170000118e+01 8.711030564959999367e+01
6.500000000000000222e-01 -6.047876643550000153e+03 6.180081069269999716e+03 -1.292000680979999925e+04 -2.658981930040000066e+02 -3.162734673699999988e+01 8.621703831390000516e+01
6.500000000000000222e-01 -6.045353123220000271e+03 6.105118069969999851e+03 -1.283190878429999975e+04 -2.660492731009999829e+02 -3.155012418540000141e+01 8.666118283619999829e+01
6.500000000000000222e-01 -6.080812694029999875e+03 6.063194882419999885e+03 -1.286643802440000036e+04 -2.659044813410000074e+02 -3.167645982879999877e+01 8.645313541250000355e+01
6.500000000000000222e-01 -6.031856050469999900e+03 6.013912831339999684e+03 -1.283512074469999970e+04 -2.654362845439999887e+02 -3.124872599640000104e+01 8.739797413670000026e+01
6.500000000000000222e-01 -5.924205623140000171e+03 6.132790310690000297e+03 -1.282685022120000031e+04 -2.655921962130000225e+02 -3.141337921370000075e+01 8.662700555610000208e+01
6.500000000000000222e-01 -5.976950118239999938e+03 6.206065800090000266e+03 -1.294220587750000050e+04 -2.659546356719999949e+02 -3.172421962330000156e+01 8.730504173660000333e+01
6.500000000000000222e-01 -6.092370205840000381e+03 6.079940646840000227e+03 -1.298860679659999914e+04 -2.655996207430000027e+02 -3.150165160290000088e+01 8.632153611200000398e+01
6.500000000000000222e-01 -5.963432706720000169e+03 6.146248279290000028e+03 -1.304916946250000001e+04 -2.658118970830000194e+02 -3.140522836090000069e+01 8.690805409130000214e+01
6.500000000000000222e-01 -5.900264877689999594e+03 6.142933272600000237e+03 -1.302774768109999968e+04 -2.657605801170000177e+02 -3.158261192719999855e+01 8.704453138520000266e+01
6.500000000000000222e-01 -6.035128190579999682e+03 5.999596954700000424e+03 -1.302575593119999940e+04 -2.658898749630000111e+02 -3.098891190830000042e+01 8.655898505550000266e+01
6.500000000000000222e-01 -5.864425635190000321e+03 5.993502134950000254e+03 -1.294691213919999973e+04 -2.660578670250000073e+02 -3.151960620710000072e+01 8.675494976020000593e+01
6.500000000000000222e-01 -5.918634027490000335e+03 6.169256531709999763e+03 -1.301497185539999919e+04 -2.658521150679999892e+02 -3.139785794959999876e+01 8.719507997140000555e+01
