3.450000000000000000e+05 3.863886149550000027e+03 -5.021098513269999785e+03 -6.911207438579999689e+03 -1.154992947509999937e+02 2.512701040460000002e+01 -4.999530750139999924e+01
6.500000000000000222e-01 4.036444142289999945e+03 -5.194835012499999721e+03 -6.790009888679999676e+03 -1.167322317080000005e+02 2.632688552069999943e+01 -5.070884731019999947e+01
6.500000000000000222e-01 3.716395545379999930e+03 -5.129752022210000177e+03 -6.695327554989999953e+03 -1.141086362979999933e+02 2.631410174679999869e+01 -4.892579642750000346e+01
6.500000000000000222e-01 3.677843198930000199e+03 -5.084184066320000056e+03 -6.702758369889999813e+03 -1.144167981460000050e+02 2.694735102539999971e+01 -4.822128036809999685e+01
6.500000000000000222e-01 3.795092944449999777e+03 -5.274043590289999884e+03 -6.813167899779999971e+03 -1.150342266600000016e+02 2.684901687589999852e+01 -4.841854862520000324e+01
6.500000000000000222e-01 3.946624405149999802e+03 -5.161158218640000086e+03 -6.675371083760000147e+03 -1.156510150959999947e+02 2.587429218950000021e+01 -4.996553978600000079e+01
6.500000000000000222e-01 3.913229756209999778e+03 -4.900648845710000387e+03 -6.655154946880000352e+03 -1.155815619140000052e+02 2.736839235520000102e+01 -5.047591406259999758e+01
6.500000000000000222e-01 3.742241476390000116e+03 -4.963745252300000175e+03 -6.655760654519999662e+03 -1.171515839040000060e+02 2.644291618400000132e+01 -5.005461142360000082e+01
6.500000000000000222e-01 3.938320945710000160e+03 -4.913736761780000052e+03 -6.656475474240000040e+03 -1.162003338070000069e+02 2.711994384939999847e+01 -5.034603728649999965e+01
6.500000000000000222e-01 4.023562845349999861e+03 -5.066976070149999941e+03 -6.682663677829999870e+03 -1.156620407089999958e+02 2.524429348740000023e+01 -5.082360426380000007e+01
6.500000000000000222e-01 3.931544055989999833e+03 -5.011108355569999731e+03 -6.634495678620000035e+03 -1.143164555820000032e+02 2.608537490410000004e+01 -5.035595757610000334e+01
6.500000000000000222e-01 3.731097806440000113e+03 -5.126713331959999778e+03 -6.683326799610000307e+03 -1.139672905930000013e+02 2.703971234670000001e+01 -4.845096055300000160e+01
6.500000000000000222e-01 3.612690100580000035e+03 -4.935889257900000302e+03 -6.809584514199999830e+03 -1.152078794260000052e+02 2.553822292210000100e+01 -4.973914039769999818e+01
6.500000000000000222e-01 3.790673347079999985e+03 -4.808253037520000362e+03 -6.744050766530000146e+03 -1.153444115759999988e+02 2.482259823600000104e+01 -4.972436891790000146e+01
6.500000000000000222e-01 3.650236079820000214e+03 -4.933373212610000337e+03 -6.735926093559999572e+03 -1.169056790610000007e+02 2.641706861460000155e+01 -5.075768086800000134e+01
6.500000000000000222e-01 3.639883216690000154e+03 -5.068382307310000215e+03 -6.743881662329999926e+03 -1.148722642559999940e+02 2.594261454979999826e+01 -4.933049149040000003e+01
6.500000000000000222e-01 3.795269008809999832e+03 -5.123011390270000447e+03 -6.654703963119999571e+03 -1.170223826419999966e+02 2.458890842810000166e+01 -5.081869279250000204e+01
6.500000000000000222e-01 3.706206316090000200e+03 -5.062790040519999820e+03 -6.674826592989999881e+03 -1.139332237060000068e+02 2.681934801310000083e+01 -4.813059287960000177e+01
6.500000000000000222e-01 3.825327705520000109e+03 -4.771621573950000311e+03 -6.785261917949999770e+03 -1.157205283339999937e+02 2.524924587980000013e+01 -5.059391961779999747e+01
6.500000000000000222e-01 4.059865334940000139e+03 -4.874943143079999572e+03 -6.773207962829999815e+03 -1.161693248729999937e+02 2.580117486689999851e+01 -5.163016851689999953e+01
6.500000000000000222e-01 3.940423851560000003e+03 -4.767906662680000409e+03 -6.798566912819999743e+03 -1.170549798109999955e+02 2.585818719779999952e+01 -5.030699555590000216e+01
6.500000000000000222e-01 3.772955746000000090e+03 -4.943998213339999893e+03 -6.649871224610000354e+03 -1.147921710669999982e+02 2.477325744450000045e+01 -4.879776868689999958e+01
6.500000000000000222e-01 3.773645400030000019e+03 -4.907527620070000012e+03 -6.660360161149999840e+03 -1.171651211810000035e+02 2.718477678760000060e+01 -5.020782782370000064e+01
6.500000000000000222e-01 3.748679268779999802e+03 -5.164016844990000209e+03 -6.695227328150000176e+03 -1.161569782680000031e+02 2.470952200969999879e+01 -5.122333981980000317e+01
6.500000000000000222e-01 3.701759560110000166e+03 -5.002531923919999826e+03 -6.672683485380000093e+03 -1.163790650180000057e+02 2.625826657829999888e+01 -4.973905600770000035e+01
6.500000000000000222e-01 3.687593823499999871e+03 -5.022110955840000315e+03 -6.683567155620000449e+03 -1.151237150329999963e+02 2.621450567540000165e+01 -4.898147120550000011e+01
6.500000000000000222e-01 3.877490403260000221e+03 -4.846463558540000122e+03 -6.678982341640000413e+03 -1.167162825489999989e+02 2.759876240130000014e+01 -5.045830148699999995e+01
6.500000000000000222e-01 3.735385920990000159e+03 -4.861764854459999697e+03 -6.713482036340000377e+03 -1.146387023120000066e+02 2.415372904159999834e+01 -4.782159870899999987e+01
6.500000000000000222e-01 3.807635142590000214e+03 -5.072642194330000166e+03 -6.635643403910000416e+03 -1.143299182810000048e+02 2.742928819360000148e+01 -4.912286721750000140e+01
6.500000000000000222e-01 3.828258650069999931e+03 -4.929431225170000289e+03 -6.642364974459999758e+03 -1.156972765619999990e+02 2.538376560180000041e+01 -4.951563088160000348e+01
6.500000000000000222e-01 3.992043680729999778e+03 -4.861955076330000338e+03 -6.713774942230000306e+03 -1.177602683759999991e+02 2.414308753850000144e+01 -4.798845824090000178e+01
6.500000000000000222e-01 3.767194960700000138e+03 -5.094230192560000432e+03 -6.653139044239999748e+03 -1.164785559070000005e+02 2.679863629140000114e+01 -4.988884880789999698e+01
6.500000000000000222e-01 3.985516499459999977e+03 -4.967788723030000256e+03 -6.660496107959999790e+03 -1.184358412060000063e+02 2.482294145659999884e+01 -4.878685593960000233e+01
6.500000000000000222e-01 3.840112605950000216e+03 -5.019745253819999562e+03 -6.624839689329999601e+03 -1.139568787209999954e+02 2.640329058009999841e+01 -4.939431034140000065e+01
6.500000000000000222e-01 4.073900297080000200e+03 -4.855907607869999993e+03 -6.824565731859999687e+03 -1.158750713910000059e+02 2.461749805839999894e+01 -5.139206106160000331e+01
6.500000000000000222e-01 3.868947524759999851e+03 -5.037285381689999667e+03 -6.625724897830000373e+03 -1.155298204829999946e+02 2.431993699659999919e+01 -4.988065561799999870e+01
6.500000000000000222e-01 3.863795435779999934e+03 -4.970892631339999753e+03 -6.628972891110000091e+03 -1.159521335149999999e+02 2.541662270049999961e+01 -4.962730615920000332e+01
6.500000000000000222e-01 3.883005251040000076e+03 -4.770924687040000208e+03 -6.759971900350000396e+03 -1.173551698050000027e+02 2.623758842430000016e+01 -4.966144625049999917e+01
6.500000000000000222e-01 3.726464757300000201e+03 -5.219798294860000169e+03 -6.772717816039999889e+03 -1.161400729860000069e+02 2.671812350800000146e+01 -5.089943582890000329e+01
6.500000000000000222e-01 4.010493188209999971e+03 -4.867634813259999646e+03 -6.724533943669999644e+03 -1.155678739730000046e+02 2.466097442550000096e+01 -5.033923665550000237e+01
6.500000000000000222e-01 3.780061772810000093e+03 -5.208291404530000364e+03 -6.720008412760000283e+03 -1.151093670879999991e+02 2.782585636600000001e+01 -4.853982211720000350e+01
6.500000000000000222e-01 3.774434288790000210e+03 -4.805167185190000055e+03 -6.725616066960000353e+03 -1.168418809390000064e+02 2.571680795190000168e+01 -4.819519820149999845e+01
6.500000000000000222e-01 3.987475081919999866e+03 -4.908223059920000196e+03 -6.681533268700000008e+03 -1.156478017550000033e+02 2.677744630329999964e+01 -5.095254100900000083e+01
6.500000000000000222e-01 3.769299009509999905e+03 -4.818889922080000360e+03 -6.724262433799999599e+03 -1.167902015530000028e+02 2.689155030359999898e+01 -5.062904539000000170e+01
6.500000000000000222e-01 3.817741081740000027e+03 -5.019805461859999923e+03 -6.627962443659999735e+03 -1.157068499500000058e+02 2.611048529520000017e+01 -4.961332381879999787e+01
6.500000000000000222e-01 3.914791646409999885e+03 -4.969206516999999621e+03 -6.634308325410000180e+03 -1.178221574100000026e+02 2.419566519540000016e+01 -4.909753016220000177e+01
6.500000000000000222e-01 3.861667859680000220e+03 -5.020475102909999805e+03 -6.625312508119999620e+03 -1.166392186570000007e+02 2.670674874239999852e+01 -4.979683608020000207e+01
6.500000000000000222e-01 4.041773769540000103e+03 -5.226545555339999737e+03 -6.840676975829999719e+03 -1.155192214270000051e+02 2.512523249910000089e+01 -5.313168062230000288e+01
6.500000000000000222e-01 3.860047049360000074e+03 -5.008824604139999792e+03 -6.625166073819999838e+03 -1.162999288209999946e+02 2.674736443660000162e+01 -4.977956487550000020e+01
6.500000000000000222e-01 3.807046841240000049e+03 -4.762756972459999815e+03 -6.813908230729999559e+03 -1.156966408889999940e+02 2.505048998479999867e+01 -5.058513266850000178e+01
6.500000000000000222e-01 3.608365035840000019e+03 -5.021665606749999824e+03 -6.785001211550000335e+03 -1.152210393010000047e+02 2.594928808499999917e+01 -4.959870479319999959e+01
6.500000000000000222e-01 3.979356131919999825e+03 -5.096817863809999835e+03 -6.663099380349999592e+03 -1.169336228840000018e+02 2.608610401219999986e+01 -4.968135643960000181e+01
6.500000000000000222e-01 4.136859297570000308e+03 -5.040887513519999629e+03 -6.847897569450000447e+03 -1.163560931460000063e+02 2.486771607840000087e+01 -5.085709792459999790e+01
6.500000000000000222e-01 3.921432116210000004e+03 -4.878524483639999744e+03 -6.667227203890000055e+03 -1.174136686389999937e+02 2.647368141469999969e+01 -4.966005126639999645e+01
6.500000000000000222e-01 3.845210214579999956e+03 -5.100525620520000302e+03 -6.640074546369999553e+03 -1.166851704249999955e+02 2.515721903720000086e+01 -5.043050399220000202e+01
6.500000000000000222e-01 3.884677882779999891e+03 -4.988552754790000108e+03 -6.627109920310000234e+03 -1.151465594640000063e+02 2.743223690960000027e+01 -4.991185303270000162e+01
6.500000000000000222e-01 3.914486906269999963e+03 -5.103752276860000165e+03 -6.643229469920000156e+03 -1.160344804129999972e+02 2.618688235899999839e+01 -4.991493761339999935e+01
6.500000000000000222e-01 3.818764962180000111e+03 -5.026541403530000025e+03 -6.627839637220000441e+03 -1.152427502430000033e+02 2.647296551790000052e+01 -4.952113464899999684e+01
6.500000000000000222e-01 3.850533342369999900e+03 -5.018028423009999642e+03 -6.625251469630000429e+03 -1.165716965299999970e+02 2.600745919459999911e+01 -4.978003232449999871e+01
6.500000000000000222e-01 3.739117273410000053e+03 -5.159397762319999856e+03 -6.699748481999999967e+03 -1.166780989159999962e+02 2.668113419109999995e+01 -5.053263051820000129e+01
6.500000000000000222e-01 4.059303609070000221e+03 -5.190513413259999652e+03 -6.788496206580000035e+03 -1.150782047010000042e+02 2.463317036309999963e+01 -5.222944575599999695e+01
6.500000000000000222e-01 3.752446609109999827e+03 -4.847908682999999655e+03 -6.711249606409999615e+03 -1.148550422800000064e+02 2.397632025649999932e+01 -4.739594448809999960e+01
6.500000000000000222e-01 3.961232598200000211e+03 -5.115220768260000114e+03 -6.669037893910000093e+03 -1.160799100320000008e+02 2.577570698679999950e+01 -5.100132256650000073e+01
6.500000000000000222e-01 3.856059022939999977e+03 -5.007433278800000153e+03 -6.624203746350000074e+03 -1.153248070930000040e+02 2.392559120199999967e+01 -4.945781785359999816e+01
6.500000000000000222e-01 3.877006323510000129e+03 -4.805078394359999947e+03 -6.728321981950000009e+03 -1.158042672240000002e+02 2.338843824909999825e+01 -4.771631048559999755e+01
6.500000000000000222e-01 3.805240764090000084e+03 -4.976215708290000293e+03 -6.631133530879999853e+03 -1.154971326200000021e+02 2.561672805019999899e+01 -4.917094299530000256e+01
6.500000000000000222e-01 3.940472156159999940e+03 -5.129649955310000223e+03 -6.666135236400000394e+03 -1.157059114160000064e+02 2.516296035019999877e+01 -5.120515868689999905e+01
6.500000000000000222e-01 3.753540767850000066e+03 -4.925745968950000133e+03 -6.663860833450000428e+03 -1.145465861459999957e+02 2.454726263299999900e+01 -4.838351922420000051e+01
6.500000000000000222e-01 4.017513057990000107e+03 -4.932448932360000072e+03 -6.690044773380000152e+03 -1.175330540380000031e+02 2.427070789460000100e+01 -4.876014625069999653e+01
6.500000000000000222e-01 3.651626947490000020e+03 -5.189768265149999934e+03 -6.839949273700000049e+03 -1.142946576049999976e+02 2.614716154310000107e+01 -4.813370771329999798e+01
6.500000000000000222e-01 3.724056599460000143e+03 -5.259305445179999879e+03 -6.861305594659999770e+03 -1.144686237190000071e+02 2.597769668369999962e+01 -4.914958524499999726e+01
6.500000000000000222e-01 3.954592680589999873e+03 -4.990694475780000175e+03 -6.643318132270000206e+03 -1.175207147259999942e+02 2.514826108549999972e+01 -4.948164576979999651e+01
6.500000000000000222e-01 3.850056390360000023e+03 -5.144846978460000173e+03 -6.654495514340000227e+03 -1.150908714400000008e+02 2.523131658850000036e+01 -5.024796431440000077e+01
6.500000000000000222e-01 3.913840114260000064e+03 -5.125969948199999635e+03 -6.658802045690000341e+03 -1.173706382889999986e+02 2.783139429550000088e+01 -4.969496531320000088e+01
6.500000000000000222e-01 3.820606581579999784e+03 -4.961231103520000033e+03 -6.632150668139999652e+03 -1.148422145079999979e+02 2.409647691440000017e+01 -4.880461831739999923e+01
6.500000000000000222e-01 3.920680720249999922e+03 -4.972259733679999954e+03 -6.636082734249999703e+03 -1.166486426160000036e+02 2.621823635730000035e+01 -4.988899091900000116e+01
6.500000000000000222e-01 3.858969023579999885e+03 -5.285272741599999790e+03 -6.806738844569999856e+03 -1.148231455600000004e+02 2.620177456240000069e+01 -4.905691124650000035e+01
6.500000000000000222e-01 3.801337662169999930e+03 -4.969901486619999559e+03 -6.635258912299999793e+03 -1.162819035050000025e+02 2.602637381599999955e+01 -4.964706066419999786e+01
6.500000000000000222e-01 3.883113417210000080e+03 -5.016987937439999769e+03 -6.625849826319999920e+03 -1.186143090519999959e+02 2.592540931130000104e+01 -4.953512535830000019e+01
6.500000000000000222e-01 3.828286479719999988e+03 -5.139618876049999926e+03 -6.654523544229999970e+03 -1.148882468479999943e+02 2.581681491590000022e+01 -4.990711924979999736e+01
6.500000000000000222e-01 3.771702827980000166e+03 -5.031108242260000225e+03 -6.639345779909999692e+03 -1.168213175460000031e+02 2.594080121189999844e+01 -4.990170505060000039e+01
6.500000000000000222e-01 3.618289379599999847e+03 -4.922626963419999811e+03 -6.803142995539999902e+03 -1.158344347299999981e+02 2.580347886819999914e+01 -5.073233158659999731e+01
6.500000000000000222e-01 3.679095188520000193e+03 -4.824335684929999843e+03 -6.817153376199999911e+03 -1.149727492439999992e+02 2.466746068040000139e+01 -4.680561717839999858e+01
6.500000000000000222e-01 4.106153297730000304e+03 -5.139091198590000204e+03 -6.832118815240000004e+03 -1.155818204899999984e+02 2.499657424149999940e+01 -5.301162612899999971e+01
6.500000000000000222e-01 3.943977774510000017e+03 -5.126092333630000212e+03 -6.659304875609999726e+03 -1.148407666359999979e+02 2.433828873390000069e+01 -5.105388591530000042e+01
6.500000000000000222e-01 3.921874420069999815e+03 -5.098441204409999955e+03 -6.643340865240000312e+03 -1.163123867460000014e+02 2.633300247029999852e+01 -4.983692493760000275e+01
6.500000000000000222e-01 4.091451950560000114e+03 -4.939144766250000430e+03 -6.767067706990000261e+03 -1.167119439209999996e+02 2.451045822900000104e+01 -4.960752361459999804e+01
6.500000000000000222e-01 3.646300664200000028e+03 -5.115062760840000010e+03 -6.753175169250000181e+03 -1.163508081789999977e+02 2.611104714680000072e+01 -5.100492205599999807e+01
6.500000000000000222e-01 4.078206895639999857e+03 -5.033634664729999713e+03 -6.730464576520000264e+03 -1.150268662739999996e+02 2.528920348129999951e+01 -5.211532745440000269e+01
6.500000000000000222e-01 3.772684956579999835e+03 -4.931989200160000109e+03 -6.654641773940000348e+03 -1.149629838089999936e+02 2.478570289760000023e+01 -4.890019357290000102e+01
6.500000000000000222e-01 3.841420107039999948e+03 -5.103130120169999827e+03 -6.639183938699999999e+03 -1.156326868099999956e+02 2.508903155550000008e+01 -5.018071034070000280e+01
6.500000000000000222e-01 3.799065262239999811e+03 -4.851258257139999841e+03 -6.692287185520000094e+03 -1.158716462569999948e+02 2.587854092330000100e+01 -5.007501610149999749e+01
6.500000000000000222e-01 3.872582633410000199e+03 -5.024477036279999993e+03 -6.624790377489999628e+03 -1.143292637750000011e+02 2.484846031720000070e+01 -4.975588951320000319e+01
6.500000000000000222e-01 3.841711521639999773e+03 -4.947277644210000290e+03 -6.635040356610000345e+03 -1.155237826120000051e+02 2.463878904139999904e+01 -4.928788783099999904e+01
6.500000000000000222e-01 3.791157361879999826e+03 -4.805228098210000098e+03 -6.719688465539999925e+03 -1.168688683510000033e+02 2.549185184550000116e+01 -4.804976245339999963e+01
6.500000000000000222e-01 3.693944722889999866e+03 -4.851775797170000260e+03 -6.754695734900000389e+03 -1.161905165870000047e+02 2.598224591529999827e+01 -5.052258397800000012e+01
6.500000000000000222e-01 3.898695805459999974e+03 -5.008509137150000242e+03 -6.627492184300000190e+03 -1.142168416939999958e+02 2.644083790719999882e+01 -5.000309308829999821e+01
6.500000000000000222e-01 3.877747430760000043e+03 -5.087385920540000370e+03 -6.634683058169999640e+03 -1.156088448090000043e+02 2.390534271170000125e+01 -5.044152930060000273e+01
6.500000000000000222e-01 3.696489606220000042e+03 -5.058297354649999761e+03 -6.682470580999999584e+03 -1.142237371509999946e+02 2.629240549620000067e+01 -4.856263458699999802e+01
6.500000000000000222e-01 3.849156444230000034e+03 -5.027133070019999650e+03 -6.625596997149999879e+03 -1.164936236140000005e+02 2.593928975000000037e+01 -4.980875861479999855e+01
6.500000000000000222e-01 3.845094262909999998e+03 -5.104218749720000233e+03 -6.639278782219999812e+03 -1.161863760380000059e+02 2.407779306040000122e+01 -5.049573863949999719e+01
1.390000000000000000e+04 -9.579794743250000465e+03 2.099748485149999851e+03 1.278395235519999915e+04 -2.410686192409999933e+02 2.029940189200000020e+02 -3.276525721040000008e+02
6.500000000000000222e-01 -9.583494023179999203e+03 2.098835186729999805e+03 1.292747858359999918e+04 -2.406242514150000034e+02 2.032206520530000091e+02 -3.275257770939999773e+02
6.500000000000000222e-01 -9.534839611269999295e+03 2.152361078980000002e+03 1.290904096170000048e+04 -2.408385324330000117e+02 2.033442273820000139e+02 -3.279070783199999823e+02
6.500000000000000222e-01 -9.629226936099999875e+03 2.095031904479999866e+03 1.291889151970000057e+04 -2.410233510029999877e+02 2.030626816470000051e+02 -3.274606349289999798e+02
6.500000000000000222e-01 -9.582423226459999569e+03 2.112079183629999989e+03 1.292696863130000020e+04 -2.411918242959999930e+02 2.024377281650000100e+02 -3.274941879439999752e+02
6.500000000000000222e-01 -9.711626812050000808e+03 2.079046316439999828e+03 1.283609341870000026e+04 -2.411790259230000117e+02 2.030516754809999895e+02 -3.277949626980000062e+02
6.500000000000000222e-01 -9.587273059150000336e+03 2.077078089220000038e+03 1.292550129860000015e+04 -2.410136234569999942e+02 2.032286475180000025e+02 -3.275124040819999891e+02
6.500000000000000222e-01 -9.537526334030000726e+03 2.162307740300000205e+03 1.290521151239999926e+04 -2.408669978309999919e+02 2.032999099159999901e+02 -3.279236414220000029e+02
6.500000000000000222e-01 -9.572308318209999925e+03 2.144931760089999898e+03 1.292014899019999939e+04 -2.414348128720000091e+02 2.030290560720000030e+02 -3.275384512059999906e+02
6.500000000000000222e-01 -9.640491426009999486e+03 2.117140564679999898e+03 1.291306177439999919e+04 -2.406156939770000065e+02 2.028184064300000102e+02 -3.272219047940000110e+02
6.500000000000000222e-01 -9.596762235660000442e+03 2.084276961659999870e+03 1.292563145500000064e+04 -2.410686817360000020e+02 2.029520263230000126e+02 -3.275488710729999866e+02
6.500000000000000222e-01 -9.531624372390000644e+03 2.037978113549999989e+03 1.290353467979999914e+04 -2.408653619529999901e+02 2.026335312429999931e+02 -3.279728318960000024e+02
6.500000000000000222e-01 -9.485819434119999642e+03 2.184532957800000077e+03 1.284888511230000040e+04 -2.414528282590000003e+02 2.027468286229999990e+02 -3.271357891119999977e+02
6.500000000000000222e-01 -9.613088081109999621e+03 2.141528552469999795e+03 1.291750711199999932e+04 -2.408564781469999900e+02 2.025285984289999988e+02 -3.272748705019999989e+02
6.500000000000000222e-01 -9.573710308780000560e+03 2.104575912809999863e+03 1.292723720060000051e+04 -2.407022500600000114e+02 2.033784338009999999e+02 -3.275854515830000082e+02
6.500000000000000222e-01 -9.569908773499999370e+03 2.121071182499999850e+03 1.292544471519999934e+04 -2.410317925429999946e+02 2.034890714800000069e+02 -3.276473357489999785e+02
6.500000000000000222e-01 -9.547873299869999755e+03 2.129298172750000049e+03 1.292037171359999957e+04 -2.408235569299999952e+02 2.034034528070000079e+02 -3.277694437569999764e+02
6.500000000000000222e-01 -9.559196897760000866e+03 2.078544216750000032e+03 1.292413487800000075e+04 -2.416746197470000084e+02 2.034902535909999983e+02 -3.274371410749999995e+02
6.500000000000000222e-01 -9.611481369119999727e+03 2.138705976549999832e+03 1.291912199780000083e+04 -2.415193605389999902e+02 2.033476631800000121e+02 -3.276453287969999906e+02
6.500000000000000222e-01 -9.622023233080000864e+03 2.079930203779999829e+03 1.291992143140000007e+04 -2.417193864369999972e+02 2.027673219579999966e+02 -3.277176923519999718e+02
6.500000000000000222e-01 -9.474039477660000557e+03 2.162119012669999847e+03 1.285616353170000002e+04 -2.414016019119999896e+02 2.027066964869999879e+02 -3.272083939089999944e+02
6.500000000000000222e-01 -9.553180584440000530e+03 2.076761936870000227e+03 1.292286075049999999e+04 -2.416616863170000045e+02 2.034022235539999883e+02 -3.274279219030000263e+02
6.500000000000000222e-01 -9.461934288369999194e+03 2.135093105099999775e+03 1.285473273879999942e+04 -2.415066482569999948e+02 2.029312379430000135e+02 -3.273021483069999817e+02
6.500000000000000222e-01 -9.694040585669999928e+03 2.128564154529999996e+03 1.286683026640000026e+04 -2.412655157199999962e+02 2.030785928859999956e+02 -3.276572091229999728e+02
6.500000000000000222e-01 -9.480444441139999981e+03 2.146314153559999795e+03 1.287458867459999965e+04 -2.416099450339999919e+02 2.027866767090000053e+02 -3.271880502750000232e+02
6.500000000000000222e-01 -9.627260278230000040e+03 2.067455651230000058e+03 1.291564090349999969e+04 -2.415662232679999875e+02 2.027017005980000022e+02 -3.277472359569999867e+02
6.500000000000000222e-01 -9.536785473719999572e+03 2.006553184469999906e+03 1.288349983790000078e+04 -2.409627453329999867e+02 2.026643634630000008e+02 -3.280926199580000002e+02
6.500000000000000222e-01 -9.555972286969999914e+03 2.044976239670000041e+03 1.291478155809999953e+04 -2.412299049490000016e+02 2.033221791629999871e+02 -3.274033810469999821e+02
6.500000000000000222e-01 -9.566031240129999787e+03 2.137351187679999839e+03 1.292137797730000057e+04 -2.409728530259999957e+02 2.032818583730000057e+02 -3.277016271790000133e+02
6.500000000000000222e-01 -9.575118879019999440e+03 2.187557622490000085e+03 1.289866823099999965e+04 -2.415149630880000018e+02 2.030964405789999887e+02 -3.275020033280000007e+02
6.500000000000000222e-01 -9.614737917250000464e+03 2.036398233240000081e+03 1.290712827010000001e+04 -2.414894780760000117e+02 2.031602351420000048e+02 -3.276696807310000281e+02
6.500000000000000222e-01 -9.551480224990000352e+03 2.098042318689999775e+03 1.292432354619999933e+04 -2.407909572959999878e+02 2.029831879129999948e+02 -3.276786589249999793e+02
6.500000000000000222e-01 -9.574494850690000021e+03 2.060957048990000203e+03 1.292157705840000017e+04 -2.413862800569999933e+02 2.036990867430000094e+02 -3.274002668759999892e+02
6.500000000000000222e-01 -9.568354392789999110e+03 2.084800475309999911e+03 1.292585784489999969e+04 -2.412969362579999881e+02 2.031063637210000081e+02 -3.275861363309999774e+02
6.500000000000000222e-01 -9.578673466439999174e+03 1.991609932650000019e+03 1.287499214949999987e+04 -2.413436446180000132e+02 2.036564275929999894e+02 -3.271995165019999945e+02
6.500000000000000222e-01 -9.489323228839999501e+03 2.102864262279999821e+03 1.289382604960000026e+04 -2.414727521160000094e+02 2.030007850579999911e+02 -3.275055696210000065e+02
6.500000000000000222e-01 -9.559943270570000095e+03 2.084055258760000015e+03 1.292500914449999982e+04 -2.417250678469999912e+02 2.034133917530000133e+02 -3.274552026459999752e+02
6.500000000000000222e-01 -9.481052852650000204e+03 2.032456364079999958e+03 1.286404387909999969e+04 -2.409390656550000074e+02 2.028441335589999994e+02 -3.279404150770000115e+02
6.500000000000000222e-01 -9.699716790970000147e+03 2.138321514149999985e+03 1.285148230680000052e+04 -2.407750193269999954e+02 2.028496847190000096e+02 -3.269611537200000271e+02
6.500000000000000222e-01 -9.591006839780000519e+03 2.087420214549999855e+03 1.292648176740000054e+04 -2.412789260229999968e+02 2.028567752859999871e+02 -3.275800046900000098e+02
6.500000000000000222e-01 -9.558725788890000331e+03 2.058251888679999865e+03 1.291841121960000055e+04 -2.414032572870000024e+02 2.032450884040000005e+02 -3.276083535939999933e+02
6.500000000000000222e-01 -9.604175891639999463e+03 2.184754155220000030e+03 1.289810543800000050e+04 -2.414536218400000109e+02 2.034911501670000007e+02 -3.278647650980000208e+02
6.500000000000000222e-01 -9.708698159940000551e+03 2.104288216689999899e+03 1.284632067029999962e+04 -2.413239334600000063e+02 2.030155829830000016e+02 -3.280257325669999773e+02
6.500000000000000222e-01 -9.478329305850000310e+03 2.060134320680000201e+03 1.287676911710000059e+04 -2.413747751470000082e+02 2.030470665919999931e+02 -3.274161016389999759e+02
6.500000000000000222e-01 -9.503076534850000826e+03 2.165695887949999815e+03 1.288436095050000040e+04 -2.410466723469999977e+02 2.026746955030000095e+02 -3.276317699130000278e+02
6.500000000000000222e-01 -9.660640490059999138e+03 2.024231699709999930e+03 1.287487350700000025e+04 -2.407387075830000072e+02 2.032372177899999883e+02 -3.270811454440000148e+02
6.500000000000000222e-01 -9.618873342279999633e+03 1.987595741979999957e+03 1.286079815109999981e+04 -2.413111723229999939e+02 2.035471341269999925e+02 -3.273441155180000237e+02
6.500000000000000222e-01 -9.610426678199999515e+03 1.986606174129999999e+03 1.286675141889999941e+04 -2.408928959419999956e+02 2.033091419630000019e+02 -3.271232941349999805e+02
6.500000000000000222e-01 -9.540691663170000538e+03 2.096389005959999849e+03 1.292156603390000055e+04 -2.408039164299999868e+02 2.029695285189999936e+02 -3.277249005570000122e+02
6.500000000000000222e-01 -9.629928107230000023e+03 2.219419867810000142e+03 1.284304975919999924e+04 -2.411960429560000136e+02 2.030933188539999890e+02 -3.281231907690000185e+02
6.500000000000000222e-01 -9.579056947670000227e+03 2.068911248590000014e+03 1.292416617799999949e+04 -2.411462178689999973e+02 2.035232468069999925e+02 -3.274398428559999843e+02
6.500000000000000222e-01 -9.582609702710000420e+03 2.111432338919999893e+03 1.292701620999999977e+04 -2.411363028080000106e+02 2.024949074589999896e+02 -3.275016687809999780e+02
6.500000000000000222e-01 -9.484843145180000647e+03 2.036273914639999930e+03 1.286905020999999942e+04 -2.408814049640000121e+02 2.028491455180000003e+02 -3.282120055920000254e+02
6.500000000000000222e-01 -9.577097124919999260e+03 2.100066050269999778e+03 1.292740847629999917e+04 -2.418288913039999954e+02 2.029726365939999937e+02 -3.275387391689999959e+02
6.500000000000000222e-01 -9.496966732229999252e+03 2.173548260829999890e+03 1.287330524549999973e+04 -2.408782879830000070e+02 2.028938667920000114e+02 -3.279670332090000215e+02
6.500000000000000222e-01 -9.579473969680000664e+03 2.128966955140000209e+03 1.292440817360000074e+04 -2.411781286529999875e+02 2.035736230630000136e+02 -3.276736683519999929e+02
6.500000000000000222e-01 -9.619761669980000079e+03 2.139165327839999918e+03 1.291547195110000030e+04 -2.407660997700000109e+02 2.025509997960000135e+02 -3.273410421159999828e+02
6.500000000000000222e-01 -9.602008760389999225e+03 1.967543801139999914e+03 1.283247925109999960e+04 -2.411179334489999917e+02 2.029231134650000001e+02 -3.282154790540000135e+02
6.500000000000000222e-01 -9.454314542890000666e+03 2.075925994549999814e+03 1.284587318799999957e+04 -2.414570898270000043e+02 2.030915581820000000e+02 -3.272969397439999852e+02
6.500000000000000222e-01 -9.440761691390000124e+03 2.124219895969999925e+03 1.280205574019999949e+04 -2.411136356160000105e+02 2.029769314010000016e+02 -3.283533965249999937e+02
6.500000000000000222e-01 -9.455722483010000360e+03 2.143262880020000011e+03 1.283841596600000048e+04 -2.414227461339999934e+02 2.028483519950000016e+02 -3.271472433760000058e+02
6.500000000000000222e-01 -9.546112719560000187e+03 2.136856001950000064e+03 1.291801470399999926e+04 -2.416792938780000100e+02 2.025914964140000052e+02 -3.273654765229999839e+02
6.500000000000000222e-01 -9.559998043339999640e+03 2.120037851890000184e+03 1.292442920709999999e+04 -2.408268205370000032e+02 2.033151902010000072e+02 -3.276771410970000034e+02
6.500000000000000222e-01 -9.525176224839999122e+03 2.115703894230000060e+03 1.291510804749999988e+04 -2.417595999920000054e+02 2.028080021410000029e+02 -3.273657899450000173e+02
6.500000000000000222e-01 -9.567590064899999561e+03 2.089283574520000002e+03 1.292636819239999932e+04 -2.408887921609999978e+02 2.027525374420000048e+02 -3.276260098029999881e+02
6.500000000000000222e-01 -9.596953408100000161e+03 2.192263351919999877e+03 1.289255015319999984e+04 -2.413343358520000095e+02 2.034466613939999888e+02 -3.279516178659999923e+02
6.500000000000000222e-01 -9.562588071950000085e+03 2.076336444709999796e+03 1.292439149200000065e+04 -2.408562047380000024e+02 2.025479887959999985e+02 -3.276869743080000035e+02
6.500000000000000222e-01 -9.716074038310000105e+03 2.121668417330000011e+03 1.281988847150000038e+04 -2.409337332000000060e+02 2.029514545680000026e+02 -3.272844951039999728e+02
6.500000000000000222e-01 -9.631618032759999551e+03 2.088566284550000091e+03 1.291767319970000062e+04 -2.409863577449999923e+02 2.031334854579999956e+02 -3.274275107319999734e+02
6.500000000000000222e-01 -9.618545553579999250e+03 2.016691808719999926e+03 1.289333956260000014e+04 -2.411406524989999980e+02 2.036550287329999946e+02 -3.271931791399999838e+02
6.500000000000000222e-01 -9.634277624039999864e+03 2.212192459920000147e+03 1.284771004290000019e+04 -2.408579021639999951e+02 2.025918215869999983e+02 -3.274530969529999993e+02
6.500000000000000222e-01 -9.594744974549999824e+03 2.088602309160000004e+03 1.292635382899999968e+04 -2.408490407150000010e+02 2.034653500610000094e+02 -3.274659146770000007e+02
6.500000000000000222e-01 -9.495051762439999948e+03 2.004889264540000113e+03 1.284846266140000080e+04 -2.413388886070000012e+02 2.032925148330000127e+02 -3.271404413199999794e+02
6.500000000000000222e-01 -9.513984362780000083e+03 2.034844750770000019e+03 1.289234784380000019e+04 -2.408858214649999923e+02 2.027533988460000103e+02 -3.280663436589999833e+02
6.500000000000000222e-01 -9.593021014309999373e+03 2.080993063700000221e+03 1.292568515809999917e+04 -2.408647870830000102e+02 2.033554070939999860e+02 -3.274705748790000257e+02
6.500000000000000222e-01 -9.677790079950000290e+03 2.118056580020000183e+03 1.288683877179999945e+04 -2.412977738300000112e+02 2.029882325910000134e+02 -3.277226104860000078e+02
6.500000000000000222e-01 -9.605270394510000187e+03 2.104916835859999992e+03 1.292523680489999970e+04 -2.413104941450000069e+02 2.030494955890000028e+02 -3.275618244880000134e+02
6.500000000000000222e-01 -9.680121605030000865e+03 2.064260894179999923e+03 1.288081235530000049e+04 -2.413558254120000015e+02 2.031084391040000128e+02 -3.276799728070000128e+02
6.500000000000000222e-01 -9.720753263160000643e+03 2.100044256180000048e+03 1.280676508380000087e+04 -2.409121890689999930e+02 2.030087250539999957e+02 -3.268884813380000196e+02
6.500000000000000222e-01 -9.593451171450000402e+03 2.224964292040000146e+03 1.284650293190000048e+04 -2.409451639309999962e+02 2.027965733100000136e+02 -3.279189498829999820e+02
6.500000000000000222e-01 -9.580714385749999565e+03 2.110229576310000084e+03 1.292707895810000082e+04 -2.412768665080000119e+02 2.026011353460000066e+02 -3.275250892679999879e+02
6.500000000000000222e-01 -9.610519360059999599e+03 2.108984333930000048e+03 1.292406833379999989e+04 -2.413112532689999910e+02 2.030665399389999948e+02 -3.275584857960000136e+02
6.500000000000000222e-01 -9.567183152199999313e+03 2.127150385530000221e+03 1.292414272730000084e+04 -2.415170103009999991e+02 2.027286070719999884e+02 -3.274874395250000134e+02
6.500000000000000222e-01 -9.613335040660000232e+03 2.071679871499999990e+03 1.292083602980000069e+04 -2.407431741720000105e+02 2.034687342359999889e+02 -3.273226909350000255e+02
6.500000000000000222e-01 -9.581519277999999758e+03 2.108837966030000189e+03 1.292711882429999969e+04 -2.412419124850000003e+02 2.033707985380000025e+02 -3.275837858880000226e+02
6.500000000000000222e-01 -9.559837266390000877e+03 2.106550053800000114e+03 1.292570628469999974e+04 -2.407803575959999876e+02 2.031340602010000111e+02 -3.276460047959999997e+02
6.500000000000000222e-01 -9.662982699770000181e+03 2.157157048120000127e+03 1.288636927020000076e+04 -2.407914405100000010e+02 2.027243111020000015e+02 -3.270331300820000138e+02
6.500000000000000222e-01 -9.580151922529999865e+03 2.131029637680000178e+03 1.292358499900000061e+04 -2.410655455899999993e+02 2.026461217849999912e+02 -3.275230914539999958e+02
6.500000000000000222e-01 -9.557579094169999735e+03 2.196696504259999983e+03 1.288664904329999990e+04 -2.413312736649999977e+02 2.024733085629999891e+02 -3.271360336700000175e+02
6.500000000000000222e-01 -9.567378478000000541e+03 2.082392456399999901e+03 1.292579370589999962e+04 -2.414506099680000091e+02 2.033895969520000051e+02 -3.274984782970000197e+02
6.500000000000000222e-01 -9.474770787470000869e+03 2.055669607450000058e+03 1.287067906450000009e+04 -2.413443943190000027e+02 2.030452925639999933e+02 -3.274178094239999837e+02
6.500000000000000222e-01 -9.503849678979999226e+03 2.106670463030000064e+03 1.290439673539999967e+04 -2.416932058490000088e+02 2.029743641080000032e+02 -3.273729869730000246e+02
6.500000000000000222e-01 -9.502474959819999640e+03 2.173326704510000127e+03 1.287837046689999988e+04 -2.408599232459999939e+02 2.031274786550000044e+02 -3.281107292429999802e+02
6.500000000000000222e-01 -9.651393333849999181e+03 2.005380577820000099e+03 1.286412397249999958e+04 -2.408727331489999983e+02 2.033968586029999983e+02 -3.269947949549999748e+02
6.500000000000000222e-01 -9.580704742699999770e+03 2.105497971010000128e+03 1.292737836040000002e+04 -2.411867804679999949e+02 2.023599982009999962e+02 -3.275173792360000107e+02
6.500000000000000222e-01 -9.632808689920000688e+03 2.102188077549999889e+03 1.291755952729999990e+04 -2.415688288300000011e+02 2.030258923039999956e+02 -3.276706401839999785e+02
6.500000000000000222e-01 -9.574763002370000322e+03 2.219897462280000127e+03 1.286341845590000048e+04 -2.413905428550000067e+02 2.028185006569999871e+02 -3.272178316239999845e+02
6.500000000000000222e-01 -9.515040913520000686e+03 2.170745871569999963e+03 1.288930357059999915e+04 -2.416207411530000115e+02 2.028713752969999859e+02 -3.273628105359999836e+02
6.500000000000000222e-01 -9.637449308920000476e+03 2.025947531660000095e+03 1.289268194100000073e+04 -2.411096169470000063e+02 2.026897758099999862e+02 -3.277726634339999805e+02
6.500000000000000222e-01 -9.572342604539999229e+03 2.093736023930000101e+03 1.292699017800000001e+04 -2.409854481609999937e+02 2.028463332489999971e+02 -3.275955689119999761e+02
6.500000000000000222e-01 -9.541985887779999757e+03 2.173707225799999833e+03 1.290039848189999975e+04 -2.415274844930000029e+02 2.025412330460000021e+02 -3.272319535340000130e+02
