3.450000000000000000e+05 3.726612365380000028e+03 -4.990917954090000421e+03 -6.969884832859999733e+03 -1.171762841310000027e+02 2.736313339240000175e+01 -4.629483981909999812e+01
6.500000000000000222e-01 3.897681373100000201e+03 -5.163207131959999970e+03 -6.849547447490000195e+03 -1.184824963330000003e+02 2.863084127710000004e+01 -4.710966486179999890e+01
6.500000000000000222e-01 3.580784759820000090e+03 -5.098136448350000137e+03 -6.752734917429999769e+03 -1.157689078850000044e+02 2.869184854330000078e+01 -4.519880183379999750e+01
6.500000000000000222e-01 3.541870121899999958e+03 -5.051820062939999843e+03 -6.759322890780000307e+03 -1.160676263189999986e+02 2.931559187510000086e+01 -4.446481421610000240e+01
6.500000000000000222e-01 3.658376181180000003e+03 -5.241787169950000134e+03 -6.869984400569999707e+03 -1.166684266200000053e+02 2.920835213830000043e+01 -4.478389190699999745e+01
6.500000000000000222e-01 3.809153999520000070e+03 -5.130063112109999565e+03 -6.734020311719999881e+03 -1.174039095119999985e+02 2.822698113919999940e+01 -4.631422960689999968e+01
6.500000000000000222e-01 3.775842563870000049e+03 -4.867802367430000231e+03 -6.714388622909999867e+03 -1.173752752519999945e+02 2.965728519170000155e+01 -4.670912053130000174e+01
6.500000000000000222e-01 3.603014833459999863e+03 -4.931988202129999991e+03 -6.714492598990000261e+03 -1.188631166370000045e+02 2.878286673230000048e+01 -4.626091298290000253e+01
6.500000000000000222e-01 3.800196277699999882e+03 -4.881183510019999630e+03 -6.715556171559999711e+03 -1.180011314599999963e+02 2.940789955880000051e+01 -4.659236592469999749e+01
6.500000000000000222e-01 3.886069953180000084e+03 -5.036638933010000073e+03 -6.742329283660000328e+03 -1.174604240329999953e+02 2.755278901659999846e+01 -4.716034709129999669e+01
6.500000000000000222e-01 3.795657926440000210e+03 -4.979774361189999581e+03 -6.693598698869999680e+03 -1.161035828809999941e+02 2.841267481170000053e+01 -4.663715839759999682e+01
6.500000000000000222e-01 3.595651062750000165e+03 -5.094235485750000407e+03 -6.740168968599999971e+03 -1.156381342450000034e+02 2.941867925929999927e+01 -4.472495217889999708e+01
6.500000000000000222e-01 3.475792225570000028e+03 -4.905220190449999791e+03 -6.867943988390000413e+03 -1.168249110830000035e+02 2.783012584369999942e+01 -4.592043050910000090e+01
6.500000000000000222e-01 3.653588012929999877e+03 -4.778441316049999841e+03 -6.802389407710000341e+03 -1.170770115830000009e+02 2.706930725790000025e+01 -4.589856340109999877e+01
6.500000000000000222e-01 3.511316743819999829e+03 -4.901655935069999941e+03 -6.795490856139999778e+03 -1.185605407359999930e+02 2.873147512710000129e+01 -4.693630731670000245e+01
6.500000000000000222e-01 3.503378347410000060e+03 -5.037216044849999889e+03 -6.801763926480000009e+03 -1.164969929930000063e+02 2.829628445710000051e+01 -4.556324975119999721e+01
6.500000000000000222e-01 3.656192264360000081e+03 -5.093442083410000123e+03 -6.714359888379999575e+03 -1.187263894489999956e+02 2.696700702309999897e+01 -4.710646757669999829e+01
6.500000000000000222e-01 3.570802977540000029e+03 -5.030579002749999745e+03 -6.731282429359999696e+03 -1.156079014999999970e+02 2.918744617859999835e+01 -4.436988125090000068e+01
6.500000000000000222e-01 3.687792439070000000e+03 -4.741311333100000411e+03 -6.844630234129999735e+03 -1.174612821770000011e+02 2.746177604269999861e+01 -4.676967404049999999e+01
6.500000000000000222e-01 3.921766726219999782e+03 -4.843970082169999841e+03 -6.833819767570000295e+03 -1.179895771129999957e+02 2.800919439209999950e+01 -4.791518343810000147e+01
6.500000000000000222e-01 3.801288643750000119e+03 -4.736873506169999928e+03 -6.857594537250000030e+03 -1.188386896380000053e+02 2.804559209259999975e+01 -4.651708307060000180e+01
6.500000000000000222e-01 3.636524531489999845e+03 -4.914225556139999753e+03 -6.707114644729999782e+03 -1.165225564689999942e+02 2.710429527320000176e+01 -4.500596539760000070e+01
6.500000000000000222e-01 3.634398131989999911e+03 -4.874895506140000180e+03 -6.719269760870000027e+03 -1.188985655660000020e+02 2.949999093219999935e+01 -4.640097709500000178e+01
6.500000000000000222e-01 3.610638426070000151e+03 -5.134304257619999589e+03 -6.755366840360000424e+03 -1.178227414840000051e+02 2.709134250760000029e+01 -4.751941395939999779e+01
6.500000000000000222e-01 3.563455752599999869e+03 -4.970991629070000272e+03 -6.731043826410000293e+03 -1.180621228730000070e+02 2.861028936370000153e+01 -4.595173561650000238e+01
6.500000000000000222e-01 3.550781197369999973e+03 -4.990621442640000168e+03 -6.741030438060000051e+03 -1.167947164929999957e+02 2.857053183369999871e+01 -4.519999062769999654e+01
6.500000000000000222e-01 3.738761490010000216e+03 -4.813348785619999944e+03 -6.738188467640000454e+03 -1.184977546260000025e+02 2.986859955919999976e+01 -4.666125983420000267e+01
6.500000000000000222e-01 3.599142397839999830e+03 -4.832737560049999956e+03 -6.769561632320000172e+03 -1.163491222589999978e+02 2.644084799599999869e+01 -4.399526352899999893e+01
6.500000000000000222e-01 3.671746233389999816e+03 -5.039704908460000297e+03 -6.693280087439999988e+03 -1.160559227210000017e+02 2.979738500910000099e+01 -4.539081301360000253e+01
6.500000000000000222e-01 3.690745917990000180e+03 -4.898933964320000086e+03 -6.700460119340000347e+03 -1.174549291329999932e+02 2.770318695639999973e+01 -4.573348333930000109e+01
6.500000000000000222e-01 3.852060977940000157e+03 -4.832939679539999815e+03 -6.770055834099999629e+03 -1.195741956479999999e+02 2.638456487839999909e+01 -4.423935489530000353e+01
6.500000000000000222e-01 3.628764094569999997e+03 -5.062039521489999970e+03 -6.711684753550000096e+03 -1.181776284190000013e+02 2.917372556220000135e+01 -4.615569403479999977e+01
6.500000000000000222e-01 3.844732902490000015e+03 -4.937953431840000121e+03 -6.717730133510000087e+03 -1.202437346389999959e+02 2.711869424460000033e+01 -4.506980785660000066e+01
6.500000000000000222e-01 3.704663601339999786e+03 -4.988030740670000341e+03 -6.682797360059999846e+03 -1.157089109470000068e+02 2.875418733820000128e+01 -4.564947920059999831e+01
6.500000000000000222e-01 3.936151130050000120e+03 -4.826344676830000026e+03 -6.884896540470000218e+03 -1.176884589219999953e+02 2.679816556840000175e+01 -4.768101084610000129e+01
6.500000000000000222e-01 3.731597324620000109e+03 -5.008058841789999860e+03 -6.684260673439999664e+03 -1.172927822209999960e+02 2.666861300340000085e+01 -4.615196304319999854e+01
6.500000000000000222e-01 3.725975739720000092e+03 -4.940351892589999807e+03 -6.687203778840000268e+03 -1.177206003820000006e+02 2.774751843439999988e+01 -4.587055267350000065e+01
6.500000000000000222e-01 3.743519383320000088e+03 -4.739436050319999595e+03 -6.818228996140000163e+03 -1.191272490190000042e+02 2.845221417699999833e+01 -4.584846738219999907e+01
6.500000000000000222e-01 3.588446869460000016e+03 -5.187701282789999823e+03 -6.832474897219999548e+03 -1.177652299610000028e+02 2.908936394219999855e+01 -4.722051223449999924e+01
6.500000000000000222e-01 3.873112953320000088e+03 -4.838010517480000090e+03 -6.783611473959999785e+03 -1.173850223080000035e+02 2.689503426550000142e+01 -4.660048897250000266e+01
6.500000000000000222e-01 3.643254295669999919e+03 -5.174875002789999598e+03 -6.776961495939999622e+03 -1.167748806959999968e+02 3.020538503990000123e+01 -4.486464295329999885e+01
4.560000000000000000e+04 6.675042182510000202e+03 2.486371782220000114e+03 1.784764112630000091e+04 2.049168144450000000e+02 -6.070072302949999710e+01 2.029632103280000024e+02
6.500000000000000222e-01 6.615278370480000376e+03 2.639378036290000182e+03 1.797679164300000048e+04 2.047679632159999983e+02 -6.068763435449999832e+01 2.034001752089999968e+02
6.500000000000000222e-01 6.765651977790000274e+03 2.563543038859999797e+03 1.801605462990000160e+04 2.053789590309999937e+02 -6.013407005330000032e+01 2.027042824259999918e+02
6.500000000000000222e-01 6.611540527840000323e+03 2.626908019039999999e+03 1.798314737909999894e+04 2.047940309850000062e+02 -6.020168384400000150e+01 2.023751175760000081e+02
6.500000000000000222e-01 6.643933509479999884e+03 2.484464905880000060e+03 1.805104377849999946e+04 2.052654572429999860e+02 -6.063347017000000250e+01 2.031308261519999974e+02
6.500000000000000222e-01 6.718317809860000125e+03 2.525235395510000217e+03 1.804581727830000091e+04 2.044392483930000139e+02 -6.134915221060000334e+01 2.034606368329999952e+02
6.500000000000000222e-01 6.677513818049999827e+03 2.482822892459999821e+03 1.805366156019999835e+04 2.048904778879999924e+02 -6.033829356079999684e+01 2.031374191200000041e+02
6.500000000000000222e-01 6.802747171820000403e+03 2.339356051530000059e+03 1.790684478930000114e+04 2.049521388800000068e+02 -6.066009300870000231e+01 2.021544687859999954e+02
6.500000000000000222e-01 6.675628176690000146e+03 2.491068011719999959e+03 1.805368206460000147e+04 2.050433793550000132e+02 -6.032390513770000240e+01 2.031260362829999906e+02
6.500000000000000222e-01 6.635915701390000322e+03 2.671422420790000160e+03 1.791836235890000171e+04 2.051817121930000098e+02 -6.085306871259999895e+01 2.023603191299999935e+02
6.500000000000000222e-01 6.491714231019999715e+03 2.483284616829999777e+03 1.793648014870000043e+04 2.051157502679999993e+02 -6.069295888949999807e+01 2.027566643790000001e+02
6.500000000000000222e-01 6.762195025109999733e+03 2.429833395029999792e+03 1.802693874399999913e+04 2.046867333110000118e+02 -6.046742195280000232e+01 2.034563232870000036e+02
6.500000000000000222e-01 6.873127358069999900e+03 2.473307067960000040e+03 1.789682419790000131e+04 2.047505313259999866e+02 -6.066207830820000169e+01 2.030841297599999962e+02
6.500000000000000222e-01 6.722218802919999689e+03 2.585365528540000014e+03 1.802317858680000063e+04 2.046344523390000063e+02 -6.031969996729999650e+01 2.031275391990000116e+02
6.500000000000000222e-01 6.665561601360000168e+03 2.428774124229999870e+03 1.804444714369999929e+04 2.047817836670000133e+02 -6.101152457930000139e+01 2.029221237970000118e+02
6.500000000000000222e-01 6.690822121889999835e+03 2.504151429510000071e+03 1.805262753750000047e+04 2.055606831739999905e+02 -6.000966505440000276e+01 2.030800707630000090e+02
6.500000000000000222e-01 6.713784992629999579e+03 2.424407601119999981e+03 1.804141658040000038e+04 2.050731580030000032e+02 -6.050714204980000233e+01 2.032574111950000031e+02
6.500000000000000222e-01 6.643627316860000064e+03 2.478846999289999985e+03 1.805093673860000126e+04 2.054570333679999976e+02 -6.047807565930000351e+01 2.031776479989999871e+02
6.500000000000000222e-01 6.669389760000000024e+03 2.486062197709999964e+03 1.805358397830000104e+04 2.049185585269999876e+02 -6.064923054190000329e+01 2.031195210070000030e+02
6.500000000000000222e-01 6.588887908949999655e+03 2.383120668489999844e+03 1.800116942719999861e+04 2.045832707509999864e+02 -6.037936178809999888e+01 2.027662911280000060e+02
6.500000000000000222e-01 6.814717898199999581e+03 2.366197213089999877e+03 1.794253027680000014e+04 2.052553625769999996e+02 -6.090992481490000188e+01 2.025400474680000116e+02
6.500000000000000222e-01 6.595135454229999596e+03 2.612400639789999786e+03 1.798522945049999907e+04 2.055963797119999867e+02 -6.147924380130000088e+01 2.037322934389999887e+02
6.500000000000000222e-01 6.747311542030000055e+03 2.417235775839999860e+03 1.802544991619999928e+04 2.050323042999999927e+02 -6.062083152289999788e+01 2.028758027449999872e+02
6.500000000000000222e-01 6.670697862400000304e+03 2.498175737030000164e+03 1.805353535140000167e+04 2.054711888029999898e+02 -6.154342996809999988e+01 2.032332874569999888e+02
6.500000000000000222e-01 6.686643338629999562e+03 2.644761799400000200e+03 1.797426050530000066e+04 2.052589376040000104e+02 -6.159859700119999815e+01 2.037583695250000062e+02
6.500000000000000222e-01 6.634600263149999591e+03 2.516784734779999781e+03 1.804759541990000071e+04 2.053810017529999925e+02 -6.084428863219999783e+01 2.032417879040000059e+02
6.500000000000000222e-01 6.731599842339999668e+03 2.408151882780000051e+03 1.802788039650000064e+04 2.051804015559999925e+02 -6.090857098730000274e+01 2.027660386450000090e+02
6.500000000000000222e-01 6.595346727410000312e+03 2.555218145299999833e+03 1.802177457940000022e+04 2.057487180100000046e+02 -6.130524950360000247e+01 2.034130147090000094e+02
6.500000000000000222e-01 6.791159593710000081e+03 2.551810908660000223e+03 1.800533098869999958e+04 2.045402087740000070e+02 -6.116142432510000049e+01 2.037184110279999913e+02
6.500000000000000222e-01 6.519953138380000382e+03 2.362608048080000117e+03 1.789413954190000004e+04 2.052981090840000036e+02 -6.051501254170000266e+01 2.036238844689999894e+02
6.500000000000000222e-01 6.572075343149999753e+03 2.313347708360000070e+03 1.788149541889999819e+04 2.051774094699999864e+02 -6.051117495359999765e+01 2.033766499280000062e+02
6.500000000000000222e-01 6.746109651789999589e+03 2.507865523039999971e+03 1.804043281299999944e+04 2.045510291150000057e+02 -6.090082479880000221e+01 2.033874401459999888e+02
6.500000000000000222e-01 6.665352145130000281e+03 2.396857359489999908e+03 1.803368544639999891e+04 2.054025062579999883e+02 -6.096718087939999720e+01 2.030420706049999922e+02
6.500000000000000222e-01 6.716042937719999827e+03 2.404974843970000165e+03 1.802982420379999894e+04 2.044478891809999936e+02 -5.977802586439999999e+01 2.033908399560000078e+02
6.500000000000000222e-01 6.644242876639999849e+03 2.530858240189999833e+03 1.804604560069999934e+04 2.056817718570000011e+02 -6.148476180910000011e+01 2.033936492530000066e+02
6.500000000000000222e-01 6.719956232059999820e+03 2.518623004080000101e+03 1.804630890279999949e+04 2.049371454980000067e+02 -6.048168045989999797e+01 2.031358198080000079e+02
6.500000000000000222e-01 6.669890462399999706e+03 2.294475990989999900e+03 1.792148530730000130e+04 2.051471664020000105e+02 -6.036652231539999747e+01 2.036765285040000037e+02
6.500000000000000222e-01 6.633503934739999750e+03 2.520401107409999895e+03 1.804568013409999912e+04 2.050422389610000096e+02 -6.066937759220000004e+01 2.030340422209999929e+02
6.500000000000000222e-01 6.697214320910000424e+03 2.487123496650000106e+03 1.805288354370000161e+04 2.040558021020000012e+02 -6.064656081559999734e+01 2.032933369900000002e+02
6.500000000000000222e-01 6.649272107110000434e+03 2.399278949500000181e+03 1.803278712209999867e+04 2.054789052419999962e+02 -6.073272763029999766e+01 2.031472087200000090e+02
6.500000000000000222e-01 6.613247505919999639e+03 2.476657074040000225e+03 1.804327828360000058e+04 2.047418951479999976e+02 -6.072939437170000332e+01 2.029509466739999937e+02
1.390000000000000000e+04 -9.834792004330000054e+03 2.314638155820000065e+03 1.243661369200000081e+04 -2.395864453030000050e+02 2.026492788170000097e+02 -3.296960524950000035e+02
6.500000000000000222e-01 -9.957203715179999563e+03 2.362217160319999948e+03 1.249231515819999913e+04 -2.397326261810000005e+02 2.026414782839999873e+02 -3.300107369439999729e+02
6.500000000000000222e-01 -9.928075381049999123e+03 2.413304087280000203e+03 1.247842062869999972e+04 -2.394195277949999934e+02 2.023635648439999954e+02 -3.289766699759999824e+02
6.500000000000000222e-01 -9.713624522860000070e+03 2.256070959430000130e+03 1.248138029839999945e+04 -2.395571688569999935e+02 2.026559432550000110e+02 -3.304098671030000105e+02
6.500000000000000222e-01 -9.796179467239999212e+03 2.263239231149999796e+03 1.256514307120000012e+04 -2.393726768139999876e+02 2.022618272119999858e+02 -3.298687635530000080e+02
6.500000000000000222e-01 -9.804778211709999596e+03 2.273699880440000015e+03 1.257112938910000048e+04 -2.397858525839999970e+02 2.028118607590000124e+02 -3.295426845580000190e+02
6.500000000000000222e-01 -9.718937408089999735e+03 2.356591512229999807e+03 1.250807633999999962e+04 -2.397819053650000001e+02 2.024571927439999968e+02 -3.295965381319999778e+02
6.500000000000000222e-01 -9.942564883540000665e+03 2.265637226800000008e+03 1.251817694769999980e+04 -2.399410594290000063e+02 2.027138040799999885e+02 -3.299171327239999982e+02
6.500000000000000222e-01 -9.728536841220000497e+03 2.308021907219999775e+03 1.253088380859999961e+04 -2.393467980810000029e+02 2.026395225720000042e+02 -3.302251330249999910e+02
6.500000000000000222e-01 -9.881509885159999612e+03 2.359185626439999851e+03 1.256373072200000024e+04 -2.393903827940000042e+02 2.022996694889999958e+02 -3.294516148490000091e+02
6.500000000000000222e-01 -9.846178027620000648e+03 2.273328112430000147e+03 1.257386995430000024e+04 -2.396245497920000105e+02 2.024152024340000082e+02 -3.296537892690000149e+02
6.500000000000000222e-01 -9.866673444570000356e+03 2.397728265749999991e+03 1.254665168230000018e+04 -2.396092119779999905e+02 2.026485135309999919e+02 -3.298436981570000057e+02
6.500000000000000222e-01 -9.832698347229999854e+03 2.312968402789999800e+03 1.258023449110000001e+04 -2.392051699289999931e+02 2.023398526860000004e+02 -3.295933524970000121e+02
6.500000000000000222e-01 -9.846050661490000493e+03 2.351843778559999919e+03 1.257419542200000069e+04 -2.395216007280000099e+02 2.022734316620000072e+02 -3.295332147479999776e+02
6.500000000000000222e-01 -9.868880242970000836e+03 2.421429178570000204e+03 1.252939319029999933e+04 -2.398786625850000007e+02 2.025640241309999965e+02 -3.293153822749999904e+02
6.500000000000000222e-01 -9.918705713639999885e+03 2.397282279709999784e+03 1.251613322650000009e+04 -2.397590806229999885e+02 2.026825028289999864e+02 -3.299941145139999890e+02
6.500000000000000222e-01 -9.819819200769999952e+03 2.318312993189999816e+03 1.257927171570000064e+04 -2.391597733899999980e+02 2.028059352330000138e+02 -3.296655740950000109e+02
6.500000000000000222e-01 -9.828016234830000030e+03 2.283177724040000157e+03 1.257648989459999939e+04 -2.395933111329999861e+02 2.020873894290000123e+02 -3.297379664140000273e+02
6.500000000000000222e-01 -9.921019075820000580e+03 2.293614428920000137e+03 1.254947268210000038e+04 -2.392813693669999964e+02 2.027270231770000066e+02 -3.292605976510000119e+02
6.500000000000000222e-01 -9.840810373169999366e+03 2.309839880600000015e+03 1.257996142320000035e+04 -2.398301126270000054e+02 2.026477100250000092e+02 -3.296063028159999817e+02
6.500000000000000222e-01 -9.843410765029999311e+03 2.274468508500000098e+03 1.257433018330000050e+04 -2.397804115700000125e+02 2.021271513030000051e+02 -3.297450657429999978e+02
6.500000000000000222e-01 -9.838020044040000357e+03 2.313958598119999806e+03 1.258027168929999971e+04 -2.391627643920000139e+02 2.028791687920000015e+02 -3.295624727100000086e+02
6.500000000000000222e-01 -9.789598143729999720e+03 2.367622677429999840e+03 1.256142855090000012e+04 -2.393794501700000126e+02 2.029942070580000006e+02 -3.299501324529999806e+02
6.500000000000000222e-01 -9.884182328749999215e+03 2.309997780919999968e+03 1.257175571470000068e+04 -2.395583476220000136e+02 2.027246946269999910e+02 -3.294908840620000205e+02
6.500000000000000222e-01 -9.837489845939999213e+03 2.326546655430000101e+03 1.257978012809999927e+04 -2.397194779440000048e+02 2.021294834660000106e+02 -3.295335053410000228e+02
6.500000000000000222e-01 -9.966743518369999947e+03 2.294000312919999942e+03 1.248860783269999956e+04 -2.396959485019999931e+02 2.027153976580000005e+02 -3.298169246200000089e+02
6.500000000000000222e-01 -9.842215977489999204e+03 2.292215451240000220e+03 1.257830785060000017e+04 -2.395515745010000046e+02 2.028920225999999900e+02 -3.295494162709999841e+02
6.500000000000000222e-01 -9.792315482359999805e+03 2.377521211899999798e+03 1.255758239580000009e+04 -2.394074688240000057e+02 2.029480020709999906e+02 -3.299660161539999876e+02
6.500000000000000222e-01 -9.827700418799999170e+03 2.359862946140000076e+03 1.257292852700000003e+04 -2.399750023450000072e+02 2.026820683589999987e+02 -3.295755756149999911e+02
6.500000000000000222e-01 -9.895015901360000498e+03 2.331847627699999975e+03 1.256617928140000004e+04 -2.391498467360000006e+02 2.024769776930000091e+02 -3.292500987679999866e+02
6.500000000000000222e-01 -9.852313660600000730e+03 2.299380825839999943e+03 1.257835217259999990e+04 -2.396662371170000085e+02 2.026389524450000010e+02 -3.295895538620000025e+02
6.500000000000000222e-01 -9.786410223180000685e+03 2.252489894089999780e+03 1.255585091470000043e+04 -2.394029709190000119e+02 2.023021479660000068e+02 -3.300205441319999977e+02
6.500000000000000222e-01 -9.741227183599999989e+03 2.399158151199999793e+03 1.250209049170000071e+04 -2.399888413920000119e+02 2.023879736840000021e+02 -3.291876581349999924e+02
6.500000000000000222e-01 -9.867865941340000063e+03 2.355928476239999782e+03 1.257056829339999967e+04 -2.393931411190000063e+02 2.021825980669999865e+02 -3.293058721909999917e+02
6.500000000000000222e-01 -9.828331180389999645e+03 2.319875089059999937e+03 1.257996705210000073e+04 -2.392428035140000020e+02 2.030379069720000018e+02 -3.296233570790000158e+02
6.500000000000000222e-01 -9.824872306130000652e+03 2.336487614900000153e+03 1.257810904610000034e+04 -2.395721387229999948e+02 2.031455160650000096e+02 -3.296852984519999836e+02
6.500000000000000222e-01 -9.802615104369999244e+03 2.344623141770000075e+03 1.257290530179999951e+04 -2.393645834380000110e+02 2.030578510020000067e+02 -3.298107920190000186e+02
6.500000000000000222e-01 -9.814840319459999591e+03 2.293956671259999894e+03 1.257701996030000009e+04 -2.402140601510000124e+02 2.031524010480000015e+02 -3.294784256020000157e+02
6.500000000000000222e-01 -9.866962533050000275e+03 2.353972981259999870e+03 1.257179040209999948e+04 -2.400566938279999931e+02 2.030024417449999987e+02 -3.296768398950000005e+02
6.500000000000000222e-01 -9.877715862099999867e+03 2.294584149820000221e+03 1.257251280290000068e+04 -2.402546628929999883e+02 2.024317825599999878e+02 -3.297494713199999978e+02
6.500000000000000222e-01 -9.729392713499999445e+03 2.376702368409999963e+03 1.250929080539999995e+04 -2.399388898480000023e+02 2.023515420630000108e+02 -3.292625605100000143e+02
