3.450000000000000000e+05 3.858359410800000205e+03 -5.019574104270000134e+03 -6.912835908500000187e+03 -1.155878329260000044e+02 2.523255461769999997e+01 -4.982922428050000008e+01
6.500000000000000222e-01 3.772641102409999803e+03 -4.932729832979999628e+03 -6.653599187769999844e+03 -1.157234588480000070e+02 2.553498637310000063e+01 -4.923791470070000287e+01
6.500000000000000222e-01 3.683767192700000123e+03 -5.139575795859999744e+03 -7.100803634679999959e+03 -1.156517794309999942e+02 2.524285710330000043e+01 -4.897908968520000172e+01
6.500000000000000222e-01 4.048016900009999972e+03 -4.947457242589999623e+03 -6.716277062170000136e+03 -1.153046502060000051e+02 2.560698993740000162e+01 -5.123502314899999988e+01
6.500000000000000222e-01 3.837374156039999889e+03 -5.120566884240000036e+03 -7.182205590550000124e+03 -1.151346329870000034e+02 2.246917376140000044e+01 -4.960509423119999894e+01
6.500000000000000222e-01 3.970682588080000187e+03 -5.219848606810000092e+03 -7.074393158539999604e+03 -1.157444776140000045e+02 2.540003347020000035e+01 -5.005795864310000098e+01
6.500000000000000222e-01 3.958935719220000010e+03 -4.791209436140000435e+03 -7.041992333399999552e+03 -1.164273096520000053e+02 2.341883774160000087e+01 -5.156128581979999836e+01
6.500000000000000222e-01 3.630219752980000067e+03 -4.913829678459999741e+03 -7.042465354760000082e+03 -1.143080724099999941e+02 2.489278837750000051e+01 -5.056888151649999941e+01
6.500000000000000222e-01 4.023093569940000179e+03 -4.834404607129999931e+03 -7.043917921000000206e+03 -1.159601642199999958e+02 2.312262020109999838e+01 -5.116714449290000033e+01
6.500000000000000222e-01 3.634309536050000133e+03 -4.950630978819999655e+03 -6.740455079049999767e+03 -1.153602058740000018e+02 2.616165868959999941e+01 -4.829733242599999699e+01
6.500000000000000222e-01 3.586088352969999960e+03 -5.041009647419999965e+03 -6.837092304009999680e+03 -1.144654154680000033e+02 2.598304469409999840e+01 -4.697984883590000038e+01
6.500000000000000222e-01 3.683960648119999860e+03 -5.158937121439999828e+03 -7.086728337919999831e+03 -1.157512799680000057e+02 2.469168732039999981e+01 -4.837083116670000038e+01
6.500000000000000222e-01 3.943878350169999976e+03 -5.044708899580000434e+03 -6.645433670329999586e+03 -1.174805214929999977e+02 2.645053743080000075e+01 -4.970379358919999646e+01
6.500000000000000222e-01 3.797392137389999789e+03 -4.862343248580000363e+03 -7.145177440530000240e+03 -1.157564290360000001e+02 2.448052301039999890e+01 -4.991962766390000183e+01
6.500000000000000222e-01 3.703887973479999800e+03 -4.959442670250000447e+03 -7.139904394289999800e+03 -1.130136093389999985e+02 2.401414506420000095e+01 -5.086917645679999822e+01
6.500000000000000222e-01 4.011886021400000118e+03 -4.980537307759999749e+03 -6.680908889899999849e+03 -1.168718371970000049e+02 2.584811203330000140e+01 -5.006497302329999854e+01
6.500000000000000222e-01 3.730081764850000127e+03 -5.237228036860000429e+03 -7.041369348049999644e+03 -1.139989255990000032e+02 2.624201335189999895e+01 -5.235354304879999887e+01
6.500000000000000222e-01 3.639963693400000011e+03 -5.088051393359999565e+03 -7.075496709170000031e+03 -1.156831594749999965e+02 2.473893759990000163e+01 -4.787000209250000182e+01
6.500000000000000222e-01 3.869765682690000176e+03 -5.129345559090000279e+03 -6.655644325399999616e+03 -1.169311867429999978e+02 2.844199918520000026e+01 -4.924375004529999700e+01
6.500000000000000222e-01 3.747686358450000171e+03 -5.096665140950000023e+03 -6.661656249599999683e+03 -1.141008393879999971e+02 2.705226960259999913e+01 -4.856992342430000065e+01
6.500000000000000222e-01 3.903455067479999798e+03 -4.927708923070000310e+03 -7.176100557929999923e+03 -1.147842477100000025e+02 2.251104487150000111e+01 -5.025823312119999997e+01
6.500000000000000222e-01 3.658792257709999831e+03 -4.850588445260000299e+03 -7.030054824130000270e+03 -1.158468849190000043e+02 2.560409936739999992e+01 -4.792959674189999930e+01
6.500000000000000222e-01 3.704902983659999791e+03 -4.826761823779999759e+03 -7.051642152849999547e+03 -1.146811237799999930e+02 2.402191550430000078e+01 -5.088834386709999791e+01
6.500000000000000222e-01 3.986011575080000057e+03 -4.849432175339999958e+03 -6.724354956959999981e+03 -1.179399999930000007e+02 2.456250400089999886e+01 -4.791498544080000244e+01
6.500000000000000222e-01 4.089176923869999882e+03 -5.039256198959999892e+03 -6.754850822870000229e+03 -1.169590421489999983e+02 2.530825592609999930e+01 -4.982229451989999802e+01
6.500000000000000222e-01 4.078314075750000029e+03 -5.011526916679999886e+03 -6.739498508669999865e+03 -1.162921158999999989e+02 2.535354633180000050e+01 -5.076801597099999697e+01
6.500000000000000222e-01 3.832770374419999825e+03 -5.246302087670000219e+03 -6.744940886069999578e+03 -1.149202895089999998e+02 2.696352838800000029e+01 -4.867295500139999831e+01
6.500000000000000222e-01 3.733715011509999840e+03 -4.867244215529999565e+03 -7.120429404440000326e+03 -1.162911130720000017e+02 2.595827867310000059e+01 -4.828220599000000135e+01
6.500000000000000222e-01 3.665148090549999779e+03 -5.207892896340000334e+03 -6.991732034009999552e+03 -1.151820469390000028e+02 2.541670050950000004e+01 -4.800611056879999694e+01
6.500000000000000222e-01 3.753093910040000083e+03 -4.769657542670000112e+03 -7.010613878510000177e+03 -1.160785673050000071e+02 2.506850516709999965e+01 -4.913818126620000015e+01
6.500000000000000222e-01 3.732202938679999988e+03 -5.164728152040000168e+03 -6.704967997529999593e+03 -1.165311166789999930e+02 2.499027248180000171e+01 -5.123756599949999924e+01
6.500000000000000222e-01 4.046573726250000163e+03 -4.851136457030000201e+03 -6.789551418390000435e+03 -1.162126434399999937e+02 2.421455285980000127e+01 -4.958986075269999816e+01
6.500000000000000222e-01 3.627660402949999934e+03 -5.109029786889999741e+03 -6.773944872340000074e+03 -1.162666627539999951e+02 2.582283000340000001e+01 -5.133018661610000066e+01
6.500000000000000222e-01 3.580411745809999957e+03 -5.057951459650000288e+03 -6.930928387820000353e+03 -1.149281932420000061e+02 2.565561895220000110e+01 -4.702015130489999706e+01
6.500000000000000222e-01 3.924528952040000149e+03 -4.966878839680000056e+03 -7.185829776509999647e+03 -1.166280269760000010e+02 2.363988853069999863e+01 -5.056204484839999935e+01
6.500000000000000222e-01 3.745668743069999891e+03 -4.759714831190000041e+03 -6.885198769249999714e+03 -1.157001772029999955e+02 2.476662471890000106e+01 -4.678463469270000274e+01
6.500000000000000222e-01 3.854317072649999773e+03 -4.739005963190000330e+03 -6.959446937339999749e+03 -1.163202229190000025e+02 2.479447478710000041e+01 -4.891995214720000007e+01
6.500000000000000222e-01 3.888628937330000099e+03 -4.887416263420000178e+03 -7.155960575060000338e+03 -1.143309102810000013e+02 2.264791354839999826e+01 -4.994787242160000318e+01
6.500000000000000222e-01 3.934272706879999987e+03 -4.907020056379999914e+03 -6.662461499959999855e+03 -1.162770142899999968e+02 2.420228439490000127e+01 -4.907911338889999797e+01
6.500000000000000222e-01 3.726944161320000148e+03 -5.144745907919999809e+03 -6.696084730259999560e+03 -1.159579177570000041e+02 2.767030655390000149e+01 -4.926374900750000307e+01
6.500000000000000222e-01 3.930266842720000113e+03 -4.843627744360000179e+03 -6.699359656130000076e+03 -1.157677653129999982e+02 2.672967340920000012e+01 -5.070337788239999810e+01
9.810000000000000000e+05 8.286930278280000493e+04 -2.399031743490000110e+02 3.511381848989999708e+04 -9.414746793129999958e+00 2.647753187269999842e+01 -5.260795715950000329e+01
6.500000000000000222e-01 8.340469912499999919e+04 -1.649258498220000092e+03 3.705429259199999797e+04 -8.660127765609999528e+00 2.557673041980000050e+01 -5.296400216389999827e+01
6.500000000000000222e-01 8.445204526660000556e+04 1.067266378040000063e+03 3.377001339510000253e+04 -9.728841565599999797e+00 2.586059245130000050e+01 -5.352921461889999932e+01
6.500000000000000222e-01 8.357037664899999800e+04 -1.778182729119999976e+03 3.689220195989999775e+04 -9.717571234239999356e+00 2.735768342749999960e+01 -5.171757653750000117e+01
6.500000000000000222e-01 8.045417601520000608e+04 -4.030475282369999945e+02 3.471037739249999868e+04 -9.542444445070000114e+00 2.649522240170000131e+01 -5.243618318659999744e+01
6.500000000000000222e-01 8.456413781929999823e+04 1.350347705039999937e+03 3.432793065349999961e+04 -9.194487611230000468e+00 2.679890653580000048e+01 -5.138943832630000230e+01
6.500000000000000222e-01 8.178116475789999822e+04 1.956493871509999963e+03 3.520238668170000165e+04 -9.404398296260000123e+00 2.637870390140000154e+01 -5.301804316329999978e+01
6.500000000000000222e-01 8.234531802059999609e+04 3.651136505119999924e+02 3.743248515310000221e+04 -8.509499635430000097e+00 2.547694045240000094e+01 -5.224423701140000276e+01
6.500000000000000222e-01 8.284189269599999534e+04 2.212991736710000168e+03 3.509652849530000094e+04 -9.407506440549999738e+00 2.639232867549999995e+01 -5.301984376480000094e+01
6.500000000000000222e-01 8.266742671800000244e+04 6.569849553830000559e+02 3.283799196059999667e+04 -9.556410253919999320e+00 2.581745239589999841e+01 -5.294669831270000060e+01
6.500000000000000222e-01 8.178660501020000083e+04 -2.580372895730000096e+02 3.291204297919999954e+04 -9.297568596319999656e+00 2.649080080899999956e+01 -5.269211533920000079e+01
6.500000000000000222e-01 8.462633223630000430e+04 -1.380976615679999895e+03 3.384246786440000142e+04 -9.297692149270000428e+00 2.653427331440000003e+01 -5.185263751490000317e+01
6.500000000000000222e-01 8.228761173479999707e+04 -2.011180294049999873e+02 3.749678612109999813e+04 -9.326049031500000197e+00 2.649205517249999886e+01 -5.265361796410000039e+01
6.500000000000000222e-01 8.189170258139999351e+04 -2.089516833700000007e+03 3.639816531119999854e+04 -8.866488796040000508e+00 2.606776815030000094e+01 -5.257090389039999678e+01
6.500000000000000222e-01 8.254889370699999563e+04 -2.583740755700000136e+03 3.445721805909999966e+04 -9.160337547370000166e+00 2.653800709780000133e+01 -5.345384499829999925e+01
6.500000000000000222e-01 8.123468995990000258e+04 -2.060101701319999847e+03 3.529930465160000313e+04 -9.361802048350000405e+00 2.655780533420000111e+01 -5.154931127590000273e+01
6.500000000000000222e-01 8.403671488719999616e+04 -2.207176524139999856e+03 3.423896746249999705e+04 -9.657748324199999956e+00 2.672799146710000073e+01 -5.208542159910000180e+01
6.500000000000000222e-01 8.520494109670000034e+04 3.711379550739999900e+02 3.555483800769999652e+04 -9.189351981210000631e+00 2.643219381020000114e+01 -5.312778005399999870e+01
6.500000000000000222e-01 8.530901695289999770e+04 1.526410782129999966e+01 3.517519552480000129e+04 -9.358209679919999857e+00 2.647222242799999847e+01 -5.235802655730000055e+01
6.500000000000000222e-01 8.173557386400000541e+04 -1.714209831970000096e+03 3.351262889500000165e+04 -8.817407640369999910e+00 2.629284034690000027e+01 -5.296329827809999813e+01
6.500000000000000222e-01 8.196742885500000557e+04 5.382578339059999735e+02 3.726038324850000208e+04 -9.097274886859999299e+00 2.624460057550000158e+01 -5.225831329519999713e+01
6.500000000000000222e-01 8.201949275530000159e+04 1.077615223000000015e+03 3.322401330359999702e+04 -1.021984878059999957e+01 2.744083824519999837e+01 -5.184852017939999769e+01
6.500000000000000222e-01 8.441031535220000660e+04 -1.736088509749999957e+03 3.392065894349999871e+04 -9.318774164949999772e+00 2.643285125539999925e+01 -5.316101784949999853e+01
6.500000000000000222e-01 8.386938093189999927e+04 -2.464789688870000191e+03 3.537300615480000124e+04 -9.345997799330000078e+00 2.643901907960000131e+01 -5.386885864050000094e+01
6.500000000000000222e-01 8.293902495740000450e+04 1.195146524340000042e+03 3.312295501320000039e+04 -9.790558012849999159e+00 2.765670134599999841e+01 -5.195555351489999651e+01
6.500000000000000222e-01 8.478948338309999963e+04 -1.627326481390000026e+03 3.576093989539999893e+04 -9.031520056699999799e+00 2.624236878649999838e+01 -5.324504759930000120e+01
6.500000000000000222e-01 8.159652681300000404e+04 1.530988969600000019e+03 3.623092770169999858e+04 -8.884472774200000700e+00 2.577904523890000021e+01 -5.172850779160000201e+01
6.500000000000000222e-01 8.441258957690000534e+04 -1.564076967519999926e+03 3.648095901289999892e+04 -9.300135219990000479e+00 2.652461995879999890e+01 -5.327897705939999895e+01
6.500000000000000222e-01 8.443289981390000321e+04 6.761605599790000269e+02 3.346088134410000202e+04 -8.992998232050000595e+00 2.700543823670000165e+01 -5.176024405670000306e+01
6.500000000000000222e-01 8.249315390540000226e+04 -5.353321359669999993e+02 3.270747142570000142e+04 -1.038657802390000029e+01 2.593660472779999893e+01 -5.236490155140000269e+01
6.500000000000000222e-01 8.268442207580000104e+04 -5.421103868080000439e+02 3.268626160579999851e+04 -9.969741476810000336e+00 2.603035559490000139e+01 -5.246208246919999851e+01
6.500000000000000222e-01 8.070530924319999758e+04 -9.225075719809999555e+02 3.604867998790000274e+04 -9.839144461180000079e+00 2.652668712790000072e+01 -5.338219026950000057e+01
6.500000000000000222e-01 8.322245689079999283e+04 1.956619909280000002e+03 3.615581155890000082e+04 -9.881615217749999402e+00 2.686235573989999992e+01 -5.252434908000000036e+01
6.500000000000000222e-01 8.189756024859999889e+04 1.658780231929999900e+03 3.631695292650000192e+04 -9.178482543599999488e+00 2.635313048000000080e+01 -5.332916201790000343e+01
6.500000000000000222e-01 8.422976598830000148e+04 -2.131629069229999914e+03 3.587691094139999768e+04 -9.272411141639999244e+00 2.636091909219999962e+01 -5.372118400619999790e+01
6.500000000000000222e-01 8.483887131820000650e+04 1.071646088449999979e+03 3.446386354610000126e+04 -9.221049916460000162e+00 2.623462019089999941e+01 -5.266812716260000116e+01
6.500000000000000222e-01 8.289763395170000149e+04 5.658373684279999907e+02 3.743163641289999941e+04 -9.569355621799999767e+00 2.767361695050000137e+01 -5.298514979240000145e+01
6.500000000000000222e-01 8.471061678779999784e+04 -1.722913485199999968e+03 3.576070195119999698e+04 -9.625168885269999919e+00 2.678097682139999947e+01 -5.222417164539999845e+01
6.500000000000000222e-01 8.044320710749999853e+04 -2.800939122670000074e+02 3.547896449020000000e+04 -9.671419493449999294e+00 2.647593524870000081e+01 -5.397264537910000115e+01
6.500000000000000222e-01 8.360658457659999840e+04 1.833765845050000053e+03 3.620331089700000302e+04 -9.812848511720000388e+00 2.700306790500000176e+01 -5.283666705150000098e+01
6.500000000000000222e-01 8.518769908869999927e+04 1.175108086040000046e+02 3.583294803870000032e+04 -9.554762154609999669e+00 2.649060274240000012e+01 -5.201175529849999890e+01
4.560000000000000000e+04 6.457635863690000406e+03 2.549969174840000051e+03 1.763012154100000043e+04 2.055721753439999873e+02 -6.046741963310000045e+01 2.047709882059999984e+02
6.500000000000000222e-01 6.530657101779999721e+03 2.522231844980000005e+03 1.782047731859999840e+04 2.048225835620000055e+02 -6.001878318010000157e+01 2.052981279640000025e+02
6.500000000000000222e-01 6.416532636429999911e+03 2.592668903700000101e+03 1.743251140890000170e+04 2.048357714869999882e+02 -5.988704700230000100e+01 2.048286920589999909e+02
6.500000000000000222e-01 6.399851979949999986e+03 2.578338175240000055e+03 1.782532925020000039e+04 2.065868593900000008e+02 -6.086828932419999916e+01 2.052279652420000104e+02
6.500000000000000222e-01 6.566087312540000312e+03 2.405500156439999955e+03 1.753939512359999935e+04 2.050131138639999904e+02 -5.987479991010000191e+01 2.040600111020000043e+02
6.500000000000000222e-01 6.568899323329999788e+03 2.397987180609999996e+03 1.755886093619999883e+04 2.052631355460000009e+02 -6.020202888360000060e+01 2.051793719970000041e+02
6.500000000000000222e-01 6.360880883030000405e+03 2.515703038159999778e+03 1.780796966579999935e+04 2.053710054839999941e+02 -6.034194676170000093e+01 2.046766314650000140e+02
6.500000000000000222e-01 6.353857469169999604e+03 2.499253268790000220e+03 1.745982154330000049e+04 2.062441288240000006e+02 -6.034974603770000101e+01 2.041284598679999931e+02
6.500000000000000222e-01 6.592259037689999786e+03 2.541320768609999959e+03 1.747607069979999869e+04 2.046391420420000031e+02 -6.045094476980000309e+01 2.040676687039999990e+02
6.500000000000000222e-01 6.584762134370000240e+03 2.427147076029999880e+03 1.772686771420000150e+04 2.053249267250000116e+02 -6.011408480229999896e+01 2.046019209769999918e+02
6.500000000000000222e-01 6.397734935649999898e+03 2.365595735710000099e+03 1.756945780110000123e+04 2.053599554070000011e+02 -5.995516800760000109e+01 2.043797194530000070e+02
6.500000000000000222e-01 6.511904133990000446e+03 2.407645507669999915e+03 1.776250626840000041e+04 2.051008471140000040e+02 -5.954218509609999899e+01 2.053699590290000003e+02
6.500000000000000222e-01 6.632279825769999661e+03 2.444183808499999941e+03 1.762612748999999894e+04 2.053991974550000066e+02 -6.033631354829999793e+01 2.038683012090000091e+02
6.500000000000000222e-01 6.513812701969999580e+03 2.365926980019999974e+03 1.768920656999999846e+04 2.053023882870000136e+02 -6.005161047480000036e+01 2.045163786420000065e+02
6.500000000000000222e-01 6.498891826400000355e+03 2.420702929730000051e+03 1.778769777980000072e+04 2.061187916060000020e+02 -6.104101996730000224e+01 2.045521905509999954e+02
6.500000000000000222e-01 6.375797463969999626e+03 2.630427922049999779e+03 1.745816523640000014e+04 2.059077802420000012e+02 -6.096746886510000252e+01 2.041167883370000027e+02
6.500000000000000222e-01 6.655488691239999753e+03 2.595519302719999814e+03 1.760793457459999991e+04 2.052921969280000098e+02 -6.051779878450000183e+01 2.039533703269999876e+02
6.500000000000000222e-01 6.412221850259999883e+03 2.744125566210000216e+03 1.767641278130000137e+04 2.056715825640000048e+02 -6.082548583429999667e+01 2.057816708919999940e+02
6.500000000000000222e-01 6.612525371679999807e+03 2.588146127959999831e+03 1.775907440080000015e+04 2.058013275970000109e+02 -6.027533280910000002e+01 2.044938483749999989e+02
6.500000000000000222e-01 6.600316521110000394e+03 2.695719445489999998e+03 1.764104974289999882e+04 2.054715679180000052e+02 -6.065676759549999986e+01 2.050345592300000135e+02
6.500000000000000222e-01 6.498576435379999566e+03 2.742525037559999873e+03 1.768866495679999935e+04 2.054205275209999968e+02 -6.075812271089999683e+01 2.057132745879999902e+02
6.500000000000000222e-01 6.651359140479999951e+03 2.615175665419999859e+03 1.763499766449999879e+04 2.054442378420000068e+02 -6.050813695419999760e+01 2.039725015029999895e+02
6.500000000000000222e-01 6.341717225690000305e+03 2.415204569189999802e+03 1.773063279509999848e+04 2.059790617280000049e+02 -5.990911609199999788e+01 2.055925512039999887e+02
6.500000000000000222e-01 6.266926901560000260e+03 2.529874203519999810e+03 1.755899647259999983e+04 2.056641312980000009e+02 -6.052676860929999947e+01 2.048519394379999881e+02
6.500000000000000222e-01 6.431610313750000387e+03 2.751138454460000048e+03 1.761311582560000170e+04 2.056490712739999935e+02 -6.066611295519999913e+01 2.056602694380000003e+02
6.500000000000000222e-01 6.530824786989999666e+03 2.561470856599999934e+03 1.782263724029999867e+04 2.051973523940000064e+02 -6.053522359109999940e+01 2.051501957490000052e+02
6.500000000000000222e-01 6.389017697930000395e+03 2.361350208270000167e+03 1.759623852560000159e+04 2.054305140339999980e+02 -6.019064953320000200e+01 2.050903747380000084e+02
6.500000000000000222e-01 6.552138554250000197e+03 2.694353825279999910e+03 1.752035169790000145e+04 2.050558828769999877e+02 -6.094481402849999796e+01 2.039926232349999964e+02
6.500000000000000222e-01 6.417559024270000009e+03 2.358408088740000039e+03 1.769409521939999831e+04 2.059083341939999912e+02 -6.056773520640000186e+01 2.045631888469999922e+02
6.500000000000000222e-01 6.633783744330000445e+03 2.499212673779999932e+03 1.772104711079999834e+04 2.058263203649999866e+02 -6.044614010419999772e+01 2.041200683019999929e+02
6.500000000000000222e-01 6.302705234590000146e+03 2.420727767400000175e+03 1.759649653250000119e+04 2.056012480180000068e+02 -6.023896003589999992e+01 2.046259963139999911e+02
6.500000000000000222e-01 6.352521633790000124e+03 2.684221964440000193e+03 1.774391913610000120e+04 2.060420029720000059e+02 -6.096693237739999915e+01 2.056665423050000072e+02
6.500000000000000222e-01 6.527366269699999975e+03 2.611337041159999899e+03 1.744707244300000093e+04 2.060976738809999915e+02 -6.008119126199999727e+01 2.050899306659999866e+02
6.500000000000000222e-01 6.575141387020000366e+03 2.399974107460000141e+03 1.770598118949999844e+04 2.057739779890000023e+02 -6.061270335700000089e+01 2.039736778529999981e+02
6.500000000000000222e-01 6.624323922290000155e+03 2.667594093539999903e+03 1.761845959869999933e+04 2.053941707660000020e+02 -6.060278882709999948e+01 2.039413049990000104e+02
6.500000000000000222e-01 6.551715604050000366e+03 2.727648645409999972e+03 1.759627197829999932e+04 2.054927959370000110e+02 -6.083829077720000100e+01 2.040854757529999972e+02
6.500000000000000222e-01 6.313176930300000095e+03 2.420414328540000042e+03 1.769346741050000128e+04 2.059858992400000091e+02 -6.018694341989999685e+01 2.055910768139999902e+02
6.500000000000000222e-01 6.316914625809999961e+03 2.691518671419999919e+03 1.767309066900000107e+04 2.055913284789999977e+02 -6.046092459900000193e+01 2.038220957999999996e+02
6.500000000000000222e-01 6.578726921659999789e+03 2.397716813540000203e+03 1.770002372249999826e+04 2.055705460190000053e+02 -6.032644416469999982e+01 2.053301817789999859e+02
6.500000000000000222e-01 6.632169679820000056e+03 2.633151515170000039e+03 1.769791354050000155e+04 2.051693108290000112e+02 -6.062740863479999831e+01 2.058746095440000090e+02
6.500000000000000222e-01 6.368123955150000256e+03 2.497833505630000218e+03 1.780731666509999923e+04 2.050106939540000042e+02 -6.065744524010000305e+01 2.044238547820000065e+02
1.390000000000000000e+04 -9.577700423969999974e+03 2.098108225139999831e+03 1.278624557979999918e+04 -2.410109811430000093e+02 2.029844848859999900e+02 -3.277493901779999987e+02
6.500000000000000222e-01 -9.683599635579999813e+03 2.187498007659999985e+03 1.282236394730000029e+04 -2.411460686190000047e+02 2.030256538780000142e+02 -3.282004982390000123e+02
6.500000000000000222e-01 -9.645767147189999378e+03 2.077743745220000164e+03 1.291105372060000082e+04 -2.414547081739999896e+02 2.028632954830000017e+02 -3.278395668260000093e+02
6.500000000000000222e-01 -9.498198314960000062e+03 2.077798247079999783e+03 1.290330881170000066e+04 -2.412945041309999965e+02 2.029944501390000084e+02 -3.276427794210000002e+02
6.500000000000000222e-01 -9.495024992459999339e+03 2.136003609570000208e+03 1.267493768529999943e+04 -2.404757089299999961e+02 2.031111846709999895e+02 -3.275092645159999734e+02
6.500000000000000222e-01 -9.470164207499999975e+03 2.171467340669999885e+03 1.284327459509999971e+04 -2.413904978200000073e+02 2.028173751459999892e+02 -3.272789743970000131e+02
6.500000000000000222e-01 -9.620191963049999686e+03 2.188293953200000033e+03 1.288967394160000003e+04 -2.409504988459999879e+02 2.025226316979999979e+02 -3.271691158610000230e+02
6.500000000000000222e-01 -9.527568548569999621e+03 1.980218864149999945e+03 1.272733003370000006e+04 -2.410513475260000007e+02 2.030992416269999978e+02 -3.274265190630000006e+02
6.500000000000000222e-01 -9.623667695629999798e+03 1.970432366850000108e+03 1.282750929589999942e+04 -2.410735694159999980e+02 2.033871676409999907e+02 -3.272479797529999814e+02
6.500000000000000222e-01 -9.585943692369999553e+03 1.982171216779999895e+03 1.287234470630000033e+04 -2.407886974049999935e+02 2.027688878950000060e+02 -3.278081905910000273e+02
6.500000000000000222e-01 -9.522072453669999959e+03 2.205466593699999976e+03 1.285974012120000043e+04 -2.409541443749999985e+02 2.025057640040000138e+02 -3.275533807859999911e+02
6.500000000000000222e-01 -9.438315705560000424e+03 2.089800475449999794e+03 1.275646867299999940e+04 -2.411729871160000016e+02 2.029888550249999923e+02 -3.283575135269999805e+02
6.500000000000000222e-01 -9.554127546210000219e+03 1.962760176289999890e+03 1.274552998850000040e+04 -2.408596031970000126e+02 2.028937051540000027e+02 -3.272622322569999938e+02
6.500000000000000222e-01 -9.488123866800000542e+03 1.988127597019999939e+03 1.276544983230000071e+04 -2.409780227159999981e+02 2.030521817160000069e+02 -3.278688508530000263e+02
6.500000000000000222e-01 -9.572929301149999446e+03 2.006139828000000080e+03 1.267530650539999988e+04 -2.406944208840000101e+02 2.024903426889999878e+02 -3.275098907359999885e+02
6.500000000000000222e-01 -9.687542637689999538e+03 2.094486865899999884e+03 1.287845693240000037e+04 -2.411961152719999859e+02 2.029968243499999971e+02 -3.277904606930000000e+02
6.500000000000000222e-01 -9.466504498770000282e+03 2.012729552159999912e+03 1.275970456340000055e+04 -2.409515220940000120e+02 2.030053352029999871e+02 -3.272679727120000166e+02
6.500000000000000222e-01 -9.512277048359999753e+03 2.054741185010000208e+03 1.266722839080000085e+04 -2.412714886690000071e+02 2.033016273970000043e+02 -3.280531745399999863e+02
6.500000000000000222e-01 -9.515306819830000677e+03 2.077981505700000071e+03 1.291290928549999990e+04 -2.407290173080000102e+02 2.028979722660000107e+02 -3.279931663990000175e+02
6.500000000000000222e-01 -9.673738624569999956e+03 1.994504213209999989e+03 1.277026360910000039e+04 -2.409475455509999904e+02 2.031913952559999927e+02 -3.278428915650000022e+02
6.500000000000000222e-01 -9.639687605279999843e+03 2.213879106559999855e+03 1.283616063129999930e+04 -2.408399180959999910e+02 2.026528279220000002e+02 -3.276277743989999749e+02
6.500000000000000222e-01 -9.547336552740000116e+03 1.987523908260000098e+03 1.287320944760000020e+04 -2.410363265230000138e+02 2.032883491569999990e+02 -3.273048712730000034e+02
6.500000000000000222e-01 -9.638466276240000298e+03 2.100234401449999950e+03 1.265699545369999942e+04 -2.402835220290000109e+02 2.029516403300000036e+02 -3.280410430779999729e+02
6.500000000000000222e-01 -9.665561734430000797e+03 2.132243470509999952e+03 1.289563134669999999e+04 -2.414336400889999936e+02 2.031620993049999981e+02 -3.278323771299999976e+02
6.500000000000000222e-01 -9.505052255090000472e+03 2.166998138790000212e+03 1.268383300910000071e+04 -2.411562417499999924e+02 2.031082570400000122e+02 -3.278445005419999916e+02
6.500000000000000222e-01 -9.644431804760000887e+03 2.038314251680000098e+03 1.267520000900000014e+04 -2.412697644600000046e+02 2.028587990579999882e+02 -3.274160430370000086e+02
6.500000000000000222e-01 -9.597974239540000781e+03 2.023324555180000061e+03 1.266511141139999927e+04 -2.406848096049999981e+02 2.025909606570000108e+02 -3.276604712330000098e+02
6.500000000000000222e-01 -9.600772908139999345e+03 2.020480511550000074e+03 1.266902194559999953e+04 -2.411316158790000088e+02 2.027700078539999993e+02 -3.275012137260000031e+02
6.500000000000000222e-01 -9.441233902859999944e+03 2.086692816830000083e+03 1.274558568129999912e+04 -2.411967116929999975e+02 2.030013645870000119e+02 -3.283497977960000185e+02
6.500000000000000222e-01 -9.556010062580000522e+03 2.044569873899999948e+03 1.291705271650000032e+04 -2.414031486609999888e+02 2.036297303279999937e+02 -3.274189908129999935e+02
6.500000000000000222e-01 -9.575268344129999605e+03 1.959850459360000059e+03 1.275566611849999936e+04 -2.410412307089999899e+02 2.031067963170000041e+02 -3.272485341029999972e+02
6.500000000000000222e-01 -9.553300066080000761e+03 1.958073271109999951e+03 1.279757259650000015e+04 -2.409875754439999866e+02 2.030737545839999996e+02 -3.283572824870000204e+02
6.500000000000000222e-01 -9.506568345370000316e+03 2.051067049589999897e+03 1.267061545909999950e+04 -2.413677618339999924e+02 2.033144350160000045e+02 -3.283071937330000196e+02
6.500000000000000222e-01 -9.435489242580000791e+03 2.108193704780000189e+03 1.278218145030000051e+04 -2.410770019750000017e+02 2.029590699850000135e+02 -3.272977636989999723e+02
6.500000000000000222e-01 -9.513427547200000845e+03 2.159981445679999979e+03 1.267399028379999982e+04 -2.413380102079999858e+02 2.028525959129999876e+02 -3.281213195139999925e+02
6.500000000000000222e-01 -9.581480694940000831e+03 1.959205139950000103e+03 1.281581524170000012e+04 -2.410476788429999999e+02 2.033076663500000052e+02 -3.271300580849999733e+02
6.500000000000000222e-01 -9.670817754570000034e+03 2.191402856210000209e+03 1.272889502490000086e+04 -2.411492546009999955e+02 2.031225618610000083e+02 -3.272745736009999860e+02
6.500000000000000222e-01 -9.570521845600000233e+03 2.145696077720000176e+03 1.292133805509999911e+04 -2.412781494170000087e+02 2.023642911199999901e+02 -3.274306062769999812e+02
6.500000000000000222e-01 -9.515835245869999198e+03 2.086108403490000001e+03 1.265679689139999937e+04 -2.404378775479999888e+02 2.028606626570000060e+02 -3.276875169499999743e+02
6.500000000000000222e-01 -9.596562172390000342e+03 2.094897277319999830e+03 1.292863398140000027e+04 -2.405737692929999980e+02 2.031024220680000099e+02 -3.275496392879999803e+02
6.500000000000000222e-01 -9.629961320770000384e+03 2.080168832540000039e+03 1.291903954460000023e+04 -2.416891897920000076e+02 2.028419081860000119e+02 -3.278438443750000033e+02
1.190000000000000000e+04 -5.285731348809999872e+03 6.151549974479999946e+03 -1.315312601410000025e+04 -2.680452944190000153e+02 -2.927184307630000148e+01 8.152226792220000107e+01
6.500000000000000222e-01 -5.370419314040000245e+03 6.060678911650000373e+03 -1.310550895830000081e+04 -2.679849514200000158e+02 -2.940948984999999993e+01 8.104970131529999833e+01
6.500000000000000222e-01 -5.376354378850000103e+03 6.058462737820000257e+03 -1.312577111209999930e+04 -2.678608604409999998e+02 -2.905972711360000105e+01 8.207232580020000512e+01
6.500000000000000222e-01 -5.169438915359999555e+03 6.186174338879999596e+03 -1.320680720029999975e+04 -2.680236179820000189e+02 -2.919223812659999950e+01 8.204683998209999629e+01
6.500000000000000222e-01 -5.183806739730000118e+03 6.067362593269999707e+03 -1.316848184020000008e+04 -2.681801387290000207e+02 -2.918757706879999958e+01 8.121207567599999777e+01
6.500000000000000222e-01 -5.302610627789999853e+03 6.250219010349999735e+03 -1.324156294049999997e+04 -2.679721575010000265e+02 -2.973315161329999867e+01 8.087273796110000035e+01
6.500000000000000222e-01 -5.364694257850000213e+03 6.255508710860000065e+03 -1.312644650779999938e+04 -2.679308192830000053e+02 -2.942560371980000156e+01 8.192396103660000506e+01
6.500000000000000222e-01 -5.253295252590000018e+03 6.145855847240000003e+03 -1.302313141580000047e+04 -2.678347379720000276e+02 -2.941536423910000053e+01 8.160531632939999724e+01
6.500000000000000222e-01 -5.405738291419999769e+03 6.123703723919999902e+03 -1.320231200600000011e+04 -2.679493986530000029e+02 -2.922315370800000167e+01 8.165615068220000694e+01
6.500000000000000222e-01 -5.324810468820000096e+03 6.057757010430000264e+03 -1.323966679049999948e+04 -2.680139620759999843e+02 -2.954356126080000067e+01 8.190534075249999546e+01
6.500000000000000222e-01 -5.261494683709999663e+03 6.100166744070000277e+03 -1.303263915500000076e+04 -2.681662380669999948e+02 -2.920060636710000068e+01 8.164540837020000197e+01
6.500000000000000222e-01 -5.385089613940000163e+03 6.065297719909999614e+03 -1.316978034130000015e+04 -2.679396725569999944e+02 -2.921367932740000128e+01 8.208492480510000178e+01
6.500000000000000222e-01 -5.246143258320000314e+03 6.107370227409999643e+03 -1.327237926259999949e+04 -2.678215464259999976e+02 -2.949986912139999973e+01 8.174771191150000504e+01
6.500000000000000222e-01 -5.357097316870000213e+03 6.221541432519999944e+03 -1.306598200189999989e+04 -2.676185472779999941e+02 -2.970372063740000002e+01 8.195291005100000348e+01
6.500000000000000222e-01 -5.209623142870000265e+03 6.258292625910000424e+03 -1.313229783769999995e+04 -2.681792679349999844e+02 -2.930419312240000096e+01 8.103608282499999405e+01
6.500000000000000222e-01 -5.192935195400000339e+03 6.133649712909999835e+03 -1.305890495279999959e+04 -2.683806340739999996e+02 -2.927941292250000060e+01 8.191289904360000662e+01
6.500000000000000222e-01 -5.413677663649999886e+03 6.177169865969999591e+03 -1.317724320319999970e+04 -2.678558770739999773e+02 -2.926505513240000056e+01 8.130574439250000296e+01
6.500000000000000222e-01 -5.201006106410000029e+03 6.181041527139999744e+03 -1.305379326960000071e+04 -2.681733013709999796e+02 -2.958888365070000148e+01 8.178720478019999973e+01
6.500000000000000222e-01 -5.264713905100000375e+03 6.150871802669999852e+03 -1.302059336959999928e+04 -2.674061894779999875e+02 -2.941160199029999944e+01 8.157254523119999590e+01
6.500000000000000222e-01 -5.280339558360000410e+03 6.095542136629999732e+03 -1.303210119099999974e+04 -2.682006889549999755e+02 -2.880444759159999890e+01 8.184629630620000285e+01
6.500000000000000222e-01 -5.283304702950000319e+03 6.283728122950000397e+03 -1.316308722210000087e+04 -2.680477627860000212e+02 -2.941240159239999841e+01 8.180610046339999997e+01
6.500000000000000222e-01 -5.161197867769999903e+03 6.114039944109999851e+03 -1.312341984310000043e+04 -2.681709020170000031e+02 -2.932366094780000054e+01 8.174353674879999687e+01
6.500000000000000222e-01 -5.345898195300000225e+03 6.036103121850000207e+03 -1.312458021960000042e+04 -2.678559094949999917e+02 -2.933157758589999986e+01 8.124294067220000670e+01
6.500000000000000222e-01 -5.189906927899999573e+03 6.233993212889999995e+03 -1.311258850870000060e+04 -2.679970735480000030e+02 -2.931365364550000052e+01 8.095723030019999555e+01
6.500000000000000222e-01 -5.267241794859999573e+03 6.020426701669999602e+03 -1.314365035270000044e+04 -2.680519454889999906e+02 -2.909832305600000169e+01 8.204180822470000578e+01
6.500000000000000222e-01 -5.410025986820000071e+03 6.109694177090000267e+03 -1.313289638960000048e+04 -2.678150545149999857e+02 -2.917294650410000045e+01 8.193610347000000615e+01
6.500000000000000222e-01 -5.363376193899999635e+03 6.205696685070000058e+03 -1.324783161520000067e+04 -2.683518761209999752e+02 -2.899281852480000055e+01 8.176084102900000516e+01
6.500000000000000222e-01 -5.282603373660000216e+03 6.023451982739999949e+03 -1.312184608800000024e+04 -2.681315936429999738e+02 -2.905977367530000066e+01 8.150735912909999570e+01
6.500000000000000222e-01 -5.263890600339999764e+03 6.244423590030000014e+03 -1.324704265669999950e+04 -2.680293694540000047e+02 -2.887628947119999978e+01 8.179395927679999545e+01
6.500000000000000222e-01 -5.363862437599999794e+03 6.258090191260000211e+03 -1.313410118589999911e+04 -2.680621867379999799e+02 -2.926742085149999895e+01 8.090813528370000540e+01
6.500000000000000222e-01 -5.360914579670000421e+03 6.182930183290000059e+03 -1.304709523699999954e+04 -2.682418179300000247e+02 -2.919073684070000141e+01 8.131618010139999342e+01
6.500000000000000222e-01 -5.396734892790000231e+03 6.141364565629999561e+03 -1.308109674169999926e+04 -2.681052189650000059e+02 -2.934348395989999858e+01 8.111215084740000236e+01
6.500000000000000222e-01 -5.348981899700000213e+03 6.090990360630000396e+03 -1.305216043700000046e+04 -2.676333281940000006e+02 -2.891879545109999938e+01 8.202621721239999886e+01
6.500000000000000222e-01 -5.240992390770000384e+03 6.210222045489999800e+03 -1.304191873400000077e+04 -2.677419306859999892e+02 -2.903078802909999823e+01 8.125883697279999751e+01
6.500000000000000222e-01 -5.292832382880000296e+03 6.284310436040000241e+03 -1.315907931140000073e+04 -2.680863141940000105e+02 -2.935469934369999834e+01 8.199021082820000572e+01
6.500000000000000222e-01 -5.409109844290000183e+03 6.157697884119999799e+03 -1.320296492460000081e+04 -2.677725547740000138e+02 -2.919648830570000086e+01 8.100948705439999742e+01
6.500000000000000222e-01 -5.279711419139999634e+03 6.223734225590000278e+03 -1.326502542270000049e+04 -2.679198987949999946e+02 -2.908152661360000124e+01 8.159313236520000601e+01
6.500000000000000222e-01 -5.216695137190000423e+03 6.220859405029999834e+03 -1.324392792229999941e+04 -2.678525588289999746e+02 -2.924787249379999921e+01 8.171004390960000308e+01
6.500000000000000222e-01 -5.351149496600000020e+03 6.076078655010000148e+03 -1.324068597279999994e+04 -2.680428330849999838e+02 -2.871362847380000005e+01 8.121870412810000062e+01
6.500000000000000222e-01 -5.180064886090000073e+03 6.071296695189999809e+03 -1.316227021799999966e+04 -2.681720455540000216e+02 -2.920800251600000053e+01 8.135739391799999964e+01
6.500000000000000222e-01 -5.234821523829999933e+03 6.246696865560000333e+03 -1.323154931519999991e+04 -2.679505907289999982e+02 -2.905336862180000068e+01 8.186949980449999487e+01
