3.450000000000000000e+05 3.799830926739999995e+03 -5.006913327039999785e+03 -6.938343293810000432e+03 -1.163511316310000012e+02 2.624185221910000010e+01 -4.816484113570000147e+01
6.500000000000000222e-01 3.971698043609999786e+03 -5.179977920250000352e+03 -6.817553792360000443e+03 -1.176194436910000007e+02 2.747449677079999830e+01 -4.892926270049999715e+01
6.500000000000000222e-01 3.653110882859999947e+03 -5.114891902090000258e+03 -6.721868847460000325e+03 -1.149528744109999963e+02 2.749926442190000131e+01 -4.708188622539999812e+01
6.500000000000000222e-01 3.614389460609999787e+03 -5.068975239659999716e+03 -6.728906434780000382e+03 -1.152565327949999983e+02 2.812797430730000059e+01 -4.636283753379999695e+01
6.500000000000000222e-01 3.731300545279999824e+03 -5.258890499889999774e+03 -6.839441260569999940e+03 -1.158645187240000070e+02 2.802429162299999987e+01 -4.662080434290000142e+01
6.500000000000000222e-01 3.882475249170000097e+03 -5.146544650269999693e+03 -6.702497239749999608e+03 -1.165403127560000058e+02 2.704643006359999902e+01 -4.815984188729999715e+01
6.500000000000000222e-01 3.849113319349999983e+03 -4.885217920439999943e+03 -6.682547801640000216e+03 -1.164918757880000015e+02 2.850988535420000147e+01 -4.861310041849999664e+01
6.500000000000000222e-01 3.677268169089999901e+03 -4.948818929320000279e+03 -6.682916992129999926e+03 -1.180220679180000047e+02 2.760971432930000091e+01 -4.817807056579999880e+01
6.500000000000000222e-01 3.873861644739999974e+03 -4.898443307440000353e+03 -6.683798336609999751e+03 -1.171140719800000056e+02 2.826078361149999907e+01 -4.848982992580000229e+01
6.500000000000000222e-01 3.959401528609999787e+03 -5.052716531770000074e+03 -6.710262429440000233e+03 -1.165738213470000062e+02 2.639462086050000167e+01 -4.901203504280000089e+01
6.500000000000000222e-01 3.868127692250000109e+03 -4.996381393550000212e+03 -6.661828558399999565e+03 -1.152231935690000029e+02 2.724553063380000140e+01 -4.851663862480000233e+01
6.500000000000000222e-01 3.667889888910000082e+03 -5.111452078940000320e+03 -6.709605879929999901e+03 -1.148165991380000008e+02 2.822546105629999857e+01 -4.660770580570000021e+01
6.500000000000000222e-01 3.548803498830000080e+03 -4.921469155789999604e+03 -6.836562886159999834e+03 -1.160316450410000044e+02 2.668164309020000147e+01 -4.784936337199999912e+01
6.500000000000000222e-01 3.726695924369999830e+03 -4.794234513260000313e+03 -6.771020154499999990e+03 -1.162251830320000039e+02 2.594344184250000040e+01 -4.783139170340000135e+01
6.500000000000000222e-01 3.585406128250000165e+03 -4.918464459779999743e+03 -6.763467122609999933e+03 -1.177484556880000071e+02 2.757162638049999970e+01 -4.886704268510000304e+01
6.500000000000000222e-01 3.576181157040000016e+03 -5.053730602550000185e+03 -6.770641147389999787e+03 -1.156994640220000008e+02 2.711617533669999958e+01 -4.746641369110000142e+01
6.500000000000000222e-01 3.730368219739999859e+03 -5.109104655799999819e+03 -6.682293332299999747e+03 -1.178886830160000017e+02 2.577398768549999986e+01 -4.898233803069999936e+01
6.500000000000000222e-01 3.643016624140000204e+03 -5.047651960850000251e+03 -6.700924006109999937e+03 -1.147847636930000021e+02 2.799995544540000125e+01 -4.627011099180000286e+01
6.500000000000000222e-01 3.761141376879999825e+03 -4.757371796229999745e+03 -6.812712092390000180e+03 -1.166052114010000054e+02 2.635331521290000012e+01 -4.870198051519999893e+01
6.500000000000000222e-01 3.995420730069999991e+03 -4.860389138200000161e+03 -6.801245552289999978e+03 -1.170920520519999997e+02 2.690230700589999913e+01 -4.979311730199999886e+01
6.500000000000000222e-01 3.875494501730000138e+03 -4.753323843340000167e+03 -6.825863279449999936e+03 -1.179603881870000066e+02 2.694939806400000037e+01 -4.843268277509999820e+01
6.500000000000000222e-01 3.709283860189999814e+03 -4.929995782949999921e+03 -6.676333172870000453e+03 -1.156716197939999944e+02 2.593553699890000175e+01 -4.692181311779999930e+01
6.500000000000000222e-01 3.708661691669999982e+03 -4.892194618489999812e+03 -6.687599472349999814e+03 -1.180464377119999995e+02 2.833942736750000080e+01 -4.832496591550000176e+01
6.500000000000000222e-01 3.684261804509999820e+03 -5.150042915529999846e+03 -6.723041340810000293e+03 -1.170043826269999983e+02 2.589655484829999921e+01 -4.939090883930000331e+01
6.500000000000000222e-01 3.637216972530000021e+03 -4.987706023089999690e+03 -6.699666222120000384e+03 -1.172353917580000058e+02 2.743103270539999983e+01 -4.786545525630000242e+01
6.500000000000000222e-01 3.623746633750000001e+03 -5.007308711790000416e+03 -6.710131971890000386e+03 -1.159738283020000011e+02 2.738920997499999999e+01 -4.711059987120000159e+01
6.500000000000000222e-01 3.812748443569999836e+03 -4.830907839849999618e+03 -6.706361448200000268e+03 -1.176209003400000057e+02 2.873095811299999980e+01 -4.858057728640000050e+01
6.500000000000000222e-01 3.671801478049999787e+03 -4.848110633289999896e+03 -6.739399853220000296e+03 -1.155083848080000024e+02 2.529432316680000170e+01 -4.592827940650000329e+01
6.500000000000000222e-01 3.744219479230000161e+03 -5.057167097389999981e+03 -6.662293085020000035e+03 -1.152064988580000033e+02 2.860974592970000074e+01 -4.727691666810000015e+01
6.500000000000000222e-01 3.764082967960000133e+03 -4.915093014799999764e+03 -6.669224987909999982e+03 -1.165901635169999935e+02 2.654014350590000149e+01 -4.764472711740000221e+01
6.500000000000000222e-01 3.926720643589999781e+03 -4.848313070410000364e+03 -6.739795577140000205e+03 -1.186803033610000000e+02 2.526019562829999998e+01 -4.613450435920000103e+01
6.500000000000000222e-01 3.702595392310000079e+03 -5.079102682030000324e+03 -6.680211857100000088e+03 -1.173423050269999948e+02 2.798247986579999846e+01 -4.804234904599999822e+01
6.500000000000000222e-01 3.919820924369999830e+03 -4.953763805980000143e+03 -6.686962270920000265e+03 -1.193529439969999970e+02 2.596679286719999880e+01 -4.694892357570000030e+01
6.500000000000000222e-01 3.776899589579999883e+03 -5.004839427750000141e+03 -6.651637648619999709e+03 -1.148464253329999991e+02 2.757526196979999966e+01 -4.754194834519999802e+01
6.500000000000000222e-01 4.009619250639999791e+03 -4.842011390499999834e+03 -6.852472200189999967e+03 -1.167942567070000024e+02 2.570497454390000058e+01 -4.955680383549999846e+01
6.500000000000000222e-01 3.804864266210000096e+03 -5.023530896709999979e+03 -6.652793789459999971e+03 -1.164231161510000021e+02 2.549167922499999861e+01 -4.803639596659999711e+01
6.500000000000000222e-01 3.799477522589999808e+03 -4.956534781440000188e+03 -6.655898050730000250e+03 -1.168501892540000000e+02 2.657848557570000025e+01 -4.776914902549999908e+01
6.500000000000000222e-01 3.817911481879999883e+03 -4.756128577059999770e+03 -6.786908472850000180e+03 -1.182551516829999940e+02 2.734229338829999989e+01 -4.777570533960000176e+01
6.500000000000000222e-01 3.662062187710000217e+03 -5.204715794069999902e+03 -6.800356188769999790e+03 -1.169668942520000030e+02 2.789988447500000035e+01 -4.907954888849999975e+01
6.500000000000000222e-01 3.946381293899999946e+03 -4.853707458740000220e+03 -6.751854925409999851e+03 -1.164893549949999993e+02 2.577490000470000098e+01 -4.849013149230000153e+01
6.500000000000000222e-01 3.716223559130000012e+03 -5.192595734540000194e+03 -6.746343457130000388e+03 -1.159555980640000001e+02 2.901149278700000167e+01 -4.672209503930000096e+01
6.500000000000000222e-01 3.709629247429999850e+03 -4.790652881089999937e+03 -6.751738887939999586e+03 -1.177230471499999993e+02 2.684372774730000089e+01 -4.629645719810000060e+01
6.500000000000000222e-01 3.923319447119999950e+03 -4.893121673089999604e+03 -6.709193531609999809e+03 -1.165677110719999945e+02 2.790787233769999887e+01 -4.910471262469999942e+01
6.500000000000000222e-01 3.704523154070000146e+03 -4.803725857319999704e+03 -6.751730822169999556e+03 -1.176690228709999957e+02 2.802060831700000065e+01 -4.873255571640000028e+01
6.500000000000000222e-01 3.753562358780000068e+03 -5.005061040329999742e+03 -6.654880576010000368e+03 -1.165913983570000028e+02 2.728395798280000051e+01 -4.775777527790000221e+01
6.500000000000000222e-01 3.849437862209999821e+03 -4.955525001760000123e+03 -6.660942840489999980e+03 -1.187293879140000001e+02 2.535153321070000132e+01 -4.724722062579999715e+01
6.500000000000000222e-01 3.796971478710000156e+03 -5.005402116360000036e+03 -6.652333849130000090e+03 -1.175327455390000040e+02 2.787675387850000064e+01 -4.794794093609999663e+01
6.500000000000000222e-01 3.977700609380000060e+03 -5.212354151169999568e+03 -6.869562099720000333e+03 -1.163966888030000035e+02 2.626666032179999988e+01 -5.136094744500000076e+01
6.500000000000000222e-01 3.795537920060000033e+03 -4.993729588670000339e+03 -6.652177164179999636e+03 -1.171943637530000046e+02 2.791582605279999996e+01 -4.792804267670000229e+01
6.500000000000000222e-01 3.742875666909999836e+03 -4.748618458570000257e+03 -6.841352894679999736e+03 -1.165740733749999976e+02 2.614924474680000088e+01 -4.869080695129999725e+01
6.500000000000000222e-01 3.544472426129999803e+03 -5.007013507900000150e+03 -6.811905911089999790e+03 -1.160401206370000011e+02 2.711062799669999990e+01 -4.772352288929999986e+01
6.500000000000000222e-01 3.914494380910000018e+03 -5.082089844590000212e+03 -6.690066335290000097e+03 -1.178370645469999971e+02 2.724865530410000147e+01 -4.786757033410000162e+01
6.500000000000000222e-01 4.072314727139999832e+03 -5.026848176010000316e+03 -6.875520397059999596e+03 -1.172667595519999963e+02 2.597307434829999906e+01 -4.906643211539999783e+01
6.500000000000000222e-01 3.856302784689999953e+03 -4.863589684010000383e+03 -6.694168562130000282e+03 -1.183256627370000018e+02 2.760889892049999972e+01 -4.779483833550000327e+01
6.500000000000000222e-01 3.780491939699999875e+03 -5.086306194980000328e+03 -6.667449979600000006e+03 -1.175656932389999980e+02 2.633727276480000157e+01 -4.859626136829999865e+01
6.500000000000000222e-01 3.820804385519999869e+03 -4.973080816540000342e+03 -6.654194075319999683e+03 -1.160474182509999963e+02 2.859497280960000154e+01 -4.806018842720000350e+01
6.500000000000000222e-01 3.850124770739999803e+03 -5.088965628500000093e+03 -6.670322944049999933e+03 -1.169277682630000044e+02 2.736033175060000033e+01 -4.809163214099999806e+01
6.500000000000000222e-01 3.754842803519999961e+03 -5.011596414349999577e+03 -6.654707225860000108e+03 -1.161269401010000024e+02 2.764738719900000063e+01 -4.766707553229999661e+01
6.500000000000000222e-01 3.785874809190000178e+03 -5.003341678879999563e+03 -6.652262935769999785e+03 -1.174632380409999968e+02 2.717817677789999919e+01 -4.792896186410000325e+01
6.500000000000000222e-01 3.674412429659999816e+03 -5.144334471559999656e+03 -6.727180267319999984e+03 -1.175233113550000041e+02 2.786754898639999922e+01 -4.869816586620000010e+01
6.500000000000000222e-01 3.995470493870000155e+03 -5.176593193300000166e+03 -6.816880908869999985e+03 -1.159692894049999978e+02 2.577738805719999959e+01 -5.045180085199999809e+01
6.500000000000000222e-01 3.688741224890000012e+03 -4.834353321319999850e+03 -6.736932068529999924e+03 -1.157298794019999946e+02 2.511388121739999946e+01 -4.550211261239999772e+01
6.500000000000000222e-01 3.896844185890000062e+03 -5.100663366550000319e+03 -6.696734771620000174e+03 -1.169775148690000037e+02 2.694159275799999875e+01 -4.918942654239999968e+01
6.500000000000000222e-01 3.792088939379999829e+03 -4.993897484289999738e+03 -6.651036802560000069e+03 -1.162185400089999945e+02 2.509450152470000006e+01 -4.760548607829999668e+01
6.500000000000000222e-01 3.812769389189999856e+03 -4.791853710280000087e+03 -6.754184774039999866e+03 -1.167050390080000000e+02 2.450446747129999991e+01 -4.583471426829999729e+01
6.500000000000000222e-01 3.741177607040000112e+03 -4.961745681700000205e+03 -6.657804339139999684e+03 -1.163828930819999954e+02 2.678451289399999879e+01 -4.730476559289999727e+01
6.500000000000000222e-01 3.876291771289999815e+03 -5.115429936569999882e+03 -6.693944605949999641e+03 -1.165984990360000069e+02 2.633338473710000116e+01 -4.939272759840000049e+01
6.500000000000000222e-01 3.690005759579999904e+03 -4.911869427130000076e+03 -6.690092349149999791e+03 -1.154217189099999956e+02 2.570583323869999859e+01 -4.650195292650000312e+01
6.500000000000000222e-01 3.952315042090000134e+03 -4.918732948849999957e+03 -6.716496160269999564e+03 -1.184550823849999972e+02 2.540058967219999886e+01 -4.692220499820000157e+01
6.500000000000000222e-01 3.588249952130000111e+03 -5.175004211350000332e+03 -6.866055937479999557e+03 -1.151000770379999949e+02 2.731807256480000135e+01 -4.630148628079999895e+01
6.500000000000000222e-01 3.660581951699999991e+03 -5.244635249760000079e+03 -6.887980245579999973e+03 -1.152796429320000016e+02 2.714776174880000070e+01 -4.734195967939999861e+01
6.500000000000000222e-01 3.889404289720000179e+03 -4.976487197569999807e+03 -6.670167874249999841e+03 -1.184323444500000022e+02 2.630168771250000148e+01 -4.764234813280000225e+01
6.500000000000000222e-01 3.786220559660000163e+03 -5.130585795560000406e+03 -6.681772800859999734e+03 -1.159661382120000042e+02 2.641433146279999988e+01 -4.842390429379999972e+01
6.500000000000000222e-01 3.848740790240000024e+03 -5.110274409370000285e+03 -6.685775501570000415e+03 -1.182595326900000003e+02 2.900526715199999828e+01 -4.787735444350000336e+01
6.500000000000000222e-01 3.756904183629999807e+03 -4.947602210869999908e+03 -6.658618930890000229e+03 -1.157322551390000029e+02 2.526045597050000069e+01 -4.693804906750000328e+01
6.500000000000000222e-01 3.855975232320000032e+03 -4.957460683819999758e+03 -6.663155068430000028e+03 -1.175566205319999966e+02 2.737349156679999851e+01 -4.804035196049999712e+01
6.500000000000000222e-01 3.795289943700000094e+03 -5.270478224489999775e+03 -6.833367796749999798e+03 -1.156657553649999954e+02 2.737369818499999852e+01 -4.726968195700000308e+01
6.500000000000000222e-01 3.736841082349999851e+03 -4.955205483329999879e+03 -6.662192442980000123e+03 -1.171667340970000026e+02 2.719268438989999837e+01 -4.777944739960000220e+01
6.500000000000000222e-01 3.817324409190000097e+03 -5.002347419660000014e+03 -6.652727230739999868e+03 -1.195121728069999989e+02 2.709286317180000125e+01 -4.768876557979999831e+01
6.500000000000000222e-01 3.764563637199999903e+03 -5.125033793909999986e+03 -6.681611344629999621e+03 -1.157597573259999990e+02 2.700112484259999945e+01 -4.807883990879999914e+01
6.500000000000000222e-01 3.706911466670000209e+03 -5.016456589530000201e+03 -6.666422199360000377e+03 -1.176938868799999938e+02 2.711797457660000177e+01 -4.804218121640000305e+01
6.500000000000000222e-01 3.554055636269999923e+03 -4.908060599559999901e+03 -6.830669575670000086e+03 -1.166615275789999941e+02 2.694570509829999949e+01 -4.884017521919999893e+01
6.500000000000000222e-01 3.615332492160000129e+03 -4.810403247320000446e+03 -6.842507505450000281e+03 -1.158189026480000052e+02 2.578696982720000008e+01 -4.490407120039999711e+01
6.500000000000000222e-01 4.042039886949999982e+03 -5.124975335760000235e+03 -6.860935653819999970e+03 -1.164802677100000068e+02 2.612157362370000158e+01 -5.123363579160000114e+01
6.500000000000000222e-01 3.880274966890000087e+03 -5.112327970199999982e+03 -6.687030379640000319e+03 -1.157352489190000000e+02 2.550896444780000039e+01 -4.924046646930000293e+01
6.500000000000000222e-01 3.857358188080000218e+03 -5.083574209579999660e+03 -6.670391249450000032e+03 -1.172076129839999936e+02 2.750497090300000025e+01 -4.801368659789999782e+01
6.500000000000000222e-01 4.026707238779999898e+03 -4.925301806299999953e+03 -6.793991983120000441e+03 -1.176356107969999982e+02 2.561982202729999969e+01 -4.778687967180000129e+01
6.500000000000000222e-01 3.581782661390000158e+03 -5.100316853839999567e+03 -6.780862835719999566e+03 -1.171738435179999982e+02 2.728873314799999861e+01 -4.915156521080000118e+01
6.500000000000000222e-01 4.014394871789999797e+03 -5.019355442449999828e+03 -6.758778385870000420e+03 -1.159449627649999996e+02 2.642044886960000127e+01 -5.030844474770000119e+01
6.500000000000000222e-01 3.708918597660000160e+03 -4.917980636039999808e+03 -6.681159769060000144e+03 -1.158427283829999936e+02 2.594522710340000060e+01 -4.702218108889999826e+01
6.500000000000000222e-01 3.777283716710000135e+03 -5.088948110250000354e+03 -6.666421277980000013e+03 -1.165122137670000058e+02 2.627005974409999922e+01 -4.834627404009999907e+01
6.500000000000000222e-01 3.734794918900000084e+03 -4.836651796899999681e+03 -6.719451893000000382e+03 -1.167582305899999966e+02 2.701575199830000074e+01 -4.818771239280000174e+01
6.500000000000000222e-01 3.809162235950000195e+03 -5.010431042189999971e+03 -6.651789761259999977e+03 -1.152247144199999980e+02 2.601813403290000082e+01 -4.790954419250000029e+01
6.500000000000000222e-01 3.777631140250000044e+03 -4.933350330139999642e+03 -6.661775894340000377e+03 -1.164187951790000000e+02 2.579807620260000078e+01 -4.742210618539999700e+01
6.500000000000000222e-01 3.726336281330000020e+03 -4.790838209210000059e+03 -6.745731507610000335e+03 -1.177542106679999989e+02 2.661839971970000107e+01 -4.615320390099999770e+01
6.500000000000000222e-01 3.629506437070000175e+03 -4.837112740970000232e+03 -6.782104666019999968e+03 -1.170464252889999983e+02 2.711676885529999836e+01 -4.862384841829999971e+01
6.500000000000000222e-01 3.835335854609999842e+03 -4.993584638729999824e+03 -6.654628435910000007e+03 -1.151185272550000036e+02 2.760510087460000150e+01 -4.815769235300000162e+01
6.500000000000000222e-01 3.813621678909999900e+03 -5.073859301860000414e+03 -6.662065094839999801e+03 -1.164977636179999934e+02 2.508165390119999927e+01 -4.860920489890000340e+01
6.500000000000000222e-01 3.633140129320000142e+03 -5.043450810639999872e+03 -6.708806283670000084e+03 -1.150724653839999974e+02 2.747173589630000023e+01 -4.670046336019999700e+01
6.500000000000000222e-01 3.784541372310000042e+03 -5.012483611169999676e+03 -6.652624781479999911e+03 -1.173839867359999971e+02 2.711143184290000008e+01 -4.795934296010000253e+01
6.500000000000000222e-01 3.780651678579999952e+03 -5.090595570600000428e+03 -6.666690421240000433e+03 -1.170666992879999952e+02 2.525877589950000157e+01 -4.866210174089999896e+01
1.390000000000000000e+04 -9.701719172130000516e+03 2.202534253710000030e+03 1.261770581069999935e+04 -2.403508845689999873e+02 2.028340122650000126e+02 -3.286728864250000015e+02
6.500000000000000222e-01 -9.705196109630000137e+03 2.201736422850000054e+03 1.276129725909999979e+04 -2.399168867969999894e+02 2.030631678039999883e+02 -3.285424862709999729e+02
6.500000000000000222e-01 -9.656650498520000838e+03 2.255323521840000012e+03 1.274266565369999989e+04 -2.401321450929999912e+02 2.031814745290000133e+02 -3.289269013910000012e+02
6.500000000000000222e-01 -9.751130628130000332e+03 2.197853283020000163e+03 1.275274401170000056e+04 -2.403138712569999882e+02 2.029058155939999892e+02 -3.284742525930000170e+02
6.500000000000000222e-01 -9.704413037110000005e+03 2.214582648739999968e+03 1.276080340489999980e+04 -2.404853035079999870e+02 2.022755822979999891e+02 -3.285105141529999742e+02
6.500000000000000222e-01 -9.833606992540000647e+03 2.181862357810000049e+03 1.266977757220000058e+04 -2.404606072340000082e+02 2.028957127909999940e+02 -3.288046809749999966e+02
6.500000000000000222e-01 -9.709172269799999412e+03 2.179983845430000201e+03 1.275932671900000059e+04 -2.403058275980000076e+02 2.030729391769999950e+02 -3.285292204739999988e+02
6.500000000000000222e-01 -9.659351570450000509e+03 2.265247507030000179e+03 1.273882788599999913e+04 -2.401603466530000048e+02 2.031362992919999897e+02 -3.289431897079999771e+02
6.500000000000000222e-01 -9.694421108410000670e+03 2.247734864980000111e+03 1.275396118810000007e+04 -2.407278655210000124e+02 2.028674962549999918e+02 -3.285553591460000007e+02
6.500000000000000222e-01 -9.762188468149999608e+03 2.219837740320000194e+03 1.274703547360000084e+04 -2.399056578610000088e+02 2.026597902119999901e+02 -3.282344748310000000e+02
6.500000000000000222e-01 -9.718689242070000546e+03 2.187042464690000088e+03 1.275943862110000009e+04 -2.403605230109999980e+02 2.027958321620000106e+02 -3.285648648349999803e+02
6.500000000000000222e-01 -9.653448431889999483e+03 2.140582989959999850e+03 1.273712547129999984e+04 -2.401573839080000141e+02 2.024800129319999940e+02 -3.289948953449999749e+02
6.500000000000000222e-01 -9.607940866569999343e+03 2.287191666119999809e+03 1.268289930060000006e+04 -2.407440818599999943e+02 2.025798471679999864e+02 -3.281600896360000092e+02
6.500000000000000222e-01 -9.734907485499999893e+03 2.244078314349999800e+03 1.275145359680000001e+04 -2.401479179419999923e+02 2.023676681940000037e+02 -3.282888816679999877e+02
6.500000000000000222e-01 -9.695452046930000506e+03 2.207556901320000179e+03 1.276102548150000075e+04 -2.399954264780000130e+02 2.032202896699999997e+02 -3.286027841060000014e+02
6.500000000000000222e-01 -9.691817466820000845e+03 2.224107847929999934e+03 1.275920163379999940e+04 -2.403250535440000135e+02 2.033295391279999933e+02 -3.286647175649999895e+02
6.500000000000000222e-01 -9.669676637200000187e+03 2.232291203750000022e+03 1.275406635219999953e+04 -2.401173017680000044e+02 2.032429215559999989e+02 -3.287884243699999729e+02
6.500000000000000222e-01 -9.681431186350000644e+03 2.181582362569999987e+03 1.275799787859999924e+04 -2.409677557279999860e+02 2.033340520239999876e+02 -3.284560028239999951e+02
6.500000000000000222e-01 -9.733636621019999438e+03 2.241670751210000162e+03 1.275288076870000077e+04 -2.408110322979999864e+02 2.031871627939999883e+02 -3.286595586500000081e+02
6.500000000000000222e-01 -9.744279539749999458e+03 2.182602278339999884e+03 1.275364351480000005e+04 -2.410100264410000079e+02 2.026116399519999902e+02 -3.287320406360000220e+02
6.500000000000000222e-01 -9.596135141169999770e+03 2.264757877240000198e+03 1.269014065739999933e+04 -2.406935321640000041e+02 2.025415501470000095e+02 -3.282337737220000236e+02
6.500000000000000222e-01 -9.675408343729999615e+03 2.179755511209999895e+03 1.275672828970000046e+04 -2.409549073659999863e+02 2.032461029549999978e+02 -3.284472775230000252e+02
6.500000000000000222e-01 -9.584083166340000389e+03 2.237846257140000034e+03 1.268866200179999942e+04 -2.407985864579999884e+02 2.027681475009999872e+02 -3.283289257399999883e+02
6.500000000000000222e-01 -9.816065479409999170e+03 2.231392847690000053e+03 1.270058426040000086e+04 -2.405505007200000023e+02 2.029189128540000127e+02 -3.286667185669999753e+02
6.500000000000000222e-01 -9.602645896530000755e+03 2.248993979060000129e+03 1.270857628079999995e+04 -2.409028295969999931e+02 2.026232191560000047e+02 -3.282127866079999876e+02
6.500000000000000222e-01 -9.749438832940000793e+03 2.170094752720000088e+03 1.274934804360000089e+04 -2.408562354249999942e+02 2.025470320249999929e+02 -3.287614995839999779e+02
6.500000000000000222e-01 -9.658658334489999106e+03 2.109174291020000055e+03 1.271702978780000012e+04 -2.402527698629999975e+02 2.025131574709999995e+02 -3.291152796599999988e+02
6.500000000000000222e-01 -9.677981030580000152e+03 2.147929920930000208e+03 1.274866139529999964e+04 -2.405220121389999974e+02 2.031685298650000107e+02 -3.284232378930000209e+02
6.500000000000000222e-01 -9.687910085499999695e+03 2.240282500419999906e+03 1.275510736480000014e+04 -2.402661484029999883e+02 2.031208595960000025e+02 -3.287191152020000118e+02
6.500000000000000222e-01 -9.697271959800000332e+03 2.290393873749999784e+03 1.273249900049999997e+04 -2.408068537279999930e+02 2.029311483779999890e+02 -3.285184770220000132e+02
6.500000000000000222e-01 -9.736877453499999319e+03 2.139270202159999826e+03 1.274087426170000072e+04 -2.407789525309999874e+02 2.030078063999999927e+02 -3.286855780980000077e+02
6.500000000000000222e-01 -9.673267003880000630e+03 2.200823161239999990e+03 1.275806413310000062e+04 -2.400845296610000048e+02 2.028253038329999924e+02 -3.286977945840000075e+02
6.500000000000000222e-01 -9.696582820010000432e+03 2.164101399069999843e+03 1.275545894079999925e+04 -2.406784347800000035e+02 2.035444694349999963e+02 -3.284183661949999760e+02
6.500000000000000222e-01 -9.690397283419999440e+03 2.187644024279999940e+03 1.275964558100000067e+04 -2.405897597089999920e+02 2.029496471989999975e+02 -3.286042115230000036e+02
6.500000000000000222e-01 -9.700738695939999161e+03 2.094733990910000102e+03 1.270897520280000026e+04 -2.406314897960000110e+02 2.035067899150000130e+02 -3.282195453360000101e+02
6.500000000000000222e-01 -9.611455352740000308e+03 2.205653599960000065e+03 1.272765292389999922e+04 -2.407662478430000021e+02 2.028413123880000057e+02 -3.285299162349999733e+02
6.500000000000000222e-01 -9.682203134549999959e+03 2.187054341219999969e+03 1.275886303609999959e+04 -2.410182815670000025e+02 2.032567044360000068e+02 -3.284739129980000030e+02
6.500000000000000222e-01 -9.602913912539999728e+03 2.135167728079999961e+03 1.269764982500000042e+04 -2.402298338559999991e+02 2.026898729039999978e+02 -3.289672112179999885e+02
6.500000000000000222e-01 -9.821492898090000381e+03 2.241033992000000126e+03 1.268558894610000061e+04 -2.400587951770000075e+02 2.026890218249999975e+02 -3.279704489829999829e+02
6.500000000000000222e-01 -9.713040477299999111e+03 2.190137376740000036e+03 1.276027306370000042e+04 -2.405712694350000049e+02 2.027002382210000064e+02 -3.285963706599999909e+02
6.500000000000000222e-01 -9.680822432259999914e+03 2.161166260210000019e+03 1.275218734899999981e+04 -2.406956918909999956e+02 2.030904620150000142e+02 -3.286277529700000173e+02
6.500000000000000222e-01 -9.726297622149999370e+03 2.287790495249999822e+03 1.273175299389999964e+04 -2.407444612440000071e+02 2.033264088749999985e+02 -3.288791849830000160e+02
6.500000000000000222e-01 -9.830752042689999143e+03 2.207085467060000155e+03 1.267988803840000037e+04 -2.406066396790000113e+02 2.028576996859999895e+02 -3.290350326369999721e+02
6.500000000000000222e-01 -9.600411432079999940e+03 2.162947920510000131e+03 1.271064079750000019e+04 -2.406668855880000137e+02 2.028906835390000083e+02 -3.284423756690000005e+02
6.500000000000000222e-01 -9.624992703600000823e+03 2.268318684419999954e+03 1.271812437739999950e+04 -2.403397154840000098e+02 2.025100899450000043e+02 -3.286542972870000199e+02
6.500000000000000222e-01 -9.782398659230000703e+03 2.127142921319999914e+03 1.270891826500000025e+04 -2.400241917490000105e+02 2.030857602330000020e+02 -3.280946100090000073e+02
6.500000000000000222e-01 -9.740921473329999571e+03 2.090664578899999924e+03 1.269470863939999981e+04 -2.405965637239999921e+02 2.033980361959999925e+02 -3.283615622290000147e+02
6.500000000000000222e-01 -9.732263126800000464e+03 2.089554464870000174e+03 1.270077363870000045e+04 -2.401790390280000054e+02 2.031600818059999938e+02 -3.281412259969999923e+02
6.500000000000000222e-01 -9.662485045929999615e+03 2.199162922779999917e+03 1.275528296279999995e+04 -2.400976381719999893e+02 2.028116193200000055e+02 -3.287449152990000130e+02
6.500000000000000222e-01 -9.751918171620000066e+03 2.322253760869999951e+03 1.267656670990000021e+04 -2.404824091330000044e+02 2.029250883329999908e+02 -3.291364272819999996e+02
6.500000000000000222e-01 -9.701023342320000665e+03 2.171966375179999886e+03 1.275802815249999912e+04 -2.404384871709999913e+02 2.033680607889999976e+02 -3.284574192480000079e+02
6.500000000000000222e-01 -9.704570915899999818e+03 2.213966342820000136e+03 1.276084708080000019e+04 -2.404279105850000064e+02 2.023390990339999860e+02 -3.285184498809999809e+02
6.500000000000000222e-01 -9.606675071580000804e+03 2.138987764909999896e+03 1.270251868819999981e+04 -2.401724536240000134e+02 2.026946859459999928e+02 -3.292384021749999761e+02
6.500000000000000222e-01 -9.699409510620000219e+03 2.202841610229999787e+03 1.276122046889999910e+04 -2.411218365279999887e+02 2.028149939930000016e+02 -3.285558801590000257e+02
6.500000000000000222e-01 -9.618797472849999394e+03 2.276281834639999943e+03 1.270689869349999935e+04 -2.401708357530000058e+02 2.027283298080000122e+02 -3.289901119450000238e+02
6.500000000000000222e-01 -9.701456725780000852e+03 2.232046362779999981e+03 1.275815194100000008e+04 -2.404711580370000092e+02 2.034137863379999942e+02 -3.286903565869999966e+02
6.500000000000000222e-01 -9.741535183280000638e+03 2.241726525009999932e+03 1.274938500749999912e+04 -2.400571277440000131e+02 2.023904113270000096e+02 -3.283547147749999908e+02
6.500000000000000222e-01 -9.723958543070000815e+03 2.070296803159999854e+03 1.266594775210000080e+04 -2.404015805079999950e+02 2.027750236770000072e+02 -3.292351375640000128e+02
6.500000000000000222e-01 -9.576438034959999641e+03 2.178761587619999773e+03 1.267980462000000080e+04 -2.407479612669999938e+02 2.029331149349999919e+02 -3.283254835089999801e+02
6.500000000000000222e-01 -9.562710604080000849e+03 2.226996130439999888e+03 1.263545166860000063e+04 -2.404022471559999872e+02 2.028135931140000139e+02 -3.293832136249999962e+02
6.500000000000000222e-01 -9.577828619489999255e+03 2.245973775299999943e+03 1.267242350579999948e+04 -2.407137821620000011e+02 2.026842390410000121e+02 -3.281747256279999760e+02
6.500000000000000222e-01 -9.668349528569999165e+03 2.239437546319999910e+03 1.275191396300000088e+04 -2.409730110920000072e+02 2.024302711500000100e+02 -3.283844922569999767e+02
6.500000000000000222e-01 -9.681802982519999205e+03 2.222986422869999842e+03 1.275817082510000000e+04 -2.401203705419999892e+02 2.031556048159999932e+02 -3.286952863719999982e+02
6.500000000000000222e-01 -9.647453780840000036e+03 2.218395498200000020e+03 1.274900662729999931e+04 -2.410535713149999992e+02 2.026482391879999909e+02 -3.283867648319999830e+02
6.500000000000000222e-01 -9.689426273749999382e+03 2.191947807479999938e+03 1.276013573499999984e+04 -2.401818760900000029e+02 2.025955137470000125e+02 -3.286440719149999836e+02
6.500000000000000222e-01 -9.719014694100000270e+03 2.295276941780000016e+03 1.272615356889999930e+04 -2.406251041900000018e+02 2.032811089209999977e+02 -3.289665774410000267e+02
6.500000000000000222e-01 -9.684407719540000471e+03 2.178897366629999851e+03 1.275812799149999955e+04 -2.401490806660000032e+02 2.023921279520000098e+02 -3.287056422079999720e+02
6.500000000000000222e-01 -9.837929734019999160e+03 2.224432717459999822e+03 1.265383137410000018e+04 -2.402144558379999921e+02 2.027918116090000069e+02 -3.282935616849999860e+02
6.500000000000000222e-01 -9.753502914689999670e+03 2.191423679380000067e+03 1.275154248619999998e+04 -2.402766087999999911e+02 2.029771885099999906e+02 -3.284410700939999970e+02
6.500000000000000222e-01 -9.740508034349999434e+03 2.119814796579999893e+03 1.272732683279999947e+04 -2.404287900440000101e+02 2.035040254449999964e+02 -3.282094306500000016e+02
6.500000000000000222e-01 -9.756096422599999642e+03 2.314772498729999825e+03 1.268156650179999997e+04 -2.401443512820000024e+02 2.024242835580000133e+02 -3.284660867869999947e+02
6.500000000000000222e-01 -9.716560771750000640e+03 2.191627708909999910e+03 1.276020299599999998e+04 -2.401410786060000078e+02 2.033086518480000109e+02 -3.284819899199999895e+02
6.500000000000000222e-01 -9.617114847389999341e+03 2.107828335820000120e+03 1.268247388580000006e+04 -2.406277443470000037e+02 2.031404335740000136e+02 -3.281670477110000093e+02
6.500000000000000222e-01 -9.635818719159999091e+03 2.137510317639999812e+03 1.272589083190000019e+04 -2.401775931649999904e+02 2.025997672969999996e+02 -3.290900337300000160e+02
6.500000000000000222e-01 -9.714844791379999151e+03 2.183962972830000126e+03 1.275953189720000046e+04 -2.401568424650000111e+02 2.031994805740000061e+02 -3.284869028819999812e+02
6.500000000000000222e-01 -9.799831805109999550e+03 2.220839762130000054e+03 1.272055939589999980e+04 -2.405846061279999901e+02 2.028295412379999902e+02 -3.287330444030000081e+02
6.500000000000000222e-01 -9.727319900300000882e+03 2.207731284620000224e+03 1.275903765700000076e+04 -2.406023707109999918e+02 2.028916830450000077e+02 -3.285768819099999973e+02
6.500000000000000222e-01 -9.802192444550000801e+03 2.167106101249999938e+03 1.271455436139999983e+04 -2.406415521559999888e+02 2.029540319170000089e+02 -3.286912204789999805e+02
6.500000000000000222e-01 -9.842597686409999369e+03 2.202837991689999853e+03 1.264090850990000035e+04 -2.401915594099999964e+02 2.028506875960000002e+02 -3.278978385460000027e+02
6.500000000000000222e-01 -9.715314554329999737e+03 2.327647637529999884e+03 1.268012266869999985e+04 -2.402330547969999941e+02 2.026274733920000131e+02 -3.289347278860000188e+02
6.500000000000000222e-01 -9.702747307069999806e+03 2.212816646090000177e+03 1.276089797639999961e+04 -2.405705233559999954e+02 2.024422994599999868e+02 -3.285418151409999723e+02
6.500000000000000222e-01 -9.732569184059999316e+03 2.211807330910000019e+03 1.275787099210000088e+04 -2.406028781310000113e+02 2.029084020999999893e+02 -3.285731082510000078e+02
6.500000000000000222e-01 -9.689337658050000755e+03 2.229801678809999885e+03 1.275798061140000027e+04 -2.408103568209999992e+02 2.025684954060000109e+02 -3.285049330289999716e+02
6.500000000000000222e-01 -9.735096914910000123e+03 2.174707407930000045e+03 1.275475800410000011e+04 -2.400341008110000018e+02 2.033136394299999949e+02 -3.283377976830000193e+02
6.500000000000000222e-01 -9.703534230179999213e+03 2.211815202209999825e+03 1.276090811539999959e+04 -2.405344511929999953e+02 2.032131786019999993e+02 -3.286004878570000187e+02
6.500000000000000222e-01 -9.681618653609999456e+03 2.209407166980000056e+03 1.275946362100000078e+04 -2.400738461260000065e+02 2.029755904879999946e+02 -3.286643564029999993e+02
6.500000000000000222e-01 -9.784768179939999754e+03 2.259805657670000073e+03 1.272043903700000010e+04 -2.400791955850000079e+02 2.025622893590000047e+02 -3.280440050390000124e+02
6.500000000000000222e-01 -9.702077586879999217e+03 2.233639036409999790e+03 1.275740511230000084e+04 -2.403583140060000005e+02 2.024855622499999868e+02 -3.285394836280000277e+02
6.500000000000000222e-01 -9.679639078550000704e+03 2.299216793659999894e+03 1.272066481089999979e+04 -2.406229925579999929e+02 2.023068451270000025e+02 -3.281539537360000054e+02
6.500000000000000222e-01 -9.689499252969999361e+03 2.185379617950000011e+03 1.275962581850000061e+04 -2.407435951239999952e+02 2.032334283700000128e+02 -3.285166553330000170e+02
6.500000000000000222e-01 -9.596837428200000431e+03 2.158482374159999836e+03 1.270454975759999979e+04 -2.406361444530000142e+02 2.028891574189999858e+02 -3.284445375560000002e+02
6.500000000000000222e-01 -9.626093559330000062e+03 2.209446423830000185e+03 1.273829114119999940e+04 -2.409870166210000093e+02 2.028149193980000007e+02 -3.283959437390000176e+02
6.500000000000000222e-01 -9.624296436290000202e+03 2.276178657980000025e+03 1.271189125779999995e+04 -2.401526129730000036e+02 2.029620989350000002e+02 -3.291333126769999922e+02
6.500000000000000222e-01 -9.773219210850000309e+03 2.108373003740000058e+03 1.269821214619999955e+04 -2.401575250230000051e+02 2.032466739770000004e+02 -3.280094771999999921e+02
6.500000000000000222e-01 -9.702691840109999248e+03 2.207963114950000090e+03 1.276120126139999957e+04 -2.404796366170000113e+02 2.022020551180000041e+02 -3.285341921969999817e+02
6.500000000000000222e-01 -9.754988653570000679e+03 2.204990668590000041e+03 1.275130573530000038e+04 -2.408591802409999900e+02 2.028684536529999889e+02 -3.286838924630000065e+02
6.500000000000000222e-01 -9.696852476969999771e+03 2.322592067699999916e+03 1.269739308379999966e+04 -2.406802548940000008e+02 2.026499828299999990e+02 -3.282346142999999756e+02
6.500000000000000222e-01 -9.637247881179999240e+03 2.273468241980000130e+03 1.272320353260000047e+04 -2.409137851090000026e+02 2.027065599850000126e+02 -3.283842368879999754e+02
6.500000000000000222e-01 -9.759395915580000292e+03 2.128581414109999969e+03 1.272637607550000030e+04 -2.403971726620000027e+02 2.025382116510000117e+02 -3.287873871529999974e+02
6.500000000000000222e-01 -9.694227748549999887e+03 2.196447708730000159e+03 1.276077325770000061e+04 -2.402784296060000031e+02 2.026890826800000127e+02 -3.286131888630000049e+02
6.500000000000000222e-01 -9.664145598290000635e+03 2.276262429349999820e+03 1.273436534449999999e+04 -2.408204598849999911e+02 2.023766831369999863e+02 -3.282510770679999723e+02
3.690000000000000000e+05 1.932547438730000067e+03 8.468090219040000193e+02 -9.541720603530000062e+02 -1.525498270500000046e+02 -5.501413249569999664e+00 1.520064301250000049e+01
6.500000000000000222e-01 1.926903920689999950e+03 8.845040096000000176e+02 -8.387547222670000338e+02 -1.587809178089999875e+02 -9.610846488780000030e+00 1.232757898919999917e+01
6.500000000000000222e-01 2.033242480339999929e+03 9.082464744879999898e+02 -9.144026722029999519e+02 -1.529492508959999952e+02 -6.320481498920000440e+00 6.363214272449999598e+00
6.500000000000000222e-01 1.928181360000000041e+03 8.967733310209999900e+02 -8.419016824379999662e+02 -1.564756091929999968e+02 -6.556162509119999982e+00 1.109208998479999941e+01
6.500000000000000222e-01 1.850659956429999966e+03 7.527314720970000508e+02 -8.741534194409999827e+02 -1.583896604809999928e+02 -6.970408971449999491e-01 1.989057694090000084e+01
6.500000000000000222e-01 1.820042630890000055e+03 7.800619669610000528e+02 -8.384410220620000018e+02 -1.583296773639999913e+02 -3.222021519300000136e+00 2.163384097040000142e+01
6.500000000000000222e-01 2.040448080079999954e+03 7.957827190149999979e+02 -9.145701385989999608e+02 -1.550001493610000125e+02 -2.415445602930000213e+00 9.705685342000000659e+00
6.500000000000000222e-01 1.871552502259999983e+03 9.109428905470000473e+02 -8.438463160190000281e+02 -1.581251743690000069e+02 -9.149027617610000718e+00 1.345654382839999919e+01
6.500000000000000222e-01 1.925258020680000072e+03 8.963447813919999589e+02 -8.406293226970000205e+02 -1.566757006290000049e+02 -6.447883922779999999e+00 1.123113446860000053e+01
6.500000000000000222e-01 1.850844873810000081e+03 7.949571014389999846e+02 -8.249940045109999573e+02 -1.614874849670000003e+02 -8.802065346559999170e+00 1.521947020640000048e+01
6.500000000000000222e-01 1.919741252569999915e+03 7.260440842189999557e+02 -8.958233783150000136e+02 -1.560962123760000111e+02 -1.128241038989999945e+00 1.653369039900000104e+01
6.500000000000000222e-01 1.945500630649999948e+03 9.138685682880000059e+02 -8.598330811509999876e+02 -1.553315591879999999e+02 -1.304220425789999993e+01 1.408316924780000079e+01
6.500000000000000222e-01 1.778382733599999938e+03 8.090813905969999951e+02 -8.667500553999999511e+02 -1.588931908300000089e+02 -8.326844294929999890e+00 1.822057810209999928e+01
6.500000000000000222e-01 1.827731764469999916e+03 8.173742162629999939e+02 -8.252538911259999850e+02 -1.587883281670000031e+02 -8.359444392289999470e+00 1.748318429860000123e+01
6.500000000000000222e-01 1.820929698910000070e+03 9.210848567819999744e+02 -9.140024455190000481e+02 -1.533805555689999949e+02 -1.152310349110000054e+01 1.673242426410000050e+01
6.500000000000000222e-01 1.908121033690000104e+03 8.642952033239999992e+02 -8.270990553880000107e+02 -1.590498321219999980e+02 -1.076618325199999937e+01 1.345757968420000061e+01
6.500000000000000222e-01 1.895663190329999907e+03 8.391417589000000135e+02 -8.197202937450000491e+02 -1.573028600780000090e+02 -9.608770955320000695e+00 1.423579691800000013e+01
6.500000000000000222e-01 1.896817701019999959e+03 8.615121188540000503e+02 -8.227667434050000566e+02 -1.592672425670000109e+02 -5.598175382890000051e+00 1.336675611859999968e+01
6.500000000000000222e-01 1.929756498420000071e+03 8.432732923920000303e+02 -8.301458449389999714e+02 -1.584662001840000016e+02 -7.508072706400000129e+00 1.219242792250000029e+01
6.500000000000000222e-01 1.802850574069999993e+03 8.754590233249999756e+02 -8.506957956530000047e+02 -1.574098138550000101e+02 -1.024546644760000014e+01 1.794578394459999870e+01
6.500000000000000222e-01 1.909579041720000077e+03 8.360646720669999468e+02 -8.229825843900000564e+02 -1.610885263209999891e+02 -3.974834376430000038e+00 1.383064831749999968e+01
6.500000000000000222e-01 2.000661598579999918e+03 7.693006139770000118e+02 -9.106326522919999888e+02 -1.565979881309999939e+02 8.261431268590000432e-01 1.498781104669999920e+01
6.500000000000000222e-01 1.919652689940000073e+03 9.353745872370000143e+02 -8.675898052640000060e+02 -1.558515609309999945e+02 -1.173658809950000048e+01 1.384689430270000088e+01
6.500000000000000222e-01 1.906349668999999949e+03 9.237932434069999772e+02 -8.541945936639999672e+02 -1.569735909050000089e+02 -1.108891591829999967e+01 1.355149193019999920e+01
6.500000000000000222e-01 1.907549623970000084e+03 8.860599557289999666e+02 -8.394353155320000042e+02 -1.549557308070000090e+02 -1.386425413379999938e+01 1.504587927030000039e+01
6.500000000000000222e-01 1.920047131329999957e+03 8.468125293540000484e+02 -8.220939087809999819e+02 -1.563703168229999960e+02 -6.371503899350000388e+00 1.321296306079999994e+01
6.500000000000000222e-01 2.049091377060000013e+03 8.383971446629999491e+02 -9.128306902959999434e+02 -1.539353414210000039e+02 -4.213550388279999837e+00 7.031862305609999808e+00
6.500000000000000222e-01 1.798636874179999950e+03 8.466406352420000303e+02 -8.502596527590000051e+02 -1.575402056549999941e+02 -9.968591277610000745e+00 1.812898419049999887e+01
6.500000000000000222e-01 1.927083921099999998e+03 9.144808111080000117e+02 -8.704737271200000350e+02 -1.539626338569999859e+02 -1.141428087639999944e+01 1.132042793429999961e+01
6.500000000000000222e-01 1.913518326990000105e+03 8.309353734970000005e+02 -8.192261527709999882e+02 -1.562442555689999892e+02 -9.013324687809999958e+00 1.384115707880000024e+01
6.500000000000000222e-01 1.931572508570000082e+03 7.583956278370000064e+02 -8.478674173220000512e+02 -1.576080579949999958e+02 -5.229069670320000363e+00 1.347435837199999931e+01
6.500000000000000222e-01 1.881625124299999925e+03 8.779016991800000369e+02 -8.275163072990000046e+02 -1.595093604159999927e+02 -6.550232769640000008e+00 1.324433946899999981e+01
6.500000000000000222e-01 1.940847204939999983e+03 9.368304753520000077e+02 -8.969084872949999863e+02 -1.528984549689999994e+02 -1.099339897519999987e+01 1.001288738410000079e+01
6.500000000000000222e-01 1.915033597890000010e+03 8.008064525280000225e+02 -8.270740860670000529e+02 -1.584138392289999899e+02 -8.048618275329999960e+00 1.323303331279999995e+01
6.500000000000000222e-01 1.942597209410000005e+03 8.352595647919999919e+02 -8.289770298260000345e+02 -1.556863162909999971e+02 -7.372334442139999666e+00 1.209431318100000041e+01
6.500000000000000222e-01 1.865384504780000043e+03 8.970278963030000341e+02 -8.363845218789999763e+02 -1.555301213550000057e+02 -1.309461791929999919e+01 1.748565639590000131e+01
6.500000000000000222e-01 1.946760793859999922e+03 8.408750122789999750e+02 -8.368926103119999880e+02 -1.594602261269999985e+02 -6.420288559110000293e+00 1.184082513569999939e+01
6.500000000000000222e-01 1.891452080139999907e+03 8.045830551200000400e+02 -8.284616571090000434e+02 -1.603572019240000088e+02 -4.484976391210000024e+00 1.442770522120000010e+01
6.500000000000000222e-01 1.872774790019999955e+03 8.182484702640000478e+02 -8.205598513180000282e+02 -1.613480529670000010e+02 -9.021165955760000799e+00 1.437680938429999955e+01
6.500000000000000222e-01 1.981449608010000020e+03 7.706423273550000204e+02 -9.077016615300000240e+02 -1.573589440439999976e+02 -3.395981218390000111e-01 1.124127945989999944e+01
6.500000000000000222e-01 2.022343181239999922e+03 8.330661783519999517e+02 -8.897624698639999679e+02 -1.565852938060000099e+02 -3.697822381790000001e+00 9.360923802160000307e+00
6.500000000000000222e-01 1.977514022410000052e+03 8.235992267350000020e+02 -8.485027997089999872e+02 -1.597802380299999925e+02 -3.857977212589999816e+00 1.270810525239999933e+01
6.500000000000000222e-01 1.911502033109999957e+03 8.675379007699999647e+02 -8.290008570259999487e+02 -1.576642154330000096e+02 -7.437831037719999649e+00 1.254651572679999916e+01
6.500000000000000222e-01 1.851118737190000047e+03 7.671168473850000282e+02 -8.362315167839999503e+02 -1.586125231499999870e+02 -6.556843654869999760e+00 1.705637365959999840e+01
6.500000000000000222e-01 1.976750066479999987e+03 8.923340507750000370e+02 -8.634286435950000396e+02 -1.550669959079999956e+02 -1.144031141600000012e+01 1.122398407720000080e+01
6.500000000000000222e-01 1.894885976810000102e+03 8.271984932889999982e+02 -8.218140232529999594e+02 -1.600488070179999909e+02 -9.242771806500000409e+00 1.368552180100000015e+01
6.500000000000000222e-01 1.911916166470000007e+03 8.341694948159999967e+02 -8.257576242229999934e+02 -1.602598479479999867e+02 -5.302713508100000084e+00 1.321390903600000044e+01
6.500000000000000222e-01 1.841829605489999949e+03 8.559739561159999539e+02 -8.256755675289999772e+02 -1.612880536339999935e+02 -8.108218489989999611e+00 1.477628006009999950e+01
6.500000000000000222e-01 1.915641872420000027e+03 8.104667561039999555e+02 -8.244964612080000279e+02 -1.601294906649999916e+02 -1.991099317159999993e+00 1.525514093369999991e+01
6.500000000000000222e-01 1.902302731239999957e+03 7.523368675680000024e+02 -8.460632898850000174e+02 -1.576033647570000085e+02 -1.586115533390000110e+00 1.827473943460000072e+01
6.500000000000000222e-01 2.026011705570000004e+03 8.698043624819999877e+02 -8.828785895190000019e+02 -1.565415701720000072e+02 -6.813804070059999773e+00 1.085881461039999962e+01
6.500000000000000222e-01 1.811640761500000053e+03 7.786706673840000121e+02 -8.448984793939999918e+02 -1.578982202869999867e+02 -3.575701175459999881e+00 2.233799925110000117e+01
6.500000000000000222e-01 1.879009910709999986e+03 8.910685087780000231e+02 -8.512013977679999925e+02 -1.541111022089999949e+02 -1.338841576039999914e+01 1.555443435759999993e+01
6.500000000000000222e-01 1.930445512689999987e+03 8.592279006869999876e+02 -8.283933335210000450e+02 -1.564909734450000087e+02 -6.305512087050000325e+00 1.220194310629999990e+01
6.500000000000000222e-01 1.945488331569999900e+03 7.438075777660000085e+02 -8.665726744490000328e+02 -1.569029087140000058e+02 -3.790252235960000160e+00 1.337379257029999913e+01
6.500000000000000222e-01 1.902758447769999975e+03 7.553732137969999485e+02 -8.483465315150000379e+02 -1.589680735039999888e+02 -6.414033253730000439e+00 1.354420259179999952e+01
6.500000000000000222e-01 2.005206820760000028e+03 8.754185424040000498e+02 -8.712783655649999446e+02 -1.544193622589999961e+02 -6.831504924669999923e+00 8.383174068789999822e+00
6.500000000000000222e-01 1.976571952360000068e+03 7.603806257229999801e+02 -8.745128120440000430e+02 -1.563198074199999894e+02 -4.333222809159999578e+00 1.093482089359999954e+01
6.500000000000000222e-01 1.989110402799999974e+03 7.555245858829999861e+02 -8.921223464129999456e+02 -1.558233494590000134e+02 -3.288378574269999799e+00 1.048145424620000021e+01
6.500000000000000222e-01 1.948759171379999998e+03 7.543470728040000495e+02 -8.572947837990000153e+02 -1.572225580749999949e+02 -3.015128665909999839e+00 1.420652113310000075e+01
6.500000000000000222e-01 1.927729381330000024e+03 8.644559766209999907e+02 -8.332825262769999881e+02 -1.567782856610000124e+02 -1.219301884060000063e+01 1.309403301220000060e+01
6.500000000000000222e-01 1.905570535119999931e+03 8.493567941830000336e+02 -8.246946647959999837e+02 -1.588285548739999911e+02 -7.922173181229999805e+00 1.308239900679999934e+01
6.500000000000000222e-01 1.877780762959999947e+03 8.739330159910000475e+02 -8.297017156379999960e+02 -1.549714563299999952e+02 -1.342055954489999969e+01 1.670455620290000098e+01
6.500000000000000222e-01 1.849844403470000088e+03 8.090264447649999511e+02 -8.223705407060000425e+02 -1.618377523460000020e+02 -8.910476333540000127e+00 1.511699308000000030e+01
6.500000000000000222e-01 2.025895594269999947e+03 8.192214162840000427e+02 -8.957346857920000502e+02 -1.551177512719999925e+02 -3.865301912170000076e+00 7.940931994659999660e+00
6.500000000000000222e-01 1.969019868000000088e+03 8.438233940789999679e+02 -8.420035810269999956e+02 -1.551273944639999911e+02 -6.565626044450000087e+00 1.046987788909999928e+01
6.500000000000000222e-01 1.845861842519999982e+03 8.930889297070000339e+02 -8.497474227019999944e+02 -1.537240046020000079e+02 -1.347715670580000058e+01 1.951477308200000138e+01
6.500000000000000222e-01 1.979170970729999908e+03 9.224805219070000248e+02 -8.919077760369999623e+02 -1.528061513639999873e+02 -1.228995837819999970e+01 1.136857525389999957e+01
6.500000000000000222e-01 1.900090874989999975e+03 8.434951461279999876e+02 -8.179345758409999689e+02 -1.578399967050000043e+02 -5.169836436089999765e+00 1.425394947620000075e+01
6.500000000000000222e-01 1.989155101600000080e+03 8.110526910099999895e+02 -8.634462551950000488e+02 -1.559833038650000105e+02 -5.261948639259999894e+00 9.514806538500000244e+00
6.500000000000000222e-01 1.895156169760000012e+03 8.422393527240000139e+02 -8.220671357960000023e+02 -1.609247313729999860e+02 -6.538072244390000343e+00 1.357591488909999988e+01
6.500000000000000222e-01 1.791391865979999920e+03 8.412714971100000412e+02 -8.488388580099999672e+02 -1.591047483430000113e+02 -9.255695365599999391e+00 1.759530156969999837e+01
6.500000000000000222e-01 1.834961118969999916e+03 8.630210762489999752e+02 -8.253438303670000096e+02 -1.550477343089999920e+02 -1.194584104569999994e+01 1.992166709569999838e+01
6.500000000000000222e-01 1.901704132800000025e+03 8.374340749870000309e+02 -8.152564153649999525e+02 -1.564988157129999991e+02 -5.979325371949999912e+00 1.477073616160000036e+01
6.500000000000000222e-01 1.964228326239999888e+03 7.634601499030000014e+02 -8.728240019280000297e+02 -1.569771335979999947e+02 -4.437797925319999948e+00 1.083998377990000073e+01
6.500000000000000222e-01 1.876996432059999961e+03 8.797721899350000285e+02 -8.294858987339999885e+02 -1.593606489999999951e+02 -7.130651447189999992e+00 1.328815895359999999e+01
6.500000000000000222e-01 1.962544261779999943e+03 8.139019750359999534e+02 -8.423382326180000064e+02 -1.567255282350000130e+02 -6.547762412620000028e+00 1.109662129370000017e+01
6.500000000000000222e-01 1.903798943969999982e+03 8.286852673769999456e+02 -8.219943483519999745e+02 -1.587173077159999934e+02 -6.835388426209999757e+00 1.364737341650000069e+01
6.500000000000000222e-01 1.813733529930000032e+03 8.572576451029999589e+02 -8.318109052199999951e+02 -1.566973746749999918e+02 -1.024611089090000071e+01 1.941460166170000079e+01
6.500000000000000222e-01 1.904930077490000031e+03 8.364357184939999570e+02 -8.169244563190000008e+02 -1.562230215659999999e+02 -7.867544001929999808e+00 1.438183291280000020e+01
6.500000000000000222e-01 1.901154864919999909e+03 8.419461288859999968e+02 -8.223674599350000562e+02 -1.605962530159999915e+02 -5.214678481310000002e+00 1.358279336830000084e+01
6.500000000000000222e-01 1.841623900820000017e+03 8.290702725610000243e+02 -8.223258981919999542e+02 -1.601083540500000026e+02 -8.511638183589999684e+00 1.583863180570000040e+01
6.500000000000000222e-01 2.035791484760000003e+03 8.233909764159999440e+02 -8.986595285329999570e+02 -1.543756387910000001e+02 -4.336413691539999782e+00 7.592452623299999814e+00
6.500000000000000222e-01 1.793844198660000075e+03 7.780298971859999710e+02 -8.758866683319999993e+02 -1.556496795580000025e+02 -4.864954772849999998e+00 2.532198093979999953e+01
6.500000000000000222e-01 1.794581777549999970e+03 7.842015720749999446e+02 -8.587852029519999633e+02 -1.584044140400000060e+02 -4.848851091960000304e+00 2.082667175319999942e+01
6.500000000000000222e-01 1.888117087159999983e+03 7.326418782749999536e+02 -8.672423509149999745e+02 -1.571589527190000126e+02 -3.675823369669999785e+00 1.653675726599999862e+01
6.500000000000000222e-01 1.987976576300000033e+03 9.614153878930000019e+02 -9.508501865429999498e+02 -1.514284970969999904e+02 -9.371836358959999558e+00 7.491918019839999943e+00
6.500000000000000222e-01 1.788173300059999974e+03 7.984569119540000202e+02 -8.540281083480000461e+02 -1.577115858200000105e+02 -6.129295217200000145e+00 2.145076805949999965e+01
6.500000000000000222e-01 1.881417821680000088e+03 8.435811450050000531e+02 -8.208566632230000550e+02 -1.616952937929999905e+02 -7.047848979750000353e+00 1.390828453279999977e+01
6.500000000000000222e-01 1.932876325499999894e+03 8.202722429279999687e+02 -8.289886438610000141e+02 -1.572864199279999866e+02 -7.679088631219999961e+00 1.240979359399999993e+01
6.500000000000000222e-01 1.845829776419999916e+03 7.483261486779999814e+02 -8.663683447070000057e+02 -1.598873325980000004e+02 -4.555841043750000097e+00 1.599439321560000060e+01
6.500000000000000222e-01 1.856786510939999971e+03 8.773572288190000563e+02 -8.383299260469999581e+02 -1.577667051059999892e+02 -9.994636894630000157e+00 1.435100239640000019e+01
6.500000000000000222e-01 1.807392429559999982e+03 8.944837636519999933e+02 -8.749747664929999473e+02 -1.540455187629999898e+02 -1.170397261319999949e+01 2.079422611520000075e+01
6.500000000000000222e-01 1.924702350549999892e+03 9.037252291710000236e+02 -8.450279506379999930e+02 -1.565922482949999903e+02 -6.773281603620000091e+00 1.100672859990000063e+01
6.500000000000000222e-01 1.943598386679999976e+03 9.022387211929999467e+02 -8.595233103660000324e+02 -1.546680573289999927e+02 -1.026537639690000070e+01 1.074311851500000081e+01
6.500000000000000222e-01 2.030766474080000080e+03 8.592872413930000448e+02 -8.890618035439999858e+02 -1.561696444869999993e+02 -5.662268320399999944e+00 9.812205522999999374e+00
6.500000000000000222e-01 1.887400532679999969e+03 7.955212198320000425e+02 -8.228740989880000143e+02 -1.587357651830000123e+02 -6.851674462980000158e+00 1.496060551340000089e+01
6.500000000000000222e-01 1.986200723090000110e+03 8.745190240990000348e+02 -8.596327205789999653e+02 -1.556115155029999926e+02 -8.410111840900000857e+00 9.761545485110000087e+00
6.500000000000000222e-01 1.857171655769999916e+03 8.878006802810000408e+02 -8.301124341030000551e+02 -1.562349960029999920e+02 -1.228873900249999984e+01 1.732726829759999987e+01
6.500000000000000222e-01 1.866786912199999961e+03 7.599331298189999870e+02 -8.380755398630000172e+02 -1.583731953330000124e+02 -6.030949211560000300e+00 1.655789673749999835e+01
6.500000000000000222e-01 2.033222385629999962e+03 7.852509009550000201e+02 -9.156533357719999913e+02 -1.556277261360000068e+02 -4.494678289069999888e-01 1.374200737269999983e+01
