3.450000000000000000e+05 3.980871106340000097e+03 -5.045613275949999661e+03 -6.858355552349999925e+03 -1.137613888449999990e+02 2.289713538290000017e+01 -5.362494667269999837e+01
6.500000000000000222e-01 4.154652489269999933e+03 -5.220542023599999993e+03 -6.736481503240000166e+03 -1.149259758860000034e+02 2.403377489500000053e+01 -5.423596493729999679e+01
6.500000000000000222e-01 3.831968492840000181e+03 -5.155407448400000249e+03 -6.643553288369999791e+03 -1.123844273729999941e+02 2.394430777899999896e+01 -5.258258778500000119e+01
6.500000000000000222e-01 3.793734977409999829e+03 -5.110490070980000382e+03 -6.651688500399999612e+03 -1.127011796519999933e+02 2.458619467369999967e+01 -5.190672946610000338e+01
6.500000000000000222e-01 3.911625211860000036e+03 -5.300255448459999570e+03 -6.761957877980000376e+03 -1.133398022859999941e+02 2.450046614369999887e+01 -5.198298813619999947e+01
6.500000000000000222e-01 4.063726708889999827e+03 -5.186378463369999736e+03 -6.622574783119999665e+03 -1.138390156330000025e+02 2.353172697400000146e+01 -5.354493509849999811e+01
6.500000000000000222e-01 4.030239414719999786e+03 -4.927423573359999864e+03 -6.601780668430000333e+03 -1.137261055169999935e+02 2.508455469269999938e+01 -5.416831577180000323e+01
6.500000000000000222e-01 3.860892424140000003e+03 -4.989550226510000357e+03 -6.602802183089999744e+03 -1.153733167909999935e+02 2.410885115479999996e+01 -5.377509863240000243e+01
6.500000000000000222e-01 4.055958642680000139e+03 -4.940258769979999670e+03 -6.603240428199999769e+03 -1.143382370159999937e+02 2.483777687330000106e+01 -5.402513277509999767e+01
6.500000000000000222e-01 4.140653909589999785e+03 -5.091575223279999591e+03 -6.628985921489999782e+03 -1.138055402420000064e+02 2.294478740570000141e+01 -5.441458764730000297e+01
6.500000000000000222e-01 4.047266713139999865e+03 -5.036555476550000094e+03 -6.581267128340000454e+03 -1.124689889619999974e+02 2.376529753419999835e+01 -5.400236684320000080e+01
6.500000000000000222e-01 3.846521570060000158e+03 -5.153108602170000268e+03 -6.632037868559999879e+03 -1.122333604819999948e+02 2.466876825530000161e+01 -5.210607059209999647e+01
6.500000000000000222e-01 3.729404497250000077e+03 -4.960794200680000358e+03 -6.756933938410000337e+03 -1.135223372640000008e+02 2.324974195760000129e+01 -5.348789724190000072e+01
6.500000000000000222e-01 3.907470108150000215e+03 -4.832450503240000216e+03 -6.691412406460000057e+03 -1.135462483860000020e+02 2.257929959120000163e+01 -5.347851190949999989e+01
6.500000000000000222e-01 3.768663651039999877e+03 -4.959163748580000174e+03 -6.682235704529999566e+03 -1.151818008200000065e+02 2.410642116649999878e+01 -5.450708963409999797e+01
6.500000000000000222e-01 3.756252010470000187e+03 -5.093670016230000329e+03 -6.691674009659999683e+03 -1.131806988999999959e+02 2.359515301329999915e+01 -5.302783232760000232e+01
6.500000000000000222e-01 3.913792677739999817e+03 -5.146906694860000243e+03 -6.601005920909999986e+03 -1.152533248449999945e+02 2.221985595430000160e+01 -5.445995310200000006e+01
6.500000000000000222e-01 3.821592873030000192e+03 -5.088965441649999775e+03 -6.623847254250000333e+03 -1.121943458610000022e+02 2.445823156559999845e+01 -5.181997678580000155e+01
6.500000000000000222e-01 3.942504415320000135e+03 -4.796271106199999849e+03 -6.731737414070000341e+03 -1.139147733380000034e+02 2.303893794300000053e+01 -5.434571539089999703e+01
6.500000000000000222e-01 4.177462958039999648e+03 -4.900159365239999715e+03 -6.718681733739999800e+03 -1.142908085629999988e+02 2.359803113790000140e+01 -5.527144534989999869e+01
6.500000000000000222e-01 4.058941887020000195e+03 -4.793190795049999906e+03 -6.745353386380000302e+03 -1.152091033229999937e+02 2.367422267139999903e+01 -5.402251224689999987e+01
6.500000000000000222e-01 3.889190471360000174e+03 -4.968104153309999674e+03 -6.598195540110000366e+03 -1.129970422530000036e+02 2.244865395360000093e+01 -5.251789372300000025e+01
6.500000000000000222e-01 3.892299342069999966e+03 -4.934101664689999780e+03 -6.607239173660000233e+03 -1.153654650659999987e+02 2.487452168949999987e+01 -5.394042126509999946e+01
6.500000000000000222e-01 3.866338874380000107e+03 -5.188033174479999616e+03 -6.641120097799999712e+03 -1.144255903399999994e+02 2.233632248680000032e+01 -5.485739497029999967e+01
6.500000000000000222e-01 3.819636493470000005e+03 -5.028142497949999779e+03 -6.620049769569999626e+03 -1.146291120839999991e+02 2.391235296720000036e+01 -5.345422216840000118e+01
6.500000000000000222e-01 3.804196226919999845e+03 -5.047674970600000051e+03 -6.631709091959999569e+03 -1.133866757779999972e+02 2.386483440170000137e+01 -5.269159608700000064e+01
6.500000000000000222e-01 3.995663344500000221e+03 -4.873482575750000251e+03 -6.625611149299999852e+03 -1.148713128689999934e+02 2.533311241699999883e+01 -5.418012178200000051e+01
6.500000000000000222e-01 3.851473741700000119e+03 -4.885260279889999765e+03 -6.662784825499999897e+03 -1.128627192229999991e+02 2.187197652480000087e+01 -5.157676033970000162e+01
6.500000000000000222e-01 3.923401597399999901e+03 -5.099440224379999563e+03 -6.583666419019999921e+03 -1.125418711660000071e+02 2.506867692450000007e+01 -5.278257728829999706e+01
6.500000000000000222e-01 3.945403511470000012e+03 -4.954166049460000067e+03 -6.589962088039999799e+03 -1.138755254910000048e+02 2.307085363010000023e+01 -5.322507106609999994e+01
6.500000000000000222e-01 4.111266999659999783e+03 -4.885463858539999819e+03 -6.662947835009999835e+03 -1.158860250270000023e+02 2.190963365680000052e+01 -5.166323686629999656e+01
6.500000000000000222e-01 3.885166355249999924e+03 -5.120381350100000418e+03 -6.600379856599999584e+03 -1.147148366429999982e+02 2.443143601199999893e+01 -5.354972476980000096e+01
6.500000000000000222e-01 4.105432076619999862e+03 -4.991964532660000259e+03 -6.608870483079999758e+03 -1.165672860819999954e+02 2.253666140520000027e+01 -5.242951789840000032e+01
6.500000000000000222e-01 3.955485345940000116e+03 -5.045504824910000025e+03 -6.572579216869999982e+03 -1.121429550059999940e+02 2.405949401530000031e+01 -5.306691738029999783e+01
6.500000000000000222e-01 4.191201348440000402e+03 -4.879929781949999779e+03 -6.770284144019999985e+03 -1.140039246630000065e+02 2.244172392600000165e+01 -5.503015073449999761e+01
6.500000000000000222e-01 3.985921377600000142e+03 -5.060919600090000131e+03 -6.572976194310000210e+03 -1.137079469579999937e+02 2.197740079860000151e+01 -5.353739289210000152e+01
6.500000000000000222e-01 3.981195335309999791e+03 -4.995655642939999780e+03 -6.576468951930000003e+03 -1.141205238350000002e+02 2.309321918470000057e+01 -5.331114803970000082e+01
6.500000000000000222e-01 4.001834765120000156e+03 -4.796582446139999774e+03 -6.707405667760000142e+03 -1.155193624019999987e+02 2.402687365659999941e+01 -5.339955082310000023e+01
6.500000000000000222e-01 3.844128071099999943e+03 -5.245869572509999671e+03 -6.718953842560000339e+03 -1.144503508990000000e+02 2.435543314619999933e+01 -5.450825340890000348e+01
6.500000000000000222e-01 4.127478080050000244e+03 -4.891674836170000162e+03 -6.671312692579999748e+03 -1.136912287410000033e+02 2.243275850590000076e+01 -5.400497753410000001e+01
6.500000000000000222e-01 3.896654355950000081e+03 -5.235489328990000104e+03 -6.668654670969999643e+03 -1.133823770930000023e+02 2.545595755560000129e+01 -5.214363791760000311e+01
6.500000000000000222e-01 3.892758665960000144e+03 -4.830271332020000045e+03 -6.674532753640000010e+03 -1.150428404289999946e+02 2.346221499940000044e+01 -5.195968034490000065e+01
6.500000000000000222e-01 4.104543030539999563e+03 -4.934406024400000206e+03 -6.627687689200000023e+03 -1.137740899070000040e+02 2.451594928990000000e+01 -5.461515302880000178e+01
6.500000000000000222e-01 3.887572825920000014e+03 -4.845190213199999562e+03 -6.670697795029999725e+03 -1.149953581770000000e+02 2.463157317299999960e+01 -5.438913405750000152e+01
6.500000000000000222e-01 3.934904219689999991e+03 -5.045264793459999964e+03 -6.575475347659999898e+03 -1.139020200369999998e+02 2.376384583820000174e+01 -5.329209789749999970e+01
6.500000000000000222e-01 4.034090533510000114e+03 -4.992730040970000118e+03 -6.582353011139999580e+03 -1.159722594440000023e+02 2.188516529920000053e+01 -5.276539557240000278e+01
6.500000000000000222e-01 3.979773489040000186e+03 -5.046546433579999757e+03 -6.572645067039999958e+03 -1.148167803860000049e+02 2.436719706570000099e+01 -5.346178243739999658e+01
6.500000000000000222e-01 4.158754078079999999e+03 -5.251032348490000004e+03 -6.784684916379999777e+03 -1.137322195809999954e+02 2.284378818960000146e+01 -5.664191458079999819e+01
6.500000000000000222e-01 3.977805600229999982e+03 -5.034938860520000162e+03 -6.572513614749999761e+03 -1.144758107889999934e+02 2.441071799270000042e+01 -5.344974714819999662e+01
6.500000000000000222e-01 3.924206417049999800e+03 -4.787208980000000338e+03 -6.760390214519999972e+03 -1.139051996449999962e+02 2.285062635490000105e+01 -5.434190222339999821e+01
6.500000000000000222e-01 3.725097699070000090e+03 -5.046972200160000284e+03 -6.732508659350000016e+03 -1.135451528429999968e+02 2.362562768509999955e+01 -5.331828578529999874e+01
6.500000000000000222e-01 4.097752930290000222e+03 -5.122263871690000087e+03 -6.610585155380000288e+03 -1.150932382609999962e+02 2.376262736030000156e+01 -5.327625826229999717e+01
6.500000000000000222e-01 4.254660443789999590e+03 -5.065147746190000362e+03 -6.794206850659999873e+03 -1.145036239340000037e+02 2.265805449380000169e+01 -5.440609813540000061e+01
6.500000000000000222e-01 4.040309436810000079e+03 -4.904392784820000088e+03 -6.614683163450000393e+03 -1.155544291199999947e+02 2.420298302029999959e+01 -5.335690883280000207e+01
6.500000000000000222e-01 3.963375750610000068e+03 -5.125005932660000326e+03 -6.586774891369999750e+03 -1.148884593930000051e+02 2.279828856560000006e+01 -5.406717287349999879e+01
6.500000000000000222e-01 4.001253250920000028e+03 -5.015371489490000386e+03 -6.574322343779999755e+03 -1.133101660989999999e+02 2.510663165040000067e+01 -5.358227776409999876e+01
6.500000000000000222e-01 4.031976154970000152e+03 -5.129289977919999728e+03 -6.590467144209999788e+03 -1.142136869139999931e+02 2.384123448989999972e+01 -5.352923202350000054e+01
6.500000000000000222e-01 3.935454989580000074e+03 -5.052369642429999658e+03 -6.575448113720000038e+03 -1.134389069610000007e+02 2.412437648490000086e+01 -5.319693747110000004e+01
6.500000000000000222e-01 3.968571976610000092e+03 -5.043385495829999854e+03 -6.572598882649999723e+03 -1.147529809950000015e+02 2.366656568979999875e+01 -5.344958152289999731e+01
6.500000000000000222e-01 3.857310900729999958e+03 -5.185426513059999706e+03 -6.646344293500000276e+03 -1.149512291829999953e+02 2.430897259940000055e+01 -5.417002833509999959e+01
6.500000000000000222e-01 4.175820180380000238e+03 -5.214495310909999716e+03 -6.733417862620000051e+03 -1.132640447969999968e+02 2.234626288409999972e+01 -5.575338711709999728e+01
6.500000000000000222e-01 3.868750067420000050e+03 -4.871226223849999769e+03 -6.660986311599999681e+03 -1.130689504719999974e+02 2.170086121559999981e+01 -5.115191071230000119e+01
6.500000000000000222e-01 4.078764068689999931e+03 -5.140346556899999996e+03 -6.615178358170000138e+03 -1.142510131279999968e+02 2.344523536299999833e+01 -5.459319849770000133e+01
6.500000000000000222e-01 3.972823117209999964e+03 -5.030667928189999657e+03 -6.571878344650000145e+03 -1.135017745119999972e+02 2.158865659510000157e+01 -5.313075820030000074e+01
6.500000000000000222e-01 3.994252650869999798e+03 -4.827817838179999853e+03 -6.677744308649999766e+03 -1.139673574790000004e+02 2.115622900609999846e+01 -5.144734325950000198e+01
6.500000000000000222e-01 3.922188598499999898e+03 -5.001176876520000405e+03 -6.579087130539999634e+03 -1.136896767599999976e+02 2.328132511649999969e+01 -5.287096142459999726e+01
6.500000000000000222e-01 4.057626930930000071e+03 -5.154145927079999637e+03 -6.612067024369999672e+03 -1.138867444960000057e+02 2.282346269599999999e+01 -5.479846205310000329e+01
6.500000000000000222e-01 3.869529198579999957e+03 -4.949625000000000000e+03 -6.612602139679999709e+03 -1.127599695210000021e+02 2.222997828709999979e+01 -5.211501823809999934e+01
6.500000000000000222e-01 4.136502690039999834e+03 -4.956075221850000162e+03 -6.638446299330000329e+03 -1.156552678799999967e+02 2.201210751809999877e+01 -5.240309385449999979e+01
6.500000000000000222e-01 3.767428851380000197e+03 -5.215267842539999947e+03 -6.788994849210000211e+03 -1.126480210139999940e+02 2.380611687180000047e+01 -5.176779447029999659e+01
6.500000000000000222e-01 3.840030785689999902e+03 -5.284633188230000087e+03 -6.809339368799999647e+03 -1.128118074319999948e+02 2.363890432139999831e+01 -5.273450916790000065e+01
6.500000000000000222e-01 4.073579859949999900e+03 -5.015192470480000338e+03 -6.590982030500000292e+03 -1.156628474489999974e+02 2.284252052969999980e+01 -5.312733953389999897e+01
6.500000000000000222e-01 3.966600703160000194e+03 -5.169399953719999758e+03 -6.601392245560000447e+03 -1.133055213519999995e+02 2.286653016849999887e+01 -5.386469228939999709e+01
6.500000000000000222e-01 4.032697269469999810e+03 -5.153185370600000169e+03 -6.606270126119999986e+03 -1.155587056699999948e+02 2.548501796000000041e+01 -5.329736026780000202e+01
6.500000000000000222e-01 3.936881885260000217e+03 -4.984644936349999625e+03 -6.580477474739999707e+03 -1.130263982329999948e+02 2.176900469410000127e+01 -5.250594619120000317e+01
6.500000000000000222e-01 4.038781604270000116e+03 -4.997847407029999886e+03 -6.583321570840000277e+03 -1.147978432830000060e+02 2.390807265859999831e+01 -5.355328528679999778e+01
6.500000000000000222e-01 3.975273762899999838e+03 -5.310827568659999997e+03 -6.754888023360000261e+03 -1.131048028210000069e+02 2.386004811169999940e+01 -5.260035769249999760e+01
6.500000000000000222e-01 3.919087087580000116e+03 -4.995282073149999633e+03 -6.582725297019999743e+03 -1.144759384540000013e+02 2.369371675060000015e+01 -5.334975264420000229e+01
6.500000000000000222e-01 4.003229948749999949e+03 -5.042264778380000280e+03 -6.573452138800000284e+03 -1.167828110650000042e+02 2.359156239660000054e+01 -5.319463947549999716e+01
6.500000000000000222e-01 3.944627784530000099e+03 -5.164767929749999894e+03 -6.601763859650000086e+03 -1.131103296449999931e+02 2.344926247669999952e+01 -5.353218886340000182e+01
6.500000000000000222e-01 3.890014907759999915e+03 -5.056390687240000261e+03 -6.586560384430000340e+03 -1.150395035399999983e+02 2.358674812399999965e+01 -5.358847843670000088e+01
6.500000000000000222e-01 3.735639639439999883e+03 -4.947803653449999729e+03 -6.749476625330000388e+03 -1.141418959129999990e+02 2.351705643549999891e+01 -5.448563332300000184e+01
6.500000000000000222e-01 3.795547522490000119e+03 -4.848376398100000188e+03 -6.767484586509999644e+03 -1.132435912029999940e+02 2.242734064700000118e+01 -5.057731496409999750e+01
6.500000000000000222e-01 4.223176525799999581e+03 -5.163463114899999709e+03 -6.776242104760000075e+03 -1.137533764359999964e+02 2.274760445189999913e+01 -5.653593339190000222e+01
6.500000000000000222e-01 4.060247874310000043e+03 -5.149746545189999779e+03 -6.605389942879999580e+03 -1.130179382510000039e+02 2.199831164189999910e+01 -5.464939722780000153e+01
6.500000000000000222e-01 4.039645312529999956e+03 -5.124129509069999585e+03 -6.590658272980000220e+03 -1.144877600079999951e+02 2.399033332220000148e+01 -5.345092962169999851e+01
6.500000000000000222e-01 4.209602642580000065e+03 -4.963036266439999963e+03 -6.714621942800000397e+03 -1.148323491990000065e+02 2.229251269390000090e+01 -5.321610416709999924e+01
6.500000000000000222e-01 3.764182210229999782e+03 -5.140518192989999989e+03 -6.699269760359999964e+03 -1.146670769199999995e+02 2.375534273890000136e+01 -5.468070324340000354e+01
6.500000000000000222e-01 4.194643737819999842e+03 -5.058298626079999849e+03 -6.675473417639999752e+03 -1.131584582779999977e+02 2.302716156279999993e+01 -5.569704994469999804e+01
6.500000000000000222e-01 3.889093639489999987e+03 -4.956110571209999762e+03 -6.602859510049999699e+03 -1.131671482139999938e+02 2.246649067290000090e+01 -5.262439906369999676e+01
6.500000000000000222e-01 3.958512780550000116e+03 -5.127539820519999921e+03 -6.586138896550000027e+03 -1.138382571009999964e+02 2.272801813870000132e+01 -5.381798843419999656e+01
6.500000000000000222e-01 3.916394166690000020e+03 -4.876516850379999596e+03 -6.639296965280000222e+03 -1.140618749319999949e+02 2.360283637839999926e+01 -5.381721134410000218e+01
6.500000000000000222e-01 3.988329416980000133e+03 -5.048652526359999683e+03 -6.572166871110000102e+03 -1.125035406199999954e+02 2.250972504819999997e+01 -5.341683162260000017e+01
6.500000000000000222e-01 3.958677287949999936e+03 -4.971249511809999603e+03 -6.582874946539999655e+03 -1.136979965809999982e+02 2.232048494949999906e+01 -5.298730714410000076e+01
6.500000000000000222e-01 3.909505129419999776e+03 -4.830103136599999743e+03 -6.668755772479999905e+03 -1.150616403930000047e+02 2.323817516080000090e+01 -5.180984547660000317e+01
6.500000000000000222e-01 3.811629452489999949e+03 -4.877142666759999884e+03 -6.701237071339999602e+03 -1.144408175559999989e+02 2.371124229990000032e+01 -5.428819424259999948e+01
6.500000000000000222e-01 4.014321784320000006e+03 -5.034314791830000104e+03 -6.574617597940000451e+03 -1.123791674809999961e+02 2.411243772710000144e+01 -5.366158193199999715e+01
6.500000000000000222e-01 3.994806392059999780e+03 -5.110592606340000202e+03 -6.581373931039999661e+03 -1.137958534960000065e+02 2.155399495609999860e+01 -5.407476731050000041e+01
6.500000000000000222e-01 3.812175285369999983e+03 -5.083936315199999626e+03 -6.631048583499999950e+03 -1.124900715299999945e+02 2.393377817980000088e+01 -5.225562827510000119e+01
6.500000000000000222e-01 3.967116608710000037e+03 -5.052419172519999847e+03 -6.572916732720000255e+03 -1.146772870690000019e+02 2.359561459200000044e+01 -5.347508768010000324e+01
6.500000000000000222e-01 3.962751038549999976e+03 -5.127596696120000161e+03 -6.585913036979999561e+03 -1.143901216680000061e+02 2.171709345240000033e+01 -5.413154232750000006e+01
1.390000000000000000e+04 -9.314452380149999954e+03 1.876788213320000068e+03 1.314246991720000005e+04 -2.424579147649999982e+02 2.032862096789999953e+02 -3.255997307779999801e+02
6.500000000000000222e-01 -9.318650302519999968e+03 1.875628734720000011e+03 1.328586098420000053e+04 -2.419933803099999921e+02 2.035081618220000053e+02 -3.254805894489999787e+02
6.500000000000000222e-01 -9.269761891629999809e+03 1.929013368979999996e+03 1.326783851139999933e+04 -2.422054386519999980e+02 2.036421051760000012e+02 -3.258556385370000044e+02
6.500000000000000222e-01 -9.363942785020000883e+03 1.871999455780000062e+03 1.327720566030000009e+04 -2.423969407360000048e+02 2.033490604309999981e+02 -3.254214062070000182e+02
6.500000000000000222e-01 -9.316957565389999218e+03 1.889727117829999997e+03 1.328531674260000000e+04 -2.425591038569999967e+02 2.027340313349999974e+02 -3.254496707999999785e+02
6.500000000000000222e-01 -9.446162088029999722e+03 1.856026934120000078e+03 1.319477853420000065e+04 -2.425706117459999973e+02 2.033362311219999867e+02 -3.257630427459999964e+02
6.500000000000000222e-01 -9.322001535769999464e+03 1.853864793579999969e+03 1.328386890409999978e+04 -2.423835614360000079e+02 2.035125804410000114e+02 -3.254669950219999919e+02
6.500000000000000222e-01 -9.272417074990000401e+03 1.939007738060000065e+03 1.326402751870000066e+04 -2.422344581449999907e+02 2.035995157360000007e+02 -3.258727034479999816e+02
6.500000000000000222e-01 -9.306575413849999677e+03 1.921931178549999913e+03 1.327854501370000071e+04 -2.428030907940000134e+02 2.033247361189999936e+02 -3.254926811529999782e+02
6.500000000000000222e-01 -9.375654038259999652e+03 1.894374304100000018e+03 1.327111499379999987e+04 -2.419905474539999943e+02 2.031083497500000021e+02 -3.251847012299999733e+02
6.500000000000000222e-01 -9.331429845599999680e+03 1.861366729569999961e+03 1.328403995159999977e+04 -2.424394314769999994e+02 2.032369780880000008e+02 -3.255050599400000237e+02
6.500000000000000222e-01 -9.266515643410000848e+03 1.815420436599999903e+03 1.326240212170000086e+04 -2.422350965340000073e+02 2.029129297849999887e+02 -3.259172266639999975e+02
6.500000000000000222e-01 -9.220065126620000228e+03 1.961836432770000101e+03 1.320683125699999982e+04 -2.428240679250000085e+02 2.030530059740000013e+02 -3.250752298130000213e+02
6.500000000000000222e-01 -9.347988077859999976e+03 1.919077898139999888e+03 1.327561690719999933e+04 -2.422282352290000063e+02 2.028231093770000086e+02 -3.252347735769999986e+02
6.500000000000000222e-01 -9.308781601209999280e+03 1.881195583250000027e+03 1.328568443079999997e+04 -2.420702295890000073e+02 2.036672308480000027e+02 -3.255390262349999944e+02
6.500000000000000222e-01 -9.304618456649999644e+03 1.897567927670000017e+03 1.328395978579999974e+04 -2.423996080930000119e+02 2.037806243800000061e+02 -3.256007424630000173e+02
6.500000000000000222e-01 -9.282812122029999955e+03 1.905887839400000075e+03 1.327901911920000020e+04 -2.421902741929999934e+02 2.036969376350000118e+02 -3.257197294769999871e+02
6.500000000000000222e-01 -9.293200992890000634e+03 1.855043312710000009e+03 1.328241768360000060e+04 -2.430424874919999922e+02 2.037750417880000100e+02 -3.253876588599999877e+02
6.500000000000000222e-01 -9.345654065939999782e+03 1.915356802539999990e+03 1.327763816659999975e+04 -2.428906384100000082e+02 2.036413316830000042e+02 -3.256048122529999773e+02
6.500000000000000222e-01 -9.355975330769999346e+03 1.857223205739999912e+03 1.327851692510000066e+04 -2.430925852720000080e+02 2.030513529790000007e+02 -3.256770071679999887e+02
6.500000000000000222e-01 -9.208342174569999770e+03 1.939468531750000011e+03 1.321418825649999962e+04 -2.427713784679999947e+02 2.030091785479999942e+02 -3.251458103279999818e+02
6.500000000000000222e-01 -9.287198984479999126e+03 1.853357729130000052e+03 1.328113291559999925e+04 -2.430293431270000042e+02 2.036868771949999939e+02 -3.253774739520000026e+02
6.500000000000000222e-01 -9.196121772529999362e+03 1.912198435790000076e+03 1.321285890219999965e+04 -2.428762466999999958e+02 2.032295229350000056e+02 -3.252368679019999718e+02
6.500000000000000222e-01 -9.428484546339999724e+03 1.905511174369999935e+03 1.322536440299999958e+04 -2.426504349909999974e+02 2.033706570109999916e+02 -3.256257139510000229e+02
6.500000000000000222e-01 -9.214519468270000289e+03 1.923577693830000044e+03 1.323259177389999968e+04 -2.429778691770000023e+02 2.030858291140000063e+02 -3.251267984759999763e+02
6.500000000000000222e-01 -9.361379808269999558e+03 1.844821776810000074e+03 1.327426892670000052e+04 -2.429406692899999882e+02 2.029836980329999960e+02 -3.257067443270000240e+02
6.500000000000000222e-01 -9.271567766599999231e+03 1.783964196639999955e+03 1.324249812229999952e+04 -2.423363337060000049e+02 2.029390737569999885e+02 -3.260358223779999776e+02
6.500000000000000222e-01 -9.290463417679999111e+03 1.821662571049999997e+03 1.327302629420000085e+04 -2.425997308850000138e+02 2.036018624360000047e+02 -3.253520307480000042e+02
6.500000000000000222e-01 -9.300805651999999100e+03 1.914073772700000063e+03 1.327995251330000065e+04 -2.423406016749999878e+02 2.035763528690000044e+02 -3.256547957450000013e+02
6.500000000000000222e-01 -9.309296730989999560e+03 1.964479060119999986e+03 1.325702464580000014e+04 -2.428856154800000127e+02 2.033995557410000004e+02 -3.254569064149999917e+02
6.500000000000000222e-01 -9.348941179109999212e+03 1.813263566070000024e+03 1.326566945560000022e+04 -2.428648291879999874e+02 2.034376208630000065e+02 -3.256260188310000103e+02
6.500000000000000222e-01 -9.286454658049999125e+03 1.875096098100000063e+03 1.328287117799999942e+04 -2.421579790620000097e+02 2.032714250280000101e+02 -3.256287229280000020e+02
6.500000000000000222e-01 -9.308814317919999667e+03 1.837228639039999962e+03 1.327982021449999957e+04 -2.427561864879999973e+02 2.039807338390000098e+02 -3.253523122419999822e+02
6.500000000000000222e-01 -9.302772644630000286e+03 1.861720324690000098e+03 1.328430502630000046e+04 -2.426654932669999880e+02 2.033922537180000063e+02 -3.255382236710000257e+02
6.500000000000000222e-01 -9.313035213189999922e+03 1.767933794669999997e+03 1.323301292490000014e+04 -2.427218730120000032e+02 2.039279731789999914e+02 -3.251477383220000092e+02
6.500000000000000222e-01 -9.223549494959999720e+03 1.879897110410000096e+03 1.325217812729999969e+04 -2.428394396319999942e+02 2.032919741750000071e+02 -3.254452597310000215e+02
6.500000000000000222e-01 -9.293892066379999960e+03 1.860638157390000060e+03 1.328331192449999980e+04 -2.430928032779999910e+02 2.036992235540000138e+02 -3.254059968509999976e+02
6.500000000000000222e-01 -9.215862095930000578e+03 1.809666850549999936e+03 1.322287069840000004e+04 -2.423108445000000017e+02 2.031247541330000104e+02 -3.258754230850000226e+02
6.500000000000000222e-01 -9.434697753779999402e+03 1.915518704390000039e+03 1.320925268999999935e+04 -2.421624656410000114e+02 2.031437360090000084e+02 -3.249300338759999818e+02
6.500000000000000222e-01 -9.325444269940000595e+03 1.864614134469999954e+03 1.328492402740000034e+04 -2.426486116529999890e+02 2.031424615089999861e+02 -3.255354357140000161e+02
6.500000000000000222e-01 -9.293026993819999916e+03 1.835021761340000012e+03 1.327688139720000072e+04 -2.427724558140000113e+02 2.035267594700000018e+02 -3.255578735550000147e+02
6.500000000000000222e-01 -9.338419867439999507e+03 1.961242962239999997e+03 1.325686218200000076e+04 -2.428265140889999998e+02 2.037931736539999861e+02 -3.258236870559999829e+02
6.500000000000000222e-01 -9.443075581619999866e+03 1.881306353120000040e+03 1.320525950340000054e+04 -2.427133182359999921e+02 2.033040193729999885e+02 -3.259946166089999906e+02
6.500000000000000222e-01 -9.212661713859999509e+03 1.837119759570000042e+03 1.323502097580000009e+04 -2.427440122769999959e+02 2.033319723479999936e+02 -3.253520455459999994e+02
6.500000000000000222e-01 -9.237769868029999998e+03 1.943081055070000048e+03 1.324285342540000056e+04 -2.424144806989999950e+02 2.029762303619999955e+02 -3.255749116520000257e+02
6.500000000000000222e-01 -9.395663355290000254e+03 1.801013581339999973e+03 1.323277130020000004e+04 -2.421222835419999910e+02 2.035126790159999928e+02 -3.250421856680000019e+02
6.500000000000000222e-01 -9.353267997580000156e+03 1.764040112679999993e+03 1.321898035180000079e+04 -2.426944785299999978e+02 2.038176734109999870e+02 -3.252973387719999891e+02
6.500000000000000222e-01 -9.345281232240000463e+03 1.763311787119999963e+03 1.322469076689999929e+04 -2.422747053330000142e+02 2.035796281959999874e+02 -3.250756364669999812e+02
6.500000000000000222e-01 -9.275652074870000433e+03 1.873457766439999887e+03 1.328016349009999976e+04 -2.421705530149999959e+02 2.032577802970000107e+02 -3.256732447730000217e+02
6.500000000000000222e-01 -9.364449956759999623e+03 1.996341550910000024e+03 1.320209131890000026e+04 -2.425779049399999963e+02 2.034023144010000124e+02 -3.260841914490000022e+02
6.500000000000000222e-01 -9.313639993189999586e+03 1.845375201029999971e+03 1.328245333460000074e+04 -2.425159600020000141e+02 2.038060731760000124e+02 -3.253929367680000269e+02
6.500000000000000222e-01 -9.317202807839999878e+03 1.889024109839999937e+03 1.328537204349999956e+04 -2.425075120219999860e+02 2.027796048639999924e+02 -3.254562854459999812e+02
6.500000000000000222e-01 -9.219715964729999541e+03 1.813478676619999987e+03 1.322817554510000082e+04 -2.422526482570000042e+02 2.031301818569999966e+02 -3.261478163680000080e+02
6.500000000000000222e-01 -9.310931597229999170e+03 1.877131639250000035e+03 1.328580459069999961e+04 -2.431973329010000100e+02 2.032604666299999963e+02 -3.254925742070000183e+02
6.500000000000000222e-01 -9.231844383809999272e+03 1.950691895370000111e+03 1.323216510919999928e+04 -2.422470042760000126e+02 2.031971935329999894e+02 -3.259090769950000208e+02
6.500000000000000222e-01 -9.314022709619999659e+03 1.905370474020000074e+03 1.328295291240000006e+04 -2.425465806679999901e+02 2.038660084079999990e+02 -3.256285026240000207e+02
6.500000000000000222e-01 -9.354760391210000307e+03 1.916690428970000085e+03 1.327365475089999927e+04 -2.421387376440000025e+02 2.028448939259999975e+02 -3.253016511000000150e+02
6.500000000000000222e-01 -9.336613791359999595e+03 1.744674199399999907e+03 1.319161550650000027e+04 -2.425043671630000119e+02 2.031915668599999947e+02 -3.261643790900000113e+02
6.500000000000000222e-01 -9.188555371939999532e+03 1.852860435399999915e+03 1.320399180560000059e+04 -2.428285940480000136e+02 2.033804454140000075e+02 -3.252282894389999797e+02
6.500000000000000222e-01 -9.175377152420000129e+03 1.901274915550000060e+03 1.316133248760000060e+04 -2.424894338150000124e+02 2.032754687919999981e+02 -3.262820759109999926e+02
6.500000000000000222e-01 -9.190001110040000640e+03 1.920458096139999952e+03 1.319637134250000054e+04 -2.427940932449999991e+02 2.031486418229999913e+02 -3.250805122890000121e+02
6.500000000000000222e-01 -9.280112289230000897e+03 1.914336047300000018e+03 1.327621864260000075e+04 -2.430460518579999984e+02 2.028864804629999981e+02 -3.253155747929999961e+02
6.500000000000000222e-01 -9.294933040539999638e+03 1.896725396959999898e+03 1.328297619660000055e+04 -2.421939961840000137e+02 2.036068251629999963e+02 -3.256290845469999908e+02
6.500000000000000222e-01 -9.259088016319999952e+03 1.892947935700000016e+03 1.327331026879999990e+04 -2.431256581830000130e+02 2.030999633739999979e+02 -3.253120817280000097e+02
6.500000000000000222e-01 -9.302456548160000239e+03 1.866591413139999986e+03 1.328485917669999981e+04 -2.422568774529999871e+02 2.030391073090000020e+02 -3.255781831269999884e+02
6.500000000000000222e-01 -9.331328256500000862e+03 1.968800120990000096e+03 1.325140164960000038e+04 -2.427073200199999974e+02 2.037502832879999914e+02 -3.259094711480000228e+02
6.500000000000000222e-01 -9.297490126430000601e+03 1.853870042640000065e+03 1.328294876049999948e+04 -2.422246321860000080e+02 2.028322615989999917e+02 -3.256379890900000191e+02
6.500000000000000222e-01 -9.450877549329999965e+03 1.898755043240000077e+03 1.317801395550000052e+04 -2.423271864269999867e+02 2.032433949599999892e+02 -3.252537180069999749e+02
6.500000000000000222e-01 -9.366374190309999904e+03 1.865456746430000067e+03 1.327595105159999912e+04 -2.423604903140000033e+02 2.034187130029999935e+02 -3.253884066699999948e+02
6.500000000000000222e-01 -9.353130232330000581e+03 1.793015656190000072e+03 1.325135738390000006e+04 -2.425186826320000080e+02 2.039294658080000033e+02 -3.251488177670000255e+02
6.500000000000000222e-01 -9.369170641810000234e+03 1.989665281419999928e+03 1.320601640819999920e+04 -2.422397173749999979e+02 2.028995178239999859e+02 -3.254146324949999780e+02
6.500000000000000222e-01 -9.329653865959999166e+03 1.865128134659999887e+03 1.328467118699999992e+04 -2.422194023410000057e+02 2.037512761250000040e+02 -3.254219413019999934e+02
6.500000000000000222e-01 -9.229420094220000465e+03 1.781610003179999921e+03 1.320641161599999941e+04 -2.427145253120000064e+02 2.035687218649999863e+02 -3.250757129350000127e+02
6.500000000000000222e-01 -9.248852986429999874e+03 1.812155429850000019e+03 1.325131619200000023e+04 -2.422558910609999998e+02 2.030329308080000033e+02 -3.260075267540000254e+02
6.500000000000000222e-01 -9.327912655860000086e+03 1.857640407430000096e+03 1.328400737200000003e+04 -2.422350933570000109e+02 2.036397723059999976e+02 -3.254261257210000053e+02
6.500000000000000222e-01 -9.412200657890000002e+03 1.895103840270000092e+03 1.324544374590000007e+04 -2.426789324760000000e+02 2.032783312150000086e+02 -3.256894081539999775e+02
6.500000000000000222e-01 -9.339672607730000891e+03 1.881897851050000099e+03 1.328366047570000046e+04 -2.426812446559999898e+02 2.033377350579999927e+02 -3.255197656180000081e+02
6.500000000000000222e-01 -9.414467336429999705e+03 1.841180881799999952e+03 1.323936970180000026e+04 -2.427390539360000048e+02 2.033899050889999955e+02 -3.256452452290000110e+02
6.500000000000000222e-01 -9.455578973300000143e+03 1.877069777239999894e+03 1.316445560330000080e+04 -2.423083217760000139e+02 2.032974176460000137e+02 -3.248571097839999879e+02
6.500000000000000222e-01 -9.328250101719999293e+03 2.002210754089999909e+03 1.320531764909999947e+04 -2.423238180140000111e+02 2.031072586919999878e+02 -3.258750210970000012e+02
6.500000000000000222e-01 -9.315155293230000098e+03 1.887701756310000064e+03 1.328546055340000021e+04 -2.426443995070000028e+02 2.028910430459999930e+02 -3.254797886169999970e+02
6.500000000000000222e-01 -9.344920445989999280e+03 1.885946281009999893e+03 1.328248879619999934e+04 -2.426825528340000062e+02 2.033554473540000060e+02 -3.255172652809999931e+02
6.500000000000000222e-01 -9.301360378670000500e+03 1.904481128330000047e+03 1.328248215820000041e+04 -2.428846337950000134e+02 2.030214037149999911e+02 -3.254405669170000124e+02
6.500000000000000222e-01 -9.348358894659999351e+03 1.848203716559999975e+03 1.327899722289999954e+04 -2.421158378769999899e+02 2.037514615999999990e+02 -3.252806245680000075e+02
6.500000000000000222e-01 -9.315997663259999172e+03 1.885466256319999957e+03 1.328556486460000087e+04 -2.426109518849999915e+02 2.036593397679999953e+02 -3.255385309509999843e+02
6.500000000000000222e-01 -9.294823204340000302e+03 1.883437600850000081e+03 1.328421889729999930e+04 -2.421476302819999944e+02 2.034234811119999904e+02 -3.255975833200000125e+02
6.500000000000000222e-01 -9.397949966620000851e+03 1.934490363469999920e+03 1.324421701439999924e+04 -2.421708646810000118e+02 2.030211055659999886e+02 -3.249990342500000224e+02
6.500000000000000222e-01 -9.314824029620000147e+03 1.908450497549999909e+03 1.328196469369999977e+04 -2.424343361450000032e+02 2.029396507730000110e+02 -3.254783020429999851e+02
6.500000000000000222e-01 -9.291958416060000673e+03 1.974300598710000031e+03 1.324460224059999928e+04 -2.427021859509999899e+02 2.027787825730000009e+02 -3.250880725609999899e+02
6.500000000000000222e-01 -9.301628225989999919e+03 1.859002013269999907e+03 1.328414456640000026e+04 -2.428188833950000003e+02 2.036744583850000083e+02 -3.254503585589999943e+02
6.500000000000000222e-01 -9.209136178950000613e+03 1.832657276650000085e+03 1.322893231969999943e+04 -2.427142949400000020e+02 2.033296703499999865e+02 -3.253528617239999789e+02
6.500000000000000222e-01 -9.237834256289999757e+03 1.883732305080000060e+03 1.326260475869999937e+04 -2.430594015970000044e+02 2.032655760890000067e+02 -3.253153915120000192e+02
6.500000000000000222e-01 -9.237372898960000384e+03 1.950214105439999912e+03 1.323738857459999963e+04 -2.422283979069999873e+02 2.034304857449999986e+02 -3.260537589749999938e+02
6.500000000000000222e-01 -9.386268414120000671e+03 1.781988655480000034e+03 1.322192569639999965e+04 -2.422575548300000037e+02 2.036696933400000091e+02 -3.249534294889999728e+02
6.500000000000000222e-01 -9.315243882889999441e+03 1.883235687370000051e+03 1.328575140359999932e+04 -2.425553802659999860e+02 2.026483308249999880e+02 -3.254719161190000136e+02
6.500000000000000222e-01 -9.366925662960000409e+03 1.879195374890000039e+03 1.327610452020000048e+04 -2.429427377009999987e+02 2.033134462159999885e+02 -3.256320542220000220e+02
6.500000000000000222e-01 -9.309075072539999383e+03 1.997120483449999938e+03 1.322146258219999982e+04 -2.427655435570000009e+02 2.031280384220000030e+02 -3.251719427840000094e+02
6.500000000000000222e-01 -9.249104116070000600e+03 1.947914920660000007e+03 1.324750197569999909e+04 -2.429886568119999879e+02 2.031733761270000116e+02 -3.253080307280000056e+02
6.500000000000000222e-01 -9.372067392810000456e+03 1.803330132090000006e+03 1.325133741200000077e+04 -2.424888679569999965e+02 2.029654993540000021e+02 -3.257313115050000079e+02
6.500000000000000222e-01 -9.307102870869999606e+03 1.870940665990000070e+03 1.328544820910000089e+04 -2.423537777299999902e+02 2.031333711270000038e+02 -3.255485829890000105e+02
6.500000000000000222e-01 -9.276151267589999406e+03 1.951238850790000015e+03 1.325845571310000014e+04 -2.428957572879999987e+02 2.028428502620000131e+02 -3.251817209370000228e+02
3.690000000000000000e+05 2.165026228449999962e+03 8.494601651680000032e+02 -9.600930937309999536e+02 -1.341530864099999860e+02 2.120586585089999865e+00 -7.653054173400000160e+00
6.500000000000000222e-01 2.168826479299999846e+03 8.931794066359999533e+02 -8.401410318920000009e+02 -1.395707288620000099e+02 -1.210962946900000059e+00 -1.035608421170000071e+01
6.500000000000000222e-01 2.266114841380000144e+03 9.119618213649999916e+02 -9.068263831540000410e+02 -1.342363338620000093e+02 1.631731450299999997e+00 -1.547283263069999926e+01
6.500000000000000222e-01 2.166416861579999932e+03 9.004273096089999626e+02 -8.413108375169999817e+02 -1.373220603050000079e+02 1.923682801270000020e+00 -1.156815765490000025e+01
6.500000000000000222e-01 2.091878814820000116e+03 7.478393068809999704e+02 -8.868245189750000463e+02 -1.391005276550000076e+02 6.596432384589999920e+00 -3.987182193259999785e+00
6.500000000000000222e-01 2.061010996680000062e+03 7.788346491889999470e+02 -8.537659001020000460e+02 -1.388547381729999870e+02 4.595581708380000130e+00 -2.452253444380000147e+00
6.500000000000000222e-01 2.276330904250000003e+03 7.940001835980000351e+02 -9.121636179580000316e+02 -1.359110099659999946e+02 4.509489437630000097e+00 -1.242907564729999947e+01
6.500000000000000222e-01 2.112605129449999822e+03 9.185338125340000488e+02 -8.467211679800000184e+02 -1.391450192979999940e+02 -3.421857045919999840e-01 -9.646951008529999427e+00
6.500000000000000222e-01 2.163813050899999780e+03 8.998153183169999920e+02 -8.402415902029999870e+02 -1.375159007350000024e+02 2.040938408850000219e+00 -1.145577403859999954e+01
6.500000000000000222e-01 2.096848400630000015e+03 8.027051231289999578e+02 -8.302151304520000394e+02 -1.419020612040000060e+02 -8.803942065940000283e-01 -8.492155765750000640e+00
6.500000000000000222e-01 2.157241439869999795e+03 7.223170693560000473e+02 -9.034799649320000299e+02 -1.368097486450000133e+02 5.609633281799999871e+00 -6.826589325939999675e+00
6.500000000000000222e-01 2.182051525249999941e+03 9.279919261449999794e+02 -8.642703559389999555e+02 -1.364021462800000108e+02 -4.491916647770000104e+00 -8.359194351110000198e+00
6.500000000000000222e-01 2.020595840149999958e+03 8.158431095199999845e+02 -8.763485532839999905e+02 -1.398127564410000048e+02 -1.437499978389999988e-01 -6.098808784920000114e+00
6.500000000000000222e-01 2.069459968789999948e+03 8.241638246679999611e+02 -8.340285659600000372e+02 -1.393274583150000012e+02 -1.455037325269999959e-01 -6.379663703680000353e+00
6.500000000000000222e-01 2.054896261549999963e+03 9.324987943160000441e+02 -9.218780072869999458e+02 -1.351457919869999955e+02 -2.675298186420000057e+00 -6.764296028969999597e+00
6.500000000000000222e-01 2.150364858129999902e+03 8.748998763329999520e+02 -8.301156321710000157e+02 -1.397014410440000063e+02 -2.433444821300000172e+00 -9.467512284659999722e+00
6.500000000000000222e-01 2.134954784630000177e+03 8.479962344609999718e+02 -8.238123952610000060e+02 -1.378087148710000065e+02 -1.432504234440000079e+00 -8.919082625350000626e+00
6.500000000000000222e-01 2.139376644829999805e+03 8.637304569230000197e+02 -8.255299553339999648e+02 -1.398663522580000063e+02 2.730216441280000073e+00 -9.691026567299999783e+00
6.500000000000000222e-01 2.170970095250000213e+03 8.488390154850000044e+02 -8.312056063070000391e+02 -1.390130497060000039e+02 5.227024904999999499e-01 -1.062133445689999967e+01
6.500000000000000222e-01 2.042752891869999985e+03 8.848794895439999664e+02 -8.602319550649999655e+02 -1.384460384850000025e+02 -1.504712646610000037e+00 -5.910499857549999625e+00
6.500000000000000222e-01 2.154994298959999924e+03 8.358905213509999612e+02 -8.265230558519999704e+02 -1.415714639750000003e+02 4.055879251700000410e+00 -9.192033688680000481e+00
6.500000000000000222e-01 2.239068211769999834e+03 7.623900778360000459e+02 -9.164753786600000467e+02 -1.374324211509999998e+02 7.583777439480000382e+00 -7.531282226820000147e+00
6.500000000000000222e-01 2.157206784810000045e+03 9.471893505650000407e+02 -8.715154030129999683e+02 -1.371108334040000045e+02 -2.956234138960000202e+00 -8.753105009329999575e+00
6.500000000000000222e-01 2.145611460609999995e+03 9.345647838249999495e+02 -8.575162432370000261e+02 -1.380932434350000051e+02 -2.319313183799999845e+00 -9.197509572090000418e+00
6.500000000000000222e-01 2.143328796320000038e+03 9.015416224489999877e+02 -8.450891148279999925e+02 -1.358258178129999862e+02 -5.343327583929999847e+00 -7.812930268569999726e+00
6.500000000000000222e-01 2.157832787089999783e+03 8.504570973390000290e+02 -8.247239087079999535e+02 -1.368810314499999947e+02 1.752412426210000040e+00 -9.708519012689999172e+00
6.500000000000000222e-01 2.283330913119999877e+03 8.392346596820000286e+02 -9.062553972819999899e+02 -1.349433397649999904e+02 3.077509951950000211e+00 -1.490185343089999925e+01
6.500000000000000222e-01 2.038654177240000081e+03 8.558018134630000304e+02 -8.599694606589999921e+02 -1.384597455969999942e+02 -1.460280435360000073e+00 -5.875865275559999823e+00
6.500000000000000222e-01 2.161509140699999989e+03 9.259121759500000053e+02 -8.703232319139999618e+02 -1.351374165949999906e+02 -2.801082935330000190e+00 -1.126053565880000029e+01
6.500000000000000222e-01 2.151042200549999961e+03 8.389411280530000568e+02 -8.227783696620000455e+02 -1.366887942619999876e+02 -9.787284472149999637e-01 -9.194246867920000454e+00
6.500000000000000222e-01 2.171259803949999878e+03 7.609572083179999709e+02 -8.507368080520000149e+02 -1.379952467640000009e+02 1.955633896209999945e+00 -9.666569509529999493e+00
6.500000000000000222e-01 2.124681313239999781e+03 8.815068051880000439e+02 -8.300209640369999988e+02 -1.402343652389999988e+02 1.971280750480000066e+00 -9.886635440499999206e+00
6.500000000000000222e-01 2.173760497939999823e+03 9.475324526860000560e+02 -8.947741250870000158e+02 -1.343339075849999915e+02 -2.322234055960000099e+00 -1.240545276840000000e+01
6.500000000000000222e-01 2.156028895769999963e+03 8.075066285350000044e+02 -8.295702152520000254e+02 -1.388006631529999879e+02 -3.324659445550000036e-01 -9.882419186490000840e+00
6.500000000000000222e-01 2.179255393139999796e+03 8.406977335599999606e+02 -8.299267017229999510e+02 -1.361769518160000132e+02 5.486301062489999936e-01 -1.066531083519999967e+01
6.500000000000000222e-01 2.102161056039999949e+03 9.110585625940000227e+02 -8.456990847739999708e+02 -1.364799512280000044e+02 -4.332188124560000020e+00 -5.732130394750000413e+00
6.500000000000000222e-01 2.189596254080000108e+03 8.447739354159999721e+02 -8.375066494899999725e+02 -1.400202684740000052e+02 1.490147586450000006e+00 -1.082115287769999945e+01
6.500000000000000222e-01 2.135642028589999882e+03 8.054252841859999990e+02 -8.327373224780000101e+02 -1.407930997869999885e+02 3.316062741830000160e+00 -8.878588235640000548e+00
6.500000000000000222e-01 2.118579765529999804e+03 8.262398557369999708e+02 -8.246562139100000195e+02 -1.417958546099999921e+02 -9.608793411129999962e-01 -9.041173150929999736e+00
6.500000000000000222e-01 2.221068942410000091e+03 7.655754608480000343e+02 -9.073690245289999439e+02 -1.381580248280000092e+02 6.481391577840000195e+00 -1.139976562740000077e+01
6.500000000000000222e-01 2.260718264099999942e+03 8.329843908440000178e+02 -8.868104700210000146e+02 -1.373994761859999869e+02 3.688011837719999964e+00 -1.275573674069999974e+01
6.500000000000000222e-01 2.220850406749999820e+03 8.236136055020000413e+02 -8.506750804900000276e+02 -1.403242293460000099e+02 3.718703864040000084e+00 -9.769831422450000247e+00
6.500000000000000222e-01 2.151510254859999804e+03 8.727474906649999866e+02 -8.305660537090000162e+02 -1.383242278959999965e+02 8.873673109209999632e-01 -1.035390080590000039e+01
6.500000000000000222e-01 2.092455686490000062e+03 7.714697908240000288e+02 -8.443349816910000527e+02 -1.390245146240000054e+02 1.062543201160000006e+00 -6.780554918450000024e+00
6.500000000000000222e-01 2.212757045540000036e+03 9.041199987329999885e+02 -8.633852248599999939e+02 -1.359963689180000017e+02 -3.206398525020000001e+00 -1.103044409019999961e+01
6.500000000000000222e-01 2.138602654379999876e+03 8.355568616189999602e+02 -8.249840670859999818e+02 -1.405198170760000096e+02 -1.188278060420000060e+00 -9.498909484600000397e+00
6.500000000000000222e-01 2.155999222569999802e+03 8.361711708430000272e+02 -8.283128788190000478e+02 -1.407569660339999871e+02 2.705063648629999928e+00 -9.792109857939999884e+00
6.500000000000000222e-01 2.087724650269999984e+03 8.621275245880000284e+02 -8.303023388359999899e+02 -1.419591749280000101e+02 3.847682263380000078e-01 -8.788976507639999269e+00
6.500000000000000222e-01 2.159426965099999961e+03 8.072983360020000418e+02 -8.303022791700000198e+02 -1.405241183200000137e+02 5.764359933209999731e+00 -7.824266179600000370e+00
6.500000000000000222e-01 2.141989759609999965e+03 7.489585070770000357e+02 -8.564756249749999597e+02 -1.380037680210000133e+02 5.624775020899999589e+00 -5.161777516889999973e+00
6.500000000000000222e-01 2.264405274929999905e+03 8.744876131209999812e+02 -8.824676021340000034e+02 -1.374685474810000017e+02 9.261912037309999457e-01 -1.111899516549999944e+01
6.500000000000000222e-01 2.051961873260000175e+03 7.780175511820000338e+02 -8.613001373160000185e+02 -1.384882538829999987e+02 4.241654053949999614e+00 -1.828357439169999932e+00
6.500000000000000222e-01 2.113563062170000194e+03 9.056852629160000561e+02 -8.574908884950000356e+02 -1.351531810889999861e+02 -4.754505700250000189e+00 -7.538184934810000293e+00
6.500000000000000222e-01 2.168493662769999901e+03 8.627236472079999885e+02 -8.295045182420000174e+02 -1.370820210040000120e+02 1.870479325570000073e+00 -1.057408664069999915e+01
6.500000000000000222e-01 2.184106347850000020e+03 7.442424767909999446e+02 -8.693348687410000366e+02 -1.373818764279999982e+02 3.142676480170000008e+00 -9.702301429129999377e+00
6.500000000000000222e-01 2.144673168360000091e+03 7.597877522589999444e+02 -8.511182434099999909e+02 -1.393799498660000040e+02 8.536976573269999813e-01 -9.849375913179999387e+00
6.500000000000000222e-01 2.240107301410000218e+03 8.799843824130000485e+02 -8.667456865589999779e+02 -1.352748982029999922e+02 1.089136982140000098e+00 -1.373150482620000012e+01
6.500000000000000222e-01 2.214300840689999859e+03 7.616896323360000451e+02 -8.735927254099999573e+02 -1.368670012899999904e+02 2.613317470600000192e+00 -1.181158665729999946e+01
6.500000000000000222e-01 2.226123835140000210e+03 7.552606114760000082e+02 -8.905362436159999788e+02 -1.364806020640000099e+02 3.510587675270000041e+00 -1.218304161380000039e+01
6.500000000000000222e-01 2.187858850220000022e+03 7.534373109120000436e+02 -8.614597098430000415e+02 -1.376579426380000086e+02 4.021664488229999890e+00 -8.805516764360000082e+00
6.500000000000000222e-01 2.166310565320000023e+03 8.774408953749999682e+02 -8.358565025120000200e+02 -1.374585431440000036e+02 -3.935009224169999875e+00 -9.657103870969999448e+00
6.500000000000000222e-01 2.147386588570000185e+03 8.554555569220000280e+02 -8.270326508560000320e+02 -1.393924088079999990e+02 2.758541840129999922e-01 -9.930276967250000197e+00
6.500000000000000222e-01 2.113515502820000165e+03 8.886702464459999646e+02 -8.377737034580000000e+02 -1.357563570629999958e+02 -4.872702878160000139e+00 -6.482973820659999831e+00
6.500000000000000222e-01 2.096444142679999914e+03 8.168360987549999663e+02 -8.274633579820000477e+02 -1.422858952850000094e+02 -8.498347860399999565e-01 -8.548167183600000385e+00
6.500000000000000222e-01 2.261888978519999910e+03 8.195348214050000024e+02 -8.904554719300000443e+02 -1.359270260049999877e+02 3.373566894230000113e+00 -1.420771239069999936e+01
6.500000000000000222e-01 2.204841226149999784e+03 8.480089832060000390e+02 -8.405351315880000129e+02 -1.357030779650000056e+02 1.289181113739999995e+00 -1.203066387790000036e+01
6.500000000000000222e-01 2.079826032940000005e+03 9.077417076970000380e+02 -8.622007692979999547e+02 -1.348189490890000002e+02 -4.715903248600000097e+00 -3.891832547079999927e+00
6.500000000000000222e-01 2.211789142609999999e+03 9.354984437849999495e+02 -8.921798997219999592e+02 -1.340760066489999929e+02 -3.875461453649999832e+00 -1.079280924989999946e+01
6.500000000000000222e-01 2.140241489630000160e+03 8.451476577460000499e+02 -8.220943928020000158e+02 -1.383272107059999882e+02 3.001189580630000187e+00 -8.857083971579999826e+00
6.500000000000000222e-01 2.226369775470000150e+03 8.135016655429999446e+02 -8.604777510320000147e+02 -1.365679674069999976e+02 2.133422803919999833e+00 -1.292539610789999927e+01
6.500000000000000222e-01 2.140338297490000059e+03 8.461148111359999575e+02 -8.251077137910000374e+02 -1.414471160170000132e+02 1.628187065599999928e+00 -9.551139187380000450e+00
6.500000000000000222e-01 2.033915849389999948e+03 8.492907843460000095e+02 -8.576141709140000557e+02 -1.399845903480000118e+02 -7.676347686550000216e-01 -6.490802176439999904e+00
6.500000000000000222e-01 2.070793103179999889e+03 8.753054994520000491e+02 -8.382636558090000563e+02 -1.358016176360000031e+02 -3.331318955820000038e+00 -3.715675069980000078e+00
6.500000000000000222e-01 2.139643406000000141e+03 8.404362180050000006e+02 -8.202394528180000179e+02 -1.369438502650000089e+02 2.149055623469999787e+00 -8.360046917520000065e+00
6.500000000000000222e-01 2.203028974859999835e+03 7.648869672939999873e+02 -8.716859692960000530e+02 -1.375293812989999935e+02 2.571396546959999974e+00 -1.198372548709999919e+01
6.500000000000000222e-01 2.119838315540000167e+03 8.842931239969999524e+02 -8.320345096209999838e+02 -1.401184281669999905e+02 1.423024411649999932e+00 -9.875970096399999676e+00
6.500000000000000222e-01 2.200880068500000107e+03 8.182691598569999769e+02 -8.417575431349999917e+02 -1.372082972169999948e+02 1.049063968050000017e+00 -1.155513550310000070e+01
6.500000000000000222e-01 2.145350147139999990e+03 8.331663859389999516e+02 -8.251648301840000386e+02 -1.391789869920000058e+02 1.183454405350000016e+00 -9.466750953280000047e+00
6.500000000000000222e-01 2.052276876890000040e+03 8.667851010450000331e+02 -8.437367491239999708e+02 -1.374903408389999981e+02 -1.635972534209999996e+00 -4.430691827829999596e+00
6.500000000000000222e-01 2.142429356480000024e+03 8.425137053350000542e+02 -8.213018933969999580e+02 -1.366782702389999997e+02 2.487277082999999889e-01 -8.717498354099999958e+00
6.500000000000000222e-01 2.145796981789999791e+03 8.437033567129999483e+02 -8.254604357309999614e+02 -1.411090810940000040e+02 2.915539390799999797e+00 -9.495954591049999394e+00
6.500000000000000222e-01 2.085495396440000150e+03 8.360590688529999852e+02 -8.285822266479999598e+02 -1.406484754559999999e+02 -2.387082884869999866e-01 -7.840487847740000404e+00
6.500000000000000222e-01 2.270616479440000148e+03 8.244646379079999861e+02 -8.928780547970000043e+02 -1.352274307669999871e+02 2.908714864639999842e+00 -1.448023760839999952e+01
6.500000000000000222e-01 2.030777395470000101e+03 7.795053769690000536e+02 -8.970093581630000017e+02 -1.365612967520000041e+02 2.909440502539999862e+00 1.007203612340000110e+00
6.500000000000000222e-01 2.035852765679999948e+03 7.855514567249999800e+02 -8.726386657609999702e+02 -1.391472994019999874e+02 3.047216000989999785e+00 -3.458288755539999926e+00
6.500000000000000222e-01 2.127184980600000017e+03 7.327990941970000449e+02 -8.746827491609999470e+02 -1.376804099100000087e+02 3.363032878689999894e+00 -7.087242344949999939e+00
6.500000000000000222e-01 2.218852911080000013e+03 9.696829637109999567e+02 -9.449631720290000203e+02 -1.332876479319999987e+02 -9.301805741159999696e-01 -1.452198784429999989e+01
6.500000000000000222e-01 2.028341866239999945e+03 8.017368867369999634e+02 -8.688858652559999882e+02 -1.384812143460000016e+02 1.947328520709999955e+00 -2.844638622639999781e+00
6.500000000000000222e-01 2.127859673599999951e+03 8.482247224459999870e+02 -8.243384685920000265e+02 -1.422298748300000000e+02 1.189158769649999892e+00 -9.335381581660000094e+00
6.500000000000000222e-01 2.172094994699999916e+03 8.262912474270000303e+02 -8.303423822199999904e+02 -1.377354289870000059e+02 1.388998754069999952e-01 -1.047589321010000063e+01
6.500000000000000222e-01 2.089394480630000089e+03 7.496580326839999771e+02 -8.726745120279999810e+02 -1.404914787030000127e+02 2.787820096269999937e+00 -7.934330353530000046e+00
6.500000000000000222e-01 2.097132315840000047e+03 8.864875312249999979e+02 -8.424493727620000527e+02 -1.386356732929999964e+02 -1.392045296909999896e+00 -9.000771816840000383e+00
6.500000000000000222e-01 2.042096628559999999e+03 9.062202538489999597e+02 -8.892324570160000121e+02 -1.354038586419999888e+02 -2.898122048199999856e+00 -2.944892681459999828e+00
6.500000000000000222e-01 2.163176208429999861e+03 9.076784656380000342e+02 -8.442943613559999676e+02 -1.374980985919999910e+02 1.771289280470000005e+00 -1.165889503940000083e+01
6.500000000000000222e-01 2.179018686639999942e+03 9.119310581390000152e+02 -8.585114122539999926e+02 -1.356620335830000101e+02 -1.804961398020000107e+00 -1.174456355919999950e+01
6.500000000000000222e-01 2.268552036239999779e+03 8.622113456770000539e+02 -8.869536075949999940e+02 -1.370887260629999957e+02 1.945525789990000032e+00 -1.216714676830000030e+01
6.500000000000000222e-01 2.128899446979999993e+03 8.002221701050000320e+02 -8.279410247880000497e+02 -1.390997730269999977e+02 9.295228904860000085e-01 -8.435244249520000182e+00
6.500000000000000222e-01 2.222986684760000117e+03 8.815567525139999816e+02 -8.572260924239999440e+02 -1.364099097129999905e+02 -3.823699112649999732e-01 -1.248298500609999984e+01
6.500000000000000222e-01 2.095019329530000050e+03 9.005496287400000028e+02 -8.390774830509999447e+02 -1.370952595219999921e+02 -3.559654494940000191e+00 -6.001746698299999849e+00
6.500000000000000222e-01 2.107713328769999862e+03 7.635448498309999650e+02 -8.454661254349999808e+02 -1.387582766570000103e+02 1.452879392110000056e+00 -7.163361624530000249e+00
6.500000000000000222e-01 2.270117174089999935e+03 7.803561639869999453e+02 -9.197176553509999621e+02 -1.365383765340000082e+02 6.375821984449999924e+00 -8.482604241689999824e+00
