3.450000000000000000e+05 -2.840913685610000243e+02 -3.237999147219999941e+03 -6.623823435409999547e+03 -1.413179826669999954e+02 8.890780026669999359e+01 7.648146456499999601e+01
6.500000000000000222e-01 -1.877823575520000077e+02 -3.337552053710000109e+03 -6.561122468640000079e+03 -1.451396970689999932e+02 9.273586384239999347e+01 7.376954813800000466e+01
6.500000000000000222e-01 -3.760590968640000256e+02 -3.245282901290000154e+03 -6.352394155830000273e+03 -1.388565605279999886e+02 9.425891607249999993e+01 7.951689412929999889e+01
6.500000000000000222e-01 -4.182230867679999733e+02 -3.185018899470000179e+03 -6.321940120070000376e+03 -1.386727027469999882e+02 9.453385466180000662e+01 8.137151769359999776e+01
6.500000000000000222e-01 -3.221842398659999844e+02 -3.377976201739999851e+03 -6.502390211369999633e+03 -1.398557189150000113e+02 9.461827085250000380e+01 7.657729034480000507e+01
6.500000000000000222e-01 -2.388078708019999965e+02 -3.296431913720000011e+03 -6.394259375179999552e+03 -1.433763918809999893e+02 9.361289999689999775e+01 7.670482418219999943e+01
6.500000000000000222e-01 -2.801507098330000076e+02 -3.023516929809999965e+03 -6.328327736109999933e+03 -1.435686978919999888e+02 9.266975660689999472e+01 8.060239788009999984e+01
6.500000000000000222e-01 -4.561333795009999790e+02 -3.093154521970000133e+03 -6.309313038440000128e+03 -1.420550348319999898e+02 9.314812342930000000e+01 8.114624888689999693e+01
6.500000000000000222e-01 -2.772885942400000090e+02 -3.043445805610000207e+03 -6.331217603060000329e+03 -1.443533433329999980e+02 9.252720360239999309e+01 8.037100397250000583e+01
6.500000000000000222e-01 -1.827055980719999866e+02 -3.241948544159999983e+03 -6.422424355289999767e+03 -1.447196107370000107e+02 9.168281190359999755e+01 7.623144469579999338e+01
6.500000000000000222e-01 -2.248194690990000026e+02 -3.153943414689999827e+03 -6.329925466550000237e+03 -1.427118179940000005e+02 9.281854858730000046e+01 7.890280213299999446e+01
6.500000000000000222e-01 -3.627126223509999932e+02 -3.218797291809999933e+03 -6.322347046820000287e+03 -1.390897534899999926e+02 9.504466909600000690e+01 8.038280605459999606e+01
6.500000000000000222e-01 -4.874014103740000223e+02 -3.119720064480000019e+03 -6.459399268010000014e+03 -1.380303596120000122e+02 9.042443271039999786e+01 8.036103242459999763e+01
6.500000000000000222e-01 -3.650850106980000191e+02 -3.029000959399999829e+03 -6.379311807799999769e+03 -1.413653123569999934e+02 8.899502537489999554e+01 8.177836471729999346e+01
6.500000000000000222e-01 -5.145748168070000474e+02 -3.080130551100000048e+03 -6.408477503959999922e+03 -1.402134535430000142e+02 9.186504404539999769e+01 8.019400080890000027e+01
6.500000000000000222e-01 -4.560347389030000045e+02 -3.209302459149999777e+03 -6.400324402879999980e+03 -1.381774836280000045e+02 9.287922151860000497e+01 7.971106271520000064e+01
6.500000000000000222e-01 -3.998595774130000109e+02 -3.289942591529999845e+03 -6.376809985859999870e+03 -1.422186455760000001e+02 9.274407015650000119e+01 7.713776598270000306e+01
6.500000000000000222e-01 -3.862019141330000025e+02 -3.166434759450000001e+03 -6.286300183020000077e+03 -1.389260202140000047e+02 9.453877457030000642e+01 8.193262823509999748e+01
6.500000000000000222e-01 -3.459524689990000184e+02 -2.997014768559999993e+03 -6.450213881640000182e+03 -1.420179020239999943e+02 8.814887806650000357e+01 8.062046947550000198e+01
6.500000000000000222e-01 -1.701198729200000059e+02 -3.083105440570000155e+03 -6.515447915159999866e+03 -1.456795427030000099e+02 8.874446441710000499e+01 7.682006651550000242e+01
6.500000000000000222e-01 -2.931009529070000212e+02 -2.983461526229999890e+03 -6.465040986840000187e+03 -1.446739644810000129e+02 8.822335100159999399e+01 8.041199095899999350e+01
6.500000000000000222e-01 -3.662329184440000063e+02 -3.124577518120000150e+03 -6.266397839999999633e+03 -1.408648150729999884e+02 9.178508925030000398e+01 8.232658485150000161e+01
6.500000000000000222e-01 -4.348379044559999898e+02 -3.025774179680000088e+03 -6.309659542049999800e+03 -1.426608305459999997e+02 9.307315101460000051e+01 8.170385488670000029e+01
6.500000000000000222e-01 -4.048461262860000147e+02 -3.327918601729999864e+03 -6.439836075989999699e+03 -1.405686475640000026e+02 9.274550689219999811e+01 7.583032412560000068e+01
6.500000000000000222e-01 -4.620258846759999756e+02 -3.132796779549999883e+03 -6.323022271709999586e+03 -1.407279891459999988e+02 9.327782825330000094e+01 8.090096916289999740e+01
6.500000000000000222e-01 -4.354385813910000138e+02 -3.151258128080000006e+03 -6.314294900689999849e+03 -1.395291334089999964e+02 9.344509045430000072e+01 8.139848514089999298e+01
6.500000000000000222e-01 -3.416265537040000027e+02 -2.971751102660000015e+03 -6.337927419050000026e+03 -1.439093467019999935e+02 9.221649902149999889e+01 8.145952954439999871e+01
6.500000000000000222e-01 -3.899817333849999841e+02 -3.080743409830000019e+03 -6.287657095149999805e+03 -1.401410125669999900e+02 8.997717565959999320e+01 8.393902423250000311e+01
6.500000000000000222e-01 -3.206122138029999746e+02 -3.157058515790000001e+03 -6.285979470319999564e+03 -1.408258330150000006e+02 9.514914028059999396e+01 8.061869332460000237e+01
6.500000000000000222e-01 -3.499477096900000106e+02 -3.097044823170000200e+03 -6.282685239329999604e+03 -1.423892326650000086e+02 9.195069286310000223e+01 8.160087529679999818e+01
6.500000000000000222e-01 -2.775539234299999976e+02 -3.095929508069999883e+03 -6.319765624740000021e+03 -1.461967241970000089e+02 8.921127726109999401e+01 8.232550339760000213e+01
6.500000000000000222e-01 -4.099728391940000165e+02 -3.196099870919999830e+03 -6.330908822950000285e+03 -1.416020744840000134e+02 9.459449584259999710e+01 7.935564317790000644e+01
6.500000000000000222e-01 -3.011395370419999722e+02 -3.157077287409999826e+03 -6.304033248460000323e+03 -1.465532609589999993e+02 9.134007029590000570e+01 8.075380392259999951e+01
6.500000000000000222e-01 -2.878354600430000119e+02 -3.142413268799999969e+03 -6.277842259199999717e+03 -1.411753602039999862e+02 9.379383642489999318e+01 8.073528226870000424e+01
6.500000000000000222e-01 -1.464219375510000134e+02 -3.111998667719999958e+03 -6.565704934909999793e+03 -1.455210758590000069e+02 8.691396568070000228e+01 7.646257335750000550e+01
6.500000000000000222e-01 -3.077776891799999817e+02 -3.221456941009999809e+03 -6.305284821790000024e+03 -1.426190648330000101e+02 9.205968398880000336e+01 7.928176240919999884e+01
6.500000000000000222e-01 -3.282084079690000067e+02 -3.131385525449999932e+03 -6.283333011630000328e+03 -1.430507576089999873e+02 9.240836497860000520e+01 8.084043653370000015e+01
6.500000000000000222e-01 -3.515243362460000185e+02 -2.961435063500000069e+03 -6.392266383279999900e+03 -1.442710048099999938e+02 8.947908431109999583e+01 8.213518784970000297e+01
6.500000000000000222e-01 -4.115419251349999854e+02 -3.328386944129999847e+03 -6.520921737089999624e+03 -1.397085962280000047e+02 9.417576942120000183e+01 7.514325973820000115e+01
6.500000000000000222e-01 -1.972198820760000046e+02 -3.095309151649999876e+03 -6.414100105309999890e+03 -1.447271037220000096e+02 8.884908415579999996e+01 7.905596510309999303e+01
6.500000000000000222e-01 -3.488505943979999984e+02 -3.274929918650000218e+03 -6.386267173059999550e+03 -1.402720689079999943e+02 9.587893435009999621e+01 7.858899377369999684e+01
6.500000000000000222e-01 -4.253613930770000024e+02 -2.989415676210000129e+03 -6.300145230379999703e+03 -1.424656436939999935e+02 9.050963170459999674e+01 8.445451722399999994e+01
6.500000000000000222e-01 -2.199160434460000033e+02 -3.058706791489999887e+03 -6.385928281939999579e+03 -1.445416069990000096e+02 9.151775215710000566e+01 7.893533828820000053e+01
6.500000000000000222e-01 -4.254777691709999772e+02 -2.971800854279999839e+03 -6.379391942539999945e+03 -1.422198385799999869e+02 9.106071885490000284e+01 8.153547837370000195e+01
6.500000000000000222e-01 -3.549608022890000143e+02 -3.150072184539999853e+03 -6.285268982929999765e+03 -1.420902990230000000e+02 9.357897783200000674e+01 8.059611818449999987e+01
6.500000000000000222e-01 -3.411690301890000114e+02 -3.168180178869999963e+03 -6.278313185510000039e+03 -1.451436921250000012e+02 9.132843975250000312e+01 8.096820822060000467e+01
6.500000000000000222e-01 -3.475366031789999965e+02 -3.135100270689999888e+03 -6.291246982009999556e+03 -1.434377145439999879e+02 9.396672189699999933e+01 8.031887470169999688e+01
6.500000000000000222e-01 -1.371163468180000109e+02 -3.417823053680000157e+03 -6.704014700380000249e+03 -1.435835712550000096e+02 9.059195245749999970e+01 6.993355343579999328e+01
6.500000000000000222e-01 -3.398147264350000114e+02 -3.123867351899999903e+03 -6.288106771169999774e+03 -1.431986299190000125e+02 9.389546669370000131e+01 8.051172507910000320e+01
6.500000000000000222e-01 -3.570473976609999909e+02 -2.999978750440000113e+03 -6.479287509460000365e+03 -1.416095589370000027e+02 8.756097163440000486e+01 8.045844498499999986e+01
6.500000000000000222e-01 -4.892464647069999728e+02 -3.175754022189999887e+03 -6.442635535880000134e+03 -1.378936676540000121e+02 9.193959097329999963e+01 7.975759630269999434e+01
6.500000000000000222e-01 -2.551640437549999945e+02 -3.233243611809999948e+03 -6.360655510759999743e+03 -1.450320610359999876e+02 9.333110848489999967e+01 7.799630742989999987e+01
6.500000000000000222e-01 -9.845817009990000201e+01 -3.267840629610000178e+03 -6.613877411389999907e+03 -1.463035589019999918e+02 8.874976802220000138e+01 7.427730536480000012e+01
6.500000000000000222e-01 -3.265836284910000131e+02 -3.031116126819999863e+03 -6.311741184790000261e+03 -1.450491634379999937e+02 9.178435989870000355e+01 8.163226475650000680e+01
6.500000000000000222e-01 -3.542914468690000263e+02 -3.253136639299999842e+03 -6.347616521310000280e+03 -1.428703725839999947e+02 9.312977923149999526e+01 7.789614551949999566e+01
6.500000000000000222e-01 -2.885157937149999725e+02 -3.088860754249999900e+03 -6.292725990089999868e+03 -1.427716904890000080e+02 9.411200291789999994e+01 8.055960455100000672e+01
6.500000000000000222e-01 -2.817079108539999766e+02 -3.229407913770000050e+03 -6.340569323200000326e+03 -1.434651556139999968e+02 9.385624010979999809e+01 7.823062794019999444e+01
6.500000000000000222e-01 -3.407436317250000002e+02 -3.145176470419999987e+03 -6.283192427660000249e+03 -1.417656117239999958e+02 9.394718659480000156e+01 8.066418631640000569e+01
6.500000000000000222e-01 -3.541809303860000000e+02 -3.152993360150000171e+03 -6.290472461999999723e+03 -1.432124547139999891e+02 9.340190898660000585e+01 8.027729210930000647e+01
6.500000000000000222e-01 -4.283797393660000239e+02 -3.264255116089999774e+03 -6.415804055370000242e+03 -1.408758726249999995e+02 9.444652697729999602e+01 7.718668843739999375e+01
6.500000000000000222e-01 -1.178827465370000027e+02 -3.391488325679999889e+03 -6.613707588160000341e+03 -1.438808210280000139e+02 9.061030563590000497e+01 7.167226843379999934e+01
6.500000000000000222e-01 -3.842222167740000032e+02 -3.073413308690000122e+03 -6.269972098969999934e+03 -1.406201350110000021e+02 8.979832989010000688e+01 8.458096999759999335e+01
6.500000000000000222e-01 -2.425655566210000131e+02 -3.260996772299999975e+03 -6.415258425109999735e+03 -1.440385146149999969e+02 9.295116797970000277e+01 7.592690653180000027e+01
6.500000000000000222e-01 -3.141148851130000139e+02 -3.205480659270000160e+03 -6.282812070930000118e+03 -1.423748515409999982e+02 9.161189321960000598e+01 8.024585087719999876e+01
6.500000000000000222e-01 -3.135222153240000011e+02 -3.065670087970000168e+03 -6.306337565349999750e+03 -1.431346641259999899e+02 8.822762591580000446e+01 8.369831148839999457e+01
6.500000000000000222e-01 -3.612488724930000217e+02 -3.125992356310000105e+03 -6.264761982660000285e+03 -1.418667878919999907e+02 9.287424262599999736e+01 8.170509271950000141e+01
6.500000000000000222e-01 -2.469749937560000035e+02 -3.290234636879999925e+03 -6.420636839069999951e+03 -1.433931946069999981e+02 9.264378981020000481e+01 7.550512912700000356e+01
6.500000000000000222e-01 -3.743208191080000233e+02 -3.116381329819999792e+03 -6.263482474209999964e+03 -1.403964803060000008e+02 9.138808398279999778e+01 8.297044771279999509e+01
6.500000000000000222e-01 -2.489232151760000136e+02 -3.151334653270000217e+03 -6.335463377699999910e+03 -1.463144729859999984e+02 9.002577137000000107e+01 8.051386733619999347e+01
6.500000000000000222e-01 -4.147941339999999855e+02 -3.323669543240000166e+03 -6.494608616530000290e+03 -1.371825289800000007e+02 9.325464444349999837e+01 7.832549965939999481e+01
6.500000000000000222e-01 -3.569643954210000061e+02 -3.397977222189999793e+03 -6.571651761160000206e+03 -1.381300260129999913e+02 9.319910729970000318e+01 7.566807017889999543e+01
6.500000000000000222e-01 -2.991940387480000254e+02 -3.163794667229999959e+03 -6.308730558620000011e+03 -1.454213514330000123e+02 9.196373439469999767e+01 7.999594074220000550e+01
6.500000000000000222e-01 -3.010573793780000074e+02 -3.292513616790000015e+03 -6.368458282720000170e+03 -1.416202658519999886e+02 9.340064774510000234e+01 7.721691893230000403e+01
6.500000000000000222e-01 -3.187054686839999817e+02 -3.201553909560000193e+03 -6.351529073980000248e+03 -1.443569304670000122e+02 9.531001550109999698e+01 7.839385779619999539e+01
6.500000000000000222e-01 -3.307178891689999887e+02 -3.158752269539999816e+03 -6.256549865599999976e+03 -1.416227353030000131e+02 9.147688716669999565e+01 8.186358158349999314e+01
6.500000000000000222e-01 -3.027891805510000154e+02 -3.114084049810000124e+03 -6.304608408510000118e+03 -1.443700748040000121e+02 9.276561529900000380e+01 8.026914310959999455e+01
6.500000000000000222e-01 -2.654668730629999800e+02 -3.411475265590000163e+03 -6.525490976789999877e+03 -1.406542940660000056e+02 9.388812455010000235e+01 7.532269969979999757e+01
6.500000000000000222e-01 -3.864993351840000173e+02 -3.109755024709999816e+03 -6.282071914289999768e+03 -1.423643930210000121e+02 9.302376669219999883e+01 8.131065628849999882e+01
6.500000000000000222e-01 -3.873719079140000190e+02 -3.155056624219999776e+03 -6.284724974390000170e+03 -1.452004767210000011e+02 9.333801641179999820e+01 8.050402573840000287e+01
6.500000000000000222e-01 -3.131776151880000043e+02 -3.268791013789999852e+03 -6.352790676560000065e+03 -1.411933494289999942e+02 9.396293762509999681e+01 7.795528583479999440e+01
6.500000000000000222e-01 -4.210454119529999844e+02 -3.164460637419999784e+03 -6.304353000179999981e+03 -1.421329107749999991e+02 9.349215918599999497e+01 8.024321710510000116e+01
6.500000000000000222e-01 -5.019684195080000109e+02 -3.101296587429999818e+03 -6.481476482940000096e+03 -1.386167405330000122e+02 9.039830349410000565e+01 7.949354743150000502e+01
6.500000000000000222e-01 -4.364393270090000101e+02 -3.048468844859999990e+03 -6.357686194240000077e+03 -1.392392113770000037e+02 8.905076297879999458e+01 8.483914735720000522e+01
6.500000000000000222e-01 -9.389275086680000015e+01 -3.348154836879999948e+03 -6.681547317389999989e+03 -1.448631174150000049e+02 8.962585615589999577e+01 7.086476293939999493e+01
6.500000000000000222e-01 -2.197265716679999912e+02 -3.311040277669999796e+03 -6.409018385530000160e+03 -1.428185682499999984e+02 9.198026738400000113e+01 7.566620364409999411e+01
6.500000000000000222e-01 -2.843185483170000225e+02 -3.220718965900000057e+03 -6.337301944650000223e+03 -1.437987838710000119e+02 9.392655844249999575e+01 7.840616193329999817e+01
6.500000000000000222e-01 -1.591411868689999949e+02 -3.171771009200000208e+03 -6.460410581019999881e+03 -1.465093054369999948e+02 8.879727430020000156e+01 7.798441432680000673e+01
6.500000000000000222e-01 -4.887137057049999953e+02 -3.249590867720000006e+03 -6.474129632010000023e+03 -1.391123852650000003e+02 9.299282417989999772e+01 7.703455570389999707e+01
6.500000000000000222e-01 -1.180398727430000037e+02 -3.227508454599999823e+03 -6.518057997459999569e+03 -1.449552631509999969e+02 9.031557957229999545e+01 7.429172192779999762e+01
6.500000000000000222e-01 -3.714423198449999859e+02 -3.114997079669999948e+03 -6.272630447900000036e+03 -1.409882802589999926e+02 9.160119912140000054e+01 8.232179144660000247e+01
6.500000000000000222e-01 -3.272559312459999887e+02 -3.256956157300000086e+03 -6.339377542790000007e+03 -1.420595159460000048e+02 9.314420403050000630e+01 7.813172078520000241e+01
6.500000000000000222e-01 -3.769076395719999937e+02 -3.024767812109999795e+03 -6.337961212100000012e+03 -1.420328908179999985e+02 9.092177056139999536e+01 8.167207106530000260e+01
6.500000000000000222e-01 -2.716789283940000246e+02 -3.195128976880000209e+03 -6.297669993100000283e+03 -1.418536390390000008e+02 9.237347257189999539e+01 7.966629367950000074e+01
6.500000000000000222e-01 -3.339715698780000253e+02 -3.133370846249999886e+03 -6.273776396760000353e+03 -1.424408824120000077e+02 9.160049567789999969e+01 8.145227071029999877e+01
6.500000000000000222e-01 -4.135438764880000235e+02 -2.995655869679999796e+03 -6.290890862180000113e+03 -1.427556947379999883e+02 9.038480113239999980e+01 8.456023584029999540e+01
6.500000000000000222e-01 -4.619799375979999922e+02 -3.029127183879999848e+03 -6.412191964030000236e+03 -1.404187784890000046e+02 9.039460931569999502e+01 8.097854602990000217e+01
6.500000000000000222e-01 -2.490883516840000027e+02 -3.137012379910000163e+03 -6.305131470299999819e+03 -1.422155185560000064e+02 9.336829646190000176e+01 7.976146918480000636e+01
6.500000000000000222e-01 -2.986546796769999901e+02 -3.280287462669999968e+03 -6.346263300399999935e+03 -1.425987009129999876e+02 9.191436017819999904e+01 7.760223204970000666e+01
6.500000000000000222e-01 -4.009138876580000215e+02 -3.179949674850000065e+03 -6.308479343009999866e+03 -1.389274005389999900e+02 9.389356477939999479e+01 8.130305613730000402e+01
6.500000000000000222e-01 -3.523976296299999831e+02 -3.162909159629999976e+03 -6.293863699419999648e+03 -1.431060134280000113e+02 9.341958719669999311e+01 8.008692618279999920e+01
6.500000000000000222e-01 -3.394663212730000055e+02 -3.288453806319999785e+03 -6.352134636560000217e+03 -1.424718441100000064e+02 9.225444407290000015e+01 7.751845988290000378e+01
1.390000000000000000e+04 -1.625125530989999970e+04 8.131030085139999755e+03 1.854594712439999967e+03 -1.842307002359999899e+02 1.806902358579999941e+02 -3.655539451189999909e+02
6.500000000000000222e-01 -1.625079964540000037e+04 8.139983540320000429e+03 1.999516633230000025e+03 -1.843337014029999921e+02 1.810880648739999970e+02 -3.657206774250000194e+02
6.500000000000000222e-01 -1.620897129230000064e+04 8.192117042890000448e+03 1.968228640529999893e+03 -1.845553706729999988e+02 1.808701137939999910e+02 -3.661289388339999959e+02
6.500000000000000222e-01 -1.630828874940000060e+04 8.133088891890000014e+03 1.996812442270000020e+03 -1.847312392819999900e+02 1.810708927690000110e+02 -3.654394251900000086e+02
6.500000000000000222e-01 -1.626729041839999991e+04 8.129382084799999575e+03 1.999586697380000032e+03 -1.849217585369999881e+02 1.803423594280000088e+02 -3.656733978330000241e+02
6.500000000000000222e-01 -1.638939407019999999e+04 8.118313802239999859e+03 1.909924762500000043e+03 -1.845929030400000102e+02 1.811956308009999930e+02 -3.653313025979999793e+02
6.500000000000000222e-01 -1.626601116100000036e+04 8.120477958069999659e+03 1.998598956959999896e+03 -1.846747670889999995e+02 1.812186839640000073e+02 -3.656765669279999997e+02
6.500000000000000222e-01 -1.621252989580000030e+04 8.200003598429999329e+03 1.964344925220000050e+03 -1.845904376869999908e+02 1.807879357969999887e+02 -3.661140559030000077e+02
6.500000000000000222e-01 -1.626566025989999980e+04 8.177172777179999684e+03 1.993308019430000058e+03 -1.852182434290000117e+02 1.807406018060000008e+02 -3.656169936100000086e+02
6.500000000000000222e-01 -1.630705992999999944e+04 8.146363935360000141e+03 1.999339374890000045e+03 -1.843503719230000115e+02 1.807609516770000084e+02 -3.651538557999999739e+02
6.500000000000000222e-01 -1.627720767739999974e+04 8.119288886880000064e+03 1.998255806740000025e+03 -1.847650917199999867e+02 1.809954186580000055e+02 -3.656976446929999724e+02
6.500000000000000222e-01 -1.620277311689999988e+04 8.063716930769999635e+03 1.957893784630000027e+03 -1.842723470949999864e+02 1.806415057460000071e+02 -3.663592004619999898e+02
6.500000000000000222e-01 -1.617643349610000041e+04 8.201481684970000060e+03 1.930354312740000069e+03 -1.850139523919999931e+02 1.800197257910000133e+02 -3.653993103739999810e+02
6.500000000000000222e-01 -1.628819589020000058e+04 8.159634084559999792e+03 2.001012998890000063e+03 -1.846387586829999918e+02 1.803446842129999936e+02 -3.652711645890000227e+02
6.500000000000000222e-01 -1.624365869009999915e+04 8.150132728390000011e+03 1.997596011719999979e+03 -1.844222451249999892e+02 1.812046619639999960e+02 -3.657762588649999884e+02
6.500000000000000222e-01 -1.625058630400000038e+04 8.168927165000000059e+03 1.994237515679999888e+03 -1.847913034560000085e+02 1.812489424579999877e+02 -3.658067778879999992e+02
6.500000000000000222e-01 -1.622175780139999915e+04 8.173086097770000379e+03 1.984040191379999897e+03 -1.845493300120000129e+02 1.810649548899999957e+02 -3.659976505519999819e+02
6.500000000000000222e-01 -1.625881396049999967e+04 8.129344219499999781e+03 1.998205422159999898e+03 -1.853546241260000045e+02 1.814295713129999967e+02 -3.656684803050000028e+02
6.500000000000000222e-01 -1.630712234170000011e+04 8.182242645070000435e+03 1.991408248080000021e+03 -1.853198415960000034e+02 1.811527655339999967e+02 -3.655958355359999814e+02
6.500000000000000222e-01 -1.632223646820000067e+04 8.110058299909999732e+03 1.989479854250000017e+03 -1.853831175470000119e+02 1.808625038860000132e+02 -3.657046727690000125e+02
6.500000000000000222e-01 -1.616287125589999960e+04 8.179202846440000030e+03 1.933964442479999889e+03 -1.849257845529999997e+02 1.800512449949999905e+02 -3.655607492190000016e+02
6.500000000000000222e-01 -1.625208025199999975e+04 8.124925133470000219e+03 1.996940132109999922e+03 -1.853081590859999892e+02 1.813435069479999981e+02 -3.656565104680000218e+02
6.500000000000000222e-01 -1.615327551649999987e+04 8.160531589809999787e+03 1.928356321239999943e+03 -1.849664030980000007e+02 1.803443236969999930e+02 -3.657201945329999830e+02
6.500000000000000222e-01 -1.637804995039999994e+04 8.165578182029999880e+03 1.944488601419999895e+03 -1.849034844189999944e+02 1.810392825000000130e+02 -3.652459451849999823e+02
6.500000000000000222e-01 -1.617660831890000009e+04 8.167620515499999783e+03 1.952975339780000013e+03 -1.851801425989999927e+02 1.802409583639999937e+02 -3.655628952740000273e+02
6.500000000000000222e-01 -1.632201140149999992e+04 8.096415572920000159e+03 1.984301452480000080e+03 -1.851825331729999959e+02 1.808481449280000106e+02 -3.657323418490000222e+02
6.500000000000000222e-01 -1.620870566949999920e+04 8.035123074520000046e+03 1.934169963999999936e+03 -1.842256631189999894e+02 1.807835981469999922e+02 -3.664534160100000122e+02
6.500000000000000222e-01 -1.624003887679999934e+04 8.092396500189999642e+03 1.988766033370000059e+03 -1.847754858849999948e+02 1.813581617359999996e+02 -3.656999626680000119e+02
6.500000000000000222e-01 -1.624481872950000070e+04 8.177455686369999967e+03 1.988570168389999935e+03 -1.847327034129999959e+02 1.809674970910000127e+02 -3.658518737859999987e+02
6.500000000000000222e-01 -1.627077397279999968e+04 8.218678261130000465e+03 1.974366551139999956e+03 -1.853215966850000029e+02 1.806176542750000067e+02 -3.654928690479999887e+02
6.500000000000000222e-01 -1.630588817620000009e+04 8.080924891519999619e+03 1.976791514819999975e+03 -1.850152192379999860e+02 1.813633132770000032e+02 -3.657298397470000282e+02
6.500000000000000222e-01 -1.622363378759999978e+04 8.131345376829999623e+03 1.990166391239999939e+03 -1.844503042400000083e+02 1.808063705749999883e+02 -3.659571167820000142e+02
6.500000000000000222e-01 -1.626445720649999930e+04 8.119548230139999760e+03 1.997328863369999908e+03 -1.850251991469999950e+02 1.817135805329999982e+02 -3.656025802469999917e+02
6.500000000000000222e-01 -1.625618227239999942e+04 8.123354306150000411e+03 1.996240840469999966e+03 -1.849661628959999859e+02 1.810393588519999923e+02 -3.657746931080000081e+02
6.500000000000000222e-01 -1.626241089169999941e+04 8.052813099910000346e+03 1.956164823840000054e+03 -1.846642088049999870e+02 1.818980954630000042e+02 -3.654184262640000043e+02
6.500000000000000222e-01 -1.618114318009999988e+04 8.134260034380000434e+03 1.961756087629999911e+03 -1.850145520250000004e+02 1.806529481830000066e+02 -3.659306107759999804e+02
6.500000000000000222e-01 -1.626131660600000032e+04 8.132054558830000133e+03 1.998369933059999994e+03 -1.854093347870000059e+02 1.813272325979999948e+02 -3.656979906899999833e+02
6.500000000000000222e-01 -1.615187297450000005e+04 8.062766682399999809e+03 1.916584848599999987e+03 -1.841617223720000140e+02 1.806976816000000099e+02 -3.664369375399999740e+02
6.500000000000000222e-01 -1.636794090279999909e+04 8.167467896459999793e+03 1.951005343289999928e+03 -1.843920008910000092e+02 1.807679356840000082e+02 -3.645492861390000030e+02
6.500000000000000222e-01 -1.627817719749999924e+04 8.118632136320000427e+03 1.998144219539999995e+03 -1.849305654759999982e+02 1.807973372559999916e+02 -3.656830258319999984e+02
6.500000000000000222e-01 -1.624866358589999982e+04 8.102611830130000271e+03 1.986511701030000040e+03 -1.849843855700000006e+02 1.812488429189999977e+02 -3.658741922489999752e+02
6.500000000000000222e-01 -1.629769855110000026e+04 8.228809613729999910e+03 1.964531346160000112e+03 -1.852714094190000083e+02 1.810584814059999985e+02 -3.657317293699999823e+02
6.500000000000000222e-01 -1.639222450459999891e+04 8.140887173140000414e+03 1.913327922279999939e+03 -1.848215581700000030e+02 1.810718169010000054e+02 -3.655420046500000240e+02
6.500000000000000222e-01 -1.616481519610000032e+04 8.095184274489999552e+03 1.945985272729999906e+03 -1.847509833260000107e+02 1.808170490660000098e+02 -3.659122534530000053e+02
6.500000000000000222e-01 -1.618244479130000036e+04 8.182793167310000172e+03 1.950492282239999895e+03 -1.846723156669999923e+02 1.800897038349999946e+02 -3.659255119669999772e+02
6.500000000000000222e-01 -1.632621868150000046e+04 8.072327015480000227e+03 1.965439892820000068e+03 -1.841677823939999996e+02 1.815207263359999956e+02 -3.649910375430000045e+02
6.500000000000000222e-01 -1.630033619779999935e+04 8.046479446190000090e+03 1.940260566220000101e+03 -1.845832723190000024e+02 1.818762123239999937e+02 -3.653907477129999961e+02
6.500000000000000222e-01 -1.627928473119999944e+04 8.038006912630000443e+03 1.952111090910000030e+03 -1.841745042389999867e+02 1.816247019150000028e+02 -3.652415969159999918e+02
6.500000000000000222e-01 -1.621301284370000030e+04 8.129027945750000072e+03 1.985266697300000033e+03 -1.844402010889999985e+02 1.807717568820000054e+02 -3.660386823169999957e+02
6.500000000000000222e-01 -1.631235778089999985e+04 8.248222902420000537e+03 1.904371277879999980e+03 -1.848672159420000014e+02 1.805040216840000085e+02 -3.657677374059999806e+02
6.500000000000000222e-01 -1.626180784409999978e+04 8.121633939540000029e+03 1.998940014450000035e+03 -1.848026619469999901e+02 1.815137871780000012e+02 -3.656352516210000090e+02
6.500000000000000222e-01 -1.626628775540000061e+04 8.129295477609999580e+03 2.000211585839999998e+03 -1.848576356320000116e+02 1.803738996269999859e+02 -3.657022104079999849e+02
6.500000000000000222e-01 -1.615413764350000019e+04 8.066583090490000359e+03 1.913386085370000046e+03 -1.841212479429999860e+02 1.806934574400000031e+02 -3.666930992729999730e+02
6.500000000000000222e-01 -1.628196104320000086e+04 8.134533782290000090e+03 2.000551503299999922e+03 -1.855462036449999914e+02 1.809119382089999988e+02 -3.656539908579999860e+02
6.500000000000000222e-01 -1.617046611710000070e+04 8.196206255499999315e+03 1.928994552460000023e+03 -1.844680352659999869e+02 1.802207749000000092e+02 -3.662392847439999741e+02
6.500000000000000222e-01 -1.626488051699999960e+04 8.179012107429999560e+03 1.993086633630000051e+03 -1.849614662810000141e+02 1.813130921009999952e+02 -3.658033009590000120e+02
6.500000000000000222e-01 -1.629158463789999951e+04 8.158274985250000100e+03 1.997166238349999958e+03 -1.845258752439999910e+02 1.803843907750000142e+02 -3.653187555700000075e+02
6.500000000000000222e-01 -1.627423824699999932e+04 8.007438167229999635e+03 1.883722045049999906e+03 -1.841555108219999966e+02 1.812678381659999900e+02 -3.662747071389999860e+02
6.500000000000000222e-01 -1.614193241970000054e+04 8.109947325119999732e+03 1.917975654150000082e+03 -1.847504503920000047e+02 1.807043143509999936e+02 -3.658037433439999973e+02
6.500000000000000222e-01 -1.611527196159999949e+04 8.149601575110000340e+03 1.842169855150000103e+03 -1.842685121709999976e+02 1.802700719030000016e+02 -3.667293240189999892e+02
6.500000000000000222e-01 -1.614362874039999951e+04 8.165067546309999670e+03 1.916761639990000049e+03 -1.848355125150000049e+02 1.801957052319999946e+02 -3.655564759630000253e+02
6.500000000000000222e-01 -1.624671671559999959e+04 8.155649413740000455e+03 1.994568313720000106e+03 -1.854134529460000067e+02 1.803042775080000126e+02 -3.655769879470000205e+02
6.500000000000000222e-01 -1.623400494570000046e+04 8.162218230030000086e+03 1.991475214509999887e+03 -1.845567063889999986e+02 1.810538054339999974e+02 -3.658854606560000207e+02
6.500000000000000222e-01 -1.622765882459999921e+04 8.141957114030000412e+03 1.989917968900000005e+03 -1.854349254150000093e+02 1.805458464849999984e+02 -3.656710899610000070e+02
6.500000000000000222e-01 -1.624278702709999925e+04 8.116559706349999942e+03 1.994596615259999908e+03 -1.845591086229999860e+02 1.806562734219999982e+02 -3.658701433640000005e+02
6.500000000000000222e-01 -1.628651960169999984e+04 8.234022159010000905e+03 1.955949412910000092e+03 -1.851335991349999972e+02 1.809530429209999909e+02 -3.658303728320000232e+02
6.500000000000000222e-01 -1.623599674760000016e+04 8.098237818380000135e+03 1.990197880720000057e+03 -1.844578425450000054e+02 1.805110870460000001e+02 -3.659570744249999734e+02
6.500000000000000222e-01 -1.638650488319999931e+04 8.154780508519999785e+03 1.910692303049999964e+03 -1.843969779429999960e+02 1.809216472980000106e+02 -3.647572266540000214e+02
6.500000000000000222e-01 -1.630928466529999969e+04 8.129315634519999549e+03 1.996657222130000036e+03 -1.846792508979999923e+02 1.811709998270000028e+02 -3.654048562670000138e+02
6.500000000000000222e-01 -1.629781696170000032e+04 8.077447827869999855e+03 1.977594716029999972e+03 -1.846109798280000120e+02 1.818938657440000100e+02 -3.652688900460000241e+02
6.500000000000000222e-01 -1.630640009920000011e+04 8.226350643230000060e+03 1.929329333110000107e+03 -1.845321007160000022e+02 1.800659703899999897e+02 -3.651626124000000004e+02
6.500000000000000222e-01 -1.626875767970000015e+04 8.138522934530000384e+03 2.001566544380000096e+03 -1.845509218230000101e+02 1.814025204939999867e+02 -3.655949233680000248e+02
6.500000000000000222e-01 -1.617724353049999991e+04 8.051178129859999899e+03 1.926506924940000090e+03 -1.845201565090000031e+02 1.812764265570000077e+02 -3.656043793100000130e+02
6.500000000000000222e-01 -1.618497276919999968e+04 8.063726191370000379e+03 1.942748184009999932e+03 -1.842347670370000117e+02 1.807128942809999899e+02 -3.664955477749999773e+02
6.500000000000000222e-01 -1.626733158320000075e+04 8.128125468960000035e+03 2.000464598309999928e+03 -1.845458993279999902e+02 1.813317778009999870e+02 -3.656169414330000222e+02
6.500000000000000222e-01 -1.636373939570000039e+04 8.152993688270000348e+03 1.960911391899999899e+03 -1.849658338110000102e+02 1.809844554459999983e+02 -3.654174879770000075e+02
6.500000000000000222e-01 -1.629393728759999976e+04 8.141507049200000438e+03 1.998760555659999909e+03 -1.850459028059999866e+02 1.809883979909999994e+02 -3.656090028200000006e+02
6.500000000000000222e-01 -1.636610937299999932e+04 8.106444632450000427e+03 1.955362438359999942e+03 -1.848943104079999955e+02 1.813060364510000113e+02 -3.654214739529999747e+02
6.500000000000000222e-01 -1.638932280410000021e+04 8.136303047979999974e+03 1.909809359419999964e+03 -1.843043120739999949e+02 1.810603545710000049e+02 -3.643649898649999841e+02
6.500000000000000222e-01 -1.626845879070000046e+04 8.243199391309999555e+03 1.911509865109999964e+03 -1.846064084840000135e+02 1.801040048129999889e+02 -3.657267869140000016e+02
6.500000000000000222e-01 -1.626817087010000068e+04 8.132280680509999911e+03 2.001899042680000093e+03 -1.849656176590000030e+02 1.804787997450000034e+02 -3.655906985010000199e+02
6.500000000000000222e-01 -1.629921613860000070e+04 8.145906974030000129e+03 1.998163004580000006e+03 -1.850541822790000026e+02 1.809968554669999889e+02 -3.655777819969999882e+02
6.500000000000000222e-01 -1.626270796469999914e+04 8.151380223279999882e+03 1.997989264739999953e+03 -1.852603400980000004e+02 1.805213971240000035e+02 -3.656458716669999944e+02
6.500000000000000222e-01 -1.628334074809999947e+04 8.123278306010000051e+03 2.001354876820000072e+03 -1.844091291240000032e+02 1.815071332869999878e+02 -3.654055788580000126e+02
6.500000000000000222e-01 -1.626852359000000069e+04 8.154158780249999836e+03 1.998595016709999982e+03 -1.849896667589999879e+02 1.812151010629999917e+02 -3.657093739069999856e+02
6.500000000000000222e-01 -1.623204985669999951e+04 8.144127701420000449e+03 1.993316915800000061e+03 -1.844770213609999985e+02 1.809352767119999896e+02 -3.658827482789999976e+02
6.500000000000000222e-01 -1.633448288499999944e+04 8.180987308009999651e+03 1.981238209970000071e+03 -1.845441874370000050e+02 1.805441128980000087e+02 -3.647855613749999861e+02
6.500000000000000222e-01 -1.626145320890000039e+04 8.152749465019999661e+03 1.997149482929999976e+03 -1.848051998859999969e+02 1.804326333690000013e+02 -3.656408981249999783e+02
6.500000000000000222e-01 -1.624696652259999973e+04 8.207384205059999658e+03 1.972496450520000053e+03 -1.850886494780000078e+02 1.799307165900000030e+02 -3.652005989049999926e+02
6.500000000000000222e-01 -1.625976897219999955e+04 8.130221922329999870e+03 1.997910651520000101e+03 -1.851128896479999923e+02 1.813324415030000125e+02 -3.657273544440000137e+02
6.500000000000000222e-01 -1.615979292259999966e+04 8.090745011990000421e+03 1.939598892929999920e+03 -1.846853135220000013e+02 1.808164943440000059e+02 -3.659211074589999839e+02
6.500000000000000222e-01 -1.620339875050000046e+04 8.137756417200000215e+03 1.977471356739999919e+03 -1.853005351319999932e+02 1.806726530089999869e+02 -3.657527246409999861e+02
6.500000000000000222e-01 -1.617566865540000072e+04 8.203331135959999301e+03 1.929942404099999976e+03 -1.844705567149999865e+02 1.804546388020000052e+02 -3.663648125639999762e+02
6.500000000000000222e-01 -1.632004295079999974e+04 8.059237842599999567e+03 1.956596876549999934e+03 -1.842258730069999899e+02 1.817200516860000050e+02 -3.649385906670000281e+02
6.500000000000000222e-01 -1.626543638160000046e+04 8.120289973130000362e+03 2.000368000550000033e+03 -1.848829465670000047e+02 1.802761098230000130e+02 -3.656834256170000117e+02
6.500000000000000222e-01 -1.632887456030000067e+04 8.138883745459999773e+03 1.989760799350000070e+03 -1.852903420270000083e+02 1.810352831190000131e+02 -3.655886206399999878e+02
6.500000000000000222e-01 -1.626516737590000048e+04 8.239548807139999553e+03 1.948856295710000040e+03 -1.851372538429999963e+02 1.801769087319999869e+02 -3.651306728040000280e+02
6.500000000000000222e-01 -1.621303396500000053e+04 8.194225773710000794e+03 1.964989336200000025e+03 -1.853159635650000041e+02 1.803205727950000039e+02 -3.655929642120000267e+02
6.500000000000000222e-01 -1.631523689259999992e+04 8.056969645459999811e+03 1.960316505409999991e+03 -1.845434998730000018e+02 1.809724391409999953e+02 -3.657591544640000052e+02
6.500000000000000222e-01 -1.625075010870000006e+04 8.123559597569999823e+03 1.996999042030000055e+03 -1.846758586939999986e+02 1.807361932510000031e+02 -3.657996624869999778e+02
6.500000000000000222e-01 -1.623776407269999982e+04 8.187947819480000362e+03 1.981710943139999927e+03 -1.852764112119999993e+02 1.800751744849999909e+02 -3.653937806600000044e+02
3.690000000000000000e+05 -2.468368175130000054e+03 -1.779953759259999970e+03 -9.765892385220000449e+01 1.413874044329999968e+01 -3.783167381140000174e+01 -1.220651077680000043e+02
6.500000000000000222e-01 -2.449329142829999910e+03 -1.817344536549999930e+03 -3.281019702120000261e+02 2.304954123899999985e+01 -3.222084090740000306e+01 -9.799941227070000593e+01
6.500000000000000222e-01 -2.482234333570000217e+03 -1.830277636929999971e+03 1.434229971679999993e+00 1.338315367440000081e+01 -4.158258360579999646e+01 -1.199148343840000024e+02
6.500000000000000222e-01 -2.387853249859999778e+03 -1.808234784239999954e+03 -3.295191380950000166e+02 2.532682265449999903e+01 -3.355364128560000125e+01 -9.865115227879999793e+01
6.500000000000000222e-01 -2.433009232890000021e+03 -1.659005848580000020e+03 -3.256374342309999861e+02 2.991764408099999883e+01 -2.825176486810000043e+01 -1.039964598250000023e+02
6.500000000000000222e-01 -2.385788173550000010e+03 -1.684771747089999963e+03 -4.286822838530000013e+02 3.414778209119999985e+01 -2.515576447569999985e+01 -9.027694877099999360e+01
6.500000000000000222e-01 -2.666251730269999825e+03 -1.765335849269999926e+03 -4.725484039820000248e+01 4.075969429979999781e+00 -4.438434059800000142e+01 -1.182933368589999930e+02
6.500000000000000222e-01 -2.367144477020000068e+03 -1.840050035709999975e+03 -3.315478252080000061e+02 2.747226680589999859e+01 -3.169537979060000055e+01 -9.968728010050000421e+01
6.500000000000000222e-01 -2.390651527670000178e+03 -1.808868346689999953e+03 -3.316373023259999968e+02 2.541693042360000021e+01 -3.364191037869999690e+01 -9.842950743110000644e+01
6.500000000000000222e-01 -2.430309968139999910e+03 -1.733646047490000001e+03 -3.613947389319999957e+02 3.012178815700000101e+01 -2.455632937180000042e+01 -9.595511862300000416e+01
6.500000000000000222e-01 -2.492263972560000184e+03 -1.629578290440000046e+03 -2.563625989010000126e+02 2.354261979349999834e+01 -2.988045698639999870e+01 -1.098777246359999964e+02
6.500000000000000222e-01 -2.443968521660000079e+03 -1.841048331510000025e+03 -3.395356119030000173e+02 2.022844471950000056e+01 -3.172216375700000057e+01 -9.670812192030000176e+01
6.500000000000000222e-01 -2.314779398480000054e+03 -1.741460106179999912e+03 -3.076769759790000194e+02 3.445848749070000139e+01 -2.285996943050000141e+01 -1.067082715100000030e+02
6.500000000000000222e-01 -2.371367207589999907e+03 -1.743479886339999894e+03 -4.103448871389999795e+02 3.281539190449999666e+01 -2.402561497459999984e+01 -9.071650337699999511e+01
6.500000000000000222e-01 -2.277114338800000041e+03 -1.845914162869999927e+03 -2.349133123670000032e+02 2.723668751339999972e+01 -2.921604282330000046e+01 -1.141768611020000037e+02
6.500000000000000222e-01 -2.450011320539999815e+03 -1.802814528410000094e+03 -3.650424960270000270e+02 2.467601952109999885e+01 -2.931632621940000050e+01 -9.362182940530000508e+01
6.500000000000000222e-01 -2.428407960269999876e+03 -1.765433891720000020e+03 -4.047644822380000278e+02 2.702473213309999878e+01 -2.704677535669999955e+01 -8.885306459180000616e+01
6.500000000000000222e-01 -2.424731264439999904e+03 -1.780578410289999965e+03 -3.712880044770000154e+02 2.741967620289999985e+01 -3.185345339799999920e+01 -9.376114214759999754e+01
6.500000000000000222e-01 -2.464875373230000150e+03 -1.767215591939999968e+03 -3.490356877140000051e+02 2.404333625659999996e+01 -3.091573523639999976e+01 -9.554158908230000691e+01
6.500000000000000222e-01 -2.309582364039999902e+03 -1.807700100960000100e+03 -3.682417624049999745e+02 3.278957896149999840e+01 -2.564544072829999877e+01 -9.801796439119999604e+01
6.500000000000000222e-01 -2.472764029209999990e+03 -1.755490053649999936e+03 -3.606800742030000038e+02 2.619709621879999872e+01 -3.271946133680000202e+01 -9.479770804100000703e+01
6.500000000000000222e-01 -2.508235970019999968e+03 -1.708989675849999912e+03 -2.500627754669999945e+02 1.929862000390000176e+01 -3.753747618100000238e+01 -1.069062536819999991e+02
6.500000000000000222e-01 -2.388410692930000096e+03 -1.858840665230000013e+03 -3.131137387869999884e+02 2.271702813099999929e+01 -3.273364214499999747e+01 -1.010722162969999971e+02
6.500000000000000222e-01 -2.395179791609999938e+03 -1.854662187950000089e+03 -3.247112343709999891e+02 2.387827714319999828e+01 -3.242126235850000171e+01 -9.964847054499999501e+01
6.500000000000000222e-01 -2.419117314279999846e+03 -1.820622342280000112e+03 -3.935645266330000140e+02 2.381712336569999877e+01 -2.754733154590000055e+01 -9.043509969870000020e+01
6.500000000000000222e-01 -2.431446558520000053e+03 -1.757153569930000003e+03 -3.980945426310000244e+02 2.614652146530000110e+01 -3.032522825739999917e+01 -8.970733537069999386e+01
6.500000000000000222e-01 -2.607273670579999816e+03 -1.807372288450000042e+03 -3.824321287099999722e+01 5.715611886369999617e+00 -4.555522773570000084e+01 -1.183532969479999934e+02
6.500000000000000222e-01 -2.316249480580000181e+03 -1.778752962880000041e+03 -3.686573169270000108e+02 3.345806053969999994e+01 -2.385197121090000039e+01 -9.815423883820000128e+01
6.500000000000000222e-01 -2.344729834249999840e+03 -1.812308760870000015e+03 -2.995604258569999843e+02 2.446929088379999939e+01 -2.995121734430000160e+01 -1.026008967620000050e+02
6.500000000000000222e-01 -2.443127402860000075e+03 -1.750359041400000024e+03 -4.114893517770000244e+02 2.593233003490000144e+01 -2.737369685910000072e+01 -8.749424151200000210e+01
6.500000000000000222e-01 -2.505845693230000052e+03 -1.674087913190000108e+03 -3.285676115080000272e+02 2.366327721180000054e+01 -2.802166557250000167e+01 -9.920149053229999936e+01
6.500000000000000222e-01 -2.402104711110000153e+03 -1.801542641660000072e+03 -3.553722644750000086e+02 2.806721481809999830e+01 -3.181161488829999939e+01 -9.616561956380000709e+01
6.500000000000000222e-01 -2.625324500780000108e+03 -1.906669519719999926e+03 8.143286732849999510e+01 1.197124634550000011e-01 -4.395592068029999666e+01 -1.228246328390000031e+02
6.500000000000000222e-01 -2.475345383240000046e+03 -1.727148807510000097e+03 -3.675643859769999722e+02 2.525555313870000163e+01 -2.737332157430000024e+01 -9.359682428639999330e+01
6.500000000000000222e-01 -2.456371817230000033e+03 -1.745472767310000108e+03 -3.773083851279999976e+02 2.390461216050000104e+01 -2.995704749249999921e+01 -9.186359111950000056e+01
6.500000000000000222e-01 -2.372520402170000125e+03 -1.830069538210000019e+03 -4.192254751340000212e+02 2.755997056109999832e+01 -2.691404602429999926e+01 -8.844907424859999878e+01
6.500000000000000222e-01 -2.490828995960000157e+03 -1.764218647630000078e+03 -3.200517367749999949e+02 2.241463757840000071e+01 -3.280869011400000090e+01 -9.865674125030000141e+01
6.500000000000000222e-01 -2.459097339450000163e+03 -1.724866686159999972e+03 -3.592558269680000080e+02 2.767233549590000052e+01 -2.958054998709999950e+01 -9.582190086949999852e+01
6.500000000000000222e-01 -2.445815625390000150e+03 -1.757427722420000009e+03 -3.661559799610000141e+02 2.826245885590000029e+01 -2.666095829749999879e+01 -9.439305944230000023e+01
6.500000000000000222e-01 -2.339194149139999809e+03 -1.668320696140000109e+03 -1.860443904020000048e+02 2.590520845640000047e+01 -3.482374322620000129e+01 -1.176528972760000045e+02
6.500000000000000222e-01 -2.692905925990000014e+03 -1.838942150739999988e+03 -2.436435746880000153e+01 2.697985913070000130e+00 -4.612315020850000025e+01 -1.175435803160000034e+02
6.500000000000000222e-01 -2.534301763399999800e+03 -1.738348515650000081e+03 -3.049194988869999747e+02 2.010823823559999823e+01 -3.524733581200000287e+01 -1.002252783739999984e+02
6.500000000000000222e-01 -2.422232172850000097e+03 -1.788041075990000081e+03 -3.629409811389999732e+02 2.586854435780000117e+01 -3.117236424800000094e+01 -9.445700001790000044e+01
6.500000000000000222e-01 -2.420938906740000220e+03 -1.688564119440000013e+03 -3.837918195629999900e+02 3.085952597340000025e+01 -2.369132204279999954e+01 -9.434045402040000283e+01
6.500000000000000222e-01 -2.463262760550000166e+03 -1.783519046870000011e+03 -2.970732315870000093e+02 1.956843198889999869e+01 -3.222022032510000145e+01 -1.003663714620000036e+02
6.500000000000000222e-01 -2.456358239600000161e+03 -1.763253015049999931e+03 -3.690235654219999901e+02 2.646991820410000074e+01 -2.764951792909999995e+01 -9.346733961370000543e+01
6.500000000000000222e-01 -2.466445665690000169e+03 -1.756597577210000054e+03 -3.541018049159999919e+02 2.581350864550000068e+01 -3.160101837219999865e+01 -9.550018401260000189e+01
6.500000000000000222e-01 -2.387607925830000113e+03 -1.791006424270000025e+03 -3.574214367860000152e+02 3.076702773450000095e+01 -2.826799756619999826e+01 -9.673488203360000171e+01
6.500000000000000222e-01 -2.486108199109999987e+03 -1.719058130130000109e+03 -3.830573724800000264e+02 2.633426122770000077e+01 -3.247508747629999704e+01 -9.245259822219999535e+01
6.500000000000000222e-01 -2.487333429220000198e+03 -1.652756540840000071e+03 -3.904419230380000272e+02 2.706775368010000093e+01 -2.858883986609999894e+01 -9.339580033260000391e+01
6.500000000000000222e-01 -2.721825263109999923e+03 -1.876270158970000011e+03 -4.476697192799999669e+01 3.070596094160000233e-01 -4.618773153690000299e+01 -1.157965276160000059e+02
6.500000000000000222e-01 -2.375513977709999835e+03 -1.683962175930000058e+03 -4.249959557619999941e+02 3.451414805299999955e+01 -2.451356607709999835e+01 -9.140598922940000648e+01
6.500000000000000222e-01 -2.370691846279999936e+03 -1.823403858440000022e+03 -3.786671335550000208e+02 2.597096040639999970e+01 -2.685439033440000145e+01 -9.397001448589999484e+01
6.500000000000000222e-01 -2.430033896339999956e+03 -1.769537816549999889e+03 -3.728548981710000021e+02 2.521503536710000049e+01 -3.165574643720000125e+01 -9.289980830519999699e+01
6.500000000000000222e-01 -2.518318751960000100e+03 -1.652994663969999920e+03 -2.863111874350000221e+02 2.207051034430000058e+01 -2.928899076560000125e+01 -1.043982675989999933e+02
6.500000000000000222e-01 -2.484154831350000222e+03 -1.681619211299999961e+03 -3.093367070749999925e+02 2.547725915910000083e+01 -2.629442823669999996e+01 -1.019495565919999933e+02
6.500000000000000222e-01 -2.641302336939999805e+03 -1.852852848940000058e+03 -8.798820012779999900e+01 5.762944729700000046e+00 -4.307298807680000152e+01 -1.148262087180000037e+02
6.500000000000000222e-01 -2.519735754970000016e+03 -1.658496957419999944e+03 -2.360862092589999861e+02 1.990874332279999948e+01 -3.135491149980000003e+01 -1.085956170789999931e+02
6.500000000000000222e-01 -2.497256086129999858e+03 -1.633247062870000036e+03 -1.773312126700000135e+02 2.002596352750000008e+01 -3.296913531469999725e+01 -1.147703469180000013e+02
6.500000000000000222e-01 -2.523480490219999865e+03 -1.660154176329999927e+03 -3.214775494990000198e+02 2.242124529219999829e+01 -3.019721679610000109e+01 -1.002934491630000053e+02
6.500000000000000222e-01 -2.456687772780000159e+03 -1.799440150749999930e+03 -3.683816824479999923e+02 2.277279277179999895e+01 -2.866534212739999887e+01 -9.279903491940000038e+01
6.500000000000000222e-01 -2.441159485189999941e+03 -1.776253857169999947e+03 -3.676836526000000163e+02 2.606159507870000169e+01 -2.990717477959999826e+01 -9.371480974000000685e+01
6.500000000000000222e-01 -2.391368016219999845e+03 -1.804953261870000006e+03 -4.296282404039999960e+02 2.701792461220000163e+01 -2.544845794229999925e+01 -8.608796947909999631e+01
6.500000000000000222e-01 -2.426003408969999782e+03 -1.748991543699999966e+03 -3.635670461060000207e+02 3.016499930310000011e+01 -2.532725160729999914e+01 -9.551908266750000109e+01
6.500000000000000222e-01 -2.639341229399999975e+03 -1.794466474869999956e+03 -3.790451062249999836e+01 5.885620269000000349e+00 -4.406708233810000053e+01 -1.182995827799999944e+02
6.500000000000000222e-01 -2.443239654059999793e+03 -1.732223263280000083e+03 -3.391942778800000156e+02 2.329372788950000128e+01 -3.141634536080000117e+01 -9.640462389149999467e+01
6.500000000000000222e-01 -2.344407821530000092e+03 -1.821822041619999936e+03 -4.267321971169999983e+02 2.864298195190000129e+01 -2.533608858510000061e+01 -8.886241208299999528e+01
6.500000000000000222e-01 -2.608470485230000122e+03 -1.841539773949999926e+03 -1.382302375900000015e+02 7.863697880750000202e+00 -3.911239495310000081e+01 -1.126080684819999931e+02
6.500000000000000222e-01 -2.425518130899999960e+03 -1.754950304400000050e+03 -4.046120915129999958e+02 2.791303847420000039e+01 -3.048788106090000127e+01 -8.937980401500000482e+01
6.500000000000000222e-01 -2.454168303790000209e+03 -1.671714814689999912e+03 -2.578721095180000020e+02 2.283658735190000044e+01 -3.214959028380000206e+01 -1.060757907050000028e+02
6.500000000000000222e-01 -2.452526153390000218e+03 -1.770864998109999988e+03 -3.598132285340000180e+02 2.689353541050000018e+01 -3.064844405439999875e+01 -9.490418975820000469e+01
6.500000000000000222e-01 -2.319119543669999985e+03 -1.775512192299999924e+03 -3.491432307189999733e+02 3.405165198849999797e+01 -2.420207137199999892e+01 -1.006031960990000016e+02
6.500000000000000222e-01 -2.348202927020000061e+03 -1.785222237489999998e+03 -4.660885558140000171e+02 3.136559963750000080e+01 -2.360583508130000041e+01 -8.218396540790000415e+01
6.500000000000000222e-01 -2.421539491139999882e+03 -1.745840252960000043e+03 -4.267417167749999862e+02 2.798427005479999963e+01 -2.910134290439999916e+01 -8.609716595519999771e+01
6.500000000000000222e-01 -2.508176466070000060e+03 -1.668552776170000016e+03 -2.298940429730000119e+02 2.074643334179999954e+01 -3.121488441059999985e+01 -1.093079829889999957e+02
6.500000000000000222e-01 -2.395108081909999783e+03 -1.805287983769999983e+03 -3.521866568180000172e+02 2.822235520730000147e+01 -3.134328757360000139e+01 -9.670443482260000678e+01
6.500000000000000222e-01 -2.491935189939999873e+03 -1.723567558929999905e+03 -3.239120216829999777e+02 2.179772737169999886e+01 -3.098151038820000025e+01 -9.826260682999999574e+01
6.500000000000000222e-01 -2.447906056450000051e+03 -1.750792562760000010e+03 -3.812958010169999739e+02 2.673464757169999828e+01 -2.917260978619999889e+01 -9.214705204400000582e+01
6.500000000000000222e-01 -2.329580442899999980e+03 -1.782263808429999926e+03 -4.338378971330000127e+02 3.321215812389999655e+01 -2.406126880440000093e+01 -8.820649775789999580e+01
6.500000000000000222e-01 -2.427442903730000126e+03 -1.751099566319999894e+03 -4.217629668960000231e+02 2.712930416760000085e+01 -2.793353050240000002e+01 -8.644014526460000525e+01
6.500000000000000222e-01 -2.454381617340000048e+03 -1.764405009040000095e+03 -3.628552667199999746e+02 2.681033850640000082e+01 -3.164858203129999836e+01 -9.460159762390000537e+01
6.500000000000000222e-01 -2.391181738580000001e+03 -1.761167192410000098e+03 -3.881611915400000044e+02 3.134729219220000118e+01 -2.571761919869999957e+01 -9.288617708629999470e+01
6.500000000000000222e-01 -2.624071742000000086e+03 -1.790811231859999907e+03 -5.772716259189999732e+01 6.412833976019999938e+00 -4.350055545459999706e+01 -1.173755991639999934e+02
6.500000000000000222e-01 -2.353029476809999778e+03 -1.684527722970000013e+03 -4.055603535120000060e+02 3.420635990209999733e+01 -2.316456446249999956e+01 -9.626485573259999740e+01
6.500000000000000222e-01 -2.350204148970000006e+03 -1.700325347949999923e+03 -3.692445395560000065e+02 3.479574346020000064e+01 -2.386885088209999850e+01 -9.947133544179999376e+01
6.500000000000000222e-01 -2.468630857260000084e+03 -1.645072139520000064e+03 -3.175139084360000084e+02 2.682771935750000125e+01 -2.613550681779999962e+01 -1.029998869369999994e+02
6.500000000000000222e-01 -2.503459467189999941e+03 -1.906250052820000064e+03 1.803759317829999986e+01 3.477427772249999993e+00 -4.602755167499999800e+01 -1.223482090210000024e+02
6.500000000000000222e-01 -2.332917841569999837e+03 -1.715194774260000031e+03 -3.942541338770000152e+02 3.540839041979999990e+01 -2.309834925210000023e+01 -9.622074562289999733e+01
6.500000000000000222e-01 -2.444495808459999807e+03 -1.776316980370000010e+03 -3.583719609020000121e+02 2.779257827580000040e+01 -3.003007401130000176e+01 -9.529083942699999454e+01
6.500000000000000222e-01 -2.472005433650000214e+03 -1.740308457139999973e+03 -3.651241587929999923e+02 2.405841711869999955e+01 -2.917317902539999963e+01 -9.354954658299999437e+01
6.500000000000000222e-01 -2.426371646650000002e+03 -1.673514502649999940e+03 -2.742740989110000100e+02 2.962027322069999968e+01 -2.555538338379999885e+01 -1.083215563530000054e+02
6.500000000000000222e-01 -2.365242683559999932e+03 -1.809888932209999894e+03 -3.568198059260000150e+02 2.898320377339999965e+01 -2.811036213950000118e+01 -9.697470083659999318e+01
6.500000000000000222e-01 -2.298518201660000159e+03 -1.822746039999999994e+03 -3.778577359419999766e+02 3.089703660540000030e+01 -2.575804435719999930e+01 -9.804328911890000597e+01
6.500000000000000222e-01 -2.380699288660000093e+03 -1.816928871410000056e+03 -3.190054278810000028e+02 2.533120257810000098e+01 -3.380538237879999741e+01 -1.000108720359999950e+02
6.500000000000000222e-01 -2.370721368020000227e+03 -1.795440672480000103e+03 -3.115501649290000046e+02 2.424521518559999933e+01 -3.064679378479999983e+01 -1.004161258569999973e+02
6.500000000000000222e-01 -2.665189937740000005e+03 -1.844627468440000030e+03 -7.540737623930000666e+01 4.261598062500000061e+00 -4.477348244600000271e+01 -1.154160507659999979e+02
6.500000000000000222e-01 -2.448686758740000187e+03 -1.717450468060000048e+03 -3.928548040079999737e+02 2.817958135940000020e+01 -2.647922447050000017e+01 -9.123510068779999926e+01
6.500000000000000222e-01 -2.384209287180000047e+03 -1.691768619539999918e+03 -2.976780614219999848e+02 2.593193965349999885e+01 -3.079086918089999969e+01 -1.015562882149999950e+02
6.500000000000000222e-01 -2.367869103579999774e+03 -1.819736782360000007e+03 -4.235915379350000194e+02 2.881172586019999926e+01 -2.650811556340000053e+01 -8.783315740870000354e+01
6.500000000000000222e-01 -2.440913359910000054e+03 -1.679347412179999992e+03 -3.774157825469999921e+02 2.955476649310000070e+01 -2.436492520059999833e+01 -9.483411138600000356e+01
6.500000000000000222e-01 -2.715080235249999987e+03 -1.767817506339999909e+03 -1.125381133610000006e+02 3.491828288459999818e+00 -4.496484986410000317e+01 -1.148705816450000015e+02
