3.450000000000000000e+05 3.496438778289999846e+03 -4.932426227050000307e+03 -7.049598165770000378e+03 -1.202722512649999942e+02 3.157171736620000146e+01 -3.927273004629999775e+01
6.500000000000000222e-01 3.410057083100000000e+03 -4.844258868339999935e+03 -6.788129264770000191e+03 -1.205655273999999935e+02 3.213223538820000158e+01 -3.840477654410000241e+01
6.500000000000000222e-01 3.322255863429999863e+03 -5.052428201269999590e+03 -7.235057342899999639e+03 -1.199420192940000049e+02 3.156024877649999993e+01 -3.849167437279999859e+01
6.500000000000000222e-01 3.686338382850000016e+03 -4.859077497070000391e+03 -6.857365566800000124e+03 -1.203978489859999996e+02 3.200116417470000130e+01 -4.068283811799999938e+01
6.500000000000000222e-01 3.477269747050000205e+03 -5.042185667789999570e+03 -7.318582012900000336e+03 -1.195438396889999950e+02 2.862060780259999859e+01 -3.925135394379999809e+01
6.500000000000000222e-01 3.608431423399999858e+03 -5.132278570839999702e+03 -7.212398710630000096e+03 -1.203348349989999946e+02 3.168004286280000059e+01 -3.985653333550000355e+01
6.500000000000000222e-01 3.594269764770000165e+03 -4.710209746649999943e+03 -7.183907939280000392e+03 -1.212215457380000032e+02 2.937689023200000094e+01 -4.090109928879999757e+01
6.500000000000000222e-01 3.272704154240000207e+03 -4.827915165669999624e+03 -7.181131580999999642e+03 -1.186782891929999977e+02 3.110437361860000038e+01 -3.977831011770000202e+01
6.500000000000000222e-01 3.659785661739999796e+03 -4.754303289409999707e+03 -7.184774548469999900e+03 -1.208049534870000059e+02 2.908834373919999905e+01 -4.060484083299999725e+01
6.500000000000000222e-01 3.273207794980000017e+03 -4.860258372029999919e+03 -6.872006930249999641e+03 -1.199625153970000042e+02 3.274400213349999689e+01 -3.740611170310000233e+01
6.500000000000000222e-01 3.228008309840000038e+03 -4.951201819849999993e+03 -6.964769208040000194e+03 -1.188891753959999988e+02 3.255458770940000335e+01 -3.620019192979999900e+01
6.500000000000000222e-01 3.322140936790000069e+03 -5.073432196040000235e+03 -7.219139551580000443e+03 -1.200436137380000048e+02 3.104130665150000112e+01 -3.789887594769999879e+01
6.500000000000000222e-01 3.575686424170000009e+03 -4.953408738219999577e+03 -6.781808148799999799e+03 -1.224661535160000057e+02 3.306241028019999817e+01 -3.913950500640000030e+01
6.500000000000000222e-01 3.435229846849999831e+03 -4.778035918180000408e+03 -7.282038419079999585e+03 -1.202609102090000022e+02 3.047058019070000157e+01 -3.925013805180000048e+01
6.500000000000000222e-01 3.350359146969999983e+03 -4.876372605859999567e+03 -7.279718795869999667e+03 -1.173764535589999980e+02 3.012920926230000163e+01 -4.022822521220000169e+01
6.500000000000000222e-01 3.645439752119999866e+03 -4.891283716470000400e+03 -6.818393998880000254e+03 -1.219377545410000039e+02 3.233067325270000225e+01 -3.950279758989999834e+01
6.500000000000000222e-01 3.373561639179999929e+03 -5.146840174689999913e+03 -7.186155790359999628e+03 -1.183420082199999968e+02 3.267156146680000006e+01 -4.198325449090000205e+01
6.500000000000000222e-01 3.278369928040000104e+03 -5.002439612269999998e+03 -7.206197243990000061e+03 -1.199634368400000000e+02 3.106345554279999988e+01 -3.728433824140000041e+01
6.500000000000000222e-01 3.503465160610000112e+03 -5.031788551929999812e+03 -6.790661917849999554e+03 -1.217832227109999934e+02 3.514868594320000028e+01 -3.871518664509999752e+01
6.500000000000000222e-01 3.390260116450000169e+03 -5.003327383709999594e+03 -6.794398696639999798e+03 -1.188285190029999967e+02 3.378711271139999894e+01 -3.790833675209999853e+01
6.500000000000000222e-01 3.544178866360000029e+03 -4.849478535620000002e+03 -7.314249595899999804e+03 -1.193536857959999935e+02 2.848001005180000078e+01 -3.975244465259999771e+01
6.500000000000000222e-01 3.296442966510000133e+03 -4.762568263500000285e+03 -7.160541602749999583e+03 -1.202905389019999944e+02 3.176723365240000163e+01 -3.708340630709999886e+01
6.500000000000000222e-01 3.346063763879999897e+03 -4.743700910980000117e+03 -7.191243067809999957e+03 -1.191679094809999953e+02 3.011551713929999963e+01 -4.006777465740000110e+01
6.500000000000000222e-01 3.616287177830000019e+03 -4.764341276469999684e+03 -6.855010378490000221e+03 -1.230053860769999972e+02 3.090396099879999880e+01 -3.720050666569999720e+01
6.500000000000000222e-01 3.722477134780000142e+03 -4.951766479210000398e+03 -6.891829829649999738e+03 -1.220179050910000029e+02 3.172156629610000067e+01 -3.941665075369999727e+01
6.500000000000000222e-01 3.713636361410000063e+03 -4.923902303980000397e+03 -6.879313026380000338e+03 -1.213662292399999956e+02 3.176335613210000020e+01 -4.031950377100000082e+01
6.500000000000000222e-01 3.472903269850000015e+03 -5.153263875300000109e+03 -6.878410310670000399e+03 -1.196024438139999972e+02 3.368178754009999665e+01 -3.828042335250000150e+01
6.500000000000000222e-01 3.369993141439999818e+03 -4.778313867759999994e+03 -7.252176586049999969e+03 -1.207425387790000002e+02 3.200640647040000175e+01 -3.755277835390000263e+01
6.500000000000000222e-01 3.305033118899999863e+03 -5.119934315759999663e+03 -7.123027314459999616e+03 -1.195014559170000013e+02 3.191603703119999835e+01 -3.753496209499999736e+01
6.500000000000000222e-01 3.389790059859999928e+03 -4.683423088559999997e+03 -7.144780210300000363e+03 -1.206808264400000041e+02 3.113886726479999822e+01 -3.827261472469999859e+01
6.500000000000000222e-01 3.367465198150000106e+03 -5.077696394190000319e+03 -6.846023758889999954e+03 -1.211619599349999987e+02 3.173827585709999966e+01 -4.066200935429999674e+01
6.500000000000000222e-01 3.682132692289999795e+03 -4.767272237500000301e+03 -6.925473819730000287e+03 -1.212903873300000015e+02 3.045102179139999876e+01 -3.896105358549999664e+01
6.500000000000000222e-01 3.263961314560000119e+03 -5.019555072060000384e+03 -6.915098795339999924e+03 -1.207485008310000012e+02 3.249641120759999779e+01 -4.063463679979999910e+01
6.500000000000000222e-01 3.221049321240000154e+03 -4.969283005100000082e+03 -7.058811576979999700e+03 -1.192626414190000048e+02 3.213919880880000335e+01 -3.629579489620000032e+01
6.500000000000000222e-01 3.559602676850000080e+03 -4.885163538269999663e+03 -7.325001723409999613e+03 -1.211926616009999975e+02 2.962288807110000022e+01 -4.011447728600000318e+01
6.500000000000000222e-01 3.383370849500000077e+03 -4.674206444010000268e+03 -7.012027772299999924e+03 -1.204033581390000052e+02 3.096925936039999883e+01 -3.584104375839999790e+01
6.500000000000000222e-01 3.490011249350000071e+03 -4.653645654119999563e+03 -7.092985155270000178e+03 -1.210928464600000041e+02 3.084404909639999914e+01 -3.807967450929999842e+01
6.500000000000000222e-01 3.530715077660000134e+03 -4.808779810009999892e+03 -7.293061088919999747e+03 -1.189187899730000026e+02 2.860759618499999846e+01 -3.937885185439999702e+01
6.500000000000000222e-01 3.569701094630000171e+03 -4.822814023740000266e+03 -6.796682513300000210e+03 -1.213090022119999958e+02 3.068659653710000157e+01 -3.836152810410000313e+01
6.500000000000000222e-01 3.363942580070000076e+03 -5.049496564439999929e+03 -6.831033338799999910e+03 -1.206048909219999956e+02 3.441490334870000112e+01 -3.865274948289999912e+01
6.500000000000000222e-01 3.567262941599999976e+03 -4.751817754220000097e+03 -6.838469726119999905e+03 -1.207962900710000014e+02 3.311345001589999981e+01 -3.992375758570000244e+01
9.810000000000000000e+05 8.283920858710000175e+04 -1.586651221799999973e+02 3.495189648779999698e+04 -1.020319198900000046e+01 2.647942811360000093e+01 -5.294489391319999783e+01
6.500000000000000222e-01 8.337695226700000057e+04 -1.570762494549999928e+03 3.689126558059999661e+04 -9.427638078879999384e+00 2.559276948509999983e+01 -5.330918712710000307e+01
6.500000000000000222e-01 8.442099280989999534e+04 1.146591190710000092e+03 3.360529872669999895e+04 -1.051375147169999913e+01 2.584917536480000066e+01 -5.384409596639999762e+01
6.500000000000000222e-01 8.353938561779999873e+04 -1.694220718329999954e+03 3.673300274019999779e+04 -1.048499005839999931e+01 2.737496404259999849e+01 -5.206037781690000088e+01
6.500000000000000222e-01 8.042365089079999598e+04 -3.217522379299999784e+02 3.454895493919999717e+04 -1.035642650940000031e+01 2.649904186259999861e+01 -5.279102136550000068e+01
6.500000000000000222e-01 8.453473312279999664e+04 1.432547072040000103e+03 3.416977638999999908e+04 -9.973958961799999301e+00 2.678470796390000075e+01 -5.170731442929999844e+01
6.500000000000000222e-01 8.175108920210000360e+04 2.037392968690000089e+03 3.503919184169999789e+04 -1.020139265409999929e+01 2.635728813020000061e+01 -5.336453490920000320e+01
6.500000000000000222e-01 8.231802422530000331e+04 4.432722606259999907e+02 3.727164887650000310e+04 -9.282924790319999175e+00 2.547261151020000014e+01 -5.260086790500000120e+01
6.500000000000000222e-01 8.281182100339999306e+04 2.293929283490000216e+03 3.493334301479999704e+04 -1.019575684159999973e+01 2.636873029790000089e+01 -5.335663283339999907e+01
6.500000000000000222e-01 8.263686648320000677e+04 7.361832694109999693e+02 3.267505301029999828e+04 -1.036532644180000062e+01 2.580984895339999952e+01 -5.326905898199999712e+01
6.500000000000000222e-01 8.175682681149999553e+04 -1.767580669859999887e+02 3.274987309370000003e+04 -1.011438607260000033e+01 2.649299062840000119e+01 -5.302230796490000131e+01
6.500000000000000222e-01 8.459660595990000002e+04 -1.299546875340000042e+03 3.368289837969999644e+04 -1.008039445790000066e+01 2.654765124500000084e+01 -5.216666215499999737e+01
6.500000000000000222e-01 8.225781277649999538e+04 -1.198360662989999952e+02 3.733469243640000059e+04 -1.009943700690000057e+01 2.649353054279999853e+01 -5.301116375630000022e+01
6.500000000000000222e-01 8.186329468629999610e+04 -2.009506200230000104e+03 3.623633142490000319e+04 -9.652203502680000824e+00 2.608907606389999856e+01 -5.292451494209999652e+01
6.500000000000000222e-01 8.251956846189999487e+04 -2.502279298269999799e+03 3.429270423409999785e+04 -9.956352709149999924e+00 2.656459237849999866e+01 -5.378854613850000277e+01
6.500000000000000222e-01 8.120473884689999977e+04 -1.978587221009999894e+03 3.514060771799999929e+04 -1.016287880359999996e+01 2.657935353719999938e+01 -5.190120336540000068e+01
6.500000000000000222e-01 8.400588109349999286e+04 -2.125139317409999876e+03 3.407867269800000213e+04 -1.044231139450000079e+01 2.674992686939999942e+01 -5.240667378260000220e+01
6.500000000000000222e-01 8.517557489489999716e+04 4.522275146630000222e+02 3.539134523359999730e+04 -9.954007085580000691e+00 2.642797322719999897e+01 -5.344901974100000075e+01
6.500000000000000222e-01 8.527912954359999276e+04 9.648183980400000337e+01 3.501406946120000066e+04 -1.012490944219999989e+01 2.647149788409999971e+01 -5.267597439219999700e+01
6.500000000000000222e-01 8.170727636269999493e+04 -1.633513813669999990e+03 3.334961976590000268e+04 -9.629321400729999425e+00 2.631078218280000058e+01 -5.329821046109999827e+01
6.500000000000000222e-01 8.193832460229999560e+04 6.187688513210000565e+02 3.709950049240000226e+04 -9.875347230959999223e+00 2.623842176389999992e+01 -5.261709126689999749e+01
6.500000000000000222e-01 8.198689258200000040e+04 1.161787093120000009e+03 3.306443112929999916e+04 -1.103167646840000060e+01 2.742858981250000028e+01 -5.217904569539999926e+01
6.500000000000000222e-01 8.438052254930000345e+04 -1.654964342859999988e+03 3.375707192970000324e+04 -1.010268675500000057e+01 2.644987842089999930e+01 -5.347720681039999846e+01
6.500000000000000222e-01 8.383951538040000014e+04 -2.383635314850000213e+03 3.520722586639999645e+04 -1.012289700740000065e+01 2.646340550320000062e+01 -5.419911504910000133e+01
6.500000000000000222e-01 8.290775402799999574e+04 1.279979133370000000e+03 3.296305719040000258e+04 -1.059445613059999936e+01 2.764344774050000098e+01 -5.227777381330000139e+01
6.500000000000000222e-01 8.476059889799999655e+04 -1.546789036209999949e+03 3.559708048740000231e+04 -9.797828210509999636e+00 2.625789537489999859e+01 -5.357075413390000307e+01
6.500000000000000222e-01 8.156805726430000504e+04 1.610055363200000102e+03 3.607167596639999829e+04 -9.674397106589999851e+00 2.576225806989999967e+01 -5.208366722299999907e+01
6.500000000000000222e-01 8.438288477960000455e+04 -1.482674471499999981e+03 3.631698374789999798e+04 -1.006395949190000039e+01 2.653954827880000167e+01 -5.361235451320000323e+01
6.500000000000000222e-01 8.440410095089999959e+04 7.590038766979999991e+02 3.330159706100000039e+04 -9.780523067049999852e+00 2.699795091780000078e+01 -5.207313383150000163e+01
6.500000000000000222e-01 8.246004242599999998e+04 -4.557487126849999868e+02 3.254631674890000068e+04 -1.119825905619999951e+01 2.594174311629999963e+01 -5.268773770880000029e+01
6.500000000000000222e-01 8.265259203430000343e+04 -4.622392548110000234e+02 3.252481140640000012e+04 -1.077975454809999967e+01 2.603554256170000158e+01 -5.278319870979999706e+01
6.500000000000000222e-01 8.067389577079999435e+04 -8.411072575489999963e+02 3.588434435469999880e+04 -1.063882438769999972e+01 2.653604472459999997e+01 -5.374405305709999681e+01
6.500000000000000222e-01 8.319094891010000720e+04 2.039004206450000083e+03 3.599414011619999656e+04 -1.065792758399999940e+01 2.684180583170000034e+01 -5.286517461780000104e+01
6.500000000000000222e-01 8.186819388249999611e+04 1.739606080320000046e+03 3.615279342829999950e+04 -9.965006039200000387e+00 2.633511528669999890e+01 -5.368225942490000335e+01
6.500000000000000222e-01 8.420013686139999481e+04 -2.050719888739999988e+03 3.571158290169999964e+04 -1.004235991470000045e+01 2.638167061549999914e+01 -5.405198315730000047e+01
6.500000000000000222e-01 8.480939031380000233e+04 1.152118624859999954e+03 3.430178796970000258e+04 -9.997144032930000535e+00 2.622332078239999831e+01 -5.298483013599999936e+01
6.500000000000000222e-01 8.286709548740000173e+04 6.507324536249999483e+02 3.726853417349999654e+04 -1.033819142109999945e+01 2.766726686970000060e+01 -5.333708235750000171e+01
6.500000000000000222e-01 8.467990996330000053e+04 -1.640722053219999907e+03 3.559997371730000305e+04 -1.039211756889999982e+01 2.679747849569999829e+01 -5.255050079960000176e+01
6.500000000000000222e-01 8.041229662199999439e+04 -1.988599059420000117e+02 3.531281963350000296e+04 -1.047866654839999967e+01 2.647838022670000058e+01 -5.433297820979999670e+01
6.500000000000000222e-01 8.357529311389999930e+04 1.916584030069999926e+03 3.604068555699999706e+04 -1.058554998720000029e+01 2.698393542210000007e+01 -5.317467814519999791e+01
6.500000000000000222e-01 8.515721483690000605e+04 1.987833968010000092e+02 3.567287628689999838e+04 -1.031742450489999996e+01 2.648887699020000142e+01 -5.233497134280000296e+01
4.560000000000000000e+04 7.085375699549999808e+03 2.363341660390000015e+03 1.825003692210000008e+04 2.036323503829999879e+02 -6.117198243739999697e+01 1.993810788709999997e+02
6.500000000000000222e-01 7.156120293439999841e+03 2.337018854070000089e+03 1.844208369360000142e+04 2.028981619019999982e+02 -6.069916464639999987e+01 1.999554436509999960e+02
6.500000000000000222e-01 7.041974250119999851e+03 2.407774511199999779e+03 1.805253719260000071e+04 2.028707019990000049e+02 -6.062203620660000070e+01 1.993960775500000011e+02
6.500000000000000222e-01 7.030788524319999851e+03 2.390485245800000030e+03 1.844669026350000058e+04 2.047009771920000105e+02 -6.157015303059999667e+01 1.998657598709999945e+02
6.500000000000000222e-01 7.192030038070000046e+03 2.220763624579999941e+03 1.815711979179999980e+04 2.030205514849999986e+02 -6.053237670019999683e+01 1.986645229540000059e+02
6.500000000000000222e-01 7.195613552009999694e+03 2.212253509499999836e+03 1.818002596460000132e+04 2.032735125810000056e+02 -6.085512372440000206e+01 1.997878902100000005e+02
6.500000000000000222e-01 6.988097564079999756e+03 2.329494446629999857e+03 1.842761551630000031e+04 2.034919562910000082e+02 -6.102486572770000350e+01 1.992991105190000098e+02
6.500000000000000222e-01 6.983652135780000208e+03 2.312991038629999821e+03 1.807767789959999936e+04 2.042994643440000004e+02 -6.105129336219999914e+01 1.986823430729999984e+02
6.500000000000000222e-01 7.217029347570000027e+03 2.354736554860000069e+03 1.809382251909999832e+04 2.026304186680000043e+02 -6.116001735550000262e+01 1.986744311500000038e+02
6.500000000000000222e-01 7.211710240209999938e+03 2.241685272809999788e+03 1.834631629590000011e+04 2.033639914780000026e+02 -6.076617139849999916e+01 1.992455329279999887e+02
6.500000000000000222e-01 7.024825711270000284e+03 2.180631161499999962e+03 1.818811711400000058e+04 2.034213764449999928e+02 -6.060075330299999763e+01 1.989542639359999896e+02
6.500000000000000222e-01 7.138207613300000048e+03 2.223949564730000020e+03 1.838429802180000115e+04 2.031676579530000026e+02 -6.018713524479999677e+01 2.000049713580000059e+02
6.500000000000000222e-01 7.259405570179999813e+03 2.258021758729999874e+03 1.824331283070000063e+04 2.034057412829999976e+02 -6.100016294339999945e+01 1.985041099039999892e+02
6.500000000000000222e-01 7.140710042339999745e+03 2.180683659540000008e+03 1.830835462429999825e+04 2.033532212869999967e+02 -6.068629994810000028e+01 1.991355362300000138e+02
6.500000000000000222e-01 7.128331837869999617e+03 2.232402893259999928e+03 1.840698680329999843e+04 2.041940374200000008e+02 -6.168940460030000139e+01 1.991911807239999916e+02
6.500000000000000222e-01 7.004555032330000358e+03 2.442200120869999864e+03 1.807600655439999900e+04 2.039598154429999965e+02 -6.171430527199999716e+01 1.986838235310000016e+02
6.500000000000000222e-01 7.282276431919999595e+03 2.408718076629999814e+03 1.822539917730000161e+04 2.032924520910000012e+02 -6.123477615979999911e+01 1.986007863869999994e+02
6.500000000000000222e-01 7.040308782830000382e+03 2.556299114829999780e+03 1.829945165429999906e+04 2.037589406740000015e+02 -6.159481276479999678e+01 2.004059912719999943e+02
6.500000000000000222e-01 7.240939224810000269e+03 2.402107754940000177e+03 1.837822671709999850e+04 2.038430259099999944e+02 -6.098031433660000289e+01 1.991600139759999877e+02
6.500000000000000222e-01 7.227693335570000272e+03 2.508439860229999795e+03 1.826183601139999882e+04 2.034968431220000014e+02 -6.140729053900000167e+01 1.996846938369999975e+02
6.500000000000000222e-01 7.125858225130000392e+03 2.554911340539999856e+03 1.831152265270000134e+04 2.034855230310000138e+02 -6.152357796279999747e+01 2.003561296139999968e+02
6.500000000000000222e-01 7.278624170160000176e+03 2.428396424770000067e+03 1.825252960149999853e+04 2.034514725290000001e+02 -6.123009921380000264e+01 1.986254065439999863e+02
6.500000000000000222e-01 6.970782217869999840e+03 2.230368960150000021e+03 1.835305001500000071e+04 2.040888270480000131e+02 -6.056286984140000129e+01 2.001904963959999861e+02
6.500000000000000222e-01 6.895013449179999952e+03 2.343060139249999793e+03 1.817908037469999908e+04 2.037656630719999953e+02 -6.123402067880000033e+01 1.994105359209999904e+02
6.500000000000000222e-01 7.059601184199999807e+03 2.563789961110000149e+03 1.823577043670000057e+04 2.037189624099999889e+02 -6.144250056890000167e+01 2.002771356179999884e+02
6.500000000000000222e-01 7.157439676320000217e+03 2.374653183840000111e+03 1.844379480980000153e+04 2.032740634490000105e+02 -6.122855855409999748e+01 1.998107259230000068e+02
6.500000000000000222e-01 7.016336908369999946e+03 2.175668036120000124e+03 1.821708321449999858e+04 2.034997245700000121e+02 -6.083306414980000199e+01 1.996681592550000062e+02
6.500000000000000222e-01 7.178224970410000424e+03 2.506175175809999928e+03 1.813789160769999944e+04 2.030712284390000093e+02 -6.170499683690000126e+01 1.986108454609999967e+02
6.500000000000000222e-01 7.046359659380000267e+03 2.171581112310000208e+03 1.831335967600000004e+04 2.039875083629999892e+02 -6.120245940739999924e+01 1.991647576309999863e+02
6.500000000000000222e-01 7.262249912709999990e+03 2.312694301250000080e+03 1.833903838180000093e+04 2.038522610050000026e+02 -6.112261671699999965e+01 1.987772342380000055e+02
6.500000000000000222e-01 6.930589416249999886e+03 2.234861519239999780e+03 1.821589705590000085e+04 2.036968050259999927e+02 -6.090451201449999985e+01 1.991910372520000010e+02
6.500000000000000222e-01 6.981788762039999710e+03 2.495999142730000131e+03 1.836660011989999839e+04 2.041575177089999897e+02 -6.171204453989999905e+01 2.002877481110000133e+02
6.500000000000000222e-01 7.156634278780000386e+03 2.425843232140000055e+03 1.806794086690000040e+04 2.041034424339999873e+02 -6.081861992780000037e+01 1.996840773950000028e+02
6.500000000000000222e-01 7.203464883149999878e+03 2.212993856239999786e+03 1.832349087140000120e+04 2.038114811089999989e+02 -6.125741550299999716e+01 1.986099787290000052e+02
6.500000000000000222e-01 7.251444427589999577e+03 2.480493432239999947e+03 1.823588893589999861e+04 2.034072028999999873e+02 -6.134473247070000212e+01 1.985896875340000065e+02
6.500000000000000222e-01 7.179166704449999997e+03 2.539787619180000092e+03 1.821412260059999971e+04 2.035237653350000073e+02 -6.160456070539999729e+01 1.987201848109999958e+02
6.500000000000000222e-01 6.942265196389999801e+03 2.234718737839999903e+03 1.831586130390000108e+04 2.040970697200000075e+02 -6.084547721940000287e+01 2.001769372359999863e+02
6.500000000000000222e-01 6.944794742850000148e+03 2.504834014579999803e+03 1.829008184700000129e+04 2.037038456749999966e+02 -6.121531474489999880e+01 1.984232764490000136e+02
6.500000000000000222e-01 7.206423215390000223e+03 2.211615369229999942e+03 1.832169549280000138e+04 2.036061237760000040e+02 -6.097076463159999804e+01 1.999668401650000078e+02
6.500000000000000222e-01 7.258620092389999627e+03 2.446003359910000199e+03 1.832129578590000165e+04 2.031954506710000032e+02 -6.135130358890000224e+01 2.005368145250000111e+02
6.500000000000000222e-01 6.994231153789999553e+03 2.310666854550000153e+03 1.842618672320000042e+04 2.031290877950000038e+02 -6.133392409039999649e+01 1.990461382560000061e+02
1.390000000000000000e+04 -1.031068036079999911e+04 2.719362529800000175e+03 1.177184561960000065e+04 -2.367216292509999960e+02 2.019449050519999957e+02 -3.334769037479999838e+02
6.500000000000000222e-01 -1.041699892910000017e+04 2.808831740300000092e+03 1.180666993600000023e+04 -2.368614099920000058e+02 2.019561368779999952e+02 -3.338687654579999844e+02
6.500000000000000222e-01 -1.038016941090000000e+04 2.698667658079999910e+03 1.189644087430000036e+04 -2.372061826860000053e+02 2.018516853140000080e+02 -3.335263593249999872e+02
6.500000000000000222e-01 -1.023214530340000056e+04 2.699107195609999962e+03 1.188920168030000059e+04 -2.370683065810000016e+02 2.019707110729999897e+02 -3.333942231139999990e+02
6.500000000000000222e-01 -1.022631579330000022e+04 2.757591715460000160e+03 1.166120494999999937e+04 -2.361547431449999976e+02 2.020347894680000138e+02 -3.332813432089999992e+02
6.500000000000000222e-01 -1.020438513360000070e+04 2.792152543919999971e+03 1.183026890740000090e+04 -2.371508796470000107e+02 2.017407493219999992e+02 -3.330391368599999851e+02
6.500000000000000222e-01 -1.035305320890000075e+04 2.808087790399999903e+03 1.187711446470000010e+04 -2.367062386240000080e+02 2.014554860279999957e+02 -3.328578219730000001e+02
6.500000000000000222e-01 -1.026063432579999971e+04 2.601897527950000040e+03 1.171385908249999920e+04 -2.367359142809999923e+02 2.021063538770000036e+02 -3.331943509739999740e+02
6.500000000000000222e-01 -1.035684068850000040e+04 2.593026316899999983e+03 1.181466617679999945e+04 -2.367849845519999974e+02 2.024159833180000021e+02 -3.329641395630000034e+02
6.500000000000000222e-01 -1.031828360050000083e+04 2.602861868229999800e+03 1.185776761869999973e+04 -2.365266134389999877e+02 2.017936263889999964e+02 -3.335349523300000101e+02
6.500000000000000222e-01 -1.025495449130000088e+04 2.825179698609999832e+03 1.184593459360000088e+04 -2.367151258190000078e+02 2.014190258460000109e+02 -3.332859984080000118e+02
6.500000000000000222e-01 -1.017181063870000071e+04 2.711053749560000142e+03 1.174010340340000039e+04 -2.368937029619999919e+02 2.019389644460000000e+02 -3.341503844580000191e+02
6.500000000000000222e-01 -1.028660791480000080e+04 2.583826217379999889e+03 1.173258112849999998e+04 -2.365463323950000074e+02 2.019128097960000048e+02 -3.330184789389999764e+02
6.500000000000000222e-01 -1.022100149960000090e+04 2.609656852690000051e+03 1.175060307119999925e+04 -2.366863660580000044e+02 2.020559427400000061e+02 -3.336494803370000000e+02
6.500000000000000222e-01 -1.030485511480000059e+04 2.625927973289999954e+03 1.166160396260000016e+04 -2.363499793050000051e+02 2.014829478359999939e+02 -3.332612092879999750e+02
6.500000000000000222e-01 -1.042112095539999973e+04 2.715807998320000024e+03 1.186401870520000011e+04 -2.369279975979999904e+02 2.019771122239999954e+02 -3.334610909460000130e+02
6.500000000000000222e-01 -1.019930633689999922e+04 2.634093988770000124e+03 1.174668966189999992e+04 -2.366634995960000083e+02 2.019952331849999894e+02 -3.330561445690000255e+02
6.500000000000000222e-01 -1.024598943619999955e+04 2.676974008359999971e+03 1.165182509150000078e+04 -2.369370453520000126e+02 2.022646876770000119e+02 -3.338264527480000083e+02
6.500000000000000222e-01 -1.024752019090000067e+04 2.698997621150000214e+03 1.189773954910000066e+04 -2.365038520029999916e+02 2.018764057950000108e+02 -3.337366740830000253e+02
6.500000000000000222e-01 -1.040647567739999977e+04 2.616476867849999962e+03 1.175562202550000075e+04 -2.366269728700000030e+02 2.022067331689999889e+02 -3.335407272410000132e+02
6.500000000000000222e-01 -1.037217157050000060e+04 2.834046774699999787e+03 1.182220104469999933e+04 -2.365708107490000032e+02 2.015687338790000069e+02 -3.333111827440000070e+02
6.500000000000000222e-01 -1.028044833509999989e+04 2.609800386070000059e+03 1.186015231830000084e+04 -2.367819543820000092e+02 2.023076496170000098e+02 -3.330475354330000073e+02
6.500000000000000222e-01 -1.036911182200000076e+04 2.721372999119999804e+03 1.164171881509999912e+04 -2.359272488539999983e+02 2.019020158970000125e+02 -3.337552954849999765e+02
6.500000000000000222e-01 -1.039989018829999986e+04 2.754044836720000148e+03 1.188105927119999978e+04 -2.371795373120000079e+02 2.021248018459999969e+02 -3.335064659920000167e+02
6.500000000000000222e-01 -1.023843751630000042e+04 2.788557039140000143e+03 1.166908564280000064e+04 -2.368397228370000107e+02 2.020187660420000100e+02 -3.336072598250000283e+02
6.500000000000000222e-01 -1.037810694239999975e+04 2.659217216760000156e+03 1.166183922379999967e+04 -2.369158123919999923e+02 2.018415239939999992e+02 -3.331315803300000198e+02
6.500000000000000222e-01 -1.032985895879999953e+04 2.643409787059999871e+03 1.165096492860000035e+04 -2.363330460610000046e+02 2.015760478509999984e+02 -3.333997176419999846e+02
6.500000000000000222e-01 -1.033402955049999946e+04 2.641118599979999999e+03 1.165536638940000012e+04 -2.367806090290000043e+02 2.017574015829999894e+02 -3.332388384640000254e+02
6.500000000000000222e-01 -1.017479307780000090e+04 2.707985403979999774e+03 1.172924370319999980e+04 -2.369118047290000106e+02 2.019520480250000105e+02 -3.341428002640000159e+02
6.500000000000000222e-01 -1.029027960379999968e+04 2.667859859210000195e+03 1.190366769539999950e+04 -2.371704119800000115e+02 2.026270700469999895e+02 -3.331471822089999932e+02
6.500000000000000222e-01 -1.030830658430000040e+04 2.581576575600000069e+03 1.174277507359999981e+04 -2.367286019899999872e+02 2.021301414170000044e+02 -3.329944318980000162e+02
6.500000000000000222e-01 -1.028620678989999942e+04 2.579702682950000053e+03 1.178127209310000035e+04 -2.366962826419999999e+02 2.021001547280000068e+02 -3.341088293860000249e+02
6.500000000000000222e-01 -1.024057955299999958e+04 2.673341848600000048e+03 1.165442852540000058e+04 -2.370354452820000120e+02 2.022792188980000105e+02 -3.340833432000000016e+02
6.500000000000000222e-01 -1.016871053980000033e+04 2.729346040639999956e+03 1.176907358349999959e+04 -2.368117832389999933e+02 2.019031085139999959e+02 -3.330868810700000040e+02
6.500000000000000222e-01 -1.024736034959999961e+04 2.780760740400000032e+03 1.165839640770000005e+04 -2.370147806850000052e+02 2.017662812039999949e+02 -3.338821368789999724e+02
6.500000000000000222e-01 -1.031457707900000059e+04 2.581557228329999816e+03 1.180330232570000044e+04 -2.367604639040000052e+02 2.023375875520000022e+02 -3.328669710749999808e+02
6.500000000000000222e-01 -1.040416985740000018e+04 2.813014916460000222e+03 1.171601860699999997e+04 -2.368271207640000000e+02 2.020402157720000105e+02 -3.329570458200000189e+02
6.500000000000000222e-01 -1.030441756189999978e+04 2.765034031990000130e+03 1.190794294860000082e+04 -2.370523405430000139e+02 2.013165940019999880e+02 -3.331417516889999888e+02
6.500000000000000222e-01 -1.024698601249999956e+04 2.706964225459999852e+03 1.164251984459999949e+04 -2.361010678970000072e+02 2.018080600060000052e+02 -3.334578875670000002e+02
6.500000000000000222e-01 -1.032828893109999990e+04 2.716539623730000130e+03 1.191488379890000033e+04 -2.363429013360000113e+02 2.020806224760000021e+02 -3.332544587159999878e+02
6.500000000000000222e-01 -1.036509278000000086e+04 2.701024901400000090e+03 1.190440522710000005e+04 -2.374469389870000100e+02 2.018288153359999910e+02 -3.335361709129999781e+02
1.190000000000000000e+04 -6.104221046069999829e+03 6.057456220539999777e+03 -1.289315883849999955e+04 -2.654471648609999761e+02 -3.205692394639999776e+01 8.792106521889999726e+01
6.500000000000000222e-01 -6.188632264269999723e+03 5.966210574650000126e+03 -1.284696941409999999e+04 -2.653271656640000060e+02 -3.216298997770000057e+01 8.746205539909999516e+01
6.500000000000000222e-01 -6.194191189199999826e+03 5.965079064769999604e+03 -1.286410229550000076e+04 -2.652060856209999997e+02 -3.180594903249999916e+01 8.847946044290000600e+01
6.500000000000000222e-01 -5.987965573880000193e+03 6.092308255400000235e+03 -1.294521478679999927e+04 -2.654926204020000000e+02 -3.198865082409999872e+01 8.845700833600000124e+01
6.500000000000000222e-01 -6.002765720669999610e+03 5.973566178699999909e+03 -1.290938592570000037e+04 -2.656175557519999870e+02 -3.194756269539999849e+01 8.766374418179999850e+01
6.500000000000000222e-01 -6.120922882759999993e+03 6.154698660099999870e+03 -1.298367330650000076e+04 -2.654055806119999943e+02 -3.252557238029999809e+01 8.721682582290000596e+01
6.500000000000000222e-01 -6.182791302779999569e+03 6.160884076700000151e+03 -1.286532343059999948e+04 -2.653061960950000184e+02 -3.224908234259999773e+01 8.827259667769999396e+01
6.500000000000000222e-01 -6.071100624460000290e+03 6.051255079540000224e+03 -1.276284737029999997e+04 -2.652106650200000217e+02 -3.224372150659999647e+01 8.804421243289999666e+01
6.500000000000000222e-01 -6.223875198890000320e+03 6.029822236910000356e+03 -1.294199014770000031e+04 -2.653139878220000014e+02 -3.196706029890000167e+01 8.801790318519999801e+01
6.500000000000000222e-01 -6.143199912469999617e+03 5.962934275360000356e+03 -1.297852570620000006e+04 -2.654135638669999935e+02 -3.226044173590000241e+01 8.830331888329999401e+01
6.500000000000000222e-01 -6.080307135830000334e+03 6.006258478689999720e+03 -1.277221698440000000e+04 -2.655355844040000193e+02 -3.200705819619999914e+01 8.809396960409999622e+01
6.500000000000000222e-01 -6.203183724929999698e+03 5.971460502740000265e+03 -1.290809489419999954e+04 -2.652952942800000073e+02 -3.194768918850000006e+01 8.847789890789999845e+01
6.500000000000000222e-01 -6.064015286030000425e+03 6.012653112390000388e+03 -1.301172214449999956e+04 -2.652686241979999977e+02 -3.223557213090000317e+01 8.814618192659999352e+01
6.500000000000000222e-01 -6.174207566670000233e+03 6.126052273840000453e+03 -1.280472994529999960e+04 -2.649747516350000183e+02 -3.253436978450000083e+01 8.832748475040000358e+01
6.500000000000000222e-01 -6.028583399950000057e+03 6.164012139209999987e+03 -1.287383448370000042e+04 -2.656197127300000034e+02 -3.214643815360000190e+01 8.742744563099999766e+01
6.500000000000000222e-01 -6.012467093919999570e+03 6.039479299259999607e+03 -1.279765704139999980e+04 -2.657899217469999940e+02 -3.209940427149999920e+01 8.836537252419999788e+01
6.500000000000000222e-01 -6.231522002970000358e+03 6.083117867420000039e+03 -1.291801733810000042e+04 -2.652168995320000136e+02 -3.203621525319999819e+01 8.765378861390000509e+01
6.500000000000000222e-01 -6.019903634369999963e+03 6.085892615929999920e+03 -1.279295605799999976e+04 -2.655839090250000254e+02 -3.242771682920000131e+01 8.822343578929999808e+01
6.500000000000000222e-01 -6.081197179290000349e+03 6.056280410800000027e+03 -1.276041642560000037e+04 -2.647775260419999768e+02 -3.224136644570000243e+01 8.800716265069999622e+01
6.500000000000000222e-01 -6.099244467030000123e+03 6.002855123209999874e+03 -1.277106878040000083e+04 -2.655614910689999988e+02 -3.160717125009999862e+01 8.829071148490000098e+01
6.500000000000000222e-01 -6.101833002459999989e+03 6.189129594709999765e+03 -1.290231574809999984e+04 -2.654701914550000197e+02 -3.224554844979999757e+01 8.816191906310000093e+01
6.500000000000000222e-01 -5.980131640319999860e+03 6.019771415700000034e+03 -1.286269034160000047e+04 -2.656099803679999809e+02 -3.211929591439999854e+01 8.819727303160000531e+01
6.500000000000000222e-01 -6.163734577879999961e+03 5.941892911210000420e+03 -1.286543126139999913e+04 -2.652106371539999827e+02 -3.207278028919999713e+01 8.766629425189999836e+01
6.500000000000000222e-01 -6.008307693920000020e+03 6.139684516790000089e+03 -1.285433978050000042e+04 -2.654369432589999747e+02 -3.215535786190000067e+01 8.736638338619999899e+01
6.500000000000000222e-01 -6.085734405119999792e+03 5.926935557769999832e+03 -1.288201411940000071e+04 -2.654418410420000214e+02 -3.183767817449999882e+01 8.848936150170000303e+01
6.500000000000000222e-01 -6.227714323459999832e+03 6.015942451040000378e+03 -1.287168769299999985e+04 -2.651554922049999732e+02 -3.193257557289999937e+01 8.831570132109999349e+01
6.500000000000000222e-01 -6.182809745100000328e+03 6.112487323489999653e+03 -1.298722461320000002e+04 -2.657569231859999945e+02 -3.175952415580000121e+01 8.809961112749999756e+01
6.500000000000000222e-01 -6.101321607310000218e+03 5.930070174909999878e+03 -1.286185067669999989e+04 -2.655093110849999789e+02 -3.180478249989999995e+01 8.795392797530000450e+01
6.500000000000000222e-01 -6.082403500909999821e+03 6.151530021059999854e+03 -1.298630916980000075e+04 -2.654788626629999726e+02 -3.167051561050000075e+01 8.814962917770000672e+01
6.500000000000000222e-01 -6.182367416879999837e+03 6.163953344010000365e+03 -1.287609827880000012e+04 -2.654409422709999831e+02 -3.208915925960000237e+01 8.725434334290000038e+01
6.500000000000000222e-01 -6.179918855879999683e+03 6.089029482539999663e+03 -1.278777367480000066e+04 -2.655859871949999729e+02 -3.201175309250000112e+01 8.770533933670000692e+01
6.500000000000000222e-01 -6.215304759280000326e+03 6.047043671720000020e+03 -1.282240844880000077e+04 -2.654397462700000005e+02 -3.213282471699999832e+01 8.749644529370000612e+01
6.500000000000000222e-01 -6.166111213799999859e+03 5.997978270130000055e+03 -1.279061130650000086e+04 -2.649719836240000177e+02 -3.170463646480000008e+01 8.844743123070000479e+01
6.500000000000000222e-01 -6.058542043540000122e+03 6.116769743390000258e+03 -1.278273116189999928e+04 -2.651370898330000045e+02 -3.187977680570000061e+01 8.767612732099999562e+01
6.500000000000000222e-01 -6.111471035100000336e+03 6.189888506670000424e+03 -1.289774618499999997e+04 -2.655035778330000085e+02 -3.218812924009999676e+01 8.834386528689999807e+01
6.500000000000000222e-01 -6.226709438670000054e+03 6.063879287640000257e+03 -1.294464521740000055e+04 -2.651408269510000082e+02 -3.195265937319999949e+01 8.735942415889999779e+01
6.500000000000000222e-01 -6.097882606959999976e+03 6.130234736800000064e+03 -1.300491068740000082e+04 -2.653657598340000163e+02 -3.186018591679999901e+01 8.794708723329999600e+01
6.500000000000000222e-01 -6.034689541319999989e+03 6.126829367629999979e+03 -1.298341880110000056e+04 -2.653173587620000262e+02 -3.203980573100000129e+01 8.808758607350000602e+01
6.500000000000000222e-01 -6.169615313049999713e+03 5.983796621329999653e+03 -1.298167270660000031e+04 -2.654348382580000134e+02 -3.143415656599999863e+01 8.760257307290000028e+01
6.500000000000000222e-01 -5.998999557840000307e+03 5.977431309990000045e+03 -1.290272676710000087e+04 -2.656097295920000079e+02 -3.197211373460000061e+01 8.781018571289999386e+01
6.500000000000000222e-01 -6.053104711969999698e+03 6.153245667590000267e+03 -1.297056722520000039e+04 -2.654076430960000152e+02 -3.185697755909999884e+01 8.823630466960000263e+01
