3.450000000000000000e+05 3.246433555279999837e+03 -4.863249535730000389e+03 -7.122838875989999906e+03 -1.231818110910000001e+02 3.579880907910000332e+01 -3.203362378140000288e+01
6.500000000000000222e-01 3.159351954899999782e+03 -4.773752193870000156e+03 -6.859384437710000384e+03 -1.235685367690000049e+02 3.653385972560000283e+01 -3.096572049919999969e+01
6.500000000000000222e-01 3.073197980939999979e+03 -4.983292984869999600e+03 -7.306754029880000417e+03 -1.225897058059999978e+02 3.576943191649999676e+01 -3.131287599650000075e+01
6.500000000000000222e-01 3.435793676419999883e+03 -4.788978519389999747e+03 -6.933491958309999973e+03 -1.235816905639999987e+02 3.626798697230000101e+01 -3.343189848250000296e+01
6.500000000000000222e-01 3.228942233719999876e+03 -4.979197528900000179e+03 -7.391936643199999708e+03 -1.222774404670000052e+02 3.272287359629999770e+01 -3.216886149649999993e+01
6.500000000000000222e-01 3.358351113679999798e+03 -5.062918430020000415e+03 -7.287088842070000283e+03 -1.231940435749999949e+02 3.586935683200000113e+01 -3.286250771040000274e+01
6.500000000000000222e-01 3.342241983290000007e+03 -4.645804398989999754e+03 -7.260424807510000392e+03 -1.242020049460000024e+02 3.334637510700000007e+01 -3.359653558899999837e+01
6.500000000000000222e-01 3.026194423639999968e+03 -4.759795165030000135e+03 -7.255262023020000015e+03 -1.213705789389999978e+02 3.523562187470000140e+01 -3.239647053080000205e+01
6.500000000000000222e-01 3.408574036789999809e+03 -4.690482590169999639e+03 -7.260750027170000067e+03 -1.238244216989999984e+02 3.306593140230000216e+01 -3.336547354999999726e+01
6.500000000000000222e-01 3.023905681579999964e+03 -4.788509225159999914e+03 -6.941178038369999740e+03 -1.228051648860000000e+02 3.713161440279999681e+01 -2.993571972109999990e+01
6.500000000000000222e-01 2.981028139840000222e+03 -4.879848660560000098e+03 -7.031548395849999906e+03 -1.216178800010000032e+02 3.693543144649999732e+01 -2.881332093349999823e+01
6.500000000000000222e-01 3.072872801729999992e+03 -5.005338382590000037e+03 -7.289629539409999779e+03 -1.226929021509999984e+02 3.527446087549999731e+01 -3.073044396130000067e+01
6.500000000000000222e-01 3.320973816730000181e+03 -4.880977710799999841e+03 -6.854751973110000108e+03 -1.255716592100000071e+02 3.747842522140000199e+01 -3.187490099740000105e+01
6.500000000000000222e-01 3.185372222200000124e+03 -4.711364949730000262e+03 -7.355165653650000422e+03 -1.230493521450000003e+02 3.445887009839999848e+01 -3.194735573070000001e+01
6.500000000000000222e-01 3.106519973490000211e+03 -4.810320193309999922e+03 -7.354881307349999588e+03 -1.200727571719999958e+02 3.419733857250000142e+01 -3.295253445099999823e+01
6.500000000000000222e-01 3.391754380800000035e+03 -4.820444378600000164e+03 -6.892086802599999828e+03 -1.251000434670000061e+02 3.665996782450000069e+01 -3.224128931959999989e+01
6.500000000000000222e-01 3.127750635710000097e+03 -5.075351083649999964e+03 -7.265103295810000418e+03 -1.210279558090000052e+02 3.694978212339999857e+01 -3.488304985090000088e+01
6.500000000000000222e-01 3.029277782740000021e+03 -4.934318304630000057e+03 -7.275346351230000437e+03 -1.226012073109999960e+02 3.527898510050000169e+01 -3.003893984189999955e+01
6.500000000000000222e-01 3.250244753339999988e+03 -4.955010926519999884e+03 -6.862759379340000123e+03 -1.248016166360000057e+02 3.962493690600000207e+01 -3.147499298569999837e+01
6.500000000000000222e-01 3.143192873989999953e+03 -4.929328896709999754e+03 -6.864754934990000038e+03 -1.217637234940000042e+02 3.827954625129999755e+01 -3.058706890979999926e+01
6.500000000000000222e-01 3.296133653460000005e+03 -4.786905655909999950e+03 -7.388524748449999606e+03 -1.221923691890000043e+02 3.245889291489999806e+01 -3.256364837249999766e+01
6.500000000000000222e-01 3.046571904490000179e+03 -4.693115791819999686e+03 -7.229092902239999603e+03 -1.230319194730000021e+02 3.587115234899999905e+01 -2.965668939520000080e+01
6.500000000000000222e-01 3.098468924799999968e+03 -4.677691331050000372e+03 -7.265946219190000193e+03 -1.219376987939999992e+02 3.416929626169999779e+01 -3.266461270509999792e+01
6.500000000000000222e-01 3.360413241929999913e+03 -4.696524998799999594e+03 -6.923869937639999989e+03 -1.261633321829999943e+02 3.514305220309999811e+01 -2.983625812500000052e+01
6.500000000000000222e-01 3.468625676839999869e+03 -4.882223008510000000e+03 -6.965456718379999984e+03 -1.251826283470000050e+02 3.600739246740000254e+01 -3.226379556730000076e+01
6.500000000000000222e-01 3.461113972499999818e+03 -4.854277971950000392e+03 -6.954765051850000418e+03 -1.245397261730000054e+02 3.604396950179999948e+01 -3.313855808870000175e+01
6.500000000000000222e-01 3.224271402249999937e+03 -5.079489517369999703e+03 -6.949719556400000329e+03 -1.225145970220000038e+02 3.816711958959999862e+01 -3.114382297939999944e+01
6.500000000000000222e-01 3.119184120479999820e+03 -4.708449243359999855e+03 -7.321773204179999993e+03 -1.234940792940000023e+02 3.603336961870000010e+01 -3.020558148980000013e+01
6.500000000000000222e-01 3.056860155349999786e+03 -5.049940408659999775e+03 -7.192766832010000144e+03 -1.221683665689999998e+02 3.625042031560000311e+01 -3.036286224299999859e+01
6.500000000000000222e-01 3.139009330270000191e+03 -4.615324476040000263e+03 -7.215757887820000178e+03 -1.235274577560000040e+02 3.518100469120000184e+01 -3.083021347220000052e+01
6.500000000000000222e-01 3.115679963380000117e+03 -5.007896723939999902e+03 -6.922100741420000304e+03 -1.240241285030000000e+02 3.623898507410000036e+01 -3.340609974699999896e+01
6.500000000000000222e-01 3.429766617109999970e+03 -4.700462045530000069e+03 -6.998013879340000130e+03 -1.244628702870000012e+02 3.461555929149999855e+01 -3.166121226159999935e+01
6.500000000000000222e-01 3.013129969439999968e+03 -4.948255113840000377e+03 -6.991040940169999885e+03 -1.235082356049999959e+02 3.694117749290000319e+01 -3.330274991619999980e+01
6.500000000000000222e-01 2.973362756859999990e+03 -4.898843631290000303e+03 -7.125829578040000342e+03 -1.219325044769999948e+02 3.646081103619999908e+01 -2.895102799609999877e+01
6.500000000000000222e-01 3.307785644279999815e+03 -4.820234188419999555e+03 -7.400057599009999649e+03 -1.240265944850000039e+02 3.361097010719999645e+01 -3.296159462859999678e+01
6.500000000000000222e-01 3.133090966459999891e+03 -4.606359567540000171e+03 -7.077951797439999609e+03 -1.233170519909999996e+02 3.510635213020000123e+01 -2.833884410909999829e+01
6.500000000000000222e-01 3.238265875009999945e+03 -4.586163805060000414e+03 -7.163578758810000181e+03 -1.240551196539999950e+02 3.487559296479999915e+01 -3.064828068630000146e+01
6.500000000000000222e-01 3.283550715330000003e+03 -4.745952016729999741e+03 -7.366524116540000250e+03 -1.217693292430000014e+02 3.257947254639999812e+01 -3.214604229820000114e+01
6.500000000000000222e-01 3.317334718569999950e+03 -4.755348135160000311e+03 -6.867926597059999949e+03 -1.244435447320000065e+02 3.501885375900000241e+01 -3.099792260219999918e+01
6.500000000000000222e-01 3.113285949510000137e+03 -4.974203166690000216e+03 -6.902953611109999656e+03 -1.234826346189999953e+02 3.891270704850000328e+01 -3.136605227729999967e+01
6.500000000000000222e-01 3.315951822229999834e+03 -4.679445078730000205e+03 -6.912877733770000305e+03 -1.239285349529999962e+02 3.736960874030000213e+01 -3.251688133849999929e+01
4.560000000000000000e+04 7.502205063360000167e+03 2.237289760170000136e+03 1.865590316170000006e+04 2.023240500949999898e+02 -6.158479394329999934e+01 1.959177102369999943e+02
6.500000000000000222e-01 7.554227021370000330e+03 2.112237967590000153e+03 1.881613432660000035e+04 2.029007559309999920e+02 -6.200515014399999814e+01 1.958326757730000054e+02
6.500000000000000222e-01 7.629161099369999647e+03 2.339224002250000012e+03 1.853406822800000009e+04 2.017914573369999971e+02 -6.223336859540000177e+01 1.952302301489999934e+02
6.500000000000000222e-01 7.557400323040000330e+03 2.119115978249999898e+03 1.881480650629999946e+04 2.020894957040000008e+02 -6.067626346570000351e+01 1.967529591489999916e+02
6.500000000000000222e-01 7.301885606589999952e+03 2.223607723539999824e+03 1.862274962479999886e+04 2.025610180769999999e+02 -6.159364013799999782e+01 1.958604946979999966e+02
6.500000000000000222e-01 7.643932571809999899e+03 2.372131871269999920e+03 1.860259643960000176e+04 2.022177894140000092e+02 -6.155025456100000270e+01 1.969118244070000117e+02
6.500000000000000222e-01 7.412875831080000353e+03 2.418222084479999921e+03 1.865965761779999957e+04 2.025192264140000020e+02 -6.193661904790000250e+01 1.956372697289999962e+02
6.500000000000000222e-01 7.468708505839999816e+03 2.278179961549999916e+03 1.885549863639999967e+04 2.032095200580000096e+02 -6.231952827330000133e+01 1.964191509929999881e+02
6.500000000000000222e-01 7.500217243830000371e+03 2.439663214730000163e+03 1.865108319290000145e+04 2.023585840480000115e+02 -6.194987166450000160e+01 1.956954736339999954e+02
6.500000000000000222e-01 7.483529623630000060e+03 2.304372949019999851e+03 1.846033935030000066e+04 2.021209719800000073e+02 -6.226825268759999688e+01 1.954454525779999869e+02
6.500000000000000222e-01 7.413497728549999920e+03 2.235157666300000074e+03 1.846857968830000027e+04 2.024383847009999897e+02 -6.166524573649999752e+01 1.955598156110000048e+02
6.500000000000000222e-01 7.647598858649999784e+03 2.143132886410000083e+03 1.855617859840000165e+04 2.020663846299999875e+02 -6.142358823659999700e+01 1.964207753700000012e+02
6.500000000000000222e-01 7.455851957570000195e+03 2.241287077739999859e+03 1.885668289780000123e+04 2.026102080750000027e+02 -6.150150756960000109e+01 1.960939143909999984e+02
6.500000000000000222e-01 7.427281223410000166e+03 2.080285415410000041e+03 1.876401493649999975e+04 2.029239102630000104e+02 -6.162688864559999757e+01 1.959586612630000104e+02
6.500000000000000222e-01 7.477871067070000208e+03 2.043488181810000015e+03 1.859122761929999979e+04 2.024883944059999976e+02 -6.127889596800000049e+01 1.951156844100000001e+02
6.500000000000000222e-01 7.367976816870000221e+03 2.087189739290000034e+03 1.868107785529999819e+04 2.025966765249999924e+02 -6.131206390700000242e+01 1.965731666730000029e+02
6.500000000000000222e-01 7.595513104220000059e+03 2.076669425250000131e+03 1.858694114930000069e+04 2.018994517259999952e+02 -6.117022524859999777e+01 1.962207562140000050e+02
6.500000000000000222e-01 7.697079003830000147e+03 2.287802109669999936e+03 1.868894323699999950e+04 2.021864911410000047e+02 -6.165134817410000068e+01 1.957341513329999998e+02
6.500000000000000222e-01 7.703841598500000146e+03 2.258621268020000116e+03 1.866443038959999831e+04 2.020221723129999987e+02 -6.158916867580000343e+01 1.962664717010000004e+02
6.500000000000000222e-01 7.414075726179999947e+03 2.112746356279999873e+03 1.851623210340000151e+04 2.028180604970000047e+02 -6.160963505609999658e+01 1.953667127040000082e+02
6.500000000000000222e-01 7.431729341749999548e+03 2.300021137470000212e+03 1.884076153980000163e+04 2.028214877249999972e+02 -6.178411688599999962e+01 1.963761830150000094e+02
6.500000000000000222e-01 7.423805340789999718e+03 2.355309988319999775e+03 1.850380198119999841e+04 2.017603354549999892e+02 -6.111373370479999778e+01 1.962864599750000139e+02
6.500000000000000222e-01 7.629569832979999774e+03 2.112700562680000075e+03 1.854961797120000119e+04 2.020794522690000008e+02 -6.145795520019999714e+01 1.954201129859999924e+02
6.500000000000000222e-01 7.585120933399999558e+03 2.052763206520000040e+03 1.866497062789999836e+04 2.022135753930000135e+02 -6.131917980019999703e+01 1.949810429100000135e+02
6.500000000000000222e-01 7.503751928769999722e+03 2.367226731090000158e+03 1.849453357949999918e+04 2.019369063569999980e+02 -6.096212358470000225e+01 1.962573155659999884e+02
6.500000000000000222e-01 7.664274833899999976e+03 2.120394416999999976e+03 1.870448650540000017e+04 2.023511164530000030e+02 -6.154399667290000053e+01 1.955728179580000017e+02
6.500000000000000222e-01 7.403083009900000434e+03 2.377351692700000058e+03 1.875920539949999875e+04 2.029894707800000049e+02 -6.228945670950000135e+01 1.966829297710000048e+02
6.500000000000000222e-01 7.630791915099999642e+03 2.128592998099999932e+03 1.876487827539999853e+04 2.022486152559999937e+02 -6.132213581820000314e+01 1.955968520829999875e+02
6.500000000000000222e-01 7.634747543469999982e+03 2.318044970620000186e+03 1.852539275640000051e+04 2.023224801329999991e+02 -6.134842406229999767e+01 1.965143869960000131e+02
6.500000000000000222e-01 7.460837198850000277e+03 2.206722982599999796e+03 1.845464067680000153e+04 2.015134751680000136e+02 -6.203885276580000152e+01 1.958097960530000137e+02
6.500000000000000222e-01 7.480693489559999762e+03 2.207099191129999781e+03 1.845195288609999989e+04 2.017912637370000084e+02 -6.196721201009999902e+01 1.957481881289999990e+02
6.500000000000000222e-01 7.319939274680000381e+03 2.181286773209999865e+03 1.872641485330000069e+04 2.023692615669999952e+02 -6.145791622939999854e+01 1.952853679979999981e+02
6.500000000000000222e-01 7.527203596629999993e+03 2.423424142580000080e+03 1.874555159679999997e+04 2.020144689120000123e+02 -6.152544953240000325e+01 1.961853276379999897e+02
6.500000000000000222e-01 7.424986819660000037e+03 2.393638402860000042e+03 1.875071087450000050e+04 2.027284053189999895e+02 -6.187853375289999747e+01 1.955124796430000060e+02
6.500000000000000222e-01 7.615742135469999994e+03 2.079771199889999934e+03 1.870923157020000144e+04 2.022507865249999952e+02 -6.139617408899999873e+01 1.951754294159999858e+02
6.500000000000000222e-01 7.666302067870000428e+03 2.343530633639999905e+03 1.860139831290000075e+04 2.021579669440000089e+02 -6.192615071200000187e+01 1.959724829220000117e+02
6.500000000000000222e-01 7.503768802960000357e+03 2.316530803449999894e+03 1.884828835249999975e+04 2.023474814969999898e+02 -6.071789734739999744e+01 1.959012465860000134e+02
6.500000000000000222e-01 7.651917706139999609e+03 2.117800144920000093e+03 1.871453173690000040e+04 2.019252651049999940e+02 -6.113261756240000011e+01 1.963274078709999912e+02
6.500000000000000222e-01 7.299901451640000232e+03 2.233820403669999905e+03 1.867251480539999829e+04 2.025054575439999951e+02 -6.159792061270000119e+01 1.947924913470000092e+02
6.500000000000000222e-01 7.559536918110000443e+03 2.414674209520000204e+03 1.874654607609999948e+04 2.020105817019999961e+02 -6.140166585650000286e+01 1.959738604419999888e+02
6.500000000000000222e-01 7.692139263449999817e+03 2.267455047620000187e+03 1.872342854559999978e+04 2.019373218499999894e+02 -6.156594960310000175e+01 1.965865297329999919e+02
1.390000000000000000e+04 -1.079362366330000077e+04 3.133201417660000061e+03 1.108321604939999997e+04 -2.335917479919999948e+02 2.010768178550000016e+02 -3.371696216430000277e+02
6.500000000000000222e-01 -1.074717112339999949e+04 3.115065965669999969e+03 1.121655616630000077e+04 -2.343930718050000053e+02 2.013829340400000092e+02 -3.369398542640000187e+02
6.500000000000000222e-01 -1.082219875320000028e+04 3.164850361509999857e+03 1.094617940540000018e+04 -2.337569685999999933e+02 2.014339261599999986e+02 -3.370653551400000083e+02
6.500000000000000222e-01 -1.083319832630000019e+04 3.151579649960000097e+03 1.122131254930000068e+04 -2.332453254090000030e+02 2.008115616130000092e+02 -3.367643358440000156e+02
6.500000000000000222e-01 -1.071838857280000047e+04 3.034676678540000012e+03 1.101661816859999999e+04 -2.337820094719999986e+02 2.015442727479999974e+02 -3.378290639719999717e+02
6.500000000000000222e-01 -1.071583170819999941e+04 3.028451852640000197e+03 1.103358688839999922e+04 -2.336436181679999891e+02 2.013348643280000090e+02 -3.370923884189999740e+02
6.500000000000000222e-01 -1.086384652190000088e+04 3.109771707469999910e+03 1.120798516380000001e+04 -2.340080029099999877e+02 2.012104086889999905e+02 -3.370721770559999868e+02
6.500000000000000222e-01 -1.086190042960000028e+04 3.098656425260000105e+03 1.096398977779999950e+04 -2.328548056090000102e+02 2.012097755460000030e+02 -3.374192650059999892e+02
6.500000000000000222e-01 -1.070067199970000001e+04 3.127188304039999821e+03 1.097205088419999993e+04 -2.339531032920000087e+02 2.010566668939999886e+02 -3.378693251230000101e+02
6.500000000000000222e-01 -1.070668844990000071e+04 3.048789461280000069e+03 1.114865984659999958e+04 -2.338926305580000076e+02 2.013731756660000087e+02 -3.374945618890000105e+02
6.500000000000000222e-01 -1.083511962180000046e+04 3.006930622509999921e+03 1.104065107750000061e+04 -2.335911421410000059e+02 2.015584739699999943e+02 -3.373336625779999736e+02
6.500000000000000222e-01 -1.075856258110000090e+04 3.037075955509999858e+03 1.117672527830000035e+04 -2.340887753089999990e+02 2.017827439490000074e+02 -3.368657502089999980e+02
6.500000000000000222e-01 -1.067215229630000067e+04 3.059947315410000101e+03 1.107563349759999983e+04 -2.336841990860000067e+02 2.011988558669999918e+02 -3.380621494160000111e+02
6.500000000000000222e-01 -1.075573211520000041e+04 3.006614329380000072e+03 1.112306666910000058e+04 -2.338296128929999895e+02 2.014728852210000127e+02 -3.374361795579999921e+02
6.500000000000000222e-01 -1.076490309189999971e+04 3.041534987970000202e+03 1.119196125860000029e+04 -2.334635293940000054e+02 2.007846908999999869e+02 -3.373805510180000056e+02
6.500000000000000222e-01 -1.084777832350000062e+04 3.187780337940000209e+03 1.096238160219999918e+04 -2.331049663690000102e+02 2.007030600269999923e+02 -3.374633447420000039e+02
6.500000000000000222e-01 -1.065626762109999981e+04 3.164394818419999865e+03 1.106279840289999993e+04 -2.337596452950000128e+02 2.009628844940000079e+02 -3.380410791200000062e+02
6.500000000000000222e-01 -1.082578953360000014e+04 3.266890555599999971e+03 1.111893261809999967e+04 -2.336432619130000035e+02 2.007154771810000113e+02 -3.364194104800000105e+02
6.500000000000000222e-01 -1.068647079499999927e+04 3.159962085520000073e+03 1.117032916959999966e+04 -2.336681990920000089e+02 2.011447517910000045e+02 -3.376030901770000128e+02
6.500000000000000222e-01 -1.069469649319999917e+04 3.233562071450000076e+03 1.108977756779999982e+04 -2.337134638130000042e+02 2.008136134140000024e+02 -3.372279607340000211e+02
6.500000000000000222e-01 -1.076644245229999979e+04 3.265846979989999909e+03 1.112621291659999952e+04 -2.338307164439999895e+02 2.007403433919999998e+02 -3.366075441680000040e+02
6.500000000000000222e-01 -1.065904065199999968e+04 3.178048248709999825e+03 1.108175810610000008e+04 -2.337088555299999939e+02 2.009569446000000141e+02 -3.380188925279999808e+02
6.500000000000000222e-01 -1.087426931890000014e+04 3.041443281339999885e+03 1.115727855789999921e+04 -2.334547771160000025e+02 2.015702626979999934e+02 -3.364349603229999843e+02
6.500000000000000222e-01 -1.092556833720000031e+04 3.119396882940000069e+03 1.103625878249999914e+04 -2.334087486720000015e+02 2.010939300740000135e+02 -3.367989515880000226e+02
6.500000000000000222e-01 -1.081158307500000046e+04 3.272272072650000155e+03 1.107423086390000026e+04 -2.335563061430000005e+02 2.008085128060000102e+02 -3.365320738120000215e+02
6.500000000000000222e-01 -1.074599798480000027e+04 3.140713454170000205e+03 1.121758979390000059e+04 -2.341584854109999867e+02 2.010134852090000095e+02 -3.370355277740000020e+02
6.500000000000000222e-01 -1.084127023700000063e+04 3.003255076420000023e+03 1.106158926699999938e+04 -2.335853542520000019e+02 2.014089171919999899e+02 -3.368491210920000185e+02
6.500000000000000222e-01 -1.072816788789999919e+04 3.231896432529999856e+03 1.100305120960000022e+04 -2.337889467239999988e+02 2.006307797970000024e+02 -3.378431848060000107e+02
6.500000000000000222e-01 -1.082110230360000060e+04 2.999929643859999942e+03 1.112781103360000088e+04 -2.334340329180000140e+02 2.011567751370000110e+02 -3.372433913200000006e+02
6.500000000000000222e-01 -1.067100993799999924e+04 3.097722297669999989e+03 1.114250459810000029e+04 -2.335715831779999974e+02 2.010897333469999921e+02 -3.378903590909999934e+02
6.500000000000000222e-01 -1.090110407900000064e+04 3.044429065660000106e+03 1.106134679859999960e+04 -2.334885418590000086e+02 2.013532405429999983e+02 -3.370108507690000010e+02
6.500000000000000222e-01 -1.086705164080000031e+04 3.224907573399999819e+03 1.116638502449999942e+04 -2.334949554609999893e+02 2.006809435190000102e+02 -3.363975327750000019e+02
6.500000000000000222e-01 -1.074118537330000072e+04 3.177048409619999802e+03 1.095580482660000052e+04 -2.329518996379999862e+02 2.012666121149999867e+02 -3.370747041149999745e+02
6.500000000000000222e-01 -1.071177672379999967e+04 3.028427643250000074e+03 1.113234159030000046e+04 -2.335561416509999901e+02 2.010631125380000128e+02 -3.378947633739999787e+02
6.500000000000000222e-01 -1.067792992199999935e+04 3.214185177419999945e+03 1.107041893399999935e+04 -2.337257492930000069e+02 2.008620781470000054e+02 -3.379934895729999766e+02
6.500000000000000222e-01 -1.072809857940000074e+04 3.255264968080000017e+03 1.105623314380000011e+04 -2.336350697020000098e+02 2.006798894400000108e+02 -3.377754984960000115e+02
6.500000000000000222e-01 -1.089373373429999992e+04 3.044277874639999936e+03 1.113172584800000004e+04 -2.333905674929999918e+02 2.013883768819999887e+02 -3.363890034020000144e+02
6.500000000000000222e-01 -1.089254580630000055e+04 3.231617692679999891e+03 1.111180136180000045e+04 -2.336860133239999868e+02 2.010145263240000020e+02 -3.375612036879999778e+02
6.500000000000000222e-01 -1.070974886800000058e+04 3.027751161709999906e+03 1.113230044339999949e+04 -2.336766918390000001e+02 2.012549239310000075e+02 -3.370022004169999832e+02
6.500000000000000222e-01 -1.067394894249999925e+04 3.190145767269999851e+03 1.113162482690000070e+04 -2.339904600579999965e+02 2.008736291799999947e+02 -3.367261256470000035e+02
6.500000000000000222e-01 -1.085987648020000051e+04 3.096390556370000013e+03 1.120666367630000059e+04 -2.342422681760000103e+02 2.010127229039999861e+02 -3.372535144500000115e+02
1.190000000000000000e+04 -6.647368481339999562e+03 5.989738737880000372e+03 -1.270828230889999941e+04 -2.635073681310000211e+02 -3.388962620979999940e+01 9.212156423060000066e+01
6.500000000000000222e-01 -6.745767050610000297e+03 6.073254584190000060e+03 -1.267956043230000068e+04 -2.634709684360000210e+02 -3.390035243740000226e+01 9.134627973199999929e+01
6.500000000000000222e-01 -6.710615032689999680e+03 5.968791822520000096e+03 -1.259277180579999913e+04 -2.635834169999999972e+02 -3.416614233500000353e+01 9.199123498240000174e+01
6.500000000000000222e-01 -6.573204152989999784e+03 5.969276804619999893e+03 -1.259659456590000082e+04 -2.636201706510000236e+02 -3.408660368649999839e+01 9.248545333949999758e+01
6.500000000000000222e-01 -6.569916489510000247e+03 6.026923986210000294e+03 -1.281034110200000032e+04 -2.633364202029999888e+02 -3.363895398150000204e+01 9.240604402099999959e+01
6.500000000000000222e-01 -6.548935523639999701e+03 6.056543620600000395e+03 -1.265157929150000018e+04 -2.639080443029999969e+02 -3.420540538899999916e+01 9.271080473610000183e+01
6.500000000000000222e-01 -6.684978486750000229e+03 6.070546606730000349e+03 -1.261028541000000041e+04 -2.632223434730000236e+02 -3.450846913129999649e+01 9.249680706270000030e+01
6.500000000000000222e-01 -6.601855938579999929e+03 5.880768341740000324e+03 -1.275959053839999979e+04 -2.636846759499999848e+02 -3.366213443680000239e+01 9.268868353269999716e+01
6.500000000000000222e-01 -6.689348556449999705e+03 5.872183631140000216e+03 -1.266635710819999986e+04 -2.633803225710000220e+02 -3.349972389170000042e+01 9.272626990739999542e+01
6.500000000000000222e-01 -6.652178234369999700e+03 5.879358597319999717e+03 -1.262680712599999970e+04 -2.630590017409999746e+02 -3.418183574980000117e+01 9.227298353179999424e+01
6.500000000000000222e-01 -6.594578421479999633e+03 6.086622183159999622e+03 -1.263887083680000069e+04 -2.634071148610000250e+02 -3.452296107810000336e+01 9.229048277690000646e+01
6.500000000000000222e-01 -6.519462290370000119e+03 5.982012418409999555e+03 -1.273687606650000089e+04 -2.638800454930000114e+02 -3.389049456960000128e+01 9.182835501050000460e+01
6.500000000000000222e-01 -6.625153727840000101e+03 5.863266896459999771e+03 -1.274197880210000039e+04 -2.634259224259999996e+02 -3.386982006030000036e+01 9.282439903120000224e+01
6.500000000000000222e-01 -6.564282350190000216e+03 5.887372998609999740e+03 -1.272562105300000076e+04 -2.635806701870000097e+02 -3.378586293680000097e+01 9.235485798329999341e+01
6.500000000000000222e-01 -6.642969283890000042e+03 5.902555934160000106e+03 -1.280981518759999926e+04 -2.634083933200000160e+02 -3.415826584450000070e+01 9.244180736980000290e+01
6.500000000000000222e-01 -6.748568568560000131e+03 5.985594203300000117e+03 -1.262393441060000077e+04 -2.633620286290000081e+02 -3.397738114279999877e+01 9.190542540369999358e+01
6.500000000000000222e-01 -6.544304496839999956e+03 5.910167036169999847e+03 -1.272785287889999927e+04 -2.636052293939999913e+02 -3.383703511280000242e+01 9.293424426240000003e+01
6.500000000000000222e-01 -6.589919770409999728e+03 5.952047737720000441e+03 -1.281962263659999917e+04 -2.640625923960000137e+02 -3.341291159309999870e+01 9.197680496110000092e+01
6.500000000000000222e-01 -6.585962520559999575e+03 5.968867287600000054e+03 -1.258972922250000011e+04 -2.630364446730000054e+02 -3.418831017010000295e+01 9.211543672060000176e+01
6.500000000000000222e-01 -6.736059304389999852e+03 5.894403080189999855e+03 -1.272412051559999964e+04 -2.633283390029999964e+02 -3.359105243070000313e+01 9.198162102560000619e+01
6.500000000000000222e-01 -6.703374152080000385e+03 6.095766407080000135e+03 -1.266334430520000024e+04 -2.632123239339999827e+02 -3.430368651519999901e+01 9.194865966400000445e+01
6.500000000000000222e-01 -6.617712894309999683e+03 5.886938042779999705e+03 -1.262280132159999994e+04 -2.633442597920000026e+02 -3.370290827760000241e+01 9.283158742409999320e+01
6.500000000000000222e-01 -6.702056643810000423e+03 5.993162510840000323e+03 -1.283183524399999988e+04 -2.630105530449999947e+02 -3.370043697429999696e+01 9.164079618670000116e+01
6.500000000000000222e-01 -6.729225585870000032e+03 6.021451415100000304e+03 -1.260812308879999910e+04 -2.635942350899999838e+02 -3.387021243920000302e+01 9.186324430189999646e+01
6.500000000000000222e-01 -6.582608055679999779e+03 6.055771272699999827e+03 -1.280420851170000060e+04 -2.639680872810000096e+02 -3.366361082969999785e+01 9.202367051909999418e+01
6.500000000000000222e-01 -6.712273940920000314e+03 5.934657464550000441e+03 -1.281092373120000047e+04 -2.638906212310000114e+02 -3.379096277899999734e+01 9.233633436169999698e+01
6.500000000000000222e-01 -6.666325771890000397e+03 5.919286653879999903e+03 -1.282073228089999975e+04 -2.633977490660000171e+02 -3.404440986640000233e+01 9.221397893469999474e+01
6.500000000000000222e-01 -6.671157626129999699e+03 5.917514765249999982e+03 -1.281623165530000006e+04 -2.638135868279999841e+02 -3.387604416250000128e+01 9.236969245029999342e+01
6.500000000000000222e-01 -6.522459977669999716e+03 5.979305690619999950e+03 -1.274703013040000042e+04 -2.639207529990000012e+02 -3.385923595730000102e+01 9.182946007680000378e+01
6.500000000000000222e-01 -6.627037965139999869e+03 5.941468761240000276e+03 -1.258309945650000009e+04 -2.636156792680000081e+02 -3.346501834429999889e+01 9.264140794259999723e+01
6.500000000000000222e-01 -6.645504113310000321e+03 5.861571176450000166e+03 -1.273271294420000049e+04 -2.635529986309999799e+02 -3.367196192379999786e+01 9.280460191570000461e+01
6.500000000000000222e-01 -6.624093827579999925e+03 5.859162278980000337e+03 -1.269877979179999966e+04 -2.634324925409999878e+02 -3.377955214699999686e+01 9.181387694549999878e+01
6.500000000000000222e-01 -6.585044277789999796e+03 5.948617123080000056e+03 -1.281761227209999925e+04 -2.641520147370000018e+02 -3.340725266199999766e+01 9.175267978910000011e+01
6.500000000000000222e-01 -6.516044637449999755e+03 5.998794752150000022e+03 -1.270755995579999944e+04 -2.637504866240000183e+02 -3.396345941279999892e+01 9.283297937140000045e+01
6.500000000000000222e-01 -6.591434281509999892e+03 6.048023815450000257e+03 -1.281489221410000027e+04 -2.641489091660000099e+02 -3.388778009469999830e+01 9.174736050510000496e+01
6.500000000000000222e-01 -6.650303515159999733e+03 5.861332196100000147e+03 -1.267588054489999922e+04 -2.634257672510000248e+02 -3.356955414619999800e+01 9.293900677829999779e+01
6.500000000000000222e-01 -6.735559718299999986e+03 6.078508697340000253e+03 -1.276212851480000063e+04 -2.636914748610000174e+02 -3.366423604220000243e+01 9.220733829910000168e+01
6.500000000000000222e-01 -6.640011011390000021e+03 6.029440991690000374e+03 -1.258065105100000073e+04 -2.635102573199999938e+02 -3.471413391880000177e+01 9.243603106300000150e+01
6.500000000000000222e-01 -6.589192615910000313e+03 5.979257203049999589e+03 -1.282801438489999964e+04 -2.632949693410000123e+02 -3.382620510049999751e+01 9.225916863829999670e+01
6.500000000000000222e-01 -6.660259158050000224e+03 5.985738053750000290e+03 -1.257427067239999997e+04 -2.627685519419999878e+02 -3.399087453599999975e+01 9.235110389119999752e+01
6.500000000000000222e-01 -6.697053170850000242e+03 5.970815152150000358e+03 -1.258506884239999999e+04 -2.638110275390000083e+02 -3.420652292689999996e+01 9.202220845909999980e+01
