3.450000000000000000e+05 3.962780766379999932e+03 -5.042541492139999718e+03 -6.868234052200000406e+03 -1.139299563040000010e+02 2.312797728580000012e+01 -5.323895841920000294e+01
6.500000000000000222e-01 4.136382443079999575e+03 -5.217294729199999892e+03 -6.746426208900000347e+03 -1.151028958779999982e+02 2.427227952200000161e+01 -5.386055904349999679e+01
6.500000000000000222e-01 3.814106737170000088e+03 -5.152204725290000169e+03 -6.653270932870000252e+03 -1.125507111050000049e+02 2.419001545160000077e+01 -5.219445743850000241e+01
6.500000000000000222e-01 3.775819850679999945e+03 -5.107180274940000345e+03 -6.661302627969999776e+03 -1.128663553829999984e+02 2.483078256659999994e+01 -5.151551370819999676e+01
6.500000000000000222e-01 3.893589129039999989e+03 -5.296948849530000189e+03 -6.771546302839999953e+03 -1.135039226629999973e+02 2.474480826490000140e+01 -5.160400263430000223e+01
6.500000000000000222e-01 4.045643464459999905e+03 -5.183231120559999908e+03 -6.632423496739999791e+03 -1.140157128889999996e+02 2.377504697259999844e+01 -5.316448569770000177e+01
6.500000000000000222e-01 4.012193326640000123e+03 -4.924010798729999806e+03 -6.611764545279999766e+03 -1.139067542989999993e+02 2.532049917590000021e+01 -5.377595952059999718e+01
6.500000000000000222e-01 3.842559333279999919e+03 -4.986312771560000328e+03 -6.612731971440000052e+03 -1.155448289210000041e+02 2.435020235320000026e+01 -5.338004615010000009e+01
6.500000000000000222e-01 4.037812707850000152e+03 -4.936884740100000272e+03 -6.613195998430000145e+03 -1.145197201640000060e+02 2.507372073160000170e+01 -5.363408941410000352e+01
6.500000000000000222e-01 4.122588622850000320e+03 -5.088513047389999883e+03 -6.638980929620000097e+03 -1.139871230020000041e+02 2.318334261540000085e+01 -5.403286363849999674e+01
6.500000000000000222e-01 4.029423641700000189e+03 -5.033367894130000423e+03 -6.591212408579999646e+03 -1.126489436699999942e+02 2.400552541940000140e+01 -5.361511665489999956e+01
6.500000000000000222e-01 3.828686194779999823e+03 -5.149786599619999834e+03 -6.641675443080000150e+03 -1.124008390089999949e+02 2.491461881549999902e+01 -5.171803130349999833e+01
6.500000000000000222e-01 3.711351359459999912e+03 -4.957688426669999899e+03 -6.766829951419999816e+03 -1.136835961069999996e+02 2.348585799640000005e+01 -5.309012172610000135e+01
6.500000000000000222e-01 3.889443258490000062e+03 -4.829441024120000293e+03 -6.701306791199999680e+03 -1.137199352469999951e+02 2.281053961499999971e+01 -5.308022229550000048e+01
6.500000000000000222e-01 3.750349646170000142e+03 -4.955923010059999797e+03 -6.692296844569999848e+03 -1.153470329969999995e+02 2.434493139909999826e+01 -5.410905616680000207e+01
6.500000000000000222e-01 3.738253922079999938e+03 -5.090520838600000388e+03 -6.701478134070000124e+03 -1.133429433550000027e+02 2.383814310629999866e+01 -5.263546606359999913e+01
6.500000000000000222e-01 3.895473246470000049e+03 -5.143985985010000149e+03 -6.611026633090000360e+03 -1.154243217580000049e+02 2.246566261150000088e+01 -5.407335112639999863e+01
6.500000000000000222e-01 3.803767946290000054e+03 -5.085677324299999782e+03 -6.633448059659999672e+03 -1.123619746420000070e+02 2.470266893579999845e+01 -5.142834745969999943e+01
6.500000000000000222e-01 3.924417879369999810e+03 -4.793177602779999688e+03 -6.741771749020000243e+03 -1.140894762439999965e+02 2.326649023090000057e+01 -5.394725197140000006e+01
6.500000000000000222e-01 4.159324801009999646e+03 -4.896965999699999884e+03 -6.728831200329999774e+03 -1.144747305989999973e+02 2.382562573350000079e+01 -5.488411342919999925e+01
6.500000000000000222e-01 4.040648717649999980e+03 -4.789981823760000225e+03 -6.755319458060000215e+03 -1.153887797379999967e+02 2.389934518999999824e+01 -5.362738062929999927e+01
6.500000000000000222e-01 3.871251658749999933e+03 -4.965137357919999886e+03 -6.607920857299999625e+03 -1.131705880939999957e+02 2.268890397410000048e+01 -5.212315896070000321e+01
6.500000000000000222e-01 3.873973439330000019e+03 -4.930732050849999723e+03 -6.617198372449999624e+03 -1.155392861450000055e+02 2.511320846550000141e+01 -5.354394414440000105e+01
6.500000000000000222e-01 3.848145493479999914e+03 -5.185095078489999651e+03 -6.651205457179999939e+03 -1.145923586560000018e+02 2.258259804969999962e+01 -5.447153629120000318e+01
6.500000000000000222e-01 3.801417820680000204e+03 -5.024940764850000051e+03 -6.629926642829999764e+03 -1.147975411030000004e+02 2.415504253690000169e+01 -5.305984436640000013e+01
6.500000000000000222e-01 3.786177115479999884e+03 -5.044481912139999622e+03 -6.641460044319999724e+03 -1.135538502120000004e+02 2.410798557249999874e+01 -5.229785343089999827e+01
6.500000000000000222e-01 3.977428031519999877e+03 -4.870024727680000069e+03 -6.635604810800000450e+03 -1.150505356129999939e+02 2.556692334370000097e+01 -5.378454167179999956e+01
6.500000000000000222e-01 3.833552691620000132e+03 -4.882376951729999746e+03 -6.672366722460000346e+03 -1.130340513369999940e+02 2.210749818620000084e+01 -5.117838935019999980e+01
6.500000000000000222e-01 3.905530341820000103e+03 -5.096050025980000100e+03 -6.593414979400000448e+03 -1.127153077840000037e+02 2.531325359190000057e+01 -5.239396449280000212e+01
6.500000000000000222e-01 3.927326634709999780e+03 -4.951092103289999613e+03 -6.599798865759999899e+03 -1.140520969680000007e+02 2.331010273469999916e+01 -5.283131639479999819e+01
6.500000000000000222e-01 4.092867479160000130e+03 -4.882553609859999597e+03 -6.672512576600000102e+03 -1.160691091289999974e+02 2.214079549170000050e+01 -5.127249639419999738e+01
6.500000000000000222e-01 3.866933344229999875e+03 -5.117097327039999982e+03 -6.610254804860000149e+03 -1.148852827489999981e+02 2.467683225380000067e+01 -5.316091185490000015e+01
6.500000000000000222e-01 4.086918822210000144e+03 -4.988964776640000309e+03 -6.618551292840000315e+03 -1.167497320159999958e+02 2.277374536929999849e+01 -5.204217314449999776e+01
6.500000000000000222e-01 3.937688825660000020e+03 -5.042276726840000265e+03 -6.582379069360000358e+03 -1.123190196820000040e+02 2.430213406720000080e+01 -5.267702090840000295e+01
6.500000000000000222e-01 4.173107459099999687e+03 -4.876918478069999765e+03 -6.780393866119999984e+03 -1.141871740870000025e+02 2.266644382369999988e+01 -5.464315143179999978e+01
6.500000000000000222e-01 3.967845018229999823e+03 -5.058043988510000418e+03 -6.582847007850000409e+03 -1.138887186240000062e+02 2.221776944939999865e+01 -5.314882867579999726e+01
6.500000000000000222e-01 3.963079351570000199e+03 -4.992579470489999949e+03 -6.586311327499999607e+03 -1.142983493710000005e+02 2.333381533309999867e+01 -5.291997526410000319e+01
6.500000000000000222e-01 3.983490074599999843e+03 -4.793323286269999699e+03 -6.717275847699999758e+03 -1.156976132350000057e+02 2.425482034199999859e+01 -5.300213528860000167e+01
6.500000000000000222e-01 3.825915100239999902e+03 -5.242595274049999716e+03 -6.728972786749999614e+03 -1.146130916240000062e+02 2.460074007660000106e+01 -5.412481300139999973e+01
6.500000000000000222e-01 4.109440589460000410e+03 -4.888680372689999786e+03 -6.681262806800000362e+03 -1.138746166199999976e+02 2.266301951839999873e+01 -5.361539091049999683e+01
6.500000000000000222e-01 3.878623783670000194e+03 -5.232034048960000291e+03 -6.678280713909999577e+03 -1.135496033969999985e+02 2.570217252080000137e+01 -5.176064815939999875e+01
4.560000000000000000e+04 6.270005838959999892e+03 2.605446667080000225e+03 1.744400964329999988e+04 2.062024988489999942e+02 -6.019606160010000195e+01 2.066394156880000139e+02
6.500000000000000222e-01 6.210566894759999741e+03 2.758396686300000056e+03 1.757231752240000060e+04 2.060227161470000112e+02 -6.015304756110000284e+01 2.070585813689999952e+02
6.500000000000000222e-01 6.359711078239999551e+03 2.681493659300000218e+03 1.761297231269999975e+04 2.066591465749999941e+02 -5.962173243539999845e+01 2.063425537850000069e+02
6.500000000000000222e-01 6.206779251830000248e+03 2.744972331450000183e+03 1.758069221130000005e+04 2.060472184230000039e+02 -5.967014258070000210e+01 2.060340099279999890e+02
6.500000000000000222e-01 6.238243332299999565e+03 2.603417408929999965e+03 1.764710587139999916e+04 2.065189194179999959e+02 -6.013882579189999689e+01 2.067840172150000058e+02
6.500000000000000222e-01 6.314240601329999663e+03 2.645589247200000045e+03 1.764124081179999848e+04 2.057073583229999940e+02 -6.084596899520000335e+01 2.071028678970000101e+02
6.500000000000000222e-01 6.272555921359999957e+03 2.601195292840000093e+03 1.764971536099999867e+04 2.061503702720000035e+02 -5.984508291800000279e+01 2.067860382229999914e+02
6.500000000000000222e-01 6.397621182169999884e+03 2.458391475500000070e+03 1.750482460319999882e+04 2.062577411210000093e+02 -6.019540269830000057e+01 2.058133118990000128e+02
6.500000000000000222e-01 6.270369590940000307e+03 2.609409894349999831e+03 1.764975845100000151e+04 2.063027246080000054e+02 -5.982854868159999739e+01 2.067744986579999988e+02
6.500000000000000222e-01 6.230378277030000390e+03 2.790755937230000200e+03 1.751593292400000064e+04 2.064469682550000016e+02 -6.030759117059999852e+01 2.060224689670000089e+02
6.500000000000000222e-01 6.086334735260000343e+03 2.602346285910000006e+03 1.753324354690000109e+04 2.063533848689999957e+02 -6.019037972299999950e+01 2.064446013769999979e+02
6.500000000000000222e-01 6.357617525509999723e+03 2.548472622870000123e+03 1.762236923229999957e+04 2.059673595749999890e+02 -5.998641850989999824e+01 2.071001567479999892e+02
6.500000000000000222e-01 6.468385664340000403e+03 2.592315033479999784e+03 1.749298719640000127e+04 2.060689295919999893e+02 -6.016650087680000070e+01 2.067285731050000095e+02
6.500000000000000222e-01 6.317754412549999870e+03 2.703676322729999811e+03 1.761925890960000106e+04 2.059050752930000101e+02 -5.980189899260000175e+01 2.067691774570000121e+02
6.500000000000000222e-01 6.260818174299999555e+03 2.548484763150000163e+03 1.764091955719999896e+04 2.060413159210000060e+02 -6.052997393089999889e+01 2.065761476149999964e+02
6.500000000000000222e-01 6.284541605479999816e+03 2.621871434319999935e+03 1.764879696410000179e+04 2.068227515510000103e+02 -5.951158733220000130e+01 2.067261329449999891e+02
6.500000000000000222e-01 6.308457569369999874e+03 2.543126242220000222e+03 1.763723425610000049e+04 2.063425307919999909e+02 -6.002728389600000014e+01 2.069058225219999940e+02
6.500000000000000222e-01 6.237559702739999921e+03 2.597495023060000221e+03 1.764690624350000144e+04 2.067104934289999960e+02 -5.998508280640000123e+01 2.068311905529999990e+02
6.500000000000000222e-01 6.264378412519999983e+03 2.605046161860000211e+03 1.764967213949999859e+04 2.061765902059999860e+02 -6.015499519240000126e+01 2.067690073020000057e+02
6.500000000000000222e-01 6.184544458190000114e+03 2.501593480449999788e+03 1.759793055240000103e+04 2.058339260449999983e+02 -5.990532860950000327e+01 2.064381110859999922e+02
6.500000000000000222e-01 6.408997730230000343e+03 2.485720000320000054e+03 1.753975834079999913e+04 2.065578781000000106e+02 -6.044046579289999954e+01 2.061912458280000067e+02
6.500000000000000222e-01 6.188796882159999768e+03 2.732984699690000070e+03 1.758009756140000172e+04 2.068461871389999942e+02 -6.095035027080000134e+01 2.073941323329999875e+02
6.500000000000000222e-01 6.342055688049999844e+03 2.536180011020000165e+03 1.762202099779999844e+04 2.063104465769999933e+02 -6.014255383479999750e+01 2.065226423130000057e+02
6.500000000000000222e-01 6.264597700420000365e+03 2.618918228359999830e+03 1.764940015850000054e+04 2.067292649519999941e+02 -6.104603128120000122e+01 2.068820199390000028e+02
6.500000000000000222e-01 6.280950335180000366e+03 2.765574387669999851e+03 1.756908948880000025e+04 2.065277632750000123e+02 -6.106318483620000137e+01 2.074082576460000098e+02
6.500000000000000222e-01 6.228684351419999985e+03 2.636145026019999932e+03 1.764343875979999939e+04 2.066325711099999864e+02 -6.034222750109999822e+01 2.068951071429999899e+02
6.500000000000000222e-01 6.326055540770000334e+03 2.527664949970000180e+03 1.762466559520000010e+04 2.064552493429999913e+02 -6.043219641200000325e+01 2.064149539080000011e+02
6.500000000000000222e-01 6.188711716920000072e+03 2.675475006499999836e+03 1.761727375490000122e+04 2.069949352470000008e+02 -6.079172463190000286e+01 2.070729267250000021e+02
6.500000000000000222e-01 6.386864339050000126e+03 2.671788036379999994e+03 1.760025209470000118e+04 2.058271697060000065e+02 -6.065146245140000048e+01 2.073553529829999889e+02
6.500000000000000222e-01 6.114200971420000315e+03 2.481346584400000211e+03 1.748918599159999940e+04 2.065489162210000131e+02 -6.003941621740000301e+01 2.073201691250000067e+02
6.500000000000000222e-01 6.166547868249999738e+03 2.432090830480000022e+03 1.747703168780000124e+04 2.064411343449999947e+02 -6.004753074269999757e+01 2.070702956680000000e+02
6.500000000000000222e-01 6.341805750659999831e+03 2.627340602579999995e+03 1.763600256539999828e+04 2.058255177370000126e+02 -6.040208113420000302e+01 2.070277368909999893e+02
6.500000000000000222e-01 6.259383965990000434e+03 2.516487600899999961e+03 1.762991859190000105e+04 2.066638192149999895e+02 -6.049247857419999974e+01 2.066990261759999896e+02
6.500000000000000222e-01 6.311944903069999782e+03 2.522261405319999994e+03 1.762537642989999949e+04 2.057197134230000017e+02 -5.930251032639999664e+01 2.070417666380000128e+02
6.500000000000000222e-01 6.237732629660000384e+03 2.651476649969999926e+03 1.764159157699999923e+04 2.069350918929999921e+02 -6.097899339909999838e+01 2.070451840220000008e+02
6.500000000000000222e-01 6.314897770350000428e+03 2.637269776139999976e+03 1.764237221000000136e+04 2.062055485790000091e+02 -5.998046120699999761e+01 2.067782260449999967e+02
6.500000000000000222e-01 6.264407847530000254e+03 2.412942061740000099e+03 1.751644850829999996e+04 2.064255542900000080e+02 -5.991070221220000036e+01 2.073529937030000099e+02
6.500000000000000222e-01 6.228255600440000308e+03 2.639415269470000112e+03 1.764193274509999901e+04 2.062936482080000076e+02 -6.016576706349999881e+01 2.066873223780000046e+02
6.500000000000000222e-01 6.293896845649999705e+03 2.606102356519999830e+03 1.764863295590000052e+04 2.053196860440000080e+02 -6.015247889249999957e+01 2.069392107959999976e+02
6.500000000000000222e-01 6.243156560360000185e+03 2.518446452940000199e+03 1.762881095830000049e+04 2.067371039520000124e+02 -6.025721386029999849e+01 2.068062886490000096e+02
6.500000000000000222e-01 6.208593720329999996e+03 2.595799641409999822e+03 1.763968934200000149e+04 2.059904984400000103e+02 -6.023581479999999999e+01 2.066093711229999883e+02
1.390000000000000000e+04 -9.361107643119999921e+03 1.915612152370000103e+03 1.308113080459999946e+04 -2.422927448689999892e+02 2.032448049440000091e+02 -3.258142096270000252e+02
6.500000000000000222e-01 -9.483234474040000350e+03 1.963200922519999949e+03 1.313749127860000044e+04 -2.424368415749999883e+02 2.032431243469999913e+02 -3.261708120129999884e+02
6.500000000000000222e-01 -9.454723439319999670e+03 2.014816798399999925e+03 1.312155792099999962e+04 -2.421220602029999895e+02 2.029833054389999916e+02 -3.251306667069999889e+02
6.500000000000000222e-01 -9.240022526990000188e+03 1.857047233969999979e+03 1.312726812690000042e+04 -2.422371817410000006e+02 2.032353349709999861e+02 -3.264945978559999844e+02
6.500000000000000222e-01 -9.322952643880000323e+03 1.864996496609999895e+03 1.320999692859999959e+04 -2.420402331299999901e+02 2.028352354509999884e+02 -3.259848825980000129e+02
6.500000000000000222e-01 -9.330739966179999101e+03 1.874373362000000043e+03 1.321534544119999919e+04 -2.424525175379999951e+02 2.033876889979999874e+02 -3.256621746339999959e+02
6.500000000000000222e-01 -9.244904209700000138e+03 1.957929917299999943e+03 1.315237490169999910e+04 -2.424511690820000069e+02 2.030664079809999976e+02 -3.256913897969999994e+02
6.500000000000000222e-01 -9.468190514539999640e+03 1.866508445409999922e+03 1.316316135620000023e+04 -2.426402192099999979e+02 2.032846710409999957e+02 -3.260695440289999851e+02
6.500000000000000222e-01 -9.255362070690000110e+03 1.909018357989999913e+03 1.317641985659999955e+04 -2.420129274829999986e+02 2.032316037159999951e+02 -3.263219060729999796e+02
6.500000000000000222e-01 -9.408241355919999478e+03 1.960843330239999887e+03 1.320779273130000001e+04 -2.420656052950000117e+02 2.028993624389999866e+02 -3.255968277040000203e+02
6.500000000000000222e-01 -9.372452114800000345e+03 1.874783641609999904e+03 1.321831586950000019e+04 -2.422963019499999859e+02 2.029889098040000022e+02 -3.257851165989999913e+02
6.500000000000000222e-01 -9.392973666300000332e+03 1.998686978409999938e+03 1.319148150510000050e+04 -2.422854363769999964e+02 2.032617234329999860e+02 -3.259855720159999919e+02
6.500000000000000222e-01 -9.359802606229999583e+03 1.914559922259999894e+03 1.322456081219999942e+04 -2.418711976619999859e+02 2.029261702869999908e+02 -3.257239073210000129e+02
6.500000000000000222e-01 -9.372530998210000689e+03 1.953554387820000102e+03 1.321840881199999967e+04 -2.421895714540000029e+02 2.028717096020000099e+02 -3.256691324490000170e+02
6.500000000000000222e-01 -9.394646890169999097e+03 2.022546240240000088e+03 1.317318521669999973e+04 -2.425589081869999859e+02 2.031853121540000018e+02 -3.254580284909999932e+02
6.500000000000000222e-01 -9.444696878920000017e+03 1.998174722609999890e+03 1.316127030500000001e+04 -2.424503671470000086e+02 2.032951787560000128e+02 -3.261477013400000260e+02
6.500000000000000222e-01 -9.347014204610000888e+03 1.918985965000000078e+03 1.322373683720000008e+04 -2.418242166530000077e+02 2.033944212520000008e+02 -3.257928118209999866e+02
6.500000000000000222e-01 -9.354355594959999507e+03 1.885273967209999910e+03 1.322109716090000074e+04 -2.422610520659999906e+02 2.026650449919999915e+02 -3.258650220760000025e+02
6.500000000000000222e-01 -9.447953621660000863e+03 1.894452294980000033e+03 1.319316467069999999e+04 -2.419683039530000030e+02 2.033055516619999992e+02 -3.254115444039999829e+02
6.500000000000000222e-01 -9.366684363520000261e+03 1.910827577190000056e+03 1.322431505319999997e+04 -2.424977407199999959e+02 2.032324691700000017e+02 -3.257387055209999858e+02
6.500000000000000222e-01 -9.369379893909999737e+03 1.876489474049999899e+03 1.321895473610000045e+04 -2.424506741239999883e+02 2.027018114790000141e+02 -3.258755451349999817e+02
6.500000000000000222e-01 -9.365206762170000729e+03 1.914489501660000087e+03 1.322453875660000085e+04 -2.418297651290000090e+02 2.034657094609999888e+02 -3.256945266629999765e+02
6.500000000000000222e-01 -9.316362225060000128e+03 1.967908471539999937e+03 1.320644652920000044e+04 -2.420428011980000065e+02 2.036002406099999860e+02 -3.260703399590000231e+02
6.500000000000000222e-01 -9.410583379929999865e+03 1.910835144500000069e+03 1.321589339590000054e+04 -2.422336791930000004e+02 2.033084665620000067e+02 -3.256346004810000068e+02
6.500000000000000222e-01 -9.363582561920000444e+03 1.928547688699999981e+03 1.322399076989999958e+04 -2.423858806300000026e+02 2.027200835499999982e+02 -3.256660433920000060e+02
6.500000000000000222e-01 -9.492841403509999509e+03 1.894859235050000052e+03 1.313340109289999964e+04 -2.424052619759999914e+02 2.032957720779999988e+02 -3.259752117180000255e+02
6.500000000000000222e-01 -9.368636439600000813e+03 1.892727837679999993e+03 1.322254885370000011e+04 -2.422204074230000117e+02 2.034715448309999886e+02 -3.256810472959999743e+02
6.500000000000000222e-01 -9.319023521560000518e+03 1.977894681949999949e+03 1.320263264359999994e+04 -2.420718297870000129e+02 2.035573265829999912e+02 -3.260872595750000187e+02
6.500000000000000222e-01 -9.353291600000000471e+03 1.960766968030000044e+03 1.321722070220000023e+04 -2.426405298479999999e+02 2.032835483570000008e+02 -3.257067678629999818e+02
6.500000000000000222e-01 -9.422218181800000821e+03 1.933165634920000002e+03 1.320984736189999967e+04 -2.418272968850000098e+02 2.030674304810000024e+02 -3.253977252880000037e+02
6.500000000000000222e-01 -9.378507716469999650e+03 1.900388991949999991e+03 1.322267520920000061e+04 -2.423361058989999890e+02 2.032203764729999875e+02 -3.257243916830000217e+02
6.500000000000000222e-01 -9.313122162570000000e+03 1.854170200999999906e+03 1.320099909459999981e+04 -2.420721870270000124e+02 2.028731114839999918e+02 -3.261323973340000180e+02
6.500000000000000222e-01 -9.266784539849999419e+03 2.000620349170000054e+03 1.314559326949999922e+04 -2.426609678160000101e+02 2.030100078279999991e+02 -3.252907695279999984e+02
6.500000000000000222e-01 -9.394595150229999490e+03 1.957816741460000003e+03 1.321434085039999991e+04 -2.420650153329999910e+02 2.027818076140000016e+02 -3.254480631420000236e+02
6.500000000000000222e-01 -9.355362060240000574e+03 1.920091858850000108e+03 1.322435156319999987e+04 -2.419081893219999984e+02 2.036265092090000053e+02 -3.257530549360000123e+02
6.500000000000000222e-01 -9.351256297399999312e+03 1.936487659520000079e+03 1.322261521659999926e+04 -2.422368741109999917e+02 2.037394484010000042e+02 -3.258148003320000043e+02
6.500000000000000222e-01 -9.329408867480000481e+03 1.944791902259999915e+03 1.321765235670000038e+04 -2.420274935099999993e+02 2.036555187920000094e+02 -3.259342332639999995e+02
6.500000000000000222e-01 -9.339961407619999591e+03 1.893955399989999933e+03 1.322111391910000020e+04 -2.428795059980000133e+02 2.037336367780000046e+02 -3.256022599990000117e+02
6.500000000000000222e-01 -9.392388027069999225e+03 1.954251009580000073e+03 1.321629144789999918e+04 -2.427276372819999892e+02 2.036000012270000070e+02 -3.258181747919999793e+02
6.500000000000000222e-01 -9.402748320979999335e+03 1.896001732270000048e+03 1.321715622049999911e+04 -2.429294159019999881e+02 2.030110964339999953e+02 -3.258903959070000269e+02
6.500000000000000222e-01 -9.255050717840000289e+03 1.978242908129999932e+03 1.315293685879999975e+04 -2.426084054510000101e+02 2.029666001829999971e+02 -3.253616332380000244e+02
