3.450000000000000000e+05 4.458961470520000148e+03 -5.125717029250000451e+03 -6.594823653690000356e+03 -1.063094103779999955e+02 1.391950309289999943e+01 -6.781802297080000130e+01
6.500000000000000222e-01 4.637229767499999980e+03 -5.305051953639999738e+03 -6.471220609609999883e+03 -1.072152778189999935e+02 1.481548057280000030e+01 -6.799453963140000212e+01
6.500000000000000222e-01 4.304190993459999845e+03 -5.238844310450000194e+03 -6.384337474640000437e+03 -1.049805190400000043e+02 1.440296822400000032e+01 -6.687076106710000545e+01
6.500000000000000222e-01 4.267403203879999637e+03 -5.196786188529999890e+03 -6.395164706929999738e+03 -1.053292564319999940e+02 1.507795463220000087e+01 -6.630638755980000099e+01
6.500000000000000222e-01 4.388281858659999671e+03 -5.386297875670000394e+03 -6.506127354469999773e+03 -1.060751437240000001e+02 1.505081218940000021e+01 -6.590872054509999600e+01
6.500000000000000222e-01 4.541519457999999759e+03 -5.268281056050000188e+03 -6.359873897690000376e+03 -1.060937965739999953e+02 1.411373182240000013e+01 -6.750706555959999378e+01
6.500000000000000222e-01 4.507141187500000342e+03 -5.016559754609999800e+03 -6.335423800730000039e+03 -1.057899265920000005e+02 1.589080924619999990e+01 -6.856805025859999603e+01
6.500000000000000222e-01 4.345584787730000244e+03 -5.074015299839999898e+03 -6.337896183109999583e+03 -1.077285429129999983e+02 1.471294620910000006e+01 -6.829604791479999903e+01
6.500000000000000222e-01 4.535461182299999564e+03 -5.028344291319999684e+03 -6.337622546249999687e+03 -1.063762083209999929e+02 1.565481363059999964e+01 -6.836982326449999903e+01
6.500000000000000222e-01 4.617913494409999657e+03 -5.171304546420000406e+03 -6.362413363200000276e+03 -1.058801115339999939e+02 1.370066185589999996e+01 -6.842094689580000022e+01
6.500000000000000222e-01 4.518794453409999733e+03 -5.119657537289999709e+03 -6.316011322729999847e+03 -1.045739395580000064e+02 1.443068996370000079e+01 -6.822812740550000399e+01
6.500000000000000222e-01 4.318010925790000329e+03 -5.239681488739999622e+03 -6.374913974570000391e+03 -1.047948027019999984e+02 1.512342281919999998e+01 -6.638209504729999821e+01
6.500000000000000222e-01 4.206867473409999548e+03 -5.041903571599999850e+03 -6.492971378000000186e+03 -1.062515126819999978e+02 1.402389907579999928e+01 -6.815830535819999625e+01
6.500000000000000222e-01 4.384066033119999702e+03 -4.911061390290000418e+03 -6.427475215600000411e+03 -1.058260900930000048e+02 1.354730700720000058e+01 -6.815169650359999309e+01
6.500000000000000222e-01 4.252985321899999690e+03 -5.043802662189999864e+03 -6.413875849439999911e+03 -1.077487115509999995e+02 1.479297661750000081e+01 -6.915998172880000538e+01
6.500000000000000222e-01 4.232194367349999993e+03 -5.175775732760000210e+03 -6.430163327109999955e+03 -1.058952147969999942e+02 1.413768180850000000e+01 -6.748573882780000588e+01
6.500000000000000222e-01 4.398054129369999828e+03 -5.222878431250000176e+03 -6.333790974849999657e+03 -1.076525980299999929e+02 1.269069992989999918e+01 -6.867544851350000101e+01
6.500000000000000222e-01 4.292862609159999920e+03 -5.174709614649999821e+03 -6.367672360120000121e+03 -1.047309069610000023e+02 1.495195151020000068e+01 -6.623180308940000316e+01
6.500000000000000222e-01 4.420633888899999874e+03 -4.877156446470000446e+03 -6.464055659720000222e+03 -1.061640842049999947e+02 1.413551822250000001e+01 -6.900908146519999775e+01
6.500000000000000222e-01 4.656629811249999875e+03 -4.983546074689999841e+03 -6.447955510169999798e+03 -1.062715375589999951e+02 1.473240133820000075e+01 -6.947862402369999302e+01
6.500000000000000222e-01 4.542355200160000095e+03 -4.877074333970000225e+03 -6.479407235040000160e+03 -1.073059399410000054e+02 1.488497220350000028e+01 -6.852781392030000518e+01
6.500000000000000222e-01 4.363438871100000142e+03 -5.045455121179999878e+03 -6.338733097080000334e+03 -1.052955689080000070e+02 1.309748521829999923e+01 -6.704857262110000704e+01
6.500000000000000222e-01 4.376773992170000383e+03 -5.022094223600000078e+03 -6.341520841829999881e+03 -1.076358364780000016e+02 1.557245939569999926e+01 -6.850368857220000507e+01
6.500000000000000222e-01 4.347336980160000167e+03 -5.264462830340000437e+03 -6.372223225040000216e+03 -1.069784866990000012e+02 1.278335897860000081e+01 -6.905545094939999728e+01
6.500000000000000222e-01 4.301348511510000208e+03 -5.111648067920000358e+03 -6.356568378560000383e+03 -1.071012451090000042e+02 1.446655665489999976e+01 -6.796267647860000238e+01
6.500000000000000222e-01 4.280638799780000227e+03 -5.130940976730000330e+03 -6.371571218070000214e+03 -1.059183906220000040e+02 1.440353450169999938e+01 -6.718654289030000371e+01
6.500000000000000222e-01 4.477613653469999917e+03 -4.963853799950000393e+03 -6.358952774850000424e+03 -1.069684373089999951e+02 1.621132308749999851e+01 -6.869522075640000480e+01
6.500000000000000222e-01 4.325302074649999668e+03 -4.960480059000000438e+03 -6.407089505349999854e+03 -1.052362010439999978e+02 1.269336421869999931e+01 -6.625760516619999407e+01
6.500000000000000222e-01 4.395759728269999869e+03 -5.187841813629999706e+03 -6.323588861240000369e+03 -1.048848270759999934e+02 1.556651221209999925e+01 -6.706309766399999717e+01
6.500000000000000222e-01 4.423233108720000018e+03 -5.034319529149999653e+03 -6.327536397349999788e+03 -1.060662442179999942e+02 1.376689165480000021e+01 -6.770376166399999818e+01
6.500000000000000222e-01 4.597385076870000375e+03 -4.961294469690000369e+03 -6.407608216839999841e+03 -1.078767208969999984e+02 1.294436677120000034e+01 -6.599780955689999473e+01
6.500000000000000222e-01 4.367146085219999804e+03 -5.205960908840000229e+03 -6.336959775199999967e+03 -1.071415598880000033e+02 1.490387134490000065e+01 -6.783595717449999540e+01
6.500000000000000222e-01 4.594554331669999556e+03 -5.070058203409999805e+03 -6.350492475089999971e+03 -1.085793574989999968e+02 1.335860601209999921e+01 -6.662879129169999715e+01
6.500000000000000222e-01 4.425883995139999570e+03 -5.129675396919999912e+03 -6.311155068340000071e+03 -1.043795295329999959e+02 1.462729242730000045e+01 -6.739988189700000021e+01
6.500000000000000222e-01 4.669189859289999731e+03 -4.958537852530000237e+03 -6.500616451029999553e+03 -1.060164334119999978e+02 1.368871750889999994e+01 -6.923444263289999867e+01
6.500000000000000222e-01 4.463030853559999741e+03 -5.136077204270000038e+03 -6.309641385709999668e+03 -1.059038442840000016e+02 1.255971484360000012e+01 -6.780987809110000342e+01
6.500000000000000222e-01 4.460008389739999984e+03 -5.075819535030000225e+03 -6.313895244610000191e+03 -1.062752485030000003e+02 1.375004027890000025e+01 -6.768423312859999896e+01
6.500000000000000222e-01 4.486674318870000207e+03 -4.881767848219999905e+03 -6.443978141309999955e+03 -1.076513360879999937e+02 1.513156191380000060e+01 -6.798997350230000336e+01
6.500000000000000222e-01 4.325609837940000034e+03 -5.331144198420000066e+03 -6.451783517890000439e+03 -1.071807415220000053e+02 1.483839499169999954e+01 -6.860870839289999878e+01
6.500000000000000222e-01 4.604053262870000253e+03 -4.969797103429999879e+03 -6.405871276959999705e+03 -1.056757577390000051e+02 1.347301172819999948e+01 -6.831206414589999554e+01
6.500000000000000222e-01 4.373202266889999919e+03 -5.325492578929999581e+03 -6.411812748989999818e+03 -1.059790560630000016e+02 1.591828437640000082e+01 -6.621196917890000577e+01
6.500000000000000222e-01 4.375843507880000288e+03 -4.912630762640000285e+03 -6.417122149239999999e+03 -1.073191508169999935e+02 1.439364849560000081e+01 -6.666009067170000435e+01
6.500000000000000222e-01 4.581503343559999848e+03 -5.021271191220000219e+03 -6.359642678019999948e+03 -1.057703155920000029e+02 1.541479078000000058e+01 -6.889857058629999642e+01
6.500000000000000222e-01 4.370478537549999601e+03 -4.932556087830000251e+03 -6.402779740089999905e+03 -1.072824908999999991e+02 1.552664554000000052e+01 -6.907121011690000500e+01
6.500000000000000222e-01 4.413002256380000290e+03 -5.128131359390000398e+03 -6.313025106559999585e+03 -1.061652590289999978e+02 1.432281947799999955e+01 -6.764672011429999543e+01
6.500000000000000222e-01 4.520778334599999653e+03 -5.067781149829999777e+03 -6.322292309299999943e+03 -1.080505116429999930e+02 1.260650339290000055e+01 -6.707048990769999364e+01
6.500000000000000222e-01 4.461692049440000119e+03 -5.132096374589999868e+03 -6.309589844809999704e+03 -1.070107224340000016e+02 1.495658238809999929e+01 -6.775315439889999425e+01
6.500000000000000222e-01 4.636310841700000310e+03 -5.330459966299999905e+03 -6.509099908930000311e+03 -1.060956315690000054e+02 1.366161062119999947e+01 -7.034815127660000655e+01
6.500000000000000222e-01 4.458230536869999924e+03 -5.120701980519999779e+03 -6.309464806289999615e+03 -1.066636881320000043e+02 1.501112906850000073e+01 -6.776257534270000349e+01
6.500000000000000222e-01 4.402416828399999758e+03 -4.867364858369999638e+03 -6.492673588499999823e+03 -1.062110646940000009e+02 1.398768134740000058e+01 -6.903028594580000288e+01
6.500000000000000222e-01 4.202750029339999855e+03 -5.129409880580000390e+03 -6.469537965589999658e+03 -1.063175416809999945e+02 1.425958555419999918e+01 -6.786948887299999456e+01
6.500000000000000222e-01 4.580738199960000202e+03 -5.205341957890000231e+03 -6.348933274179999898e+03 -1.072300694879999980e+02 1.442603286820000008e+01 -6.729034925199999861e+01
6.500000000000000222e-01 4.735005096159999994e+03 -5.144412028009999631e+03 -6.528013112730000103e+03 -1.066080761150000029e+02 1.377691809669999934e+01 -6.825528182989999948e+01
6.500000000000000222e-01 4.525105992839999999e+03 -4.989831597250000414e+03 -6.351815373379999983e+03 -1.075972998270000005e+02 1.507207722739999944e+01 -6.777106767930000331e+01
6.500000000000000222e-01 4.445821026949999577e+03 -5.203579954300000281e+03 -6.321313346089999868e+03 -1.071818869070000062e+02 1.331140707980000037e+01 -6.825860291639999389e+01
6.500000000000000222e-01 4.476521718349999901e+03 -5.104244297489999553e+03 -6.310696774850000111e+03 -1.054551300610000055e+02 1.574691083549999959e+01 -6.789568924249999782e+01
6.500000000000000222e-01 4.511307103830000415e+03 -5.212508344079999915e+03 -6.327544347709999784e+03 -1.064250974560000031e+02 1.440962726899999957e+01 -6.762471790809999561e+01
6.500000000000000222e-01 4.411556578290000289e+03 -5.136781930080000166e+03 -6.313436320589999923e+03 -1.057095409570000015e+02 1.467397946330000025e+01 -6.753985578340000018e+01
6.500000000000000222e-01 4.450241625009999552e+03 -5.125884950409999874e+03 -6.309551442529999804e+03 -1.069592392259999940e+02 1.425216842120000038e+01 -6.776286498689999860e+01
6.500000000000000222e-01 4.340635523949999879e+03 -5.270424856550000186e+03 -6.380417177530000117e+03 -1.075258850660000007e+02 1.475787319360000005e+01 -6.837220459009999729e+01
6.500000000000000222e-01 4.651110140189999584e+03 -5.291725154329999896e+03 -6.461580389319999995e+03 -1.055185341640000019e+02 1.314747515830000069e+01 -6.950965651789999811e+01
6.500000000000000222e-01 4.343387733929999740e+03 -4.945763915129999987e+03 -6.407132329799999752e+03 -1.054029452030000016e+02 1.255146621009999919e+01 -6.583347776269999940e+01
6.500000000000000222e-01 4.558189475240000320e+03 -5.221975477369999680e+03 -6.347822155879999627e+03 -1.064318637850000044e+02 1.407383065349999995e+01 -6.860369603159999485e+01
6.500000000000000222e-01 4.449024966470000436e+03 -5.104189061850000144e+03 -6.310167263749999620e+03 -1.056912987409999971e+02 1.219493716370000058e+01 -6.746932487390000688e+01
6.500000000000000222e-01 4.472355359150000368e+03 -4.900377336409999771e+03 -6.422832265209999605e+03 -1.061010765919999983e+02 1.218808271790000042e+01 -6.602284282899999823e+01
6.500000000000000222e-01 4.399339158470000257e+03 -5.082048813749999681e+03 -6.318279732529999819e+03 -1.059403368779999965e+02 1.388686101769999937e+01 -6.731204428610000434e+01
6.500000000000000222e-01 4.535551918459999797e+03 -5.232996409540000059e+03 -6.343799887060000401e+03 -1.061043900349999944e+02 1.341508312560000071e+01 -6.881944629279999504e+01
6.500000000000000222e-01 4.342822221379999974e+03 -5.026090503100000205e+03 -6.354784720589999779e+03 -1.050926120000000026e+02 1.290838186280000066e+01 -6.669485220500000366e+01
6.500000000000000222e-01 4.621593546830000378e+03 -5.032130985660000078e+03 -6.380170369249999567e+03 -1.076351942350000002e+02 1.294493768969999969e+01 -6.660967604729999891e+01
6.500000000000000222e-01 4.241476247759999751e+03 -5.298348587839999709e+03 -6.533477137249999942e+03 -1.055617415429999966e+02 1.437795634779999965e+01 -6.598549635640000588e+01
6.500000000000000222e-01 4.314711075150000397e+03 -5.367008504049999829e+03 -6.550046868749999703e+03 -1.056915741669999989e+02 1.422109066079999984e+01 -6.675628980850000005e+01
6.500000000000000222e-01 4.558867128990000310e+03 -5.094435257639999691e+03 -6.329544590419999622e+03 -1.077167603369999966e+02 1.357981661900000070e+01 -6.734142998199999397e+01
6.500000000000000222e-01 4.442291868219999742e+03 -5.248214881550000428e+03 -6.336971109150000302e+03 -1.056562903890000058e+02 1.335402063179999921e+01 -6.798312814349999655e+01
6.500000000000000222e-01 4.517945852640000339e+03 -5.243531689499999629e+03 -6.344468310610000117e+03 -1.078073763499999984e+02 1.604989326300000130e+01 -6.733767368540000575e+01
6.500000000000000222e-01 4.411082314530000076e+03 -5.059029342120000365e+03 -6.321231986619999589e+03 -1.052444002969999985e+02 1.241194033560000065e+01 -6.695953752350000343e+01
6.500000000000000222e-01 4.520374972700000399e+03 -5.081664175580000119e+03 -6.319876451629999792e+03 -1.068798037050000005e+02 1.461891971890000086e+01 -6.784090023369999756e+01
6.500000000000000222e-01 4.450708023270000012e+03 -5.394151496649999899e+03 -6.496558703630000309e+03 -1.057474225459999957e+02 1.443948165169999953e+01 -6.644184211009999785e+01
6.500000000000000222e-01 4.399656959709999683e+03 -5.077965453869999692e+03 -6.319821036399999684e+03 -1.067282541609999953e+02 1.430873035249999958e+01 -6.779854790059999914e+01
6.500000000000000222e-01 4.493593766789999790e+03 -5.124511164329999701e+03 -6.311611552399999709e+03 -1.089337215289999961e+02 1.421296608729999988e+01 -6.745904935160000093e+01
6.500000000000000222e-01 4.419537658119999833e+03 -5.246085552839999764e+03 -6.338715863219999846e+03 -1.054919278590000005e+02 1.392363651990000051e+01 -6.768305723730000523e+01
6.500000000000000222e-01 4.373236723089999941e+03 -5.138422644700000092e+03 -6.322752272290000292e+03 -1.073865923799999962e+02 1.411498752059999973e+01 -6.797638298500000076e+01
6.500000000000000222e-01 4.215722821029999977e+03 -5.030086344819999795e+03 -6.481149398309999924e+03 -1.068374189660000013e+02 1.429630992569999925e+01 -6.917056614790000424e+01
6.500000000000000222e-01 4.271437693249999938e+03 -4.926361407010000221e+03 -6.515967762999999650e+03 -1.058071976239999969e+02 1.341234517100000012e+01 -6.533444237919999864e+01
6.500000000000000222e-01 4.700467554720000408e+03 -5.242759931700000379e+03 -6.501005789060000097e+03 -1.059512204589999982e+02 1.369896389230000011e+01 -7.029237400479999565e+01
6.500000000000000222e-01 4.534371962340000209e+03 -5.225012596990000020e+03 -6.337744442780000099e+03 -1.052222199130000035e+02 1.258895264859999941e+01 -6.868331036860000438e+01
6.500000000000000222e-01 4.520132735739999589e+03 -5.208022211950000383e+03 -6.328081221319999713e+03 -1.066837717939999948e+02 1.457151364789999981e+01 -6.754315032850000478e+01
6.500000000000000222e-01 4.691123745519999829e+03 -5.040652263850000054e+03 -6.453098408900000322e+03 -1.068171553640000013e+02 1.338352461779999913e+01 -6.729343348870000341e+01
6.500000000000000222e-01 4.246633157819999724e+03 -5.223241764909999802e+03 -6.430772654520000287e+03 -1.074059044800000038e+02 1.426127784790000064e+01 -6.905006210439999847e+01
6.500000000000000222e-01 4.668996827349999876e+03 -5.138700075710000419e+03 -6.403405018679999557e+03 -1.051890672830000000e+02 1.392746932460000053e+01 -6.967115747389999569e+01
6.500000000000000222e-01 4.364072076720000041e+03 -5.033585063329999684e+03 -6.342899791290000394e+03 -1.054613760360000043e+02 1.313656138250000005e+01 -6.717122151159999532e+01
6.500000000000000222e-01 4.436427967329999774e+03 -5.205788537329999599e+03 -6.321749747130000287e+03 -1.061460554429999945e+02 1.323192587529999997e+01 -6.801483910689999846e+01
6.500000000000000222e-01 4.395127280400000018e+03 -4.959289824600000429e+03 -6.374012115419999645e+03 -1.062947249679999970e+02 1.444042515950000016e+01 -6.843055765610000662e+01
6.500000000000000222e-01 4.460185795000000326e+03 -5.126148824920000152e+03 -6.309317735169999651e+03 -1.046895236619999991e+02 1.310404545309999946e+01 -6.770716250610000486e+01
6.500000000000000222e-01 4.435703746270000011e+03 -5.048105188139999882e+03 -6.321564159849999669e+03 -1.058741251170000055e+02 1.299892960949999932e+01 -6.742822912030000282e+01
6.500000000000000222e-01 4.392602151179999964e+03 -4.911501743470000292e+03 -6.412035209679999753e+03 -1.073060361309999990e+02 1.417569861409999987e+01 -6.649166404970000599e+01
6.500000000000000222e-01 4.292514840879999610e+03 -4.960412280290000126e+03 -6.433684768189999886e+03 -1.069064788520000064e+02 1.455855586100000032e+01 -6.900784501430000262e+01
6.500000000000000222e-01 4.485542808569999579e+03 -5.118849982490000002e+03 -6.310738701420000325e+03 -1.045223140290000003e+02 1.474311535700000064e+01 -6.793475852299999929e+01
6.500000000000000222e-01 4.472375559940000130e+03 -5.183835490860000391e+03 -6.315901646070000425e+03 -1.060283675860000017e+02 1.210107901720000001e+01 -6.825757558380000489e+01
6.500000000000000222e-01 4.284766745939999964e+03 -5.167424715150000338e+03 -6.372946170340000208e+03 -1.050429481700000025e+02 1.443709869249999933e+01 -6.668509086320000279e+01
6.500000000000000222e-01 4.448478913070000090e+03 -5.134586337710000407e+03 -6.309784638109999833e+03 -1.068935145989999995e+02 1.416996725199999929e+01 -6.777653553129999864e+01
6.500000000000000222e-01 4.443042600689999745e+03 -5.201464903940000113e+03 -6.320173720019999564e+03 -1.066878284520000051e+02 1.222613907929999932e+01 -6.832397637990000305e+01
1.390000000000000000e+04 -8.261042397909999636e+03 1.000786961909999945e+03 1.452470918530000017e+04 -2.474178246550000040e+02 2.040989502140000127e+02 -3.172475659460000088e+02
6.500000000000000222e-01 -8.267397183209999639e+03 9.987052826899999900e+02 1.466766653919999953e+04 -2.468807634929999892e+02 2.043071611139999959e+02 -3.171672957170000018e+02
6.500000000000000222e-01 -8.217619558689999394e+03 1.051431049110000004e+03 1.465120269960000041e+04 -2.470816338319999943e+02 2.044790808269999900e+02 -3.175170192250000127e+02
6.500000000000000222e-01 -8.310913786339999206e+03 9.957678140890000122e+02 1.465880247469999995e+04 -2.473037388179999994e+02 2.041447330629999897e+02 -3.171286768250000137e+02
6.500000000000000222e-01 -8.263287726169999587e+03 1.016070796399999949e+03 1.466699259999999958e+04 -2.474391410720000124e+02 2.035604175569999938e+02 -3.171375226640000164e+02
6.500000000000000222e-01 -8.392234528619999764e+03 9.798661317859999826e+02 1.457789373879999948e+04 -2.475481231699999967e+02 2.041244741470000008e+02 -3.174913741280000181e+02
6.500000000000000222e-01 -8.269065034159999414e+03 9.769524143260000528e+02 1.466561396860000059e+04 -2.472734072640000136e+02 2.042975775030000136e+02 -3.171527349379999805e+02
6.500000000000000222e-01 -8.220144919959999243e+03 1.061594033679999939e+03 1.464746823500000028e+04 -2.471130570349999971e+02 2.044432396349999976e+02 -3.175353750950000062e+02
6.500000000000000222e-01 -8.251848340090000420e+03 1.045728479489999927e+03 1.466039363880000019e+04 -2.476868093420000037e+02 2.041552415449999955e+02 -3.171745773700000086e+02
6.500000000000000222e-01 -8.324359138179999718e+03 1.019146866570000043e+03 1.465170939870000075e+04 -2.469039549160000035e+02 2.039184835840000005e+02 -3.168988102199999730e+02
6.500000000000000222e-01 -8.278245032400000127e+03 9.856307462549999627e+02 1.466596133200000077e+04 -2.473333678639999960e+02 2.040257636020000120e+02 -3.171965918989999977e+02
6.500000000000000222e-01 -8.214228153870000824e+03 9.411264420200000131e+02 1.464600195720000011e+04 -2.471185792969999966e+02 2.036789965369999891e+02 -3.175660077050000041e+02
6.500000000000000222e-01 -8.165232370140000057e+03 1.086720957300000009e+03 1.458675699429999986e+04 -2.477134318210000004e+02 2.039201545619999933e+02 -3.166969538000000171e+02
6.500000000000000222e-01 -8.295699134200000117e+03 1.045039451139999983e+03 1.465640243999999984e+04 -2.471283414049999863e+02 2.036506055769999932e+02 -3.169376917850000268e+02
6.500000000000000222e-01 -8.257207688380000036e+03 1.003577748759999963e+03 1.466773095560000002e+04 -2.469532695769999862e+02 2.044709315679999975e+02 -3.172209645080000087e+02
6.500000000000000222e-01 -8.251630734919999668e+03 1.019440610890000016e+03 1.466626887530000022e+04 -2.472811653919999912e+02 2.045944229799999903e+02 -3.172811641330000043e+02
6.500000000000000222e-01 -8.230735480249999455e+03 1.028105370389999962e+03 1.466181472190000022e+04 -2.470664322149999919e+02 2.045175280020000059e+02 -3.173886603440000158e+02
6.500000000000000222e-01 -8.237451390180000089e+03 9.769976262630000292e+02 1.466378736329999992e+04 -2.479225112160000037e+02 2.045619418569999937e+02 -3.170574601089999760e+02
6.500000000000000222e-01 -8.290522030620000805e+03 1.037808240710000064e+03 1.466001100530000076e+04 -2.477881327100000135e+02 2.044648310059999972e+02 -3.173059284670000011e+02
6.500000000000000222e-01 -8.299961501429999771e+03 9.822905812359999800e+02 1.466120064959999945e+04 -2.479959829949999914e+02 2.038383196030000022e+02 -3.173786939940000025e+02
6.500000000000000222e-01 -8.153749981699999807e+03 1.064572489129999894e+03 1.459440328100000079e+04 -2.476539629350000098e+02 2.038619220690000020e+02 -3.167614033950000021e+02
6.500000000000000222e-01 -8.231508832240000629e+03 9.756918702220000341e+02 1.466245110919999934e+04 -2.479078170290000003e+02 2.044734398310000074e+02 -3.170437697610000214e+02
6.500000000000000222e-01 -8.141082853689999865e+03 1.036391337909999947e+03 1.459344465909999963e+04 -2.477564618410000037e+02 2.040651620730000104e+02 -3.168431160079999813e+02
6.500000000000000222e-01 -8.374267009780000080e+03 1.029138724339999953e+03 1.460789380469999924e+04 -2.476036011779999910e+02 2.041886262570000099e+02 -3.173563838239999768e+02
6.500000000000000222e-01 -8.159054232939999565e+03 1.048378863980000006e+03 1.461273794400000043e+04 -2.478536893589999863e+02 2.039262920889999862e+02 -3.167486742489999756e+02
6.500000000000000222e-01 -8.306008843129999150e+03 9.701969668629999433e+02 1.465708247350000056e+04 -2.478488668980000114e+02 2.037628198639999937e+02 -3.174093980929999930e+02
6.500000000000000222e-01 -8.218815226740000071e+03 9.095978513789999624e+02 1.462659717749999982e+04 -2.472332462239999984e+02 2.036863695300000074e+02 -3.176795253760000151e+02
6.500000000000000222e-01 -8.236603330690000803e+03 9.444039897979999978e+02 1.465422910319999937e+04 -2.474860442819999946e+02 2.043689962249999894e+02 -3.170157974960000047e+02
6.500000000000000222e-01 -8.248071975939999902e+03 1.036800139899999976e+03 1.466249130750000040e+04 -2.472220427679999943e+02 2.044016189669999903e+02 -3.173338367970000036e+02
6.500000000000000222e-01 -8.254194008959999337e+03 1.087893451579999919e+03 1.463872041979999995e+04 -2.477791245820000086e+02 2.042583414780000055e+02 -3.171384755020000057e+02
6.500000000000000222e-01 -8.293891452280000522e+03 9.367277680070000088e+02 1.464811084630000005e+04 -2.477748465589999967e+02 2.041974415900000110e+02 -3.173172838419999948e+02
6.500000000000000222e-01 -8.234514970430000176e+03 9.991857143229999565e+02 1.466527544300000045e+04 -2.470349448730000006e+02 2.040724941119999869e+02 -3.172979293099999722e+02
6.500000000000000222e-01 -8.254278201450000779e+03 9.583243542999999818e+02 1.466105099639999935e+04 -2.476444475829999874e+02 2.047556401699999924e+02 -3.170282490550000034e+02
6.500000000000000222e-01 -8.248637978119999389e+03 9.853100971280000522e+02 1.466633560869999928e+04 -2.475484215520000078e+02 2.041842010830000049e+02 -3.172143725020000034e+02
6.500000000000000222e-01 -8.258581882380000025e+03 8.893427006749999464e+02 1.461333094239999991e+04 -2.476394486279999967e+02 2.046624226559999897e+02 -3.168080830790000277e+02
6.500000000000000222e-01 -8.168690290810000079e+03 1.003877847340000017e+03 1.463370562590000009e+04 -2.477101900940000121e+02 2.041019095100000129e+02 -3.170734394130000169e+02
6.500000000000000222e-01 -8.237927519189999657e+03 9.829090093769999612e+02 1.466476248870000018e+04 -2.479721307359999969e+02 2.044905640830000095e+02 -3.170767060950000200e+02
6.500000000000000222e-01 -8.163239019749999898e+03 9.344566474700000072e+02 1.460621136819999992e+04 -2.471977370580000013e+02 2.038925654230000077e+02 -3.174871740539999792e+02
6.500000000000000222e-01 -8.382554999699999826e+03 1.040105089789999965e+03 1.458879220019999957e+04 -2.471268434410000054e+02 2.039695675209999877e+02 -3.166609695050000255e+02
6.500000000000000222e-01 -8.271369497699999556e+03 9.892771220360000370e+02 1.466696939270000075e+04 -2.475379295689999992e+02 2.039351056920000076e+02 -3.172238114450000239e+02
6.500000000000000222e-01 -8.238429144859999724e+03 9.580689380950000213e+02 1.465897609700000066e+04 -2.476565364299999885e+02 2.043019623159999867e+02 -3.172247473329999821e+02
6.500000000000000222e-01 -8.283550604289999683e+03 1.082973979059999920e+03 1.464016746459999922e+04 -2.477299334230000056e+02 2.046477415850000057e+02 -3.175201698160000205e+02
6.500000000000000222e-01 -8.388552136000000246e+03 1.005251138859999969e+03 1.458937698350000028e+04 -2.476827013260000001e+02 2.041076443690000133e+02 -3.177259863379999842e+02
6.500000000000000222e-01 -8.158195107149999785e+03 9.609825143089999528e+02 1.461611753329999920e+04 -2.476224244420000105e+02 2.041165686760000142e+02 -3.169664232470000229e+02
6.500000000000000222e-01 -8.184724709330000223e+03 1.068332110569999941e+03 1.462496346450000055e+04 -2.472919425139999987e+02 2.038268600209999875e+02 -3.172140868829999931e+02
6.500000000000000222e-01 -8.343733262859999741e+03 9.241709074030000011e+02 1.461273757400000068e+04 -2.470669769650000092e+02 2.042651325230000054e+02 -3.167490739520000034e+02
6.500000000000000222e-01 -8.298887549970000691e+03 8.859303975369999762e+02 1.459998024240000086e+04 -2.476333115150000026e+02 2.045490009339999915e+02 -3.169751070670000104e+02
6.500000000000000222e-01 -8.292717663699999321e+03 8.862256466610000416e+02 1.460473167850000027e+04 -2.472080846629999940e+02 2.043110095199999989e+02 -3.167509886060000213e+02
6.500000000000000222e-01 -8.223662880399999267e+03 9.976065062989999888e+02 1.466274528699999973e+04 -2.470451862380000136e+02 2.040585500009999862e+02 -3.173360780489999797e+02
6.500000000000000222e-01 -8.310574130720000539e+03 1.119695548959999996e+03 1.458652668889999950e+04 -2.475164648539999916e+02 2.042835178660000111e+02 -3.177840851369999768e+02
6.500000000000000222e-01 -8.260137015880000035e+03 9.672113455200000089e+02 1.466386774189999960e+04 -2.474043078180000066e+02 2.045860087439999973e+02 -3.170730522910000104e+02
6.500000000000000222e-01 -8.263724067659999491e+03 1.015244236279999996e+03 1.466707058959999995e+04 -2.474015452110000126e+02 2.035749380270000017e+02 -3.171416309319999982e+02
6.500000000000000222e-01 -8.167347235209999781e+03 9.382413465280000082e+02 1.461269476729999951e+04 -2.471376928630000123e+02 2.038998146049999889e+02 -3.177630937260000223e+02
6.500000000000000222e-01 -8.254509891249999782e+03 1.001270853050000028e+03 1.466765127919999941e+04 -2.480803561209999941e+02 2.040606188689999954e+02 -3.171741096769999899e+02
6.500000000000000222e-01 -8.179512948139999935e+03 1.074979330290000007e+03 1.461570238880000034e+04 -2.471272352439999906e+02 2.040538979160000110e+02 -3.175437647989999732e+02
6.500000000000000222e-01 -8.260396114600000146e+03 1.026867227819999925e+03 1.466539263799999935e+04 -2.474315395419999959e+02 2.046840352890000077e+02 -3.173139782279999963e+02
6.500000000000000222e-01 -8.302848288240000329e+03 1.042562771339999927e+03 1.465473393580000084e+04 -2.470426259770000001e+02 2.036703746190000004e+02 -3.170074045929999897e+02
6.500000000000000222e-01 -8.283030437350000284e+03 8.692748487970000042e+02 1.457630793459999950e+04 -2.474517311040000038e+02 2.039142834730000118e+02 -3.178258122380000259e+02
6.500000000000000222e-01 -8.133709177959999579e+03 9.764841928949999783e+02 1.458451513779999914e+04 -2.477138789750000001e+02 2.041788075300000003e+02 -3.168231280570000195e+02
6.500000000000000222e-01 -8.121956873430000087e+03 1.025272393810000040e+03 1.454636039879999953e+04 -2.473891781620000074e+02 2.041094472499999881e+02 -3.178640301280000244e+02
6.500000000000000222e-01 -8.135301539080000111e+03 1.044982839790000071e+03 1.457627101910000056e+04 -2.476806339940000043e+02 2.039915408990000003e+02 -3.166800662969999962e+02
6.500000000000000222e-01 -8.224356146390000504e+03 1.040023720850000018e+03 1.465727233100000012e+04 -2.479220602460000009e+02 2.037141846780000094e+02 -3.169821180289999916e+02
6.500000000000000222e-01 -8.242835442210000110e+03 1.019344950870000048e+03 1.466539594589999979e+04 -2.470726440610000054e+02 2.044207970360000104e+02 -3.173044698929999754e+02
6.500000000000000222e-01 -8.202998554870000589e+03 1.017744497369999976e+03 1.465431889819999924e+04 -2.479969991110000080e+02 2.039149614160000112e+02 -3.169649788180000201e+02
6.500000000000000222e-01 -8.250081545069999265e+03 9.916929650380000112e+02 1.466706333430000086e+04 -2.471387101470000118e+02 2.038342673330000139e+02 -3.172552989980000007e+02
6.500000000000000222e-01 -8.276971403030000147e+03 1.090702748859999929e+03 1.463506677309999941e+04 -2.476106736920000060e+02 2.046107175749999953e+02 -3.176017603160000249e+02
6.500000000000000222e-01 -8.245253075410000747e+03 9.798794032729999799e+02 1.466540137949999917e+04 -2.471063146189999884e+02 2.036187999809999951e+02 -3.173112780899999734e+02
6.500000000000000222e-01 -8.397978212829999393e+03 1.022931796360000021e+03 1.455894489319999957e+04 -2.473136993440000140e+02 2.040602378060000035e+02 -3.169840040049999743e+02
6.500000000000000222e-01 -8.313497413639999650e+03 9.889353146790000437e+02 1.465740709170000082e+04 -2.472693746630000078e+02 2.042098643129999971e+02 -3.170962056509999911e+02
6.500000000000000222e-01 -8.299546077430000878e+03 9.143914713230000189e+02 1.463174063399999977e+04 -2.474393371969999862e+02 2.046767104870000082e+02 -3.168370566930000223e+02
6.500000000000000222e-01 -8.316747076800000286e+03 1.115190369429999919e+03 1.458757828680000057e+04 -2.471795238470000129e+02 2.037767122529999995e+02 -3.171171525139999972e+02
6.500000000000000222e-01 -8.277418982630000755e+03 9.871723301670000410e+02 1.466623366610000085e+04 -2.471111906360000035e+02 2.045445415309999930e+02 -3.171126617470000042e+02
6.500000000000000222e-01 -8.175028602170000340e+03 9.045287588119999782e+02 1.458631319079999957e+04 -2.476166538749999972e+02 2.043187159039999869e+02 -3.166867216680000183e+02
6.500000000000000222e-01 -8.196475860939999620e+03 9.373460091440000497e+02 1.463527760900000067e+04 -2.471390578529999971e+02 2.037984792299999981e+02 -3.176439541999999960e+02
6.500000000000000222e-01 -8.275610251190000781e+03 9.801775806670000293e+02 1.466558448649999991e+04 -2.471271166070000049e+02 2.044264131790000079e+02 -3.171154324149999866e+02
6.500000000000000222e-01 -8.357893197650000729e+03 1.019144355310000037e+03 1.462823614470000030e+04 -2.476167763219999927e+02 2.040889591380000070e+02 -3.174155986019999887e+02
6.500000000000000222e-01 -8.285447049770000376e+03 1.005699936859999980e+03 1.466565747980000015e+04 -2.475756671990000086e+02 2.041402790900000070e+02 -3.172166434690000187e+02
6.500000000000000222e-01 -8.359886480490000395e+03 9.648144517389999919e+02 1.462196113990000049e+04 -2.476834437539999954e+02 2.041665956699999924e+02 -3.173665825730000165e+02
6.500000000000000222e-01 -8.402738648599999578e+03 1.001041895810000028e+03 1.454367538389999936e+04 -2.473050535870000033e+02 2.041013131590000000e+02 -3.165845133139999916e+02
6.500000000000000222e-01 -8.275495701579999150e+03 1.126820189060000075e+03 1.458881505610000022e+04 -2.472486170599999866e+02 2.039944837609999979e+02 -3.175574079140000094e+02
6.500000000000000222e-01 -8.261113370220000434e+03 1.013412722550000012e+03 1.466725997400000051e+04 -2.475270727319999935e+02 2.036990648979999889e+02 -3.171649645129999726e+02
6.500000000000000222e-01 -8.290684045519999927e+03 1.009666479890000005e+03 1.466448143610000079e+04 -2.475794971489999909e+02 2.041606735809999975e+02 -3.172170054819999905e+02
6.500000000000000222e-01 -8.246289222389999850e+03 1.029606213920000073e+03 1.466409889979999934e+04 -2.477651539260000106e+02 2.038410690649999992e+02 -3.171190676059999873e+02
6.500000000000000222e-01 -8.296547983320000640e+03 9.702740831600000320e+02 1.465996752980000019e+04 -2.470179990590000045e+02 2.045318907479999950e+02 -3.169784750389999886e+02
6.500000000000000222e-01 -8.262074954870000511e+03 1.007877643469999953e+03 1.466761854320000020e+04 -2.475049575639999944e+02 2.044631328700000097e+02 -3.172243665529999816e+02
6.500000000000000222e-01 -8.242924598909999986e+03 1.006863479480000024e+03 1.466650108430000000e+04 -2.470263877200000024e+02 2.042291719700000101e+02 -3.172721358100000089e+02
6.500000000000000222e-01 -8.345838985739999771e+03 1.059580598320000036e+03 1.462403278169999976e+04 -2.471035841199999936e+02 2.038579403790000129e+02 -3.167212202370000114e+02
6.500000000000000222e-01 -8.261677990590000263e+03 1.033921883049999906e+03 1.466376051630000075e+04 -2.473202813149999884e+02 2.037617621150000105e+02 -3.171645934109999985e+02
6.500000000000000222e-01 -8.237643129129999579e+03 1.100364124839999931e+03 1.462468790939999963e+04 -2.475961389269999984e+02 2.036469224020000013e+02 -3.167583062069999755e+02
6.500000000000000222e-01 -8.246835302479999882e+03 9.813854288219999944e+02 1.466579525579999972e+04 -2.477014699519999965e+02 2.044633852199999922e+02 -3.171254303680000248e+02
6.500000000000000222e-01 -8.154792646009999771e+03 9.565348242940000318e+02 1.461002485139999953e+04 -2.475947562489999996e+02 2.041119134040000063e+02 -3.169637277510000217e+02
6.500000000000000222e-01 -8.182031349390000287e+03 1.007825005499999975e+03 1.464359590319999916e+04 -2.479295113029999982e+02 2.040764374869999926e+02 -3.169536943420000057e+02
6.500000000000000222e-01 -8.185123008630000186e+03 1.073501258400000097e+03 1.462155657749999955e+04 -2.471079899650000016e+02 2.042858713790000138e+02 -3.176925383459999921e+02
6.500000000000000222e-01 -8.333748554289999447e+03 9.044941346110000495e+02 1.460149021560000074e+04 -2.472056569449999870e+02 2.044111117029999889e+02 -3.166509729439999887e+02
6.500000000000000222e-01 -8.261596268650000638e+03 1.010002358459999982e+03 1.466751506700000027e+04 -2.474322280799999874e+02 2.034533080040000073e+02 -3.171564299589999791e+02
6.500000000000000222e-01 -8.311548003930000050e+03 1.003106647410000051e+03 1.465861076949999915e+04 -2.478502549620000082e+02 2.041139194659999987e+02 -3.173407900440000162e+02
6.500000000000000222e-01 -8.254452044469999237e+03 1.121649514420000060e+03 1.460192157020000013e+04 -2.476760587690000079e+02 2.040112085540000066e+02 -3.168473196979999784e+02
6.500000000000000222e-01 -8.193587811290000900e+03 1.072313801819999981e+03 1.462847981260000051e+04 -2.478674202370000046e+02 2.040261838659999967e+02 -3.169539740870000060e+02
6.500000000000000222e-01 -8.318600482399999237e+03 9.288368061950000083e+02 1.463424973390000014e+04 -2.474147482070000024e+02 2.037197438270000021e+02 -3.174308359639999821e+02
6.500000000000000222e-01 -8.254308589099999153e+03 9.956326826270000083e+02 1.466753136389999963e+04 -2.472369456840000055e+02 2.039305311509999967e+02 -3.172284867110000164e+02
6.500000000000000222e-01 -8.221027953999999227e+03 1.077059405250000054e+03 1.463892804989999968e+04 -2.477780862850000005e+02 2.036958546300000137e+02 -3.168450376260000212e+02
