3.450000000000000000e+05 2.533561004099999991e+03 -4.629573052959999586e+03 -7.245570774869999696e+03 -1.301950500220000038e+02 4.732550807140000160e+01 -1.142810021670000076e+01
6.500000000000000222e-01 2.443698317989999850e+03 -4.534579753629999686e+03 -6.974424986889999673e+03 -1.307840248109999948e+02 4.854847941690000113e+01 -9.740716914620000111e+00
6.500000000000000222e-01 2.365646488320000117e+03 -4.749949484069999926e+03 -7.426031448900000214e+03 -1.288973280589999888e+02 4.723290387309999971e+01 -1.093618024300000080e+01
6.500000000000000222e-01 2.718561100169999918e+03 -4.552332725399999617e+03 -7.063854772089999642e+03 -1.313459847210000078e+02 4.791571730479999758e+01 -1.272769763920000052e+01
6.500000000000000222e-01 2.522424913710000055e+03 -4.763768630960000337e+03 -7.516834759080000367e+03 -1.288490895019999982e+02 4.391007239929999884e+01 -1.208828195219999913e+01
6.500000000000000222e-01 2.645685570220000045e+03 -4.829124958139999762e+03 -7.416443310220000058e+03 -1.301223494900000048e+02 4.729750635130000092e+01 -1.296522541530000083e+01
6.500000000000000222e-01 2.623106382200000098e+03 -4.427923279569999977e+03 -7.391480814819999978e+03 -1.314014309679999997e+02 4.415521352070000205e+01 -1.283200216550000050e+01
6.500000000000000222e-01 2.325228204600000026e+03 -4.530114325180000378e+03 -7.379063001890000123e+03 -1.277651725810000016e+02 4.645650798169999973e+01 -1.146080332900000087e+01
6.500000000000000222e-01 2.691215341780000017e+03 -4.474087817290000203e+03 -7.391004617900000085e+03 -1.311521600169999999e+02 4.391026721069999894e+01 -1.277736494980000082e+01
6.500000000000000222e-01 2.313773233599999912e+03 -4.546120142120000310e+03 -7.050257973740000125e+03 -1.295839382300000011e+02 4.909088300279999828e+01 -8.658754732540000276e+00
6.500000000000000222e-01 2.278395892930000173e+03 -4.638610411990000102e+03 -7.135043357839999771e+03 -1.281091613449999898e+02 4.887814105700000056e+01 -7.804133439540000161e+00
6.500000000000000222e-01 2.364727857159999985e+03 -4.774571039600000404e+03 -7.405711439400000017e+03 -1.290052965309999990e+02 4.681400091039999722e+01 -1.038154436279999970e+01
6.500000000000000222e-01 2.593223215120000077e+03 -4.636349514649999946e+03 -6.976203310609999789e+03 -1.330893372150000005e+02 4.954845813189999859e+01 -1.110772990469999932e+01
6.500000000000000222e-01 2.474175807139999961e+03 -4.487106797039999947e+03 -7.477036063929999727e+03 -1.297318899470000133e+02 4.530899776070000229e+01 -1.122178665170000045e+01
6.500000000000000222e-01 2.412732760020000114e+03 -4.586946677160000036e+03 -7.482681892919999882e+03 -1.265196759189999938e+02 4.525288779710000142e+01 -1.233462561590000028e+01
6.500000000000000222e-01 2.666188354259999869e+03 -4.581085679359999631e+03 -7.015638341230000151e+03 -1.327874605270000075e+02 4.849215412659999913e+01 -1.149062109199999959e+01
6.500000000000000222e-01 2.428652380840000205e+03 -4.834895285040000090e+03 -7.405062267649999740e+03 -1.274560344439999966e+02 4.857635199429999773e+01 -1.472485219010000002e+01
6.500000000000000222e-01 2.321769070859999829e+03 -4.703667405309999594e+03 -7.386937946580000244e+03 -1.288667246009999872e+02 4.676741207820000312e+01 -9.474064647329999644e+00
6.500000000000000222e-01 2.527473411529999794e+03 -4.697881843400000434e+03 -6.982153810140000132e+03 -1.320902712900000040e+02 5.184570543539999932e+01 -1.077616921599999955e+01
6.500000000000000222e-01 2.438129124070000216e+03 -4.679655338649999976e+03 -6.978598824079999758e+03 -1.288305315629999939e+02 5.053736534859999807e+01 -9.696527174059999865e+00
6.500000000000000222e-01 2.589304925120000007e+03 -4.573918541359999836e+03 -7.514780499219999911e+03 -1.290427214009999943e+02 4.330461931130000153e+01 -1.217112750010000077e+01
6.500000000000000222e-01 2.335898166219999894e+03 -4.460029091159999552e+03 -7.337073738490000324e+03 -1.295554456159999859e+02 4.703755785380000276e+01 -8.563539301380000524e+00
6.500000000000000222e-01 2.393722152580000056e+03 -4.454589093020000291e+03 -7.391079882740000357e+03 -1.285426169989999892e+02 4.518373680690000072e+01 -1.166556818489999969e+01
6.500000000000000222e-01 2.628942281300000104e+03 -4.466348342840000441e+03 -7.033098204050000277e+03 -1.338200214930000129e+02 4.674729477849999881e+01 -8.798083729600000069e+00
6.500000000000000222e-01 2.742509869600000002e+03 -4.646842087889999675e+03 -7.090010629569999764e+03 -1.329086249450000139e+02 4.773253266230000236e+01 -1.182987281880000019e+01
6.500000000000000222e-01 2.738554899809999824e+03 -4.618756951219999792e+03 -7.084026066379999975e+03 -1.322852222170000118e+02 4.774282742420000147e+01 -1.263038184630000060e+01
6.500000000000000222e-01 2.515099565429999984e+03 -4.830468108809999649e+03 -7.068166587519999666e+03 -1.295486467489999995e+02 5.042173547910000053e+01 -1.078453884970000054e+01
6.500000000000000222e-01 2.405789898720000110e+03 -4.475044796930000302e+03 -7.433467796079999971e+03 -1.300663715400000058e+02 4.698797696919999822e+01 -9.338090582410000451e+00
6.500000000000000222e-01 2.351536117579999882e+03 -4.812895788490000086e+03 -7.306711559370000032e+03 -1.285250303660000100e+02 4.807285174279999751e+01 -9.983381149510000441e+00
6.500000000000000222e-01 2.424746994499999801e+03 -4.386591575370000101e+03 -7.330192038700000012e+03 -1.303358427130000052e+02 4.617884322599999791e+01 -9.683219319410000026e+00
6.500000000000000222e-01 2.398540617870000005e+03 -4.769639416140000321e+03 -7.052383735800000068e+03 -1.308583875509999928e+02 4.851517121650000064e+01 -1.273794298219999988e+01
6.500000000000000222e-01 2.707677973620000103e+03 -4.473864271620000181e+03 -7.118067297839999810e+03 -1.321910960339999974e+02 4.599676134300000285e+01 -1.083318711120000088e+01
6.500000000000000222e-01 2.299699826659999871e+03 -4.706535767430000305e+03 -7.120199054640000213e+03 -1.300525328539999919e+02 4.903816541199999790e+01 -1.244605848339999987e+01
6.500000000000000222e-01 2.269406712770000013e+03 -4.660733891359999689e+03 -7.230474306389999583e+03 -1.282664230350000025e+02 4.823912422869999972e+01 -8.082090217350000216e+00
6.500000000000000222e-01 2.590700224359999993e+03 -4.600705289739999898e+03 -7.528804236820000369e+03 -1.308549725039999885e+02 4.447886645290000018e+01 -1.265707980370000030e+01
6.500000000000000222e-01 2.419504198699999961e+03 -4.377251821920000111e+03 -7.177840155070000037e+03 -1.303044106090000014e+02 4.639487846330000309e+01 -6.989289713719999853e+00
6.500000000000000222e-01 2.520136078500000167e+03 -4.359199859649999780e+03 -7.277019224659999963e+03 -1.311851047080000114e+02 4.585837831500000306e+01 -9.504880900639999908e+00
6.500000000000000222e-01 2.579012622610000108e+03 -4.532346697209999547e+03 -7.490074112149999564e+03 -1.286504447270000071e+02 4.340343285899999870e+01 -1.162348289330000028e+01
6.500000000000000222e-01 2.595714911539999775e+03 -4.525172204409999722e+03 -6.983712990750000245e+03 -1.320353225050000106e+02 4.686913407979999846e+01 -9.972070169280000229e+00
6.500000000000000222e-01 2.399034378899999865e+03 -4.720943529699999999e+03 -7.021458387439999569e+03 -1.303762663580000094e+02 5.117789592470000315e+01 -1.057835629779999920e+01
6.500000000000000222e-01 2.597243368200000077e+03 -4.436719450360000337e+03 -7.036858423460000267e+03 -1.315149069679999911e+02 4.897357388679999701e+01 -1.136727088099999960e+01
9.810000000000000000e+05 8.275330537810000533e+04 4.458051773889999936e+01 3.454230337660000077e+04 -1.218292557390000042e+01 2.648078946109999876e+01 -5.378468672009999807e+01
6.500000000000000222e-01 8.329720274809999682e+04 -1.374185364709999931e+03 3.647879646399999910e+04 -1.135496314749999947e+01 2.562987971800000153e+01 -5.416987501540000238e+01
6.500000000000000222e-01 8.433274087749999308e+04 1.344871764069999927e+03 3.318901657120000164e+04 -1.248430765260000008e+01 2.581727251439999904e+01 -5.462842173010000124e+01
6.500000000000000222e-01 8.345152158970000164e+04 -1.483953427460000057e+03 3.633014084590000130e+04 -1.241205331409999957e+01 2.741496786500000127e+01 -5.291532048330000038e+01
6.500000000000000222e-01 8.033632479379999859e+04 -1.183382000779999998e+02 3.414037119749999692e+04 -1.240059624140000061e+01 2.650500640810000164e+01 -5.367552476390000038e+01
6.500000000000000222e-01 8.445067740879999474e+04 1.637981074349999972e+03 3.376986522569999943e+04 -1.193058729100000015e+01 2.674572630209999957e+01 -5.249936436630000003e+01
6.500000000000000222e-01 8.166511747939999623e+04 2.239476445559999775e+03 3.462628648989999783e+04 -1.220259903590000050e+01 2.630002311459999831e+01 -5.422810868010000007e+01
6.500000000000000222e-01 8.223932870690000709e+04 6.387308714370000189e+02 3.686450629309999931e+04 -1.122502379200000000e+01 2.545851786889999957e+01 -5.349023697300000180e+01
6.500000000000000222e-01 8.272597721110000566e+04 2.496079827680000108e+03 3.452059148350000032e+04 -1.217483867980000056e+01 2.630607341369999830e+01 -5.419592677880000053e+01
6.500000000000000222e-01 8.254952241360000335e+04 9.341982200329999841e+02 3.226311310589999994e+04 -1.239623838690000035e+01 2.578735169699999830e+01 -5.407193177829999797e+01
6.500000000000000222e-01 8.167133229289999872e+04 2.659398434979999948e+01 3.233975184570000056e+04 -1.216528201120000041e+01 2.649491409799999886e+01 -5.384478748080000088e+01
6.500000000000000222e-01 8.451170152940000116e+04 -1.095666769299999942e+03 3.327949864169999637e+04 -1.204537094440000011e+01 2.657794313220000149e+01 -5.294905018680000097e+01
6.500000000000000222e-01 8.217285007099999348e+04 8.351386986990000594e+01 3.692439166989999649e+04 -1.204164003900000068e+01 2.649387194679999880e+01 -5.390291030230000047e+01
6.500000000000000222e-01 8.178164580359999673e+04 -1.809069619730000113e+03 3.582673400180000317e+04 -1.162540965700000051e+01 2.613922000490000030e+01 -5.380624251910000311e+01
6.500000000000000222e-01 8.243548624650000420e+04 -2.298142416659999981e+03 3.387665773539999645e+04 -1.195533051700000016e+01 2.662790777649999896e+01 -5.462260027760000014e+01
6.500000000000000222e-01 8.111902266909999889e+04 -1.774385784060000105e+03 3.473888115419999667e+04 -1.217459588060000009e+01 2.662993664949999939e+01 -5.277858215940000264e+01
6.500000000000000222e-01 8.391818021679999947e+04 -1.919624423420000085e+03 3.367336113430000114e+04 -1.241220499860000004e+01 2.680166368529999943e+01 -5.320723818119999748e+01
6.500000000000000222e-01 8.509181409139999596e+04 6.550199398239999482e+02 3.497803343339999992e+04 -1.187372944140000008e+01 2.641418342949999953e+01 -5.424956896879999846e+01
6.500000000000000222e-01 8.519403755779999483e+04 2.996419588570000201e+02 3.460672249480000028e+04 -1.204968792190000038e+01 2.646647658770000078e+01 -5.346832883399999758e+01
6.500000000000000222e-01 8.162555158250000386e+04 -1.431408447069999966e+03 3.293733533509999688e+04 -1.166807024400000081e+01 2.635231455039999915e+01 -5.413257907389999701e+01
6.500000000000000222e-01 8.185503706430000602e+04 8.200870484710000028e+02 3.669221271449999767e+04 -1.182920578350000085e+01 2.621953913729999996e+01 -5.351185308259999829e+01
6.500000000000000222e-01 8.189440591000000131e+04 1.372180815650000113e+03 3.266077836380000008e+04 -1.306994798710000083e+01 2.739415007079999853e+01 -5.300256488659999832e+01
6.500000000000000222e-01 8.429543483040000137e+04 -1.451799565230000098e+03 3.334359286799999973e+04 -1.207088590470000078e+01 2.648932414409999936e+01 -5.426491792830000094e+01
6.500000000000000222e-01 8.375433904079999775e+04 -2.180295780500000092e+03 3.478807033239999873e+04 -1.207383614009999917e+01 2.652135745740000061e+01 -5.502221077480000133e+01
6.500000000000000222e-01 8.281870003290000022e+04 1.492012426009999899e+03 3.255872655719999966e+04 -1.261263069690000016e+01 2.760653561049999993e+01 -5.308045918610000058e+01
6.500000000000000222e-01 8.467802028080000309e+04 -1.345111888639999961e+03 3.518279127690000314e+04 -1.172191309519999969e+01 2.629369034520000170e+01 -5.438253948770000079e+01
6.500000000000000222e-01 8.148619861099999980e+04 1.807616686459999983e+03 3.566851766089999728e+04 -1.165779693700000053e+01 2.571672251509999896e+01 -5.296918927410000322e+01
6.500000000000000222e-01 8.429828698590000567e+04 -1.278841399650000085e+03 3.590230117199999950e+04 -1.198196347060000022e+01 2.657381225219999976e+01 -5.444347567709999680e+01
6.500000000000000222e-01 8.432145238129999780e+04 9.661389882129999478e+02 3.289892652860000089e+04 -1.175737249660000039e+01 2.697575052619999880e+01 -5.285252776690000331e+01
6.500000000000000222e-01 8.236627828240000235e+04 -2.565988554799999974e+02 3.213883362829999896e+04 -1.323626973010000007e+01 2.595120834940000165e+01 -5.349195793290000012e+01
6.500000000000000222e-01 8.256205629940000654e+04 -2.623689866139999936e+02 3.211661226560000068e+04 -1.281350609290000087e+01 2.604513164500000144e+01 -5.358306184519999960e+01
6.500000000000000222e-01 8.058453906819999975e+04 -6.373556616839999833e+02 3.546837773000000016e+04 -1.264736014940000075e+01 2.655599443079999844e+01 -5.464635107750000032e+01
6.500000000000000222e-01 8.310167254970000067e+04 2.244815134479999870e+03 3.558512106849999691e+04 -1.260710424880000069e+01 2.678681796060000053e+01 -5.371485705429999769e+01
6.500000000000000222e-01 8.178413695529999677e+04 1.941552239289999989e+03 3.573738553600000159e+04 -1.194003979170000029e+01 2.628643200500000177e+01 -5.456252775139999756e+01
6.500000000000000222e-01 8.411564573079999536e+04 -1.848042533540000022e+03 3.529355118309999671e+04 -1.197579590790000026e+01 2.643054855389999958e+01 -5.487652353880000078e+01
6.500000000000000222e-01 8.472518874949999736e+04 1.353272025660000054e+03 3.389208298630000354e+04 -1.194543323579999949e+01 2.619172027589999985e+01 -5.377386873350000229e+01
6.500000000000000222e-01 8.278034434759999567e+04 8.630154631929999596e+02 3.685578590249999979e+04 -1.226887832220000085e+01 2.764783762089999897e+01 -5.421474300149999692e+01
6.500000000000000222e-01 8.459276385380000283e+04 -1.434894253870000057e+03 3.519350879900000291e+04 -1.231780482069999927e+01 2.683565563919999875e+01 -5.336400517429999724e+01
6.500000000000000222e-01 8.032409637349999684e+04 4.382407016020000157e+00 3.489234814319999714e+04 -1.250618655749999952e+01 2.648092492110000151e+01 -5.523123725850000199e+01
6.500000000000000222e-01 8.348660705989999406e+04 2.123499525329999869e+03 3.562931804939999711e+04 -1.252565157279999930e+01 2.693251867709999914e+01 -5.401730257890000075e+01
6.500000000000000222e-01 8.507068395789999340e+04 4.020672933420000277e+02 3.526809560469999997e+04 -1.223211813069999998e+01 2.648135093160000153e+01 -5.314065435519999880e+01
4.560000000000000000e+04 8.629505925850000494e+03 1.888348467609999943e+03 1.973180670440000176e+04 1.987252327159999936e+02 -6.250842509440000327e+01 1.869739511639999989e+02
6.500000000000000222e-01 8.694782665029999407e+03 1.865842862890000106e+03 1.992865750150000167e+04 1.980358179620000101e+02 -6.198967021410000200e+01 1.876471595550000018e+02
6.500000000000000222e-01 8.580025241299999834e+03 1.936747059880000052e+03 1.953406277069999851e+04 1.979035950370000023e+02 -6.202241429819999752e+01 1.868989028860000019e+02
6.500000000000000222e-01 8.583598730350000551e+03 1.912447676629999933e+03 1.993239787609999985e+04 1.999153570349999995e+02 -6.290444763469999856e+01 1.875120699359999890e+02
6.500000000000000222e-01 8.731002811950000250e+03 1.751097479770000064e+03 1.963337187849999827e+04 1.979963670589999936e+02 -6.176241509719999812e+01 1.862551078529999984e+02
6.500000000000000222e-01 8.736560217649999686e+03 1.740155509819999907e+03 1.966494084110000040e+04 1.982580462580000074e+02 -6.207319188289999801e+01 1.873891348820000076e+02
6.500000000000000222e-01 8.531694455160000871e+03 1.855804675880000104e+03 1.990883254300000044e+04 1.987236350510000022e+02 -6.231821064310000224e+01 1.869089264129999890e+02
6.500000000000000222e-01 8.532828374909999184e+03 1.838968811230000028e+03 1.955361310600000070e+04 1.993711710780000033e+02 -6.237509813340000164e+01 1.861572923729999900e+02
6.500000000000000222e-01 8.752864735369999835e+03 1.879805929119999973e+03 1.957016332690000127e+04 1.975699150220000035e+02 -6.250315559260000242e+01 1.862677064890000054e+02
6.500000000000000222e-01 8.753611601470000096e+03 1.770257954059999975e+03 1.982734277870000005e+04 1.984150642730000129e+02 -6.198884439809999947e+01 1.869137845669999933e+02
6.500000000000000222e-01 8.567343412160000298e+03 1.710549054520000027e+03 1.966631926020000174e+04 1.985157309120000093e+02 -6.180288589450000103e+01 1.864746485580000126e+02
6.500000000000000222e-01 8.678854720350000207e+03 1.757021736160000046e+03 1.987107225480000125e+04 1.982835898879999945e+02 -6.139641862890000112e+01 1.876521729700000094e+02
6.500000000000000222e-01 8.801331563580000875e+03 1.784702920530000029e+03 1.971859564690000116e+04 1.983809960199999978e+02 -6.224651810150000131e+01 1.861601579080000022e+02
6.500000000000000222e-01 8.682627260150000438e+03 1.710030922330000067e+03 1.978832815589999882e+04 1.984289844589999916e+02 -6.186726920790000150e+01 1.867513232070000129e+02
6.500000000000000222e-01 8.676916498750000756e+03 1.753925492769999892e+03 1.988754898070000127e+04 1.993240338889999919e+02 -6.290266473879999864e+01 1.868471604929999899e+02
6.500000000000000222e-01 8.551096813180000026e+03 1.962695573499999909e+03 1.955205324789999941e+04 1.990246289240000124e+02 -6.313755291319999685e+01 1.861830743140000095e+02
6.500000000000000222e-01 8.823275745659999302e+03 1.933128499789999978e+03 1.970151534399999946e+04 1.982530454850000012e+02 -6.260067236889999975e+01 1.862792564739999932e+02
6.500000000000000222e-01 8.585652617100000498e+03 2.077486058689999936e+03 1.978918863409999904e+04 1.989134827340000129e+02 -6.307746194900000347e+01 1.880226345380000055e+02
6.500000000000000222e-01 8.786539218719999553e+03 1.928562255029999960e+03 1.985878246289999879e+04 1.988995792229999893e+02 -6.232415799030000159e+01 1.868745657880000124e+02
6.500000000000000222e-01 8.770484821489999376e+03 2.031228727290000052e+03 1.974628308019999895e+04 1.985144483589999993e+02 -6.284889910929999957e+01 1.873651905080000120e+02
6.500000000000000222e-01 8.668914987149999433e+03 2.076675954389999788e+03 1.980104315050000150e+04 1.985927899529999934e+02 -6.299860211709999902e+01 1.880151468749999992e+02
6.500000000000000222e-01 8.820905828189999738e+03 1.952795660869999892e+03 1.972887768000000142e+04 1.984277839460000052e+02 -6.260818243370000147e+01 1.863143814940000027e+02
6.500000000000000222e-01 8.518858628519999911e+03 1.760490634080000063e+03 1.984092191380000077e+04 1.992945885059999966e+02 -6.178821427689999979e+01 1.877550112460000094e+02
6.500000000000000222e-01 8.440513102240000080e+03 1.867580004120000012e+03 1.966062269949999973e+04 1.989452144750000002e+02 -6.257222460119999852e+01 1.868883659820000105e+02
6.500000000000000222e-01 8.604480298689999472e+03 2.086085643670000081e+03 1.972446301260000109e+04 1.988331352449999940e+02 -6.294038681979999694e+01 1.878804911260000097e+02
6.500000000000000222e-01 8.698991639879999639e+03 1.899305273749999969e+03 1.992928350420000061e+04 1.984124204850000126e+02 -6.254620878179999721e+01 1.875088102679999906e+02
6.500000000000000222e-01 8.559530437890000030e+03 1.703832738490000111e+03 1.970079248960000041e+04 1.986134662869999943e+02 -6.202745580500000244e+01 1.871955011670000033e+02
6.500000000000000222e-01 8.717647155270000439e+03 2.026608928840000090e+03 1.961382215369999903e+04 1.980616986899999858e+02 -6.316326056159999780e+01 1.862222761069999990e+02
6.500000000000000222e-01 8.593384472580000875e+03 1.696970387220000021e+03 1.979340084170000046e+04 1.991233121589999939e+02 -6.238221697819999889e+01 1.867407580889999963e+02
6.500000000000000222e-01 8.807778454420000344e+03 1.838314834069999961e+03 1.981658982960000139e+04 1.988723861930000112e+02 -6.240035008320000287e+01 1.864758705239999870e+02
6.500000000000000222e-01 8.475515192580000075e+03 1.762272689180000043e+03 1.969581793560000006e+04 1.988653668599999946e+02 -6.215109968680000208e+01 1.866853510509999978e+02
6.500000000000000222e-01 8.530437557089999245e+03 2.016498544710000033e+03 1.985539524380000148e+04 1.993742782649999867e+02 -6.314081131180000028e+01 1.878952005840000083e+02
6.500000000000000222e-01 8.703888986969999678e+03 1.953284387610000067e+03 1.955192934899999818e+04 1.990707513860000120e+02 -6.222484560139999843e+01 1.872523131130000138e+02
6.500000000000000222e-01 8.748782569299999523e+03 1.737866300509999974e+03 1.979958456030000161e+04 1.988568840570000020e+02 -6.246161399929999902e+01 1.862650002690000122e+02
6.500000000000000222e-01 8.793433360499999253e+03 2.003838056659999893e+03 1.971191785600000003e+04 1.983951701000000014e+02 -6.276710895109999910e+01 1.862668921810000029e+02
6.500000000000000222e-01 8.722200580979999359e+03 2.060927843229999780e+03 1.969102618069999880e+04 1.985493582009999898e+02 -6.308000225810000217e+01 1.863647514239999907e+02
6.500000000000000222e-01 8.490412563960000625e+03 1.762636960629999976e+03 1.980352564910000001e+04 1.993044773020000093e+02 -6.207894990089999965e+01 1.877154352309999865e+02
6.500000000000000222e-01 8.489919877719999931e+03 2.029060331959999985e+03 1.976438461019999886e+04 1.989088838629999998e+02 -6.266612821460000049e+01 1.859841885730000115e+02
6.500000000000000222e-01 8.750153112219999457e+03 1.738691155799999933e+03 1.980820801769999889e+04 1.986504654089999917e+02 -6.217471331120000144e+01 1.876233428159999903e+02
6.500000000000000222e-01 8.799123937480000677e+03 1.969454383329999928e+03 1.981239191059999939e+04 1.982209811030000139e+02 -6.273402087489999701e+01 1.882450193530000035e+02
6.500000000000000222e-01 8.535022725000000719e+03 1.834665333180000061e+03 1.990545823880000171e+04 1.983558036230000141e+02 -6.261164207569999718e+01 1.866548048569999878e+02
1.390000000000000000e+04 -1.208066515079999954e+04 4.255426211240000157e+03 9.160987610160000258e+03 -2.240734714879999956e+02 1.980011412409999991e+02 -3.464629400219999980e+02
6.500000000000000222e-01 -1.218822297450000042e+04 4.344752119849999872e+03 9.193398264269999345e+03 -2.242667386290000024e+02 1.979581789499999900e+02 -3.467003012270000113e+02
6.500000000000000222e-01 -1.215433827480000036e+04 4.234355208279999715e+03 9.285509292779999669e+03 -2.246836066669999923e+02 1.980015223970000022e+02 -3.464413720379999972e+02
6.500000000000000222e-01 -1.200536103329999969e+04 4.235523321749999923e+03 9.278626499170000898e+03 -2.245635779479999883e+02 1.980663294089999908e+02 -3.464813391170000045e+02
6.500000000000000222e-01 -1.199157478850000007e+04 4.293917916479999803e+03 9.051495800160000726e+03 -2.234044333109999911e+02 1.979743023329999971e+02 -3.463511510189999854e+02
6.500000000000000222e-01 -1.197811569600000075e+04 4.326272296250000181e+03 9.222407396250000602e+03 -2.246170634389999918e+02 1.976971041250000098e+02 -3.461233074560000205e+02
6.500000000000000222e-01 -1.212345985660000042e+04 4.340194997079999666e+03 9.271326920589999645e+03 -2.242062191509999991e+02 1.974651970699999879e+02 -3.457674164570000244e+02
6.500000000000000222e-01 -1.203037836520000019e+04 4.139606967380000242e+03 9.104786115639999480e+03 -2.239886964410000019e+02 1.982643103739999901e+02 -3.462782156939999822e+02
6.500000000000000222e-01 -1.212732011670000065e+04 4.133389766139999665e+03 9.207793324739999662e+03 -2.241383717669999953e+02 1.986516121180000027e+02 -3.459425920049999945e+02
6.500000000000000222e-01 -1.208700982379999914e+04 4.138411344709999867e+03 9.246360477059999539e+03 -2.239367895560000079e+02 1.980192786240000089e+02 -3.465570587880000062e+02
6.500000000000000222e-01 -1.202539883440000085e+04 4.356763001190000068e+03 9.236442614460000186e+03 -2.242006215410000038e+02 1.973605343529999914e+02 -3.463024104419999958e+02
6.500000000000000222e-01 -1.194308085969999956e+04 4.246897865199999615e+03 9.123438763399999516e+03 -2.242254131239999992e+02 1.979433855139999991e+02 -3.473004333370000154e+02
6.500000000000000222e-01 -1.205493729139999959e+04 4.120185079849999966e+03 9.124949545040000885e+03 -2.238109025219999921e+02 1.981073335419999921e+02 -3.460806745070000261e+02
6.500000000000000222e-01 -1.199056744959999924e+04 4.146937954500000160e+03 9.137870974420000493e+03 -2.239888770780000016e+02 1.982020032240000091e+02 -3.467795201860000134e+02
6.500000000000000222e-01 -1.207138676599999962e+04 4.158724586070000441e+03 9.052229470120000769e+03 -2.235407097540000052e+02 1.976090119090000030e+02 -3.462861939719999782e+02
6.500000000000000222e-01 -1.219299941799999942e+04 4.252385863440000321e+03 9.253781215889999658e+03 -2.243683274159999996e+02 1.981089463840000064e+02 -3.463232513219999760e+02
6.500000000000000222e-01 -1.196873544229999970e+04 4.170769291450000310e+03 9.138444400039999891e+03 -2.239764251020000074e+02 1.981045375920000140e+02 -3.462033113620000222e+02
6.500000000000000222e-01 -1.201708758019999914e+04 4.215443489829999635e+03 9.037924195589999727e+03 -2.241411039220000134e+02 1.983023807799999929e+02 -3.468974722639999868e+02
6.500000000000000222e-01 -1.201642312599999968e+04 4.234717704159999812e+03 9.284598013340000762e+03 -2.240046804920000056e+02 1.979796511719999899e+02 -3.468089674920000220e+02
6.500000000000000222e-01 -1.217545695320000050e+04 4.155109123299999737e+03 9.144566284410000662e+03 -2.239088761419999969e+02 1.984106988709999939e+02 -3.464508347070000127e+02
6.500000000000000222e-01 -1.214130383540000003e+04 4.366845779410000432e+03 9.213039383260000250e+03 -2.240108379099999922e+02 1.975315395339999895e+02 -3.461887328459999935e+02
6.500000000000000222e-01 -1.205119328300000052e+04 4.149221712679999655e+03 9.252330699079999249e+03 -2.242062928379999960e+02 1.985125000909999926e+02 -3.461100005889999807e+02
6.500000000000000222e-01 -1.213236799570000039e+04 4.256993887200000245e+03 9.028965686839999762e+03 -2.231174895260000142e+02 1.979280194080000115e+02 -3.466690640909999956e+02
6.500000000000000222e-01 -1.217383807209999941e+04 4.291582734960000380e+03 9.270437797750000755e+03 -2.246562516310000035e+02 1.982112732070000050e+02 -3.463780867049999870e+02
6.500000000000000222e-01 -1.200901404969999930e+04 4.324645005749999655e+03 9.056982838190000621e+03 -2.241067940449999867e+02 1.979294947010000101e+02 -3.466477357439999878e+02
6.500000000000000222e-01 -1.214896369059999961e+04 4.194702350249999654e+03 9.053845355049999853e+03 -2.241086212140000100e+02 1.979542584579999982e+02 -3.460540462499999990e+02
6.500000000000000222e-01 -1.209621293399999922e+04 4.176855568639999547e+03 9.040664096380000046e+03 -2.235135400579999896e+02 1.976858936920000076e+02 -3.463877335459999927e+02
6.500000000000000222e-01 -1.210383157890000075e+04 4.175980576429999928e+03 9.046323761710000326e+03 -2.239650941799999941e+02 1.978738877499999944e+02 -3.462202599199999895e+02
6.500000000000000222e-01 -1.194614599590000034e+04 4.243933226039999681e+03 9.112645739359999425e+03 -2.242288681640000050e+02 1.979571972960000039e+02 -3.472898064010000212e+02
6.500000000000000222e-01 -1.206425632009999936e+04 4.209535146430000168e+03 9.295212209530000109e+03 -2.246631861559999948e+02 1.987818484670000032e+02 -3.461768721120000123e+02
6.500000000000000222e-01 -1.207806023479999931e+04 4.119655535490000148e+03 9.135428316449999329e+03 -2.240013801439999952e+02 1.983392016379999916e+02 -3.460308270740000012e+02
6.500000000000000222e-01 -1.205588988350000000e+04 4.117577187150000100e+03 9.165275246619999962e+03 -2.240122725880000019e+02 1.983151554650000037e+02 -3.471732934809999733e+02
6.500000000000000222e-01 -1.201244329409999955e+04 4.211936791080000148e+03 9.038524402029999692e+03 -2.242413332860000139e+02 1.983202614729999880e+02 -3.471626573749999807e+02
6.500000000000000222e-01 -1.193952110320000065e+04 4.264870378079999682e+03 9.160587168660000316e+03 -2.241899381469999923e+02 1.978971204590000070e+02 -3.462353346809999834e+02
6.500000000000000222e-01 -1.201920976779999910e+04 4.314946078289999605e+03 9.044212941480000154e+03 -2.242630990499999939e+02 1.976866093200000023e+02 -3.469141033210000273e+02
6.500000000000000222e-01 -1.208484325770000032e+04 4.121309523910000280e+03 9.196970522409999830e+03 -2.241041381979999869e+02 1.985689572679999912e+02 -3.458984386519999816e+02
6.500000000000000222e-01 -1.217475759870000002e+04 4.349427975290000177e+03 9.109685331160000715e+03 -2.241355526359999999e+02 1.980007023569999944e+02 -3.457974035189999995e+02
6.500000000000000222e-01 -1.207760340580000047e+04 4.296251158899999609e+03 9.299714382620000833e+03 -2.245791172380000091e+02 1.973706054540000139e+02 -3.461223927170000252e+02
6.500000000000000222e-01 -1.201166497460000028e+04 4.241783672300000035e+03 9.031475422519999483e+03 -2.233058362669999894e+02 1.978084766030000026e+02 -3.465221267939999734e+02
6.500000000000000222e-01 -1.209598418379999930e+04 4.253863348539999606e+03 9.305828640890000315e+03 -2.238578479409999886e+02 1.981967831890000014e+02 -3.462269242149999968e+02
6.500000000000000222e-01 -1.214116029999999955e+04 4.236519971740000074e+03 9.293339647520000653e+03 -2.249367216869999879e+02 1.979739963259999911e+02 -3.464667446899999845e+02
1.190000000000000000e+04 -8.112140337279999585e+03 5.785446018059999915e+03 -1.215891751629999999e+04 -2.574190996510000105e+02 -3.874844721870000086e+01 1.032161403430000064e+02
6.500000000000000222e-01 -8.195071093130000008e+03 5.693723463219999758e+03 -1.211619130140000016e+04 -2.571552509460000238e+02 -3.876412742069999950e+01 1.027672596409999954e+02
6.500000000000000222e-01 -8.199729005909999614e+03 5.695382277130000148e+03 -1.212555578749999950e+04 -2.570412469429999760e+02 -3.839566789460000251e+01 1.037748113250000017e+02
6.500000000000000222e-01 -7.996844556449999800e+03 5.820674064320000070e+03 -1.220667321319999974e+04 -2.576200510410000106e+02 -3.872169666500000318e+01 1.038065389789999955e+02
6.500000000000000222e-01 -8.012278805449999709e+03 5.702621589170000334e+03 -1.217658401840000079e+04 -2.576592552010000077e+02 -3.858123872910000074e+01 1.031000311629999970e+02
6.500000000000000222e-01 -8.128894516680000379e+03 5.879020010829999592e+03 -1.225531583069999942e+04 -2.574793961620000005e+02 -3.923592701239999769e+01 1.023915597820000016e+02
6.500000000000000222e-01 -8.189415664559999641e+03 5.887042098789999727e+03 -1.212888282439999966e+04 -2.572261500120000051e+02 -3.903263639560000087e+01 1.034367511429999951e+02
6.500000000000000222e-01 -8.076885422710000057e+03 5.777413686609999786e+03 -1.202730881009999939e+04 -2.570941204160000098e+02 -3.903701898260000291e+01 1.034278643109999933e+02
6.500000000000000222e-01 -8.230487225590000889e+03 5.758907301250000273e+03 -1.220739214499999980e+04 -2.572178488449999918e+02 -3.855247304339999914e+01 1.032104414979999945e+02
6.500000000000000222e-01 -8.150870466819999820e+03 5.690011264650000157e+03 -1.224135032900000078e+04 -2.573902476050000132e+02 -3.878354901739999860e+01 1.035992316890000069e+02
6.500000000000000222e-01 -8.088518910069999947e+03 5.734442752599999949e+03 -1.203621918740000001e+04 -2.574015033740000149e+02 -3.874601735689999771e+01 1.034964551959999994e+02
6.500000000000000222e-01 -8.209526816240000699e+03 5.700789255579999917e+03 -1.216967970529999911e+04 -2.571633713040000089e+02 -3.850824183950000190e+01 1.037436462339999963e+02
6.500000000000000222e-01 -8.071017977550000069e+03 5.739719060569999783e+03 -1.227569393719999971e+04 -2.573596197580000080e+02 -3.881289231960000308e+01 1.034616771630000045e+02
6.500000000000000222e-01 -8.178071583259999898e+03 5.849964763160000075e+03 -1.206763989150000089e+04 -2.568359223799999995e+02 -3.933134108920000216e+01 1.035491588019999938e+02
6.500000000000000222e-01 -8.038176607159999548e+03 5.890758043900000303e+03 -1.214341612460000033e+04 -2.576807091289999789e+02 -3.898344351299999744e+01 1.027164352770000022e+02
6.500000000000000222e-01 -8.022989204800000152e+03 5.766806239159999677e+03 -1.205949449359999926e+04 -2.577465966770000136e+02 -3.887837947999999955e+01 1.037923623300000031e+02
6.500000000000000222e-01 -8.237363784560000568e+03 5.811418389659999775e+03 -1.218634938959999999e+04 -2.571150523079999743e+02 -3.868706020209999963e+01 1.028109202800000048e+02
6.500000000000000222e-01 -8.028870757140000023e+03 5.810524870039999769e+03 -1.205603008419999969e+04 -2.575484330780000164e+02 -3.925170814730000046e+01 1.036129391329999976e+02
6.500000000000000222e-01 -8.083624942370000099e+03 5.782443432830000347e+03 -1.202520217709999997e+04 -2.566533664620000081e+02 -3.903829532129999791e+01 1.033806407830000040e+02
6.500000000000000222e-01 -8.107580933080000250e+03 5.734139675559999887e+03 -1.203361312170000019e+04 -2.574088413349999769e+02 -3.833846119039999678e+01 1.036786763190000045e+02
6.500000000000000222e-01 -8.110148162090000369e+03 5.915201275960000203e+03 -1.216660662459999912e+04 -2.575006075730000248e+02 -3.906021717859999853e+01 1.033605500289999952e+02
6.500000000000000222e-01 -7.989572123969999666e+03 5.747164342289999695e+03 -1.212576891409999917e+04 -2.576453407719999973e+02 -3.884264046850000085e+01 1.036400528570000006e+02
6.500000000000000222e-01 -8.169389666230000330e+03 5.670205091840000023e+03 -1.213296457460000056e+04 -2.570665715729999761e+02 -3.864696640569999886e+01 1.030041289640000031e+02
6.500000000000000222e-01 -8.016473785879999923e+03 5.866368296800000280e+03 -1.212422130710000056e+04 -2.574900983429999997e+02 -3.899056878230000223e+01 1.026990250820000057e+02
6.500000000000000222e-01 -8.093455192739999802e+03 5.657042100280000341e+03 -1.214296166550000089e+04 -2.573693973320000055e+02 -3.841656284199999760e+01 1.038994899310000051e+02
6.500000000000000222e-01 -8.232847815880000780e+03 5.745150628569999753e+03 -1.213466242360000069e+04 -2.569889144570000212e+02 -3.855397974259999927e+01 1.035424987469999962e+02
6.500000000000000222e-01 -8.193218044600000212e+03 5.842926948569999695e+03 -1.225218033069999910e+04 -2.577643644249999966e+02 -3.840846792810000210e+01 1.032482040729999966e+02
6.500000000000000222e-01 -8.109449288060000072e+03 5.660387855289999607e+03 -1.212693694780000078e+04 -2.574087222179999799e+02 -3.839342632649999842e+01 1.033550171180000063e+02
6.500000000000000222e-01 -8.091065798450000329e+03 5.882366113930000211e+03 -1.225066932740000084e+04 -2.575837009630000125e+02 -3.839575646690000355e+01 1.033570138989999947e+02
6.500000000000000222e-01 -8.190075091769999744e+03 5.891364338000000316e+03 -1.214750259279999955e+04 -2.573752134950000254e+02 -3.886546278990000047e+01 1.024105763729999978e+02
6.500000000000000222e-01 -8.188351068769999983e+03 5.817054972549999547e+03 -1.205535251930000049e+04 -2.574149257390000116e+02 -3.878149520859999910e+01 1.029519549959999978e+02
6.500000000000000222e-01 -8.222548852829999305e+03 5.774449182510000355e+03 -1.209164345619999949e+04 -2.572537967829999843e+02 -3.882177463659999717e+01 1.027290452369999940e+02
6.500000000000000222e-01 -8.169757123510000383e+03 5.728682183889999578e+03 -1.205218644599999971e+04 -2.567799244710000153e+02 -3.839207879410000146e+01 1.037740529109999983e+02
6.500000000000000222e-01 -8.063968967920000068e+03 5.845513349789999666e+03 -1.205020763299999999e+04 -2.570760219079999729e+02 -3.872819436200000354e+01 1.030119429220000029e+02
6.500000000000000222e-01 -8.119993398909999996e+03 5.916398366399999759e+03 -1.216066680769999948e+04 -2.575213021270000127e+02 -3.900343162410000275e+01 1.035352172970000026e+02
6.500000000000000222e-01 -8.232047832410000410e+03 5.792962050619999900e+03 -1.221521148039999935e+04 -2.570607761190000247e+02 -3.856712081309999718e+01 1.025237402009999954e+02
6.500000000000000222e-01 -8.105656121560000429e+03 5.859769314230000418e+03 -1.227084233900000072e+04 -2.574663769609999804e+02 -3.854495389280000239e+01 1.031501366789999992e+02
6.500000000000000222e-01 -8.042232415010000295e+03 5.854850617789999887e+03 -1.224802458499999921e+04 -2.574511254590000249e+02 -3.876009553189999934e+01 1.033564494440000061e+02
6.500000000000000222e-01 -8.177406687800000327e+03 5.717179169050000382e+03 -1.225003143710000040e+04 -2.574031837559999758e+02 -3.796700277850000305e+01 1.028566745979999979e+02
6.500000000000000222e-01 -8.008449264210000365e+03 5.706257776890000059e+03 -1.216878900559999965e+04 -2.576500662560000023e+02 -3.861638089369999705e+01 1.032495910370000018e+02
6.500000000000000222e-01 -8.061272188969999661e+03 5.882558534310000141e+03 -1.223414487190000000e+04 -2.575241890099999864e+02 -3.860628638810000268e+01 1.034748883470000038e+02
