3.450000000000000000e+05 4.481194011059999866e+03 -5.128493974789999811e+03 -6.580322953550000420e+03 -1.059695590009999933e+02 1.352738093329999991e+01 -6.842472029740000039e+01
6.500000000000000222e-01 4.395306830010000340e+03 -5.042033372259999851e+03 -6.323115582899999936e+03 -1.057620513159999973e+02 1.336219248519999958e+01 -6.828213432639999780e+01
6.500000000000000222e-01 4.309003502190000290e+03 -5.248632585370000015e+03 -6.773287113690000297e+03 -1.067621934499999981e+02 1.356271875919999914e+01 -6.750806237999999837e+01
6.500000000000000222e-01 4.667169329450000077e+03 -5.058226050899999791e+03 -6.376030947469999774e+03 -1.049426947820000038e+02 1.381403950630000033e+01 -6.975951358369999866e+01
6.500000000000000222e-01 4.459153277209999942e+03 -5.214942568749999737e+03 -6.851798711890000050e+03 -1.060537054800000050e+02 1.111317526520000065e+01 -6.791669408750000514e+01
6.500000000000000222e-01 4.595010961750000206e+03 -5.330037955089999741e+03 -6.742357384320000165e+03 -1.063579126510000066e+02 1.381489171359999979e+01 -6.803139908560000038e+01
6.500000000000000222e-01 4.585889268009999796e+03 -4.891881230150000192e+03 -6.699184950060000119e+03 -1.065933472880000039e+02 1.240250819859999964e+01 -7.036105169830000250e+01
6.500000000000000222e-01 4.247400808979999965e+03 -5.021390688489999775e+03 -6.704458062329999848e+03 -1.052274371529999968e+02 1.337284426040000085e+01 -6.965447108630000628e+01
6.500000000000000222e-01 4.647216175689999545e+03 -4.933401739189999716e+03 -6.703829236720000154e+03 -1.060576152480000047e+02 1.210507317739999955e+01 -6.978705558570000278e+01
6.500000000000000222e-01 4.256165499419999833e+03 -5.063490413319999789e+03 -6.414884065119999832e+03 -1.058364928270000007e+02 1.399780644169999988e+01 -6.748003461960000493e+01
6.500000000000000222e-01 4.203892538449999847e+03 -5.152926165349999792e+03 -6.519409048589999657e+03 -1.052940230460000066e+02 1.384114089610000065e+01 -6.599684722320000674e+01
6.500000000000000222e-01 4.309747759400000177e+03 -5.264756081509999603e+03 -6.762706259700000373e+03 -1.068591346369999968e+02 1.296318621870000065e+01 -6.687222432960000162e+01
6.500000000000000222e-01 4.575751275900000110e+03 -5.159132637710000381e+03 -6.313778231690000212e+03 -1.072920027990000023e+02 1.427556625559999937e+01 -6.822685400189999427e+01
6.500000000000000222e-01 4.422086062549999951e+03 -4.968785592819999692e+03 -6.811462402840000323e+03 -1.064614185700000064e+02 1.339278954829999968e+01 -6.877286039610000046e+01
6.500000000000000222e-01 4.313921067739999671e+03 -5.062578245470000184e+03 -6.800921961570000349e+03 -1.039844801200000006e+02 1.267685300880000021e+01 -6.970684087450000277e+01
6.500000000000000222e-01 4.639955114950000279e+03 -5.092240319540000201e+03 -6.347220241199999691e+03 -1.065486437779999989e+02 1.390898373469999960e+01 -6.859107929110000157e+01
6.500000000000000222e-01 4.345785502570000062e+03 -5.351259537480000290e+03 -6.695504609999999957e+03 -1.050223193820000063e+02 1.432908239540000039e+01 -7.066654944340000100e+01
6.500000000000000222e-01 4.265396266210000249e+03 -5.194255354369999623e+03 -6.753708583929999804e+03 -1.067977386719999942e+02 1.305202323189999980e+01 -6.657726352909999434e+01
6.500000000000000222e-01 4.499264332820000163e+03 -5.254435232560000259e+03 -6.326750552759999664e+03 -1.069983586310000021e+02 1.607901852630000050e+01 -6.770413766750000661e+01
6.500000000000000222e-01 4.361915459849999934e+03 -5.213770267050000257e+03 -6.335776666099999602e+03 -1.043892354670000060e+02 1.462167290300000033e+01 -6.731354820740000378e+01
6.500000000000000222e-01 4.522419582219999938e+03 -5.023242494830000396e+03 -6.841284889800000201e+03 -1.053995052359999960e+02 1.148192400429999971e+01 -6.882981485039999825e+01
6.500000000000000222e-01 4.284247808179999993e+03 -4.962447295160000067e+03 -6.706657323270000234e+03 -1.066367031260000005e+02 1.419731826019999943e+01 -6.708485158439999907e+01
6.500000000000000222e-01 4.323573961619999864e+03 -4.930054710510000405e+03 -6.711699306219999926e+03 -1.053842711420000029e+02 1.272564626900000029e+01 -7.002293938440000431e+01
6.500000000000000222e-01 4.620046357600000192e+03 -4.954681111640000381e+03 -6.401961752240000351e+03 -1.076014991889999948e+02 1.290031584539999976e+01 -6.671903465130000654e+01
6.500000000000000222e-01 4.717842365479999899e+03 -5.148312847649999640e+03 -6.423295593249999911e+03 -1.066805610410000043e+02 1.350947568650000008e+01 -6.807708897669999715e+01
6.500000000000000222e-01 4.703137607450000360e+03 -5.120826739109999835e+03 -6.402405485610000142e+03 -1.059774569820000067e+02 1.354790796260000008e+01 -6.910380395619999661e+01
6.500000000000000222e-01 4.451914868679999927e+03 -5.363035661050000272e+03 -6.419830951070000083e+03 -1.053281817609999962e+02 1.458227064739999967e+01 -6.693903028520000476e+01
6.500000000000000222e-01 4.361676827440000125e+03 -4.981686560439999994e+03 -6.795642057539999769e+03 -1.070900574839999990e+02 1.476360090140000025e+01 -6.722778003090000709e+01
6.500000000000000222e-01 4.287596452699999645e+03 -5.317021408749999864e+03 -6.669799844789999952e+03 -1.062394129670000069e+02 1.341709673749999965e+01 -6.648953260099999341e+01
6.500000000000000222e-01 4.379024891830000342e+03 -4.878989865870000358e+03 -6.680357081979999748e+03 -1.065731912560000012e+02 1.383384124990000075e+01 -6.831590774149999845e+01
6.500000000000000222e-01 4.360494859350000297e+03 -5.270183220269999765e+03 -6.364488631129999703e+03 -1.069581846340000055e+02 1.253552620920000038e+01 -6.984896313180000504e+01
6.500000000000000222e-01 4.670896526970000195e+03 -4.954929381259999900e+03 -6.458127302980000422e+03 -1.058750308850000010e+02 1.272589365470000011e+01 -6.826568543269999623e+01
6.500000000000000222e-01 4.255202349829999548e+03 -5.219482368029999634e+03 -6.432286924519999957e+03 -1.069523337419999933e+02 1.347659963319999932e+01 -7.017988362730000063e+01
6.500000000000000222e-01 4.201285249810000096e+03 -5.168479406520000339e+03 -6.613257888189999903e+03 -1.059254137490000005e+02 1.367410145400000054e+01 -6.595595431869999459e+01
6.500000000000000222e-01 4.553864496469999722e+03 -5.068682746700000280e+03 -6.849642885289999867e+03 -1.072483163830000024e+02 1.258639400330000058e+01 -6.901039402080000684e+01
6.500000000000000222e-01 4.368953833090000444e+03 -4.866728942259999712e+03 -6.567823630220000268e+03 -1.060094016569999980e+02 1.331523440690000015e+01 -6.607720138349999672e+01
6.500000000000000222e-01 4.480748668160000307e+03 -4.846939596909999636e+03 -6.630602386450000267e+03 -1.065118727840000048e+02 1.361308892919999991e+01 -6.802600480830000151e+01
6.500000000000000222e-01 4.504946337889999995e+03 -4.983757167490000029e+03 -6.822575518640000155e+03 -1.049095365179999959e+02 1.163157043750000064e+01 -6.862987406800000656e+01
6.500000000000000222e-01 4.559120895500000188e+03 -5.009483416109999780e+03 -6.333484659470000224e+03 -1.059909189990000016e+02 1.226562681499999918e+01 -6.790222342699999558e+01
6.500000000000000222e-01 4.351988289390000318e+03 -5.265265117549999559e+03 -6.366570626099999572e+03 -1.063807074599999964e+02 1.521901397599999939e+01 -6.791298880749999967e+01
6.500000000000000222e-01 4.552271683840000151e+03 -4.960716188039999906e+03 -6.360962177460000021e+03 -1.054875387179999962e+02 1.493767578169999943e+01 -6.963020903439999643e+01
4.560000000000000000e+04 5.293210684280000351e+03 2.885279147109999940e+03 1.645068656040000133e+04 2.090409179149999943e+02 -5.885612501260000329e+01 2.153782312660000002e+02
6.500000000000000222e-01 5.339296778130000348e+03 2.765765421969999807e+03 1.661242309849999947e+04 2.095705780829999867e+02 -5.947704510389999655e+01 2.151774840440000105e+02
6.500000000000000222e-01 5.424801056340000287e+03 2.993394360979999874e+03 1.633643273349999981e+04 2.087179931759999931e+02 -5.935042541939999694e+01 2.146540364589999967e+02
6.500000000000000222e-01 5.351126264430000447e+03 2.758362652870000147e+03 1.660121241559999908e+04 2.087727459539999870e+02 -5.814864938059999844e+01 2.160987762729999986e+02
6.500000000000000222e-01 5.091326030070000343e+03 2.871643708860000061e+03 1.641728815609999947e+04 2.090842232580000086e+02 -5.885400706259999737e+01 2.154856465029999981e+02
6.500000000000000222e-01 5.435168000550000215e+03 3.018859878169999774e+03 1.638720869970000058e+04 2.091131388290000075e+02 -5.864886002179999736e+01 2.162771970619999991e+02
6.500000000000000222e-01 5.202384149679999609e+03 3.068757485359999919e+03 1.645739742190000106e+04 2.091176150839999934e+02 -5.896986548489999791e+01 2.151023473379999871e+02
6.500000000000000222e-01 5.251128563279999980e+03 2.934021966539999994e+03 1.664551945350000096e+04 2.097489510030000019e+02 -5.958594062579999928e+01 2.157528306469999961e+02
6.500000000000000222e-01 5.290948737269999583e+03 3.090233957339999961e+03 1.644851347280000118e+04 2.090554689159999953e+02 -5.896258684349999868e+01 2.151006253390000040e+02
6.500000000000000222e-01 5.276137267690000044e+03 2.958972445939999943e+03 1.625952769900000021e+04 2.089457948280000039e+02 -5.939287557610000334e+01 2.150379415779999874e+02
6.500000000000000222e-01 5.203080616260000170e+03 2.883729033109999818e+03 1.626620716969999921e+04 2.091876585830000010e+02 -5.887740403499999786e+01 2.152179008749999980e+02
6.500000000000000222e-01 5.440153922110000167e+03 2.789954133430000184e+03 1.634562216140000055e+04 2.090207649440000068e+02 -5.880164461460000069e+01 2.158778035640000041e+02
6.500000000000000222e-01 5.244754617360000339e+03 2.888599809159999950e+03 1.665011407870000039e+04 2.091415050960000030e+02 -5.881925731140000124e+01 2.154433350680000103e+02
6.500000000000000222e-01 5.212580139769999732e+03 2.729853858510000009e+03 1.655826325029999862e+04 2.094985483469999963e+02 -5.911748855660000146e+01 2.154369739619999962e+02
6.500000000000000222e-01 5.266933756530000210e+03 2.689379789019999862e+03 1.639406121260000145e+04 2.092377987630000007e+02 -5.877888762799999967e+01 2.146902310709999995e+02
6.500000000000000222e-01 5.156808608360000107e+03 2.733212096539999948e+03 1.646822042629999851e+04 2.091669126390000031e+02 -5.876890375970000235e+01 2.161520278810000093e+02
6.500000000000000222e-01 5.390224892440000076e+03 2.721239098389999981e+03 1.637836666960000002e+04 2.087834435069999870e+02 -5.863966067230000334e+01 2.157091649399999937e+02
6.500000000000000222e-01 5.488658528119999573e+03 2.936313979420000123e+03 1.648659242820000145e+04 2.090814786930000082e+02 -5.888724251120000019e+01 2.150218155080000031e+02
6.500000000000000222e-01 5.497032392070000242e+03 2.906624351200000092e+03 1.645626074199999857e+04 2.089475170450000121e+02 -5.885499813159999860e+01 2.155761805250000123e+02
6.500000000000000222e-01 5.199706625050000184e+03 2.761596629929999835e+03 1.631594430140000077e+04 2.095434071939999967e+02 -5.899228604980000057e+01 2.150241215240000088e+02
6.500000000000000222e-01 5.218463686279999820e+03 2.949951750069999889e+03 1.663109785270000066e+04 2.093322792959999958e+02 -5.902010666040000331e+01 2.157373968519999892e+02
6.500000000000000222e-01 5.220775619289999668e+03 2.997233420130000013e+03 1.629395477240000037e+04 2.084917432459999986e+02 -5.818758526860000302e+01 2.158779154789999950e+02
6.500000000000000222e-01 5.422072477509999771e+03 2.760067154939999909e+03 1.634968015729999934e+04 2.090159006709999971e+02 -5.887078439799999785e+01 2.149003524249999941e+02
6.500000000000000222e-01 5.376821427120000408e+03 2.699173423849999836e+03 1.646992204349999884e+04 2.090267582840000102e+02 -5.883757283309999764e+01 2.144239474009999924e+02
6.500000000000000222e-01 5.298367016090000106e+03 3.007473789889999807e+03 1.628527507309999964e+04 2.087580655220000097e+02 -5.802714093299999831e+01 2.157970429970000055e+02
6.500000000000000222e-01 5.454248310640000454e+03 2.768845570580000185e+03 1.650358646719999888e+04 2.092148589759999879e+02 -5.899099390269999788e+01 2.149177010839999866e+02
6.500000000000000222e-01 5.187928338159999839e+03 3.032059312750000117e+03 1.654595024349999949e+04 2.095149635479999972e+02 -5.939733056709999914e+01 2.161019188200000087e+02
6.500000000000000222e-01 5.422254728529999738e+03 2.774683232519999819e+03 1.656380867909999870e+04 2.090374020879999932e+02 -5.877472257050000337e+01 2.149216727989999924e+02
6.500000000000000222e-01 5.424602733869999611e+03 2.962855534199999965e+03 1.631390072259999943e+04 2.092656355770000118e+02 -5.849395719219999989e+01 2.159552151780000031e+02
6.500000000000000222e-01 5.260005574550000347e+03 2.859489347600000201e+03 1.624967895069999940e+04 2.083327204379999955e+02 -5.928538553730000160e+01 2.154503133030000015e+02
6.500000000000000222e-01 5.276766332299999704e+03 2.859101426249999804e+03 1.624771504169999935e+04 2.086319864319999908e+02 -5.921491205000000235e+01 2.153773814680000100e+02
6.500000000000000222e-01 5.111691430589999982e+03 2.828296270629999981e+03 1.652752063410000119e+04 2.088455854380000005e+02 -5.880455259880000085e+01 2.148314340869999910e+02
6.500000000000000222e-01 5.321802121329999864e+03 3.069712748729999930e+03 1.653812267609999981e+04 2.086815144459999942e+02 -5.859369925269999868e+01 2.155113849699999946e+02
6.500000000000000222e-01 5.212503794160000325e+03 3.043838284299999941e+03 1.655010929259999830e+04 2.092788404210000124e+02 -5.896997261599999973e+01 2.149134546079999950e+02
6.500000000000000222e-01 5.407047241190000022e+03 2.726898954599999797e+03 1.651239007779999883e+04 2.090642432239999948e+02 -5.889424533380000071e+01 2.145599353689999873e+02
6.500000000000000222e-01 5.458053319579999879e+03 2.994488413770000079e+03 1.639615112930000032e+04 2.090771522960000084e+02 -5.906181592269999925e+01 2.153267877670000132e+02
6.500000000000000222e-01 5.295236885049999728e+03 2.954978994560000046e+03 1.664403319639999972e+04 2.089291032479999899e+02 -5.795075393270000319e+01 2.152028510810000057e+02
6.500000000000000222e-01 5.446535386520000429e+03 2.761874546160000136e+03 1.650550327359999937e+04 2.087765316779999978e+02 -5.858791159129999926e+01 2.156774181140000053e+02
6.500000000000000222e-01 5.090145309819999966e+03 2.881906887799999822e+03 1.647872388729999875e+04 2.089883852019999892e+02 -5.886103339200000306e+01 2.143748473420000096e+02
6.500000000000000222e-01 5.354005942099999629e+03 3.059709054909999850e+03 1.654149567960000059e+04 2.087111219210000002e+02 -5.848512229890000214e+01 2.152794772050000063e+02
6.500000000000000222e-01 5.486519201279999834e+03 2.915222939029999907e+03 1.651198802040000010e+04 2.088102249990000132e+02 -5.883567330929999883e+01 2.158621544680000000e+02
1.390000000000000000e+04 -8.204730813059999491e+03 9.543793793270000378e+02 1.459671315839999988e+04 -2.476140474770000139e+02 2.041231220559999997e+02 -3.168817338360000235e+02
6.500000000000000222e-01 -8.150877192660000219e+03 9.333145723720000433e+02 1.472740591900000072e+04 -2.481949337030000038e+02 2.043671986669999967e+02 -3.166350790519999805e+02
6.500000000000000222e-01 -8.230365329790000033e+03 9.816921195109999871e+02 1.445858966329999930e+04 -2.479909307439999964e+02 2.045658972079999955e+02 -3.167640696509999998e+02
6.500000000000000222e-01 -8.249029496740000468e+03 9.757650336780000089e+02 1.473108609729999989e+04 -2.470971986010000023e+02 2.038387284760000000e+02 -3.166043789660000130e+02
6.500000000000000222e-01 -8.127019095620000371e+03 8.514952223589999676e+02 1.453625788760000069e+04 -2.478653226119999999e+02 2.044601767670000072e+02 -3.173707177530000081e+02
6.500000000000000222e-01 -8.126067440169999827e+03 8.475964987720000181e+02 1.454531384190000063e+04 -2.477073427470000127e+02 2.042381410810000091e+02 -3.166352914479999754e+02
6.500000000000000222e-01 -8.271241576059999716e+03 9.300680671039999652e+02 1.472118388389999927e+04 -2.479034731369999918e+02 2.041648578379999890e+02 -3.169318555169999740e+02
6.500000000000000222e-01 -8.279676422380000076e+03 9.185926191329999710e+02 1.448046282229999997e+04 -2.471054280559999938e+02 2.042188120399999889e+02 -3.171720537279999803e+02
6.500000000000000222e-01 -8.107291853540000375e+03 9.482744151140000213e+02 1.449206307039999956e+04 -2.480682110349999903e+02 2.041485770209999941e+02 -3.173909482949999870e+02
6.500000000000000222e-01 -8.115270149459999629e+03 8.675520036359999949e+02 1.466488821070000085e+04 -2.477744765260000008e+02 2.042766238460000068e+02 -3.170837984409999990e+02
6.500000000000000222e-01 -8.245570185270000366e+03 8.240630824539999821e+02 1.455592680090000067e+04 -2.477301929820000055e+02 2.043964141110000128e+02 -3.170484058659999960e+02
6.500000000000000222e-01 -8.165060200210000403e+03 8.516812854419999894e+02 1.468664218369999980e+04 -2.479737935480000033e+02 2.046451113290000023e+02 -3.165354388950000271e+02
6.500000000000000222e-01 -8.082510609070000100e+03 8.802821103759999914e+02 1.459756638480000038e+04 -2.476424954130000060e+02 2.041517325270000072e+02 -3.175739253109999822e+02
6.500000000000000222e-01 -8.164556037790000119e+03 8.247104891489999545e+02 1.463894008270000086e+04 -2.477928018469999927e+02 2.043031137090000016e+02 -3.170719368939999754e+02
6.500000000000000222e-01 -8.178229477500000030e+03 8.668182043609999710e+02 1.470753522349999912e+04 -2.473289561690000085e+02 2.036577675569999997e+02 -3.170770350359999838e+02
6.500000000000000222e-01 -8.263043760450000264e+03 1.012320791959999951e+03 1.447937928769999962e+04 -2.473260051560000079e+02 2.038667583120000018e+02 -3.172212731760000111e+02
6.500000000000000222e-01 -8.065920811529999810e+03 9.862690649659999735e+02 1.458455695689999993e+04 -2.477017427659999953e+02 2.040976897539999868e+02 -3.175561894040000084e+02
6.500000000000000222e-01 -8.236718996129999141e+03 1.090873316120000027e+03 1.462496505099999922e+04 -2.476104970050000134e+02 2.039645292650000101e+02 -3.162347081710000225e+02
6.500000000000000222e-01 -8.097864523860000190e+03 9.801889553529999830e+02 1.468783295440000074e+04 -2.474812311260000115e+02 2.042302859840000053e+02 -3.172109191910000163e+02
6.500000000000000222e-01 -8.105027120910000122e+03 1.056525759879999896e+03 1.460330951280000045e+04 -2.476334679990000041e+02 2.040469970590000059e+02 -3.168321707590000074e+02
6.500000000000000222e-01 -8.175611880399999791e+03 1.089495245170000089e+03 1.463379414589999942e+04 -2.477449733889999948e+02 2.039988493730000130e+02 -3.163400209349999841e+02
6.500000000000000222e-01 -8.069406015270000353e+03 9.999065259100000276e+02 1.460336810259999947e+04 -2.476226146959999994e+02 2.041075860329999898e+02 -3.175518547610000155e+02
6.500000000000000222e-01 -8.287038205130000279e+03 8.584062657470000204e+02 1.466349822809999932e+04 -2.474515019670000129e+02 2.044241218880000019e+02 -3.162673056930000257e+02
6.500000000000000222e-01 -8.337815220610000324e+03 9.406196203929999911e+02 1.454674166569999943e+04 -2.475943045859999927e+02 2.041029112090000126e+02 -3.166769268290000241e+02
6.500000000000000222e-01 -8.223138967590000902e+03 1.095093979750000017e+03 1.458129049289999966e+04 -2.475763780709999935e+02 2.040838191759999916e+02 -3.163094972349999807e+02
6.500000000000000222e-01 -8.152273476839999603e+03 9.626932601720000093e+02 1.472952024150000034e+04 -2.479525294670000051e+02 2.040421456980000130e+02 -3.167401320220000116e+02
6.500000000000000222e-01 -8.251917275969999537e+03 8.220658204919999434e+02 1.457173938669999916e+04 -2.477024205699999868e+02 2.042355036209999923e+02 -3.165797549509999840e+02
6.500000000000000222e-01 -8.136884499130000222e+03 1.056711410569999998e+03 1.452329589959999976e+04 -2.478535382020000100e+02 2.038825223080000058e+02 -3.174560173070000246e+02
6.500000000000000222e-01 -8.233984980979999818e+03 8.215592925040000409e+02 1.464215865320000012e+04 -2.474396824510000101e+02 2.039656794139999931e+02 -3.169770289510000225e+02
6.500000000000000222e-01 -8.083180484669999714e+03 9.190168024360000345e+02 1.466279405969999971e+04 -2.474255563730000063e+02 2.040854553860000067e+02 -3.174448335650000104e+02
6.500000000000000222e-01 -8.312668765989999883e+03 8.635535349199999473e+02 1.457380409719999989e+04 -2.476362461139999880e+02 2.042352339550000124e+02 -3.168414893479999819e+02
6.500000000000000222e-01 -8.279760615260000122e+03 1.049791122430000087e+03 1.467252201969999987e+04 -2.474327116169999954e+02 2.038372948809999912e+02 -3.162807440469999847e+02
6.500000000000000222e-01 -8.158335860510000202e+03 9.954691190009999673e+02 1.446771014789999936e+04 -2.471174011029999917e+02 2.044350718430000029e+02 -3.166689499710000177e+02
6.500000000000000222e-01 -8.123783141150000120e+03 8.506608118279999644e+02 1.465285141339999973e+04 -2.474698980670000026e+02 2.039403289500000085e+02 -3.174814874510000209e+02
6.500000000000000222e-01 -8.088015443059999598e+03 1.036742139640000005e+03 1.459196283720000065e+04 -2.476608985930000131e+02 2.040722844510000016e+02 -3.175601437049999731e+02
6.500000000000000222e-01 -8.138938136290000330e+03 1.079453919929999984e+03 1.457590603720000036e+04 -2.476179107320000128e+02 2.039523261569999875e+02 -3.174219251000000099e+02
6.500000000000000222e-01 -8.306927670130000479e+03 8.631440319829999908e+02 1.463756988280000041e+04 -2.474368483099999878e+02 2.042516815600000086e+02 -3.162391445700000077e+02
6.500000000000000222e-01 -8.302727395940000861e+03 1.052804684680000037e+03 1.463055532490000041e+04 -2.477083946570000137e+02 2.041891870229999881e+02 -3.174600575960000128e+02
6.500000000000000222e-01 -8.120460456069999964e+03 8.479337862080000150e+02 1.464320900959999926e+04 -2.475934232179999981e+02 2.041304967570000031e+02 -3.165838737610000067e+02
6.500000000000000222e-01 -8.081636043470000004e+03 1.012903200080000033e+03 1.463957920930000000e+04 -2.478481479559999912e+02 2.040275148569999999e+02 -3.163024853100000087e+02
6.500000000000000222e-01 -8.264747404589999860e+03 9.189138657400000056e+02 1.472174573050000072e+04 -2.481372780769999906e+02 2.039482599520000008e+02 -3.171019746100000134e+02
1.190000000000000000e+04 -3.768991246239999782e+03 6.301385801440000250e+03 -1.357742000189999999e+04 -2.718326920559999849e+02 -2.406331739040000173e+01 6.950849091889999443e+01
6.500000000000000222e-01 -3.867066963860000214e+03 6.384462384579999707e+03 -1.354128336540000055e+04 -2.719369244249999724e+02 -2.396617702529999860e+01 6.889435743890000197e+01
6.500000000000000222e-01 -3.830252734889999829e+03 6.283017263329999878e+03 -1.346027255890000015e+04 -2.721204914389999772e+02 -2.426110608839999827e+01 6.932229468369999381e+01
6.500000000000000222e-01 -3.693524188249999952e+03 6.282346660649999649e+03 -1.346865328670000054e+04 -2.719474883109999723e+02 -2.413143801229999852e+01 6.968867188810000357e+01
6.500000000000000222e-01 -3.694598917830000119e+03 6.336044375939999554e+03 -1.368274890459999915e+04 -2.714385194299999853e+02 -2.384981652509999961e+01 6.984555720769999709e+01
6.500000000000000222e-01 -3.666880248280000160e+03 6.370525873489999867e+03 -1.352668351120000079e+04 -2.721069491310000217e+02 -2.418567571790000059e+01 7.003747261099999832e+01
6.500000000000000222e-01 -3.809034588299999996e+03 6.387755813060000037e+03 -1.348377373950000037e+04 -2.716620300359999760e+02 -2.447741167070000046e+01 6.993920291339999551e+01
6.500000000000000222e-01 -3.721964164210000035e+03 6.190989397020000069e+03 -1.363413626520000071e+04 -2.719340594550000105e+02 -2.402792741360000051e+01 6.995309605090000105e+01
6.500000000000000222e-01 -3.811510416799999803e+03 6.180385104359999787e+03 -1.354136334859999988e+04 -2.718545170369999937e+02 -2.381006473800000123e+01 6.998893810180000230e+01
6.500000000000000222e-01 -3.777857142419999946e+03 6.194473040369999580e+03 -1.349662173740000071e+04 -2.715168420780000247e+02 -2.441391497260000065e+01 6.947732480199999827e+01
6.500000000000000222e-01 -3.717536987580000186e+03 6.403813187929999913e+03 -1.350985266389999924e+04 -2.716787247959999831e+02 -2.446300434659999823e+01 6.968691844289999437e+01
6.500000000000000222e-01 -3.638204308899999887e+03 6.293584991849999824e+03 -1.360222819290000007e+04 -2.719902584679999791e+02 -2.405256011650000048e+01 6.910695689690000165e+01
6.500000000000000222e-01 -3.747719059410000227e+03 6.175788326040000356e+03 -1.361795051620000049e+04 -2.717349755650000134e+02 -2.424759048139999962e+01 7.008065630859999828e+01
6.500000000000000222e-01 -3.685610344059999989e+03 6.198568724050000128e+03 -1.359627637490000052e+04 -2.718067041130000234e+02 -2.408571887509999954e+01 6.956309964140000091e+01
6.500000000000000222e-01 -3.766045493290000195e+03 6.218303892959999757e+03 -1.368228768080000009e+04 -2.716653458270000101e+02 -2.456000536650000043e+01 6.981470516870000154e+01
6.500000000000000222e-01 -3.870502441889999773e+03 6.297952391460000399e+03 -1.349095295980000083e+04 -2.719203426459999946e+02 -2.410211411379999902e+01 6.931726043300000129e+01
6.500000000000000222e-01 -3.665601449700000103e+03 6.221724457790000088e+03 -1.360477329540000028e+04 -2.717869404130000248e+02 -2.410390484830000091e+01 7.015387381349999885e+01
6.500000000000000222e-01 -3.706542593940000188e+03 6.259372906149999835e+03 -1.368709767529999954e+04 -2.722114140639999960e+02 -2.373946172919999853e+01 6.935159265359999381e+01
6.500000000000000222e-01 -3.712391037790000155e+03 6.283015699270000368e+03 -1.345786341849999917e+04 -2.713959317079999778e+02 -2.422929074929999871e+01 6.932663644289999638e+01
6.500000000000000222e-01 -3.858787128649999886e+03 6.203851042340000276e+03 -1.359174705709999944e+04 -2.718101598779999790e+02 -2.394911602430000030e+01 6.935845769819999873e+01
6.500000000000000222e-01 -3.827736061560000053e+03 6.410940069109999968e+03 -1.353139905240000007e+04 -2.716217960810000136e+02 -2.430360594569999932e+01 6.947607849809999436e+01
6.500000000000000222e-01 -3.740599728879999930e+03 6.196771397329999672e+03 -1.349844302609999977e+04 -2.717479825789999950e+02 -2.391253745119999863e+01 7.000623179420000497e+01
6.500000000000000222e-01 -3.829263851080000222e+03 6.303600592130000223e+03 -1.369662673349999932e+04 -2.713044706890000271e+02 -2.402797754010000020e+01 6.918188868980000450e+01
6.500000000000000222e-01 -3.848817597780000142e+03 6.332257196999999906e+03 -1.347472057850000056e+04 -2.721226137699999867e+02 -2.392083739799999975e+01 6.928185586169999510e+01
6.500000000000000222e-01 -3.700457090679999965e+03 6.364928237070000250e+03 -1.367270630390000042e+04 -2.720794100979999826e+02 -2.383052949020000000e+01 6.949763740160000225e+01
6.500000000000000222e-01 -3.829741485269999885e+03 6.246398837040000217e+03 -1.368281193709999934e+04 -2.722319808080000030e+02 -2.417957627559999878e+01 6.980536031489999971e+01
6.500000000000000222e-01 -3.789436257530000148e+03 6.233802767260000110e+03 -1.369101771240000016e+04 -2.716728357910000113e+02 -2.444372019180000066e+01 6.963365569020000123e+01
6.500000000000000222e-01 -3.789744917099999839e+03 6.230233046110000032e+03 -1.368818062049999935e+04 -2.720978766220000011e+02 -2.427771928579999994e+01 6.978685614110000301e+01
6.500000000000000222e-01 -3.640790902929999902e+03 6.290630738740000197e+03 -1.361243224499999997e+04 -2.720268962630000260e+02 -2.403784939250000008e+01 6.911533710439999822e+01
6.500000000000000222e-01 -3.746850742999999966e+03 6.248135540190000029e+03 -1.345689930420000019e+04 -2.720480309220000095e+02 -2.355988277450000012e+01 6.985038282760000072e+01
6.500000000000000222e-01 -3.766496761240000069e+03 6.171983963910000057e+03 -1.360852815360000022e+04 -2.719010260979999885e+02 -2.405199100609999974e+01 7.006859984800000518e+01
6.500000000000000222e-01 -3.746328871019999951e+03 6.170470352239999556e+03 -1.356367190579999988e+04 -2.717876615000000129e+02 -2.410904650759999868e+01 6.902311387230000150e+01
6.500000000000000222e-01 -3.700726894049999828e+03 6.255880467390000376e+03 -1.368262737070000003e+04 -2.722965941449999718e+02 -2.373315275470000074e+01 6.911710921229999371e+01
6.500000000000000222e-01 -3.636098354939999808e+03 6.310866946400000415e+03 -1.358367949460000091e+04 -2.718726491259999989e+02 -2.407438891130000158e+01 7.010880051780000599e+01
6.500000000000000222e-01 -3.707314703959999861e+03 6.359714755719999630e+03 -1.368046489800000018e+04 -2.722660100919999877e+02 -2.407695325570000122e+01 6.922860831369999346e+01
6.500000000000000222e-01 -3.772307820009999887e+03 6.170327942390000317e+03 -1.355293186190000051e+04 -2.718359518660000163e+02 -2.388987110309999906e+01 7.016090023520000329e+01
6.500000000000000222e-01 -3.855059561240000221e+03 6.387633388369999921e+03 -1.363340134629999920e+04 -2.720560623719999853e+02 -2.381855102289999948e+01 6.981810423150000133e+01
6.500000000000000222e-01 -3.761060563489999822e+03 6.348860485760000302e+03 -1.345286690679999992e+04 -2.719266927130000226e+02 -2.468295977769999894e+01 6.976388560899999902e+01
6.500000000000000222e-01 -3.714157077809999919e+03 6.290871137520000048e+03 -1.369874470680000013e+04 -2.714285422159999825e+02 -2.412549401549999928e+01 6.967869378109999445e+01
6.500000000000000222e-01 -3.788948989909999909e+03 6.297742909560000044e+03 -1.344539360019999913e+04 -2.712474102329999823e+02 -2.402589384199999856e+01 6.964167659689999823e+01
6.500000000000000222e-01 -3.814319923699999890e+03 6.285377764879999631e+03 -1.345280257569999958e+04 -2.723323757890000252e+02 -2.428367633639999923e+01 6.933525850239999500e+01
