3.450000000000000000e+05 4.588920790469999702e+03 -5.141264886189999743e+03 -6.508439666219999708e+03 -1.040659634619999991e+02 1.137201099019999972e+01 -7.172706773619999865e+01
6.500000000000000222e-01 4.502784883229999650e+03 -5.054591153899999881e+03 -6.251339876179999919e+03 -1.037881069129999929e+02 1.112163958590000057e+01 -7.165957833630000096e+01
6.500000000000000222e-01 4.417612000670000270e+03 -5.261441123659999903e+03 -6.702346517730000414e+03 -1.049925261660000047e+02 1.140993810380000006e+01 -7.080607447760000639e+01
6.500000000000000222e-01 4.773773502029999690e+03 -5.071283622400000240e+03 -6.302789174579999781e+03 -1.029040349689999942e+02 1.164436131259999918e+01 -7.304060596809999595e+01
6.500000000000000222e-01 4.567018781069999932e+03 -5.225270278410000174e+03 -6.780457692789999783e+03 -1.042525087049999968e+02 9.022578216879999502e+00 -7.117833529360000000e+01
6.500000000000000222e-01 4.703162000569999691e+03 -5.343116037079999842e+03 -6.670934254189999592e+03 -1.045052821240000043e+02 1.168353782089999982e+01 -7.122332800709999390e+01
6.500000000000000222e-01 4.694234568840000065e+03 -4.903562389730000177e+03 -6.625295549479999863e+03 -1.046480249359999988e+02 1.037207890790000064e+01 -7.370227682860000584e+01
6.500000000000000222e-01 4.354413831869999740e+03 -5.034017135000000053e+03 -6.631263414779999948e+03 -1.034160897160000019e+02 1.124452198650000057e+01 -7.305459281759999612e+01
6.500000000000000222e-01 4.755007161999999880e+03 -4.944778516080000372e+03 -6.630545459599999958e+03 -1.041031429399999979e+02 1.007612064839999988e+01 -7.309544650780000552e+01
6.500000000000000222e-01 4.363760725279999861e+03 -5.076699788330000047e+03 -6.343916111970000202e+03 -1.039420992390000009e+02 1.175635788660000003e+01 -7.088694443670000567e+01
6.500000000000000222e-01 4.310966083459999936e+03 -5.165977049809999698e+03 -6.449975510180000128e+03 -1.034675993620000014e+02 1.160401934379999922e+01 -6.937862264119999622e+01
6.500000000000000222e-01 4.418455559060000269e+03 -5.276945814710000377e+03 -6.692420379000000139e+03 -1.050892119519999994e+02 1.080301168209999929e+01 -7.016537521920000131e+01
6.500000000000000222e-01 4.684780237269999816e+03 -5.172628986050000094e+03 -6.242110231480000039e+03 -1.052824101850000034e+02 1.203847437259999964e+01 -7.150460724219999520e+01
6.500000000000000222e-01 4.530347090070000377e+03 -4.981474938809999912e+03 -6.739194633340000109e+03 -1.046157005550000036e+02 1.134743581719999916e+01 -7.212891036899999619e+01
6.500000000000000222e-01 4.419666378359999726e+03 -5.074508250310000221e+03 -6.727695128860000295e+03 -1.021875412490000059e+02 1.058264480599999935e+01 -7.306515190199999665e+01
6.500000000000000222e-01 4.748209691559999555e+03 -5.105382672859999730e+03 -6.275177917600000001e+03 -1.045159628969999943e+02 1.171483945039999952e+01 -7.187027251959999319e+01
6.500000000000000222e-01 4.452601621949999753e+03 -5.364830507310000030e+03 -6.621344640520000212e+03 -1.032376963890000070e+02 1.212994639949999964e+01 -7.392461209610000594e+01
6.500000000000000222e-01 4.374040687550000257e+03 -5.206539778250000381e+03 -6.683706043789999967e+03 -1.050269246529999947e+02 1.089876291460000068e+01 -6.990788445299999410e+01
6.500000000000000222e-01 4.608016831509999975e+03 -5.269762906580000163e+03 -6.255624396809999780e+03 -1.050371018149999998e+02 1.380559546629999979e+01 -7.097087152349999428e+01
6.500000000000000222e-01 4.468011500800000249e+03 -5.227595420440000453e+03 -6.265021762610000224e+03 -1.024666036389999988e+02 1.233320818730000035e+01 -7.063791766680000705e+01
6.500000000000000222e-01 4.629584817300000395e+03 -5.033978513269999894e+03 -6.768983971589999783e+03 -1.035412558299999972e+02 9.449877283230000202e+00 -7.213669876810000403e+01
6.500000000000000222e-01 4.392694890200000373e+03 -4.975931772730000375e+03 -6.636093958329999623e+03 -1.048030066270000020e+02 1.209320405779999952e+01 -7.049359984139999824e+01
6.500000000000000222e-01 4.430727389890000268e+03 -4.942038809429999674e+03 -6.638122521260000212e+03 -1.035329901549999931e+02 1.063934963180000004e+01 -7.343116266490000044e+01
6.500000000000000222e-01 4.729378477420000308e+03 -4.966815986999999950e+03 -6.331813567549999789e+03 -1.055639772420000071e+02 1.075927949769999969e+01 -7.004918905350000102e+01
6.500000000000000222e-01 4.826238578800000141e+03 -5.161059496419999959e+03 -6.351805005379999784e+03 -1.046604325219999936e+02 1.134291496670000043e+01 -7.130858967579999330e+01
6.500000000000000222e-01 4.810808554029999868e+03 -5.133611259469999823e+03 -6.329853999529999783e+03 -1.039493501160000051e+02 1.137822668189999931e+01 -7.235040359010000088e+01
6.500000000000000222e-01 4.558987859859999844e+03 -5.376826347719999831e+03 -6.349504241769999680e+03 -1.034327864330000040e+02 1.230555245310000068e+01 -7.017760615720000317e+01
6.500000000000000222e-01 4.470591445660000318e+03 -4.995771970730000248e+03 -6.724951565299999857e+03 -1.052614250910000067e+02 1.269863374060000005e+01 -7.059855008540000654e+01
6.500000000000000222e-01 4.395663833280000290e+03 -5.329651450239999576e+03 -6.599909159580000050e+03 -1.044602615740000005e+02 1.120760692280000015e+01 -6.977743249830000138e+01
6.500000000000000222e-01 4.487378805289999946e+03 -4.892117830469999717e+03 -6.608529761159999907e+03 -1.046848179920000064e+02 1.176158574879999996e+01 -7.172687596869999993e+01
6.500000000000000222e-01 4.469236378200000217e+03 -5.281866380829999798e+03 -6.291144247799999903e+03 -1.050554692019999976e+02 1.024297605850000004e+01 -7.315149297700000375e+01
6.500000000000000222e-01 4.778459103279999908e+03 -4.966900381419999576e+03 -6.386402897940000003e+03 -1.038403509399999933e+02 1.061405619509999987e+01 -7.157598775200000318e+01
6.500000000000000222e-01 4.363961026560000391e+03 -5.232139145699999972e+03 -6.358579580990000068e+03 -1.050946526980000044e+02 1.120004146409999990e+01 -7.352838581010000496e+01
6.500000000000000222e-01 4.309022659010000098e+03 -5.181373992349999753e+03 -6.543872716130000299e+03 -1.041306462640000063e+02 1.146631854550000007e+01 -6.932532630299999710e+01
6.500000000000000222e-01 4.662926596999999674e+03 -5.080549614149999798e+03 -6.777169559070000105e+03 -1.053909218839999937e+02 1.055034160599999993e+01 -7.229213037060000602e+01
6.500000000000000222e-01 4.476712076339999840e+03 -4.879306130599999960e+03 -6.498283454589999565e+03 -1.040871856659999963e+02 1.120644294310000078e+01 -6.950602232469999819e+01
6.500000000000000222e-01 4.589011986700000307e+03 -4.859847144770000341e+03 -6.559080767450000167e+03 -1.045695739749999973e+02 1.155268393659999937e+01 -7.142056425369999317e+01
6.500000000000000222e-01 4.611605311049999727e+03 -4.994647569810000277e+03 -6.750469579769999655e+03 -1.030440972439999996e+02 9.601209819999999340e+00 -7.195645759129999419e+01
6.500000000000000222e-01 4.666805029199999808e+03 -5.020940553759999602e+03 -6.262120068790000005e+03 -1.039612467080000044e+02 1.007241702930000038e+01 -7.123782497489999344e+01
6.500000000000000222e-01 4.460138959969999632e+03 -5.279701002390000212e+03 -6.295210072969999601e+03 -1.044811373010000040e+02 1.292665937109999952e+01 -7.121929891460000306e+01
6.500000000000000222e-01 4.659439966060000188e+03 -4.974925137430000177e+03 -6.287816137140000137e+03 -1.034588248400000055e+02 1.276551337359999927e+01 -7.298318184570000255e+01
9.810000000000000000e+05 8.292618402420000348e+04 -4.157564710460000015e+02 3.546083116280000104e+04 -7.713274714519999797e+00 2.647080470139999875e+01 -5.187601338919999705e+01
6.500000000000000222e-01 8.345671837990000495e+04 -1.819027370869999913e+03 3.740361146179999923e+04 -7.003959370269999596e+00 2.553966745529999827e+01 -5.221440399320000125e+01
6.500000000000000222e-01 8.451103761410000152e+04 8.954152100620000283e+02 3.412330342109999765e+04 -8.034771328690000658e+00 2.588272219610000136e+01 -5.284479932629999865e+01
6.500000000000000222e-01 8.362942042979999678e+04 -1.959772007719999920e+03 3.723325918049999746e+04 -8.061574932950000161e+00 2.731776801779999886e+01 -5.097330902849999745e+01
6.500000000000000222e-01 8.051172290730000532e+04 -5.790040913479999745e+02 3.505612020040000061e+04 -7.786094057209999697e+00 2.648417098790000068e+01 -5.166541964700000023e+01
6.500000000000000222e-01 8.461961925509999855e+04 1.172244146000000001e+03 3.466698640960000193e+04 -7.511943232590000186e+00 2.682696397160000146e+01 -5.069871731669999804e+01
6.500000000000000222e-01 8.183791594859999896e+04 1.781130007069999920e+03 3.555205434470000182e+04 -7.684478984970000148e+00 2.642221315569999973e+01 -5.226531490960000070e+01
6.500000000000000222e-01 8.239629416079999646e+04 1.958616566350000028e+02 3.777694085720000294e+04 -6.840503083089999770e+00 2.548378361800000036e+01 -5.146989056799999673e+01
6.500000000000000222e-01 8.289872692070000630e+04 2.037521541419999949e+03 3.544627787669999816e+04 -7.706329941739999967e+00 2.644061638999999886e+01 -5.228811911550000247e+01
6.500000000000000222e-01 8.272510166509999544e+04 4.854480304100000012e+02 3.318735858030000236e+04 -7.810585837759999706e+00 2.583122068630000001e+01 -5.224595878049999698e+01
6.500000000000000222e-01 8.184250424100000237e+04 -4.339762691089999862e+02 3.325966226889999962e+04 -7.534800915009999933e+00 2.648330417140000037e+01 -5.197442698559999741e+01
6.500000000000000222e-01 8.468247648759999720e+04 -1.557124658160000081e+03 3.418462800589999824e+04 -7.608356814949999603e+00 2.650284598489999865e+01 -5.117023553500000332e+01
6.500000000000000222e-01 8.234401236019999487e+04 -3.770708889630000158e+02 3.784395468729999993e+04 -7.657285590539999909e+00 2.648626556649999841e+01 -5.187736077870000173e+01
6.500000000000000222e-01 8.194496231940000143e+04 -2.262509182299999793e+03 3.674481240080000134e+04 -7.171160944670000426e+00 2.601918300060000178e+01 -5.180302855699999753e+01
6.500000000000000222e-01 8.260403123940000660e+04 -2.759818597190000219e+03 3.480986522149999655e+04 -7.442711220399999661e+00 2.647797151050000153e+01 -5.272662900360000293e+01
6.500000000000000222e-01 8.129112943460000679e+04 -2.236347011419999944e+03 3.563917820110000321e+04 -7.633268914330000321e+00 2.650857500769999930e+01 -5.078511826150000275e+01
6.500000000000000222e-01 8.409523790180000651e+04 -2.384549855119999847e+03 3.458262206310000329e+04 -7.964584931560000136e+00 2.667806498670000082e+01 -5.138744553520000125e+01
6.500000000000000222e-01 8.526049529099999927e+04 1.955415287700000135e+02 3.590541646949999995e+04 -7.539017035549999690e+00 2.643882632409999900e+01 -5.242984576460000312e+01
6.500000000000000222e-01 8.536567794110000250e+04 -1.605731096350000087e+02 3.552068474540000170e+04 -7.703401070800000028e+00 2.647130308759999906e+01 -5.166725002070000272e+01
6.500000000000000222e-01 8.178831918900000164e+04 -1.888721019589999969e+03 3.386201571230000263e+04 -7.065351402350000143e+00 2.625139555040000161e+01 -5.223545625140000226e+01
6.500000000000000222e-01 8.202227606390000437e+04 3.638937720870000021e+02 3.760491705599999841e+04 -7.418318537990000294e+00 2.625532463220000068e+01 -5.147933462900000023e+01
6.500000000000000222e-01 8.208155371720000403e+04 8.952624027159999969e+02 3.356602713950000179e+04 -8.467776288070000490e+00 2.746441392710000073e+01 -5.113027263090000218e+01
6.500000000000000222e-01 8.446659132320000208e+04 -1.911536678230000007e+03 3.427149409420000302e+04 -7.626969558489999912e+00 2.639354222820000118e+01 -5.247386021349999652e+01
6.500000000000000222e-01 8.392588873079999757e+04 -2.640226101039999776e+03 3.572844227970000065e+04 -7.669599186030000126e+00 2.638385147629999850e+01 -5.315139347520000257e+01
6.500000000000000222e-01 8.299829092390000005e+04 1.011352549579999959e+03 3.346573941519999789e+04 -8.055457998810000575e+00 2.768248576350000079e+01 -5.125524536780000062e+01
6.500000000000000222e-01 8.484397775789999287e+04 -1.801520392169999923e+03 3.611226529509999818e+04 -7.377779414159999938e+00 2.620638983910000164e+01 -5.253748977770000295e+01
6.500000000000000222e-01 8.164987506289999874e+04 1.359641247069999963e+03 3.657196798529999796e+04 -7.179767610759999918e+00 2.581264891969999908e+01 -5.095721645889999962e+01
6.500000000000000222e-01 8.446888631719999830e+04 -1.740149930790000099e+03 3.683245491739999852e+04 -7.651874651830000040e+00 2.648991020229999904e+01 -5.255492447200000328e+01
6.500000000000000222e-01 8.448698511559999315e+04 4.967334147569999914e+02 3.380243562319999910e+04 -7.293072779790000126e+00 2.701895862730000175e+01 -5.108017788669999959e+01
6.500000000000000222e-01 8.255632361120000132e+04 -7.075690658439999652e+02 3.305297042920000240e+04 -8.634905480580000514e+00 2.592285267089999934e+01 -5.166325500880000021e+01
6.500000000000000222e-01 8.274483482289999665e+04 -7.149696993549999888e+02 3.303241838080000161e+04 -8.221614851909999189e+00 2.601649975460000164e+01 -5.176411776959999855e+01
6.500000000000000222e-01 8.076493007079999370e+04 -1.098633574060000001e+03 3.640065646469999774e+04 -8.113878068040000002e+00 2.650374686299999993e+01 -5.259639250040000036e+01
6.500000000000000222e-01 8.328252609109999321e+04 1.778049454180000112e+03 3.650224123559999862e+04 -8.206257354110000790e+00 2.690407622129999865e+01 -5.178411149779999789e+01
6.500000000000000222e-01 8.195288616500000353e+04 1.483610539029999927e+03 3.666863999719999993e+04 -7.481253777860000120e+00 2.638933516950000069e+01 -5.256226391810000109e+01
6.500000000000000222e-01 8.428583475140000519e+04 -2.306572888940000212e+03 3.623136242779999884e+04 -7.610974129019999701e+00 2.631363696080000025e+01 -5.300261176720000122e+01
6.500000000000000222e-01 8.489455369850000716e+04 8.973113210530000288e+02 3.481142111760000262e+04 -7.545904931499999968e+00 2.625650034359999907e+01 -5.197988815490000292e+01
6.500000000000000222e-01 8.295568319710000651e+04 3.819802495569999792e+02 3.778104741829999693e+04 -7.910352611060000427e+00 2.768462017899999950e+01 -5.222101425529999830e+01
6.500000000000000222e-01 8.476904979049999383e+04 -1.900677906879999910e+03 3.610524215489999915e+04 -7.970039836799999833e+00 2.674284250730000068e+01 -5.151539067659999915e+01
6.500000000000000222e-01 8.050165953239999362e+04 -4.559322852679999869e+02 3.583487356980000186e+04 -7.929808688639999659e+00 2.646787502160000116e+01 -5.318999566040000104e+01
6.500000000000000222e-01 8.366622288919999846e+04 1.654270870430000059e+03 3.655183531209999637e+04 -8.145278428850000196e+00 2.704173850760000164e+01 -5.210251076370000334e+01
6.500000000000000222e-01 8.524569471440000052e+04 -5.845569725629999880e+01 3.617609961289999774e+04 -7.908707104400000354e+00 2.649185121269999854e+01 -5.130968887259999889e+01
4.560000000000000000e+04 5.078468615900000259e+03 2.945475137930000074e+03 1.622871205139999984e+04 2.096570861179999952e+02 -5.850967317709999804e+01 2.174287151689999860e+02
6.500000000000000222e-01 5.156559953250000035e+03 2.914969188640000084e+03 1.641595190300000104e+04 2.088823106320000136e+02 -5.812852294849999879e+01 2.178353043779999894e+02
6.500000000000000222e-01 5.042071140269999887e+03 2.984069056480000199e+03 1.603036870780000027e+04 2.089767967239999962e+02 -5.785048276580000248e+01 2.175961256509999941e+02
6.500000000000000222e-01 5.014362495989999843e+03 2.976540357280000080e+03 1.642112624720000167e+04 2.105432429619999937e+02 -5.892220229600000181e+01 2.178083974420000004e+02
6.500000000000000222e-01 5.190218366570000398e+03 2.797433064249999916e+03 1.614263504909999938e+04 2.092265705199999957e+02 -5.802886761130000082e+01 2.167433299189999900e+02
6.500000000000000222e-01 5.191387482590000218e+03 2.792123703620000015e+03 1.615469144260000030e+04 2.094715303479999875e+02 -5.836489338700000218e+01 2.178552977150000061e+02
6.500000000000000222e-01 4.983515759079999953e+03 2.910560902730000180e+03 1.640731303929999922e+04 2.093129941230000099e+02 -5.844312195189999670e+01 2.172925592420000100e+02
6.500000000000000222e-01 4.970218489779999800e+03 2.893984169219999785e+03 1.606222089100000085e+04 2.103286725270000090e+02 -5.839232711870000259e+01 2.169298115510000002e+02
6.500000000000000222e-01 5.218748951309999939e+03 2.936671686080000200e+03 1.607928405740000017e+04 2.088911396469999886e+02 -5.847802579239999687e+01 2.167428029579999986e+02
6.500000000000000222e-01 5.207055167270000311e+03 2.820726782679999815e+03 1.632683844490000047e+04 2.094678334870000072e+02 -5.828735179769999775e+01 2.171808637020000106e+02
6.500000000000000222e-01 5.019992194909999853e+03 2.758153923719999966e+03 1.617034976409999945e+04 2.094396859359999894e+02 -5.813730440999999871e+01 2.171312929059999988e+02
6.500000000000000222e-01 5.135896480630000042e+03 2.797488222309999855e+03 1.635731233029999930e+04 2.091791138700000090e+02 -5.773507784960000322e+01 2.179680236339999908e+02
6.500000000000000222e-01 5.253833619220000401e+03 2.839140105599999970e+03 1.623089747189999980e+04 2.096172537509999927e+02 -5.847806820760000335e+01 2.164711866179999902e+02
6.500000000000000222e-01 5.136353096069999992e+03 2.759221159870000065e+03 1.628954878090000057e+04 2.094145132190000140e+02 -5.826426972440000185e+01 2.171566033800000071e+02
6.500000000000000222e-01 5.116200826719999895e+03 2.820466090200000053e+03 1.638797153840000101e+04 2.101717526589999920e+02 -5.922224079450000289e+01 2.171385224599999901e+02
6.500000000000000222e-01 4.994365140099999735e+03 3.028904276260000188e+03 1.606075992480000059e+04 2.100010150360000125e+02 -5.889926922149999911e+01 2.168802320130000112e+02
6.500000000000000222e-01 5.277705234400000336e+03 2.991266974109999865e+03 1.621224085980000018e+04 2.095249931360000062e+02 -5.853171674059999674e+01 2.165238561900000036e+02
6.500000000000000222e-01 5.032604739880000125e+03 3.141507045800000014e+03 1.626842427060000045e+04 2.096916886049999960e+02 -5.871272026340000139e+01 2.183955887779999898e+02
6.500000000000000222e-01 5.231675651700000344e+03 2.982390895099999852e+03 1.635995319229999950e+04 2.099374558490000027e+02 -5.832390293160000283e+01 2.170125554669999985e+02
6.500000000000000222e-01 5.221535408720000305e+03 3.092129246399999829e+03 1.623820701379999991e+04 2.096446267940000041e+02 -5.859017926669999810e+01 2.175938167159999921e+02
6.500000000000000222e-01 5.120443849719999889e+03 3.139492248349999954e+03 1.628127194720000080e+04 2.094980289060000018e+02 -5.865588758730000052e+01 2.182840094910000062e+02
6.500000000000000222e-01 5.272619902499999625e+03 3.010823173379999844e+03 1.623922474449999936e+04 2.096603663999999867e+02 -5.851123990960000043e+01 2.165277067830000135e+02
6.500000000000000222e-01 4.960230921370000033e+03 2.807406628929999897e+03 1.632367326060000050e+04 2.099457882289999873e+02 -5.807708195880000090e+01 2.182788343109999971e+02
6.500000000000000222e-01 4.887490239089999704e+03 2.925742078579999998e+03 1.615664889749999929e+04 2.096417100740000024e+02 -5.855796572199999872e+01 2.176329940589999978e+02
6.500000000000000222e-01 5.052010166109999773e+03 3.147403346349999993e+03 1.620586643980000008e+04 2.097097129400000028e+02 -5.853510708270000151e+01 2.182958326060000047e+02
6.500000000000000222e-01 5.154251826259999689e+03 2.957533217279999917e+03 1.641912308470000062e+04 2.092524603139999897e+02 -5.861205924490000285e+01 2.176781123560000140e+02
6.500000000000000222e-01 5.010862542779999785e+03 2.755495747150000170e+03 1.619243553210000027e+04 2.094932777360000102e+02 -5.837979961010000096e+01 2.178340863569999897e+02
6.500000000000000222e-01 5.176055132790000243e+03 3.092588555970000016e+03 1.612417628890000015e+04 2.092471264710000014e+02 -5.884969830499999688e+01 2.166305243989999951e+02
6.500000000000000222e-01 5.036306345300000430e+03 2.755126547119999941e+03 1.629399266209999951e+04 2.099477871880000066e+02 -5.877879309909999961e+01 2.172442684639999868e+02
6.500000000000000222e-01 5.252647764399999687e+03 2.894808434579999812e+03 1.632432620339999994e+04 2.099993116509999993e+02 -5.856094082869999795e+01 2.166654698049999865e+02
6.500000000000000222e-01 4.923632864780000091e+03 2.815014692499999910e+03 1.619569300169999951e+04 2.095959849850000012e+02 -5.837281418330000093e+01 2.173944720179999877e+02
6.500000000000000222e-01 4.970665825779999977e+03 3.082734402170000067e+03 1.633667772470000091e+04 2.099934644479999974e+02 -5.891357543390000018e+01 2.182852180140000087e+02
6.500000000000000222e-01 5.144295501610000429e+03 3.004008004540000002e+03 1.604338984990000063e+04 2.103088375890000066e+02 -5.803882229100000245e+01 2.177983057600000052e+02
6.500000000000000222e-01 5.194445664009999746e+03 2.796919082370000069e+03 1.631006515059999947e+04 2.099180107429999964e+02 -5.880196655329999800e+01 2.165713226169999928e+02
6.500000000000000222e-01 5.245966228459999911e+03 3.063712923049999972e+03 1.622286393289999978e+04 2.095948119939999970e+02 -5.855715595809999741e+01 2.165051957720000075e+02
6.500000000000000222e-01 5.172850526330000321e+03 3.125137776860000031e+03 1.619961907509999946e+04 2.096470449459999941e+02 -5.873236196799999931e+01 2.166793331009999974e+02
6.500000000000000222e-01 4.931661092129999815e+03 2.814417753040000207e+03 1.628642124340000009e+04 2.099472025249999945e+02 -5.834065558489999859e+01 2.183072924639999997e+02
6.500000000000000222e-01 4.938041839180000352e+03 3.086600948939999853e+03 1.627795056880000084e+04 2.095448411209999904e+02 -5.838657615009999802e+01 2.164864837910000119e+02
6.500000000000000222e-01 5.199360247859999618e+03 2.792762416569999914e+03 1.629508876330000021e+04 2.097222643409999989e+02 -5.851627269760000161e+01 2.179314954920000105e+02
6.500000000000000222e-01 5.255387975179999557e+03 3.029576636199999939e+03 1.628958126090000042e+04 2.093463398300000051e+02 -5.862601028529999780e+01 2.184064462649999996e+02
6.500000000000000222e-01 4.993129920790000142e+03 2.894834585009999955e+03 1.640833934569999838e+04 2.089597807220000050e+02 -5.877306570350000214e+01 2.170395349890000034e+02
1.390000000000000000e+04 -7.950204945540000153e+03 7.449402204570000094e+02 1.492072842870000022e+04 -2.486457990689999917e+02 2.042316878979999899e+02 -3.148756099770000105e+02
6.500000000000000222e-01 -8.055168442320000395e+03 8.338152616219999800e+02 1.496022914080000010e+04 -2.487979531169999916e+02 2.043470244719999869e+02 -3.154385218350000173e+02
6.500000000000000222e-01 -8.015556518059999689e+03 7.255314278519999789e+02 1.504646127770000021e+04 -2.490252289430000019e+02 2.040694329069999924e+02 -3.150654021729999954e+02
6.500000000000000222e-01 -7.869272241939999731e+03 7.246656378889999814e+02 1.503699173060000066e+04 -2.487944036259999905e+02 2.042125810150000120e+02 -3.147478670269999839e+02
6.500000000000000222e-01 -7.870915469640000083e+03 7.817824973890000138e+02 1.480747807970000031e+04 -2.481563446860000113e+02 2.044174880930000029e+02 -3.145298033400000008e+02
6.500000000000000222e-01 -7.840509851859999799e+03 8.191577369999999974e+02 1.497443607410000004e+04 -2.489166111499999943e+02 2.041390453260000015e+02 -3.143493324849999908e+02
6.500000000000000222e-01 -7.993343095879999964e+03 8.379600087479999502e+02 1.502059032540000044e+04 -2.485184645040000078e+02 2.038427205650000076e+02 -3.143814644309999835e+02
6.500000000000000222e-01 -7.899683239289999619e+03 6.266405060099999673e+02 1.485939582159999918e+04 -2.487174402210000039e+02 2.042397636059999968e+02 -3.144730838859999835e+02
6.500000000000000222e-01 -7.995754136849999668e+03 6.150521004140000514e+02 1.495877459719999933e+04 -2.487100558139999862e+02 2.044980835700000057e+02 -3.144103896209999789e+02
6.500000000000000222e-01 -7.960115752929999871e+03 6.308625774289999981e+02 1.500729018499999984e+04 -2.483673927400000139e+02 2.038911056590000044e+02 -3.149611608079999883e+02
6.500000000000000222e-01 -7.895286781589999919e+03 8.551380038710000235e+02 1.499291054799999984e+04 -2.484919502049999949e+02 2.038553045060000102e+02 -3.146782541630000196e+02
6.500000000000000222e-01 -7.809894743630000448e+03 7.365712894240000423e+02 1.489455779079999957e+04 -2.487565607239999963e+02 2.042426819400000113e+02 -3.153577701660000230e+02
6.500000000000000222e-01 -7.927515909789999569e+03 6.106189765650000254e+02 1.487659366299999965e+04 -2.485270517550000022e+02 2.040138027899999997e+02 -3.143357559570000035e+02
6.500000000000000222e-01 -7.860903172299999824e+03 6.348398219609999842e+02 1.490039366270000028e+04 -2.485906533650000085e+02 2.041993397530000038e+02 -3.149000693720000186e+02
6.500000000000000222e-01 -7.947198487839999871e+03 6.565005941169999915e+02 1.480800580350000018e+04 -2.484257243469999992e+02 2.036623841329999891e+02 -3.145770921069999986e+02
6.500000000000000222e-01 -8.058896043830000053e+03 7.413306075169999758e+02 1.501362519860000066e+04 -2.488134914149999872e+02 2.042197770479999974e+02 -3.150398691880000115e+02
6.500000000000000222e-01 -7.839484294349999800e+03 6.596602932340000507e+02 1.489059948339999937e+04 -2.485568708080000135e+02 2.041796716220000008e+02 -3.142815740949999963e+02
6.500000000000000222e-01 -7.882810281580000265e+03 6.995322739409999713e+02 1.480337678410000080e+04 -2.489714564489999873e+02 2.045253855919999921e+02 -3.150728600900000060e+02
6.500000000000000222e-01 -7.890134749480000210e+03 7.254992862760000207e+02 1.504898277260000032e+04 -2.482305160189999924e+02 2.041137927210000100e+02 -3.151175873509999974e+02
6.500000000000000222e-01 -8.046430641369999648e+03 6.403309240649999765e+02 1.490556802349999998e+04 -2.486532383580000101e+02 2.043298617890000060e+02 -3.150280209410000225e+02
6.500000000000000222e-01 -8.013402673499999764e+03 8.625731809960000191e+02 1.497012912350000079e+04 -2.484580821590000141e+02 2.040037401669999895e+02 -3.148393166320000205e+02
6.500000000000000222e-01 -7.919928959259999829e+03 6.327398067530000390e+02 1.500470398410000053e+04 -2.485946174290000101e+02 2.044169223369999884e+02 -3.144262121429999866e+02
6.500000000000000222e-01 -8.015337349299999914e+03 7.472310812739999619e+02 1.479344052129999909e+04 -2.480560814479999863e+02 2.042130680059999861e+02 -3.151692898389999868e+02
6.500000000000000222e-01 -8.035433988959999624e+03 7.778685627879999629e+02 1.503105548230000022e+04 -2.490223664750000125e+02 2.044208388570000068e+02 -3.150752256939999825e+02
6.500000000000000222e-01 -7.876446627520000220e+03 8.126997820230000116e+02 1.481865344499999992e+04 -2.488300353040000061e+02 2.044436790610000116e+02 -3.148799052879999749e+02
6.500000000000000222e-01 -8.014774022640000112e+03 6.861448926179999717e+02 1.480749294679999912e+04 -2.490352143030000036e+02 2.040562649889999989e+02 -3.145447418539999944e+02
6.500000000000000222e-01 -7.972244180169999709e+03 6.729615389849999474e+02 1.479888101420000021e+04 -2.484357637699999941e+02 2.037796418389999928e+02 -3.147472545840000180e+02
6.500000000000000222e-01 -7.972079622270000073e+03 6.689451382119999607e+02 1.480173960660000012e+04 -2.488810595150000040e+02 2.039535158060000128e+02 -3.145893462590000240e+02
6.500000000000000222e-01 -7.812618401159999848e+03 7.333865546209999593e+02 1.488361717189999945e+04 -2.487910294510000142e+02 2.042532088899999962e+02 -3.153477444179999907e+02
6.500000000000000222e-01 -7.926292428179999661e+03 6.873563550159999522e+02 1.504940732799999932e+04 -2.489257802010000091e+02 2.048071050190000051e+02 -3.145705640290000247e+02
6.500000000000000222e-01 -7.947443708089999745e+03 6.063178486279999788e+02 1.488670862400000078e+04 -2.487114962930000104e+02 2.042201513550000129e+02 -3.143425205319999804e+02
6.500000000000000222e-01 -7.925992419090000112e+03 6.047791173690000051e+02 1.493597116599999936e+04 -2.486094780319999984e+02 2.041819084050000015e+02 -3.154514087659999859e+02
6.500000000000000222e-01 -7.876482893669999612e+03 6.957861888160000490e+02 1.480843540489999941e+04 -2.490610852970000053e+02 2.045342391929999906e+02 -3.153226462630000242e+02
6.500000000000000222e-01 -7.807782423990000098e+03 7.551118817459999946e+02 1.491326288729999942e+04 -2.486395925269999907e+02 2.042285107740000001e+02 -3.143074889129999860e+02
6.500000000000000222e-01 -7.883572251530000358e+03 8.074010491909999701e+02 1.481065775969999959e+04 -2.490239653030000113e+02 2.041823336019999999e+02 -3.151588217849999864e+02
6.500000000000000222e-01 -7.953771607159999803e+03 6.043715326389999518e+02 1.494615968910000083e+04 -2.486726629910000099e+02 2.044122436750000134e+02 -3.142523793139999952e+02
6.500000000000000222e-01 -8.042120180310000251e+03 8.370094312339999760e+02 1.486046489010000005e+04 -2.488722035929999947e+02 2.044617413660000125e+02 -3.144658916910000244e+02
6.500000000000000222e-01 -7.941654336450000301e+03 7.965527769410000474e+02 1.505386837399999968e+04 -2.487971202109999922e+02 2.036430517409999936e+02 -3.146094143430000258e+02
6.500000000000000222e-01 -7.891874905579999904e+03 7.337151840789999824e+02 1.479053282070000023e+04 -2.481482174209999982e+02 2.041184504940000011e+02 -3.147115152580000199e+02
6.500000000000000222e-01 -7.972332152410000162e+03 7.410356123090000438e+02 1.506201347329999953e+04 -2.481057125060000033e+02 2.043260153409999873e+02 -3.147470255659999907e+02
6.500000000000000222e-01 -7.998242954899999859e+03 7.280893197450000116e+02 1.505444122090000019e+04 -2.492444251089999909e+02 2.040507394139999917e+02 -3.150598954839999806e+02
1.190000000000000000e+04 -3.489869283649999943e+03 6.325575830779999706e+03 -1.364757837819999986e+04 -2.723856524400000012e+02 -2.310144007579999936e+01 6.728346107549999999e+01
6.500000000000000222e-01 -3.574531358870000076e+03 6.235820605980000437e+03 -1.359667526340000040e+04 -2.724529381250000029e+02 -2.329742475720000172e+01 6.676223273130000280e+01
6.500000000000000222e-01 -3.581309343590000026e+03 6.231347273729999870e+03 -1.362377480280000054e+04 -2.723236902410000084e+02 -2.296877120890000157e+01 6.779896746289999498e+01
6.500000000000000222e-01 -3.374213791369999853e+03 6.359618771399999787e+03 -1.370471959450000031e+04 -2.722153956469999798e+02 -2.300858718670000158e+01 6.780589127240000380e+01
6.500000000000000222e-01 -3.387337865680000050e+03 6.241020028500000080e+03 -1.366052002060000086e+04 -2.724308822630000009e+02 -2.307576072339999840e+01 6.686944044000000531e+01
6.500000000000000222e-01 -3.507409320100000059e+03 6.427254991099999643e+03 -1.373211801089999972e+04 -2.722646290029999818e+02 -2.354624242479999907e+01 6.676113667139999563e+01
6.500000000000000222e-01 -3.569375926820000132e+03 6.430272753150000426e+03 -1.362391115739999987e+04 -2.723387485210000136e+02 -2.316954848139999967e+01 6.778711120639999876e+01
6.500000000000000222e-01 -3.458697450449999906e+03 6.320515975539999999e+03 -1.351783126989999982e+04 -2.722107628940000268e+02 -2.314845837009999840e+01 6.727393067840000640e+01
6.500000000000000222e-01 -3.610200566989999970e+03 6.297690585970000029e+03 -1.369789072889999989e+04 -2.723874630249999882e+02 -2.313712485880000003e+01 6.748573056099999690e+01
6.500000000000000222e-01 -3.529117587060000005e+03 6.234077755809999871e+03 -1.373667294480000055e+04 -2.723680991969999923e+02 -2.352044053110000021e+01 6.766950003339999853e+01
6.500000000000000222e-01 -3.464652384439999878e+03 6.273557663149999826e+03 -1.352752642620000006e+04 -2.725545402619999891e+02 -2.298099467460000156e+01 6.728952469099999689e+01
6.500000000000000222e-01 -3.589579512419999901e+03 6.239294078500000069e+03 -1.366797877660000086e+04 -2.723864515660000052e+02 -2.314963746000000100e+01 6.784568765710000093e+01
6.500000000000000222e-01 -3.452069282389999898e+03 6.283280993839999610e+03 -1.376837278580000020e+04 -2.720735802799999874e+02 -2.344209607410000018e+01 6.752556159099999888e+01
6.500000000000000222e-01 -3.563740488729999925e+03 6.398093096550000155e+03 -1.356344080969999959e+04 -2.720578689380000128e+02 -2.342884273370000159e+01 6.775547592600000257e+01
6.500000000000000222e-01 -3.413158012259999850e+03 6.432131025669999872e+03 -1.362360094820000086e+04 -2.724327062319999868e+02 -2.301357876160000160e+01 6.682380928770000139e+01
6.500000000000000222e-01 -3.394965692920000038e+03 6.307481510499999786e+03 -1.355557447280000088e+04 -2.726791371850000019e+02 -2.303632837829999858e+01 6.756176394269999719e+01
6.500000000000000222e-01 -3.618730487360000097e+03 6.351234425700000429e+03 -1.367058838909999940e+04 -2.723035300500000062e+02 -2.311825285950000008e+01 6.716312171319999891e+01
6.500000000000000222e-01 -3.404413288589999866e+03 6.356789700510000330e+03 -1.354974858800000038e+04 -2.724728577920000134e+02 -2.330356179030000163e+01 6.747263661520000255e+01
6.500000000000000222e-01 -3.472921433250000064e+03 6.325496192419999716e+03 -1.351510516199999984e+04 -2.717953593390000151e+02 -2.314136433359999856e+01 6.724986446459999456e+01
6.500000000000000222e-01 -3.483203182379999816e+03 6.266331339620000108e+03 -1.352834335359999932e+04 -2.726088763490000133e+02 -2.259402396209999964e+01 6.749573804130000099e+01
6.500000000000000222e-01 -3.487554526379999970e+03 6.458349703189999673e+03 -1.365975237050000032e+04 -2.723514621670000224e+02 -2.314100841009999954e+01 6.766729781710000680e+01
6.500000000000000222e-01 -3.364821149590000005e+03 6.288349354400000266e+03 -1.361897973889999957e+04 -2.724108460549999791e+02 -2.313652617729999861e+01 6.739908297990000108e+01
6.500000000000000222e-01 -3.550960924240000168e+03 6.210823153870000169e+03 -1.361696292209999956e+04 -2.722955898700000148e+02 -2.324901006039999984e+01 6.693635335929999997e+01
6.500000000000000222e-01 -3.394660679590000200e+03 6.407898151049999797e+03 -1.360324060739999913e+04 -2.722467819839999947e+02 -2.302416643540000152e+01 6.670681426720000218e+01
6.500000000000000222e-01 -3.471279831740000191e+03 6.193631730969999808e+03 -1.364119667289999961e+04 -2.724063780800000245e+02 -2.302804616879999955e+01 6.769529075830000409e+01
6.500000000000000222e-01 -3.615230873659999816e+03 6.283229968519999602e+03 -1.363018922510000084e+04 -2.722959405099999799e+02 -2.305122960799999987e+01 6.772058226980000484e+01
6.500000000000000222e-01 -3.565444709530000182e+03 6.378004504059999817e+03 -1.374429801079999925e+04 -2.727070534060000000e+02 -2.286328220240000064e+01 6.765064672200000473e+01
6.500000000000000222e-01 -3.486024607840000044e+03 6.196351254969999900e+03 -1.361583481720000054e+04 -2.725122359349999783e+02 -2.297373710629999977e+01 6.715723308309999595e+01
6.500000000000000222e-01 -3.468438585909999802e+03 6.415777341390000402e+03 -1.374364479879999999e+04 -2.722819485480000026e+02 -2.269422815589999942e+01 6.766181790710000143e+01
6.500000000000000222e-01 -3.567688083879999795e+03 6.431807691560000421e+03 -1.362482720390000031e+04 -2.724652058010000246e+02 -2.301144735220000115e+01 6.677286262900000224e+01
6.500000000000000222e-01 -3.563342747140000029e+03 6.356137243729999682e+03 -1.354019778229999974e+04 -2.727023644579999768e+02 -2.293422681010000019e+01 6.707872400339999786e+01
6.500000000000000222e-01 -3.599983875060000173e+03 6.315807743860000301e+03 -1.357287186760000077e+04 -2.725932369640000275e+02 -2.315297504609999990e+01 6.688228877519999571e+01
6.500000000000000222e-01 -3.555424441919999936e+03 6.262654189509999924e+03 -1.354975172430000021e+04 -2.721011847080000052e+02 -2.274232675569999884e+01 6.772062070020000135e+01
6.500000000000000222e-01 -3.447131843560000107e+03 6.382186457449999580e+03 -1.353448146570000063e+04 -2.720832286620000104e+02 -2.272199036190000143e+01 6.697753701569999407e+01
6.500000000000000222e-01 -3.496789156469999853e+03 6.458546725860000151e+03 -1.365697927870000058e+04 -2.724011055870000177e+02 -2.308271242040000004e+01 6.785467072699999846e+01
6.500000000000000222e-01 -3.614760265119999985e+03 6.331415555280000262e+03 -1.369433233049999944e+04 -2.722076395010000169e+02 -2.308237042160000030e+01 6.686413558169999760e+01
6.500000000000000222e-01 -3.484951288929999919e+03 6.396558488190000389e+03 -1.376030426040000020e+04 -2.721838535640000032e+02 -2.293127008329999938e+01 6.746398436370000695e+01
6.500000000000000222e-01 -3.422542795649999789e+03 6.394699962890000279e+03 -1.373983242450000034e+04 -2.720662906379999981e+02 -2.307161695090000109e+01 6.753731262629999321e+01
6.500000000000000222e-01 -3.555193432590000157e+03 6.246860010719999991e+03 -1.373321448179999970e+04 -2.724196883750000211e+02 -2.268238104590000148e+01 6.700612126709999927e+01
6.500000000000000222e-01 -3.383655275789999905e+03 6.245061188050000055e+03 -1.365526704520000021e+04 -2.724208453919999897e+02 -2.308768435649999873e+01 6.701293206190000262e+01
6.500000000000000222e-01 -3.439959564769999815e+03 6.419161736699999892e+03 -1.372858238949999941e+04 -2.721820852149999723e+02 -2.285196100550000153e+01 6.771694567970000378e+01
