3.450000000000000000e+05 4.147651264809999702e+03 -5.077141753799999606e+03 -6.774909375010000076e+03 -1.113911297650000023e+02 1.993974981019999859e+01 -5.837825257080000085e+01
6.500000000000000222e-01 4.062094394889999876e+03 -4.990797002199999952e+03 -6.516906268949999685e+03 -1.113797874339999936e+02 2.002951976789999833e+01 -5.799896713430000261e+01
6.500000000000000222e-01 3.973641666349999923e+03 -5.197187965969999823e+03 -6.965097261369999615e+03 -1.117847019259999968e+02 1.996373086239999850e+01 -5.748872043730000314e+01
6.500000000000000222e-01 4.336155712779999703e+03 -5.005925102850000258e+03 -6.574792899740000394e+03 -1.107696667019999950e+02 2.027233668650000098e+01 -5.976157278729999689e+01
6.500000000000000222e-01 4.125813401280000107e+03 -5.171292190729999675e+03 -7.045036170659999698e+03 -1.111766942689999951e+02 1.733377448999999970e+01 -5.801204822799999761e+01
6.500000000000000222e-01 4.260491884410000239e+03 -5.277909028269999908e+03 -6.936249971180000102e+03 -1.116431965670000039e+02 2.015951741010000120e+01 -5.832074469829999686e+01
6.500000000000000222e-01 4.250246397339999930e+03 -4.844555015719999574e+03 -6.899536808109999583e+03 -1.121352845159999987e+02 1.843976993080000071e+01 -6.020099043310000297e+01
6.500000000000000222e-01 3.916571348729999954e+03 -4.970651130709999961e+03 -6.902386141099999804e+03 -1.103617943200000013e+02 1.969178605529999970e+01 -5.933065219129999690e+01
6.500000000000000222e-01 4.313167787680000401e+03 -4.886991306380000424e+03 -6.902570794960000057e+03 -1.116331657289999981e+02 1.814101101840000041e+01 -5.972527720419999753e+01
6.500000000000000222e-01 3.923090652310000223e+03 -5.010305169809999825e+03 -6.606087291650000225e+03 -1.112154783999999950e+02 2.066316454709999917e+01 -5.711628668840000245e+01
6.500000000000000222e-01 3.872786107320000156e+03 -5.100240746090000357e+03 -6.706187790940000014e+03 -1.104764517229999967e+02 2.049415327020000177e+01 -5.571762091189999921e+01
6.500000000000000222e-01 3.974086857459999919e+03 -5.215113921549999759e+03 -6.952588342289999673e+03 -1.118828124700000046e+02 1.938894632419999908e+01 -5.686778124380000321e+01
6.500000000000000222e-01 4.237668243909999546e+03 -5.105101343749999614e+03 -6.507846805090000089e+03 -1.130275378089999947e+02 2.093986387480000033e+01 -5.823331859569999835e+01
6.500000000000000222e-01 4.087302476240000033e+03 -4.918356717399999980e+03 -7.006884293860000071e+03 -1.117076070159999972e+02 1.947116986500000024e+01 -5.857778538689999692e+01
6.500000000000000222e-01 3.986960763890000180e+03 -5.014129000420000011e+03 -6.999209821589999592e+03 -1.090848422889999938e+02 1.889512573869999912e+01 -5.951440928910000139e+01
6.500000000000000222e-01 4.304043775529999948e+03 -5.039531044489999658e+03 -6.542401501219999773e+03 -1.123559173470000019e+02 2.044459716960000151e+01 -5.859483237290000091e+01
6.500000000000000222e-01 4.015691410989999895e+03 -5.297259143209999820e+03 -6.897187232739999672e+03 -1.100910932940000038e+02 2.086164796779999975e+01 -6.076562315350000176e+01
6.500000000000000222e-01 3.929924142880000090e+03 -5.144373859520000224e+03 -6.942513646569999764e+03 -1.118201744539999964e+02 1.945581261759999947e+01 -5.646060096640000125e+01
6.500000000000000222e-01 4.162300448080000024e+03 -5.194708353940000052e+03 -6.519266893109999728e+03 -1.125923909109999954e+02 2.284830607090000143e+01 -5.774436881870000349e+01
6.500000000000000222e-01 4.033138219399999798e+03 -5.158451652849999846e+03 -6.526843005110000377e+03 -1.098640266839999953e+02 2.143077238880000124e+01 -5.719245813460000250e+01
6.500000000000000222e-01 4.190828482859999895e+03 -4.978731950680000409e+03 -7.037111770800000158e+03 -1.106901904529999996e+02 1.752521778119999851e+01 -5.878587810399999825e+01
6.500000000000000222e-01 3.948988835650000055e+03 -4.909281652700000450e+03 -6.896653640360000281e+03 -1.118406214540000008e+02 2.045044657449999903e+01 -5.672786538289999925e+01
6.500000000000000222e-01 3.992081080920000204e+03 -4.881491054500000246e+03 -6.910718880010000248e+03 -1.106372226050000052e+02 1.892110829820000006e+01 -5.967331223490000269e+01
6.500000000000000222e-01 4.280886760659999709e+03 -4.905304838680000103e+03 -6.591166272989999925e+03 -1.134195809539999971e+02 1.928172609119999947e+01 -5.657088086760000323e+01
6.500000000000000222e-01 4.381574576050000360e+03 -5.096951659160000418e+03 -6.617122489319999659e+03 -1.124583766290000000e+02 1.996621834509999971e+01 -5.822679884869999967e+01
6.500000000000000222e-01 4.368993462039999940e+03 -5.069337302119999549e+03 -6.599313751560000128e+03 -1.117764989000000071e+02 2.001052868900000092e+01 -5.920889502039999996e+01
6.500000000000000222e-01 4.120370031370000106e+03 -5.307885952309999993e+03 -6.610144448220000413e+03 -1.107316952850000007e+02 2.136132773650000161e+01 -5.707686791310000274e+01
6.500000000000000222e-01 4.025042822219999834e+03 -4.926962125189999824e+03 -6.986251640849999603e+03 -1.122851779110000052e+02 2.090049134090000038e+01 -5.698485434010000006e+01
6.500000000000000222e-01 3.953794504349999897e+03 -5.265760092599999552e+03 -6.858527950599999713e+03 -1.112907261750000032e+02 1.999061445950000149e+01 -5.649731844669999958e+01
6.500000000000000222e-01 4.043711597859999983e+03 -4.827084593339999628e+03 -6.874116125409999768e+03 -1.119391920510000062e+02 1.999251497779999909e+01 -5.794877122079999765e+01
6.500000000000000222e-01 4.023938749479999842e+03 -5.221245344050000313e+03 -6.563438050159999875e+03 -1.123634362850000059e+02 1.935761828080000058e+01 -5.979688888609999964e+01
6.500000000000000222e-01 4.337041625300000305e+03 -4.906227439090000189e+03 -6.652175423720000254e+03 -1.116892800410000035e+02 1.901542207829999853e+01 -5.818329297980000092e+01
6.500000000000000222e-01 3.918875649900000099e+03 -5.167738700179999796e+03 -6.632045800400000189e+03 -1.122187334759999970e+02 2.024381368959999961e+01 -5.999476128879999948e+01
6.500000000000000222e-01 3.868384954829999970e+03 -5.116440884089999599e+03 -6.799972974319999594e+03 -1.110148317170000070e+02 2.023951782259999987e+01 -5.571813241929999805e+01
6.500000000000000222e-01 4.216604811619999964e+03 -5.020764097350000156e+03 -7.046133340190000126e+03 -1.125365591649999999e+02 1.864261333159999978e+01 -5.903665037239999691e+01
6.500000000000000222e-01 4.035214926380000179e+03 -4.816241054109999823e+03 -6.754626177670000288e+03 -1.114766884130000051e+02 1.958856480520000076e+01 -5.565127484599999974e+01
6.500000000000000222e-01 4.145372975930000393e+03 -4.795761481769999591e+03 -6.823540389140000116e+03 -1.120418343550000060e+02 1.974022709380000151e+01 -5.770193055139999672e+01
6.500000000000000222e-01 4.174826651200000015e+03 -4.938796649289999550e+03 -7.017697782840000400e+03 -1.102207522180000012e+02 1.766860016389999899e+01 -5.852628289879999812e+01
6.500000000000000222e-01 4.224942722269999649e+03 -4.961819561999999678e+03 -6.526298538750000262e+03 -1.117821023820000050e+02 1.879919043070000129e+01 -5.774144942270000058e+01
6.500000000000000222e-01 4.017209732209999856e+03 -5.208096014140000079e+03 -6.559556810150000274e+03 -1.117839829440000017e+02 2.203967230179999959e+01 -5.784413712079999925e+01
6.500000000000000222e-01 4.219642581690000043e+03 -4.904962191929999790e+03 -6.558994462089999615e+03 -1.112756283629999956e+02 2.139843430830000059e+01 -5.941448987999999787e+01
4.560000000000000000e+04 5.931694215319999785e+03 2.703231361770000149e+03 1.710232205389999945e+04 2.071628773690000003e+02 -5.979237522279999695e+01 2.094590439819999972e+02
6.500000000000000222e-01 5.979424890989999767e+03 2.581911527050000132e+03 1.726349939309999900e+04 2.077054020889999890e+02 -6.034976698589999700e+01 2.092947612369999888e+02
6.500000000000000222e-01 6.062193485839999994e+03 2.809753094560000136e+03 1.698586206809999931e+04 2.067752511420000019e+02 -6.033602425139999781e+01 2.087451355720000095e+02
6.500000000000000222e-01 5.988797195510000165e+03 2.578587257690000115e+03 1.725511365550000119e+04 2.069017630669999903e+02 -5.901969686620000033e+01 2.102151196739999932e+02
6.500000000000000222e-01 5.730039959910000107e+03 2.689595446960000118e+03 1.706917619800000102e+04 2.072686593479999999e+02 -5.979462004349999660e+01 2.095166206609999904e+02
6.500000000000000222e-01 6.073785141219999787e+03 2.837364563709999857e+03 1.704164526699999988e+04 2.071785799630000042e+02 -5.963882425140000265e+01 2.103859518589999880e+02
6.500000000000000222e-01 5.841162710429999606e+03 2.886246891589999905e+03 1.710819115809999857e+04 2.072778413860000057e+02 -5.997954302979999852e+01 2.091855731690000084e+02
6.500000000000000222e-01 5.891868136549999690e+03 2.749735315590000027e+03 1.729837230669999917e+04 2.079250361210000051e+02 -6.052226506710000109e+01 2.098769039519999922e+02
6.500000000000000222e-01 5.929487821190000432e+03 2.907736003980000078e+03 1.709932938239999930e+04 2.071843661849999876e+02 -5.997851954850000311e+01 2.092016692709999859e+02
6.500000000000000222e-01 5.914281679349999649e+03 2.775201308189999963e+03 1.691005259569999907e+04 2.070368865289999860e+02 -6.037797088629999820e+01 2.090760965320000082e+02
6.500000000000000222e-01 5.842004767780000293e+03 2.701582462849999956e+03 1.691725141280000025e+04 2.073029211799999985e+02 -5.983481829939999841e+01 2.092350318359999903e+02
6.500000000000000222e-01 6.078459616479999568e+03 2.608122185369999897e+03 1.699878254469999956e+04 2.070680997190000028e+02 -5.970628213399999851e+01 2.099543778400000065e+02
6.500000000000000222e-01 5.883633331699999871e+03 2.706692203720000180e+03 1.730200990119999915e+04 2.073195039990000055e+02 -5.973847250259999697e+01 2.095625993319999907e+02
6.500000000000000222e-01 5.852535989680000057e+03 2.547110746230000132e+03 1.721007114809999985e+04 2.076645206020000103e+02 -5.998517486259999743e+01 2.095126865919999943e+02
6.500000000000000222e-01 5.906007901210000455e+03 2.507677510240000174e+03 1.704352540429999863e+04 2.073509098689999917e+02 -5.964507031339999799e+01 2.087325420489999885e+02
6.500000000000000222e-01 5.795750028700000257e+03 2.551520294259999901e+03 1.712217125740000120e+04 2.073347486160000130e+02 -5.964813069000000212e+01 2.101951452330000052e+02
6.500000000000000222e-01 6.027836151729999983e+03 2.539948683290000190e+03 1.703099537970000165e+04 2.068524991209999939e+02 -5.951564547299999930e+01 2.097764741219999962e+02
6.500000000000000222e-01 6.127177279430000453e+03 2.754155627520000053e+03 1.713721692070000063e+04 2.071462538499999937e+02 -5.983337723500000038e+01 2.091558739570000114e+02
6.500000000000000222e-01 6.135124844210000447e+03 2.724578351759999805e+03 1.710857304870000007e+04 2.070024836919999984e+02 -5.979239333089999775e+01 2.097020583089999946e+02
6.500000000000000222e-01 5.839733408959999906e+03 2.579180435249999846e+03 1.696639271599999847e+04 2.076658976239999959e+02 -5.989638191329999728e+01 2.090405498359999967e+02
6.500000000000000222e-01 5.857938732200000231e+03 2.767387517610000032e+03 1.728389088419999825e+04 2.075172831920000078e+02 -5.996527601070000202e+01 2.098533757540000124e+02
6.500000000000000222e-01 5.857570246880000013e+03 2.817139219839999896e+03 1.694705933169999844e+04 2.066108588349999877e+02 -5.918647235400000284e+01 2.099175611070000116e+02
6.500000000000000222e-01 6.060372855419999723e+03 2.578040498970000044e+03 1.699983197540000037e+04 2.070693479029999935e+02 -5.976425786320000100e+01 2.089705653629999915e+02
6.500000000000000222e-01 6.015213911920000101e+03 2.517301899099999900e+03 1.711863407390000066e+04 2.071181566219999866e+02 -5.969696335460000114e+01 2.085079233239999894e+02
6.500000000000000222e-01 5.935934686710000278e+03 2.827868138519999775e+03 1.693815450419999979e+04 2.068488652350000052e+02 -5.902845318709999844e+01 2.098516686730000060e+02
6.500000000000000222e-01 6.093191254530000151e+03 2.586469946489999984e+03 1.715386106089999885e+04 2.072892788549999921e+02 -5.987197381469999868e+01 2.090323754910000105e+02
6.500000000000000222e-01 5.827958870639999986e+03 2.848273548329999812e+03 1.719983375289999822e+04 2.076965552469999921e+02 -6.038364219889999873e+01 2.101999191540000140e+02
6.500000000000000222e-01 6.060688850339999590e+03 2.592975433909999992e+03 1.721410828269999911e+04 2.071348278359999995e+02 -5.965307678900000354e+01 2.090443533019999904e+02
6.500000000000000222e-01 6.063666772780000429e+03 2.781856403050000154e+03 1.696730946580000091e+04 2.073173844089999989e+02 -5.947029365600000261e+01 2.100385146719999909e+02
6.500000000000000222e-01 5.896269964400000390e+03 2.676106370569999854e+03 1.690144363629999862e+04 2.064245469930000070e+02 -6.023282921349999697e+01 2.094723137389999863e+02
6.500000000000000222e-01 5.913938924459999726e+03 2.675935403380000025e+03 1.689926060639999923e+04 2.067173599209999963e+02 -6.016189408559999663e+01 2.094024354409999944e+02
6.500000000000000222e-01 5.749693397130000449e+03 2.646444347040000139e+03 1.717744304740000007e+04 2.070432497339999998e+02 -5.971668747649999887e+01 2.088889045809999914e+02
6.500000000000000222e-01 5.959204422410000006e+03 2.888375717979999990e+03 1.719023830879999878e+04 2.068175223640000127e+02 -5.959105691909999791e+01 2.096377758220000089e+02
6.500000000000000222e-01 5.851798439959999996e+03 2.861357962739999948e+03 1.720035687600000165e+04 2.074530279349999944e+02 -5.996015068149999649e+01 2.090179950840000060e+02
6.500000000000000222e-01 6.045553367939999589e+03 2.544844711939999797e+03 1.716154886830000032e+04 2.071548719120000044e+02 -5.975941282109999975e+01 2.086628338209999924e+02
6.500000000000000222e-01 6.096549265319999904e+03 2.811743580769999880e+03 1.704767786369999885e+04 2.071356004419999977e+02 -6.004051031849999731e+01 2.094393983870000113e+02
6.500000000000000222e-01 5.933438856499999929e+03 2.775697655099999793e+03 1.729521461719999934e+04 2.070910185129999945e+02 -5.889489057699999819e+01 2.093371773990000122e+02
6.500000000000000222e-01 6.084138056640000286e+03 2.580740021210000123e+03 1.715810596689999875e+04 2.068539986149999947e+02 -5.946607735250000104e+01 2.097903503329999921e+02
6.500000000000000222e-01 5.728584694029999810e+03 2.699840508109999973e+03 1.712722853269999905e+04 2.071853953430000104e+02 -5.979961848170000138e+01 2.084213466280000091e+02
6.500000000000000222e-01 5.991482602600000064e+03 2.878713096550000046e+03 1.719290913960000034e+04 2.068365441859999976e+02 -5.947740711160000160e+01 2.094119301169999972e+02
6.500000000000000222e-01 6.124214114170000357e+03 2.733239386260000174e+03 1.716519619740000053e+04 2.068805791560000102e+02 -5.977114343670000096e+01 2.099997754549999911e+02
1.390000000000000000e+04 -8.959327504880000561e+03 1.579941183220000084e+03 1.361531555710000066e+04 -2.442085502729999860e+02 2.036193749519999869e+02 -3.228575130350000109e+02
6.500000000000000222e-01 -8.907347472019999259e+03 1.559647149959999979e+03 1.374677454450000005e+04 -2.448496173579999891e+02 2.038782050940000090e+02 -3.226058046399999739e+02
6.500000000000000222e-01 -8.986033038920000763e+03 1.608583565829999998e+03 1.347752766250000059e+04 -2.445290057930000103e+02 2.040426208849999909e+02 -3.227551575009999851e+02
6.500000000000000222e-01 -9.002096897019999233e+03 1.600451692939999930e+03 1.375060523730000023e+04 -2.437299695369999881e+02 2.033340788179999947e+02 -3.225376758040000027e+02
6.500000000000000222e-01 -8.882380322810000507e+03 1.478155235810000022e+03 1.355329154460000063e+04 -2.444542440660000011e+02 2.039978641659999994e+02 -3.233918886550000025e+02
6.500000000000000222e-01 -8.880949743159999343e+03 1.473578976790000070e+03 1.356460577840000042e+04 -2.443002433240000073e+02 2.037783584279999900e+02 -3.226552389309999853e+02
6.500000000000000222e-01 -9.026766267860000880e+03 1.555786416019999933e+03 1.373970434940000086e+04 -2.445252942600000097e+02 2.036805580539999880e+02 -3.228610591390000195e+02
6.500000000000000222e-01 -9.032617418769999858e+03 1.544467272919999914e+03 1.349817776570000024e+04 -2.436372973729999956e+02 2.037273832630000072e+02 -3.231447243490000005e+02
6.500000000000000222e-01 -8.863262749569999869e+03 1.573906501729999945e+03 1.350901689339999939e+04 -2.446485971310000025e+02 2.036388895629999922e+02 -3.234231073670000001e+02
6.500000000000000222e-01 -8.870428668810000090e+03 1.493646423830000003e+03 1.368283645109999998e+04 -2.444140325630000063e+02 2.038133126019999963e+02 -3.230833790489999728e+02
6.500000000000000222e-01 -9.000479322839999440e+03 1.450552598940000053e+03 1.357401875900000050e+04 -2.442955167730000028e+02 2.039510887250000053e+02 -3.230236280959999817e+02
6.500000000000000222e-01 -8.920821456210000179e+03 1.478920449740000095e+03 1.370630567270000029e+04 -2.446081129259999898e+02 2.041913055569999926e+02 -3.225133179009999935e+02
6.500000000000000222e-01 -8.837240918620000230e+03 1.505978349810000054e+03 1.361397292129999914e+04 -2.442660900680000111e+02 2.036781616940000106e+02 -3.235981305259999772e+02
6.500000000000000222e-01 -8.919735085059999619e+03 1.450916069099999959e+03 1.365694065770000088e+04 -2.444090203140000028e+02 2.038594503180000004e+02 -3.230607827779999752e+02
6.500000000000000222e-01 -8.932018655609999769e+03 1.491019839470000079e+03 1.372555135789999986e+04 -2.439676337630000091e+02 2.031988317070000107e+02 -3.230457121730000267e+02
6.500000000000000222e-01 -9.016671407940000790e+03 1.637049346159999914e+03 1.349694079539999984e+04 -2.438645119669999985e+02 2.033320962349999945e+02 -3.231951792269999828e+02
6.500000000000000222e-01 -8.820836863099999391e+03 1.611723834749999924e+03 1.360101276630000029e+04 -2.443280823400000088e+02 2.035743882040000017e+02 -3.235832768820000069e+02
6.500000000000000222e-01 -8.991313830349999989e+03 1.715858050080000112e+03 1.364558949659999962e+04 -2.442118975289999980e+02 2.034017376289999959e+02 -3.221856373319999989e+02
6.500000000000000222e-01 -8.852147154750000482e+03 1.606064030700000103e+03 1.370539706769999975e+04 -2.441367687949999947e+02 2.037163817960000074e+02 -3.232064502489999995e+02
6.500000000000000222e-01 -8.859731538050000381e+03 1.681779312740000023e+03 1.362201965849999942e+04 -2.442591783260000113e+02 2.034939832469999885e+02 -3.228371567510000091e+02
6.500000000000000222e-01 -8.930648236430000907e+03 1.714584154249999983e+03 1.365406491789999927e+04 -2.443649028030000068e+02 2.034351497099999904e+02 -3.223113805329999764e+02
6.500000000000000222e-01 -8.824088766299999406e+03 1.625383737610000026e+03 1.361984600710000086e+04 -2.442553582239999912e+02 2.035791828289999899e+02 -3.235732379130000140e+02
6.500000000000000222e-01 -9.041136655849999443e+03 1.484965703889999986e+03 1.368404383939999934e+04 -2.440471315030000028e+02 2.039695101309999927e+02 -3.222053828869999847e+02
6.500000000000000222e-01 -9.092271033510000052e+03 1.566130794200000082e+03 1.356602956699999959e+04 -2.441368699800000002e+02 2.036068539409999971e+02 -3.226141912659999775e+02
6.500000000000000222e-01 -8.977610871999999290e+03 1.720437314450000031e+03 1.360166533180000079e+04 -2.441654744409999864e+02 2.035159035700000061e+02 -3.222733922730000131e+02
6.500000000000000222e-01 -8.908001804010000342e+03 1.588008759049999981e+03 1.374856996699999945e+04 -2.446084861820000071e+02 2.035402516910000088e+02 -3.227085618859999840e+02
6.500000000000000222e-01 -9.006747577579999415e+03 1.448064446730000100e+03 1.359127733359999911e+04 -2.442721480650000103e+02 2.037921516680000025e+02 -3.225496978369999965e+02
6.500000000000000222e-01 -8.892206893259999561e+03 1.681455169220000016e+03 1.354008469110000078e+04 -2.444413550710000038e+02 2.033258866470000044e+02 -3.234650915999999938e+02
6.500000000000000222e-01 -8.988054720010000892e+03 1.446734345229999917e+03 1.366048890050000045e+04 -2.440394848770000067e+02 2.035254097620000096e+02 -3.229403374519999943e+02
6.500000000000000222e-01 -8.837282148099999176e+03 1.544487527580000005e+03 1.367962010120000014e+04 -2.440739426519999995e+02 2.035976552319999939e+02 -3.234539713589999792e+02
6.500000000000000222e-01 -9.067274786100000711e+03 1.489524867119999954e+03 1.359257574070000010e+04 -2.441926010189999943e+02 2.037747123409999972e+02 -3.227868831789999717e+02
6.500000000000000222e-01 -9.033816994939999859e+03 1.674419623700000102e+03 1.369303922910000074e+04 -2.440391615689999867e+02 2.032972611300000096e+02 -3.222096935100000223e+02
6.500000000000000222e-01 -8.911358339239999623e+03 1.621947132069999952e+03 1.348690327240000079e+04 -2.436779656980000084e+02 2.039037060539999970e+02 -3.226846943250000095e+02
6.500000000000000222e-01 -8.877996177560000433e+03 1.475734647179999911e+03 1.366957898960000057e+04 -2.441021027539999864e+02 2.034843738220000091e+02 -3.234814601819999780e+02
6.500000000000000222e-01 -8.842803437599999597e+03 1.662085296700000072e+03 1.360842490159999943e+04 -2.442858214389999887e+02 2.035270144769999945e+02 -3.235748759690000043e+02
6.500000000000000222e-01 -8.893566863129999547e+03 1.704400344039999936e+03 1.359281855879999966e+04 -2.442253450339999858e+02 2.033883696359999931e+02 -3.234187513470000113e+02
6.500000000000000222e-01 -9.060959457340000881e+03 1.489170268659999920e+03 1.365820533570000043e+04 -2.440182684950000009e+02 2.037943447010000000e+02 -3.221746625700000095e+02
6.500000000000000222e-01 -9.057597190230000706e+03 1.678508034180000095e+03 1.364745444320000024e+04 -2.442932954450000125e+02 2.036457873889999917e+02 -3.233885302319999937e+02
6.500000000000000222e-01 -8.875048950520000290e+03 1.473592058050000105e+03 1.366268622030000006e+04 -2.442233924850000051e+02 2.036751208770000119e+02 -3.225865050630000042e+02
6.500000000000000222e-01 -8.837026635800000804e+03 1.638129279499999939e+03 1.365990975579999940e+04 -2.444918718989999888e+02 2.034957979360000024e+02 -3.223110581980000120e+02
6.500000000000000222e-01 -9.020991708109999308e+03 1.543975369779999937e+03 1.373974017869999989e+04 -2.447604477129999907e+02 2.034690345680000121e+02 -3.230339190639999742e+02
1.190000000000000000e+04 -4.600159832250000363e+03 6.223163447799999631e+03 -1.335401125949999914e+04 -2.699217200940000225e+02 -2.692300358099999968e+01 7.611189707260000148e+01
6.500000000000000222e-01 -4.698486093270000310e+03 6.306485850080000091e+03 -1.331982004389999929e+04 -2.699812814399999752e+02 -2.685951770289999985e+01 7.545705905210000708e+01
6.500000000000000222e-01 -4.662218483650000053e+03 6.204147426980000091e+03 -1.323739841479999995e+04 -2.701529031640000085e+02 -2.714685301429999953e+01 7.594871514819999447e+01
6.500000000000000222e-01 -4.525060041210000236e+03 6.203859267630000431e+03 -1.324461189080000077e+04 -2.700451340789999790e+02 -2.702774902530000034e+01 7.634429669710000610e+01
6.500000000000000222e-01 -4.524650144219999675e+03 6.258500080410000010e+03 -1.345834217189999981e+04 -2.695881073709999782e+02 -2.669498841680000112e+01 7.642635853989999362e+01
6.500000000000000222e-01 -4.498955953030000273e+03 6.291847098510000251e+03 -1.330163328259999980e+04 -2.702380991859999995e+02 -2.709852401130000032e+01 7.665364603730000681e+01
6.500000000000000222e-01 -4.639632306200000130e+03 6.308170257490000040e+03 -1.325906326389999958e+04 -2.697199881180000034e+02 -2.739735861549999996e+01 7.652941070459999651e+01
6.500000000000000222e-01 -4.553480355089999648e+03 6.112962623790000180e+03 -1.340931478299999981e+04 -2.700467528629999947e+02 -2.683109738219999940e+01 7.658865526540000701e+01
6.500000000000000222e-01 -4.642686232109999764e+03 6.102998088219999772e+03 -1.331641800230000081e+04 -2.699041144290000034e+02 -2.663159356459999927e+01 7.663255817050000474e+01
6.500000000000000222e-01 -4.608008249610000348e+03 6.115197467410000172e+03 -1.327322277930000018e+04 -2.695735035540000126e+02 -2.725873951319999833e+01 7.613631427999999346e+01
6.500000000000000222e-01 -4.548262253240000064e+03 6.324262930599999891e+03 -1.328590498010000010e+04 -2.697863249239999845e+02 -2.738905383599999865e+01 7.628515595710000241e+01
6.500000000000000222e-01 -4.469956723160000365e+03 6.215394891730000381e+03 -1.338001521139999932e+04 -2.701443781329999752e+02 -2.691308515880000130e+01 7.573486364640000090e+01
6.500000000000000222e-01 -4.578598618109999734e+03 6.097091671320000387e+03 -1.339273163050000039e+04 -2.698307864980000090e+02 -2.704801893979999861e+01 7.671996426649999989e+01
6.500000000000000222e-01 -4.516750444860000243e+03 6.120335816699999668e+03 -1.337262777690000075e+04 -2.699286144970000123e+02 -2.690770156780000022e+01 7.621417880040000625e+01
6.500000000000000222e-01 -4.596725617269999930e+03 6.138659000089999608e+03 -1.345793889350000063e+04 -2.697710928149999745e+02 -2.735369204659999909e+01 7.641888104240000246e+01
6.500000000000000222e-01 -4.701838332450000053e+03 6.219583302430000003e+03 -1.326812827719999950e+04 -2.699429483900000264e+02 -2.697939005870000173e+01 7.592134808260000511e+01
6.500000000000000222e-01 -4.496701132719999805e+03 6.143423474139999598e+03 -1.337932072060000064e+04 -2.699220185290000131e+02 -2.693406894090000137e+01 7.679965675309999540e+01
6.500000000000000222e-01 -4.538947157800000241e+03 6.182215666179999971e+03 -1.346417348449999918e+04 -2.703490386629999875e+02 -2.655285144460000168e+01 7.595356964360000518e+01
6.500000000000000222e-01 -4.542218077450000237e+03 6.204224924500000270e+03 -1.323493491490000088e+04 -2.694829316380000250e+02 -2.712753869699999854e+01 7.598072923920000221e+01
6.500000000000000222e-01 -4.689813976940000430e+03 6.126056257520000145e+03 -1.336878495309999926e+04 -2.698520670770000152e+02 -2.675816743720000090e+01 7.597004110010000488e+01
6.500000000000000222e-01 -4.658216445320000275e+03 6.331901748979999866e+03 -1.330814718709999943e+04 -2.696842782809999903e+02 -2.721443804080000106e+01 7.604167591610000443e+01
6.500000000000000222e-01 -4.571487360119999721e+03 6.119027844739999637e+03 -1.327341087460000017e+04 -2.698222464469999977e+02 -2.676172131759999928e+01 7.667227429870000321e+01
6.500000000000000222e-01 -4.658809467590000168e+03 6.225554409010000199e+03 -1.347428919280000082e+04 -2.693932088700000236e+02 -2.684345762150000070e+01 7.574021016860000088e+01
6.500000000000000222e-01 -4.680788958410000305e+03 6.254412627949999660e+03 -1.325200844850000067e+04 -2.701547969169999988e+02 -2.681882645869999848e+01 7.588346804030000214e+01
6.500000000000000222e-01 -4.532470937549999690e+03 6.287422383430000082e+03 -1.344937994719999915e+04 -2.702265379030000076e+02 -2.668911597259999979e+01 7.606984696489999465e+01
6.500000000000000222e-01 -4.662118965390000085e+03 6.167913737460000448e+03 -1.345852739649999967e+04 -2.703111639919999902e+02 -2.697795016070000074e+01 7.638581411059999482e+01
6.500000000000000222e-01 -4.620128039629999876e+03 6.154512763970000378e+03 -1.346724313149999944e+04 -2.697714484019999759e+02 -2.723856286119999837e+01 7.622546318659999542e+01
6.500000000000000222e-01 -4.621738549759999842e+03 6.151453951079999570e+03 -1.346393398170000000e+04 -2.701948815929999910e+02 -2.707156427480000005e+01 7.637991981109999529e+01
6.500000000000000222e-01 -4.472656672840000283e+03 6.212493142049999733e+03 -1.339019689810000091e+04 -2.701816989719999924e+02 -2.689357474619999877e+01 7.574106954730000041e+01
6.500000000000000222e-01 -4.578647741959999621e+03 6.171422969919999559e+03 -1.323235716990000037e+04 -2.701148530169999731e+02 -2.644227650210000036e+01 7.650844892579999623e+01
6.500000000000000222e-01 -4.597868629720000172e+03 6.093887645540000449e+03 -1.338334676629999922e+04 -2.699856349170000271e+02 -2.685221620709999968e+01 7.670735611940000354e+01
6.500000000000000222e-01 -4.577352625200000148e+03 6.092174629070000265e+03 -1.334167228860000068e+04 -2.698718203829999993e+02 -2.692498564010000095e+01 7.567859255330000678e+01
6.500000000000000222e-01 -4.533395249289999811e+03 6.178741829309999957e+03 -1.346041759599999932e+04 -2.704357633029999874e+02 -2.654700086509999934e+01 7.572231160869999655e+01
6.500000000000000222e-01 -4.467487564449999809e+03 6.232589414580000266e+03 -1.335839282559999992e+04 -2.700250388960000123e+02 -2.694841830629999890e+01 7.673680434089999380e+01
6.500000000000000222e-01 -4.539897774709999794e+03 6.281461140350000278e+03 -1.345796654040000067e+04 -2.704110447649999855e+02 -2.693002343910000107e+01 7.579907526510000082e+01
6.500000000000000222e-01 -4.603457104750000326e+03 6.092702286509999794e+03 -1.332744524009999986e+04 -2.699052507690000198e+02 -2.670749542849999969e+01 7.681378441229999510e+01
6.500000000000000222e-01 -4.686883553239999856e+03 6.310152996699999676e+03 -1.340913782189999984e+04 -2.701265316340000027e+02 -2.668404322390000161e+01 7.635916851759999702e+01
6.500000000000000222e-01 -4.592488314649999666e+03 6.268643885829999817e+03 -1.322864541909999934e+04 -2.699958125939999718e+02 -2.760316853220000155e+01 7.638613143780000314e+01
6.500000000000000222e-01 -4.544162833950000277e+03 6.212518112660000043e+03 -1.347483974540000054e+04 -2.695685048760000200e+02 -2.694635486439999994e+01 7.626601740860000689e+01
6.500000000000000222e-01 -4.618263324849999663e+03 6.219571802899999966e+03 -1.322152675880000061e+04 -2.692975271860000248e+02 -2.692684531509999957e+01 7.627682567559999427e+01
6.500000000000000222e-01 -4.646944850460000453e+03 6.206431093289999808e+03 -1.322988144789999933e+04 -2.703705566460000114e+02 -2.717439667749999899e+01 7.596645013319999862e+01
