3.450000000000000000e+05 4.750800551909999740e+03 -5.156689170310000009e+03 -6.391495012909999787e+03 -1.009412654890000027e+02 7.930727557850000053e+00 -7.692166507550000176e+01
6.500000000000000222e-01 4.664142242330000045e+03 -5.069521732340000199e+03 -6.134417228340000293e+03 -1.005460674910000023e+02 7.544458917620000094e+00 -7.697062877839999828e+01
6.500000000000000222e-01 4.581109755380000024e+03 -5.276927205770000000e+03 -6.586856445100000201e+03 -1.020807544369999960e+02 7.971948024579999625e+00 -7.599792684759999872e+01
6.500000000000000222e-01 4.933663196890000108e+03 -5.087121629020000000e+03 -6.183800740929999847e+03 -9.956568341300000213e+01 8.181152777679999488e+00 -7.819696784680000690e+01
6.500000000000000222e-01 4.729313253170000280e+03 -5.237064258749999681e+03 -6.664421485429999848e+03 -1.012932055790000021e+02 5.685367196939999701e+00 -7.631400124590000189e+01
6.500000000000000222e-01 4.865796591649999755e+03 -5.359059769419999611e+03 -6.554911077849999856e+03 -1.014679584910000045e+02 8.282784784020000401e+00 -7.624348228200000221e+01
6.500000000000000222e-01 4.856982702450000033e+03 -4.917555338469999697e+03 -6.505189420509999763e+03 -1.014556687460000006e+02 7.128311680330000399e+00 -7.895910337509999977e+01
6.500000000000000222e-01 4.515374397360000330e+03 -5.049269842790000439e+03 -6.512108106360000420e+03 -1.004329878019999995e+02 7.841420384940000154e+00 -7.840948504399999308e+01
6.500000000000000222e-01 4.916886166569999659e+03 -4.958306784759999573e+03 -6.511434600079999655e+03 -1.008986740900000001e+02 6.835907910859999603e+00 -7.830010486650000701e+01
6.500000000000000222e-01 4.525453733819999798e+03 -5.092629546230000415e+03 -6.228176244299999780e+03 -1.008257186510000025e+02 8.176200804689999657e+00 -7.624708783020000169e+01
6.500000000000000222e-01 4.471991117470000063e+03 -5.181671375439999792e+03 -6.336641909490000216e+03 -1.004615797130000061e+02 8.031271186939999751e+00 -7.470164264539999976e+01
6.500000000000000222e-01 4.582105593250000311e+03 -5.291466423580000082e+03 -6.577946481400000266e+03 -1.021771910500000047e+02 7.354230574169999812e+00 -7.534968062379999765e+01
6.500000000000000222e-01 4.848454686310000397e+03 -5.189010715510000409e+03 -6.125549577439999666e+03 -1.019886467949999940e+02 8.469975906949999356e+00 -7.665394586109999864e+01
6.500000000000000222e-01 4.693160974209999949e+03 -4.996988042660000247e+03 -6.621550849449999987e+03 -1.015819536919999990e+02 8.078927167379999830e+00 -7.741221497870000690e+01
6.500000000000000222e-01 4.578707327850000183e+03 -5.088756756890000361e+03 -6.608570323910000297e+03 -9.923071621699999412e+01 7.234397259759999699e+00 -7.835542394899999863e+01
6.500000000000000222e-01 4.910648636420000003e+03 -5.121304048879999755e+03 -6.158038441140000032e+03 -1.011865676209999947e+02 8.214328494509999246e+00 -7.702233255059999806e+01
6.500000000000000222e-01 4.613314216769999803e+03 -5.381396717900000112e+03 -6.500982689520000349e+03 -1.003026387649999975e+02 8.616065986220000639e+00 -7.905275096510000310e+01
6.500000000000000222e-01 4.537590871819999848e+03 -5.221219437900000230e+03 -6.569594746310000119e+03 -1.021119369729999988e+02 7.460248771239999854e+00 -7.515182225229999347e+01
6.500000000000000222e-01 4.771361382850000155e+03 -5.288888666030000422e+03 -6.139918210740000177e+03 -1.018210712430000058e+02 1.017836175549999922e+01 -7.610293714949999355e+01
6.500000000000000222e-01 4.627346170689999781e+03 -5.244380440189999717e+03 -6.149771633180000208e+03 -9.930980651340000520e+01 8.679895113680000662e+00 -7.586565913649999970e+01
6.500000000000000222e-01 4.790690343399999620e+03 -5.046514750350000213e+03 -6.651384255699999812e+03 -1.004903292409999978e+02 6.204303734249999813e+00 -7.734308171409999488e+01
6.500000000000000222e-01 4.555817510140000195e+03 -4.992552652590000434e+03 -6.520969301580000320e+03 -1.017857107549999967e+02 8.730795666169999691e+00 -7.585971839649999993e+01
6.500000000000000222e-01 4.591825500900000407e+03 -4.956386568679999982e+03 -6.518364103289999548e+03 -1.004863264490000034e+02 7.303586048559999711e+00 -7.879834965140000236e+01
6.500000000000000222e-01 4.893464239779999843e+03 -4.981293208740000409e+03 -6.217486887379999644e+03 -1.022255986990000025e+02 7.344375423749999854e+00 -7.528237820859999374e+01
6.500000000000000222e-01 4.988921208910000132e+03 -5.176426799560000291e+03 -6.235606092930000159e+03 -1.013541553249999936e+02 7.887776761049999585e+00 -7.638562723319999748e+01
6.500000000000000222e-01 4.972359859309999592e+03 -5.149030088710000200e+03 -6.211994275940000080e+03 -1.006292995639999930e+02 7.916796046129999986e+00 -7.745170635910000101e+01
6.500000000000000222e-01 4.719879779070000041e+03 -5.393581856540000445e+03 -6.235079295620000266e+03 -1.003234333719999967e+02 8.673281002490000446e+00 -7.526921446580000463e+01
6.500000000000000222e-01 4.634443945670000176e+03 -5.013393422340000143e+03 -6.609705184839999674e+03 -1.022547919309999997e+02 9.398933063479999461e+00 -7.590404764800000237e+01
6.500000000000000222e-01 4.558311194640000394e+03 -5.344752724930000113e+03 -6.486054149380000126e+03 -1.015335169699999938e+02 7.680587916400000381e+00 -7.495259014420000199e+01
6.500000000000000222e-01 4.650250848800000313e+03 -4.908253136409999570e+03 -6.491458034219999718e+03 -1.015803425320000031e+02 8.449887250970000707e+00 -7.709535527760000662e+01
6.500000000000000222e-01 4.632675791280000340e+03 -5.295349780849999661e+03 -6.171954300129999865e+03 -1.019268872730000055e+02 6.583759332779999696e+00 -7.834532457689999774e+01
6.500000000000000222e-01 4.939830114270000195e+03 -4.981181678429999920e+03 -6.269689817329999642e+03 -1.005080948119999960e+02 7.244009222929999936e+00 -7.677955073520000440e+01
6.500000000000000222e-01 4.527514142789999823e+03 -5.247149587300000348e+03 -6.238740711679999549e+03 -1.020357398700000005e+02 7.563601100289999657e+00 -7.879661107239999751e+01
6.500000000000000222e-01 4.471130656340000314e+03 -5.196885235990000183e+03 -6.430636560529999770e+03 -1.011756418559999986e+02 7.940393707010000135e+00 -7.462969942319999461e+01
6.500000000000000222e-01 4.826950569229999928e+03 -5.094817002810000304e+03 -6.659354857450000054e+03 -1.023417289860000068e+02 7.298998468579999788e+00 -7.745659404539999571e+01
6.500000000000000222e-01 4.638602184870000201e+03 -4.894524280130000079e+03 -6.384695121759999893e+03 -1.009288719620000023e+02 7.838308406370000370e+00 -7.490162060459999793e+01
6.500000000000000222e-01 4.751639739420000296e+03 -4.875667547050000394e+03 -6.442512480590000450e+03 -1.013806934939999991e+02 8.261102976889999283e+00 -7.676106731820000562e+01
6.500000000000000222e-01 4.771918177659999856e+03 -5.007424360760000127e+03 -6.633131406389999938e+03 -9.998127659639999365e+01 6.357729947130000170e+00 -7.719406681030000072e+01
6.500000000000000222e-01 4.828371446799999831e+03 -5.034272807029999967e+03 -6.145911781300000257e+03 -1.006337040760000008e+02 6.573234562979999751e+00 -7.648126360800000612e+01
6.500000000000000222e-01 4.622677568699999938e+03 -5.297417397809999784e+03 -6.179064247340000293e+03 -1.013602580830000051e+02 9.267417647609999420e+00 -7.641737858369999969e+01
6.500000000000000222e-01 4.820215012669999851e+03 -4.992528025120000166e+03 -6.168835210999999617e+03 -1.001326867599999986e+02 9.296214912090000837e+00 -7.825304689300000405e+01
4.560000000000000000e+04 4.745971300150000388e+03 3.037681030249999822e+03 1.588229553330000090e+04 2.106209704119999913e+02 -5.791858512179999963e+01 2.207720532120000030e+02
6.500000000000000222e-01 4.790688732180000443e+03 2.919859997730000032e+03 1.604459673330000078e+04 2.111401934349999863e+02 -5.859942070150000148e+01 2.205369533919999867e+02
6.500000000000000222e-01 4.878330929050000123e+03 3.147028504930000054e+03 1.576994184239999959e+04 2.103576246780000076e+02 -5.836604295579999757e+01 2.200392936439999971e+02
6.500000000000000222e-01 4.804591538800000308e+03 2.908995007170000008e+03 1.603098116169999957e+04 2.103489842170000088e+02 -5.727351581810000170e+01 2.214599184889999890e+02
6.500000000000000222e-01 4.544046632370000225e+03 3.024034523199999967e+03 1.584856206600000041e+04 2.106045327260000022e+02 -5.791172097599999802e+01 2.209243837360000100e+02
6.500000000000000222e-01 4.887675282459999835e+03 3.170659913770000003e+03 1.581650312440000016e+04 2.107462894459999916e+02 -5.766136778940000340e+01 2.216465932549999991e+02
6.500000000000000222e-01 4.654989171549999810e+03 3.221373175350000110e+03 1.588973192129999916e+04 2.106611887409999895e+02 -5.796492103330000134e+01 2.204905318259999945e+02
6.500000000000000222e-01 4.702102519709999797e+03 3.088328640520000135e+03 1.607620266269999956e+04 2.112798919169999863e+02 -5.864980717720000314e+01 2.211030306090000010e+02
6.500000000000000222e-01 4.743679666080000061e+03 3.242823594789999788e+03 1.588087188769999921e+04 2.106286488279999958e+02 -5.795191029509999936e+01 2.204730414740000128e+02
6.500000000000000222e-01 4.729113425210000059e+03 3.112716602389999935e+03 1.569197558050000043e+04 2.105521733079999933e+02 -5.840747377889999825e+01 2.204727134309999883e+02
6.500000000000000222e-01 4.655453922400000010e+03 3.036160352979999971e+03 1.569816140590000032e+04 2.107710968499999922e+02 -5.791791096560000085e+01 2.206726862799999935e+02
6.500000000000000222e-01 4.892881974629999604e+03 2.942248500350000086e+03 1.577591926099999910e+04 2.106704197120000117e+02 -5.789189490479999733e+01 2.212801973180000061e+02
6.500000000000000222e-01 4.697314762689999952e+03 3.040926873899999919e+03 1.608159908030000042e+04 2.106711823770000080e+02 -5.789979318099999972e+01 2.207980843199999867e+02
6.500000000000000222e-01 4.664196776839999984e+03 2.883015735099999802e+03 1.598971325629999956e+04 2.110380251279999868e+02 -5.824387210479999766e+01 2.208350775920000046e+02
6.500000000000000222e-01 4.719171958330000052e+03 2.841659026780000204e+03 1.582741914949999955e+04 2.108249727930000006e+02 -5.790531335109999844e+01 2.201223279950000062e+02
6.500000000000000222e-01 4.609293152659999578e+03 2.885450781500000176e+03 1.589776769959999910e+04 2.107040697930000022e+02 -5.788362995279999978e+01 2.215815498700000035e+02
6.500000000000000222e-01 4.843596521540000140e+03 2.873143738469999789e+03 1.580909345249999933e+04 2.104131186420000006e+02 -5.775672113840000321e+01 2.211197610430000111e+02
6.500000000000000222e-01 4.941246698619999734e+03 3.088786558029999924e+03 1.591919053229999918e+04 2.107160491490000140e+02 -5.794144785000000297e+01 2.203667859900000110e+02
6.500000000000000222e-01 4.949958692829999563e+03 3.059022270160000062e+03 1.588740257810000003e+04 2.105913894910000010e+02 -5.791674809959999948e+01 2.209299293800000044e+02
6.500000000000000222e-01 4.651159973820000232e+03 2.914388367709999784e+03 1.574840236250000089e+04 2.111203231879999862e+02 -5.808239277860000271e+01 2.204802496169999984e+02
6.500000000000000222e-01 4.670534689449999860e+03 3.102772875099999965e+03 1.606181253830000060e+04 2.108549538649999988e+02 -5.807622569889999653e+01 2.210948002920000022e+02
6.500000000000000222e-01 4.674967178330000024e+03 3.147819389249999858e+03 1.572421402339999986e+04 2.100729606390000015e+02 -5.719090964789999987e+01 2.213104231679999998e+02
6.500000000000000222e-01 4.874820558219999839e+03 2.912554855230000157e+03 1.578252037860000019e+04 2.106594954910000013e+02 -5.797168498620000321e+01 2.203079259040000011e+02
6.500000000000000222e-01 4.829583693880000283e+03 2.851614270690000012e+03 1.590402179400000023e+04 2.106356776089999983e+02 -5.797126085099999671e+01 2.198168745920000049e+02
6.500000000000000222e-01 4.751831390930000452e+03 3.157638664000000063e+03 1.571576131669999995e+04 2.103658156680000104e+02 -5.702840848499999993e+01 2.212165995350000003e+02
6.500000000000000222e-01 4.906499566569999843e+03 2.921662444529999902e+03 1.593643294029999925e+04 2.108404813230000059e+02 -5.810513694859999845e+01 2.202820000099999902e+02
6.500000000000000222e-01 4.639520083680000425e+03 3.185816677020000043e+03 1.597569408830000066e+04 2.110397376669999971e+02 -5.841422642989999758e+01 2.214760407990000033e+02
6.500000000000000222e-01 4.874994612890000099e+03 2.926939654710000013e+03 1.599665498300000036e+04 2.106420527930000048e+02 -5.789208360639999995e+01 2.202770878899999900e+02
6.500000000000000222e-01 4.876697788350000337e+03 3.114266282250000131e+03 1.574400501389999954e+04 2.109104672089999895e+02 -5.751823692800000032e+01 2.213498721370000055e+02
6.500000000000000222e-01 4.714581115390000377e+03 3.012995610859999942e+03 1.568103185569999914e+04 2.099391201900000112e+02 -5.833450905809999654e+01 2.209012909969999896e+02
6.500000000000000222e-01 4.730554089629999908e+03 3.012424448589999884e+03 1.567926130329999978e+04 2.102441785149999873e+02 -5.826452858329999884e+01 2.208258762979999972e+02
6.500000000000000222e-01 4.565048187809999945e+03 2.980591716670000096e+03 1.596053196469999966e+04 2.103548711079999975e+02 -5.789010183700000312e+01 2.202440582790000008e+02
6.500000000000000222e-01 4.775514728330000253e+03 3.221362251179999930e+03 1.596943840850000015e+04 2.102498561619999862e+02 -5.760136955619999810e+01 2.208597714459999963e+02
6.500000000000000222e-01 4.664703161120000004e+03 3.196477453290000085e+03 1.598296127449999949e+04 2.108103376930000081e+02 -5.798428474079999972e+01 2.202807463869999935e+02
6.500000000000000222e-01 4.859710188719999678e+03 2.879481457760000012e+03 1.594615688740000041e+04 2.106744710090000012e+02 -5.802305297590000066e+01 2.199346917659999860e+02
6.500000000000000222e-01 4.910646720669999922e+03 3.147378317539999898e+03 1.582792933889999949e+04 2.107165642059999868e+02 -5.808466975110000163e+01 2.206922075409999877e+02
6.500000000000000222e-01 4.748332390980000127e+03 3.105013373379999848e+03 1.607616262219999953e+04 2.104740632740000024e+02 -5.700935404410000018e+01 2.205435091150000062e+02
6.500000000000000222e-01 4.899932844930000101e+03 2.913643336990000080e+03 1.593636585050000031e+04 2.103999812940000140e+02 -5.770479100290000218e+01 2.210436036870000009e+02
6.500000000000000222e-01 4.543129951670000082e+03 3.034319301179999911e+03 1.591291434610000033e+04 2.104972018960000071e+02 -5.792171917830000183e+01 2.197972784600000011e+02
6.500000000000000222e-01 4.807629122770000322e+03 3.211081342800000130e+03 1.597342290599999978e+04 2.102894228300000066e+02 -5.749774952599999978e+01 2.206225092749999988e+02
6.500000000000000222e-01 4.939820327200000065e+03 3.067573172509999949e+03 1.594239784060000056e+04 2.104405544759999884e+02 -5.789982632099999904e+01 2.212040693739999995e+02
1.390000000000000000e+04 -7.599061371320000035e+03 4.571223207630000047e+02 1.536270038829999976e+04 -2.501730393610000078e+02 2.043432917609999890e+02 -3.116879270399999768e+02
6.500000000000000222e-01 -7.543846328540000286e+03 4.354750378769999770e+02 1.549280106449999948e+04 -2.507054217540000138e+02 2.045769939459999875e+02 -3.114512216809999927e+02
6.500000000000000222e-01 -7.623729931040000338e+03 4.833420024910000166e+02 1.522427218209999955e+04 -2.505941519200000016e+02 2.047991794810000101e+02 -3.115509676369999852e+02
6.500000000000000222e-01 -7.644647572560000299e+03 4.791964361779999990e+02 1.549643790149999950e+04 -2.496300630880000142e+02 2.040632618530000002e+02 -3.114491882969999779e+02
6.500000000000000222e-01 -7.520738330719999794e+03 3.534570773699999791e+02 1.530339727320000020e+04 -2.504230846989999861e+02 2.046436677119999956e+02 -3.121413843430000270e+02
6.500000000000000222e-01 -7.520174112200000309e+03 3.501008017849999874e+02 1.531066388240000015e+04 -2.502626974350000069e+02 2.044200289030000022e+02 -3.114071143560000223e+02
6.500000000000000222e-01 -7.664887541500000225e+03 4.327239635039999825e+02 1.548733623359999910e+04 -2.504444534149999981e+02 2.043723976089999894e+02 -3.117795456709999939e+02
6.500000000000000222e-01 -7.675189961099999891e+03 4.211149641480000128e+02 1.524715641660000074e+04 -2.497151843679999956e+02 2.044273112930000025e+02 -3.119760347129999900e+02
6.500000000000000222e-01 -7.500510183960000177e+03 4.509531423999999902e+02 1.525923954050000066e+04 -2.506323571519999973e+02 2.043700748390000115e+02 -3.121492963900000177e+02
6.500000000000000222e-01 -7.509252730219999648e+03 3.699574956939999879e+02 1.543135117340000033e+04 -2.502939181360000021e+02 2.044636868100000129e+02 -3.118768298759999880e+02
6.500000000000000222e-01 -7.639593253209999602e+03 3.261936049590000266e+02 1.532232069039999988e+04 -2.503115539389999924e+02 2.045680307860000084e+02 -3.118552258469999856e+02
6.500000000000000222e-01 -7.558550740869999572e+03 3.531974897939999778e+02 1.545178869699999996e+04 -2.504996987049999859e+02 2.048251293090000047e+02 -3.113457435980000128e+02
6.500000000000000222e-01 -7.476803011269999843e+03 3.829840367049999941e+02 1.536519995439999911e+04 -2.501721627610000098e+02 2.043454054999999983e+02 -3.123451477849999947e+02
6.500000000000000222e-01 -7.558472769199999675e+03 3.270690193039999940e+02 1.540538276980000046e+04 -2.503317346439999938e+02 2.044741573180000103e+02 -3.118725079679999794e+02
6.500000000000000222e-01 -7.573292966549999619e+03 3.707324295949999851e+02 1.547400910090000070e+04 -2.498522476809999944e+02 2.038434380920000137e+02 -3.118957964680000146e+02
6.500000000000000222e-01 -7.658025771739999982e+03 5.156612596910000548e+02 1.524619024729999910e+04 -2.499308450789999938e+02 2.041109793200000126e+02 -3.120225627780000082e+02
6.500000000000000222e-01 -7.460071006320000379e+03 4.890582747889999951e+02 1.535214295069999935e+04 -2.502297047069999962e+02 2.043317722609999976e+02 -3.123227056810000022e+02
6.500000000000000222e-01 -7.631060680040000079e+03 5.939481458210000255e+02 1.538939654859999973e+04 -2.501678575459999934e+02 2.042345458279999946e+02 -3.110585393129999829e+02
6.500000000000000222e-01 -7.492574014920000081e+03 4.826616608100000008e+02 1.545460819930000071e+04 -2.499890638530000047e+02 2.044590900119999901e+02 -3.120064764759999889e+02
6.500000000000000222e-01 -7.499339949279999928e+03 5.594107504309999968e+02 1.536915056820000063e+04 -2.501652406469999903e+02 2.043065510929999959e+02 -3.116148196809999718e+02
6.500000000000000222e-01 -7.569644553379999707e+03 5.924863170520000040e+02 1.539846529220000048e+04 -2.502851963550000107e+02 2.042689272039999935e+02 -3.111487491230000160e+02
6.500000000000000222e-01 -7.463753826180000033e+03 5.026666905939999879e+02 1.537094879059999948e+04 -2.501461265570000023e+02 2.043462836539999898e+02 -3.123234419089999960e+02
6.500000000000000222e-01 -7.681762072679999619e+03 3.604586445749999939e+02 1.542802438090000032e+04 -2.500130779749999874e+02 2.046060691970000107e+02 -3.111067569950000120e+02
6.500000000000000222e-01 -7.732144431349999650e+03 4.434179279319999978e+02 1.531226077070000065e+04 -2.501990572150000105e+02 2.043175687609999898e+02 -3.115100511350000261e+02
6.500000000000000222e-01 -7.617554079769999589e+03 5.978748502099999769e+02 1.534589175670000077e+04 -2.501424461709999889e+02 2.043568039870000064e+02 -3.111213246230000209e+02
6.500000000000000222e-01 -7.545833464459999959e+03 4.656331981739999719e+02 1.549517294919999949e+04 -2.504624949990000005e+02 2.042629271069999959e+02 -3.115578804450000234e+02
6.500000000000000222e-01 -7.646011013389999789e+03 3.245893507010000008e+02 1.533699709020000046e+04 -2.502811223189999907e+02 2.044061066200000027e+02 -3.113911906550000026e+02
6.500000000000000222e-01 -7.530629098370000065e+03 5.599945107390000203e+02 1.529064972099999977e+04 -2.504148647240000116e+02 2.041439766400000053e+02 -3.122317442329999722e+02
6.500000000000000222e-01 -7.628744392689999586e+03 3.247413719040000046e+02 1.540839184820000082e+04 -2.499945884349999972e+02 2.041351154399999928e+02 -3.117973501929999998e+02
6.500000000000000222e-01 -7.478021005479999985e+03 4.218660773639999775e+02 1.543012764969999989e+04 -2.499372386910000046e+02 2.042922487339999975e+02 -3.122301015990000224e+02
6.500000000000000222e-01 -7.706909402629999931e+03 3.660615958490000139e+02 1.533971910600000047e+04 -2.502283008590000009e+02 2.044207308590000025e+02 -3.116711154989999955e+02
6.500000000000000222e-01 -7.674537734610000371e+03 5.531947534800000312e+02 1.543708622009999999e+04 -2.499878718580000054e+02 2.040902481489999900e+02 -3.111244131180000068e+02
6.500000000000000222e-01 -7.553848710420000316e+03 4.974308846659999972e+02 1.523314126910000050e+04 -2.497008149039999978e+02 2.046743067159999896e+02 -3.114380567800000108e+02
6.500000000000000222e-01 -7.518501122499999838e+03 3.538916065519999847e+02 1.542028248320000057e+04 -2.499948966899999903e+02 2.041214441179999994e+02 -3.122743727580000268e+02
6.500000000000000222e-01 -7.482262340389999736e+03 5.395730353850000256e+02 1.535956829520000065e+04 -2.501916118659999881e+02 2.043249014170000066e+02 -3.123355373819999841e+02
6.500000000000000222e-01 -7.533272237060000407e+03 5.825596165990000372e+02 1.534318869470000027e+04 -2.501649449690000040e+02 2.042208116090000090e+02 -3.122093180420000067e+02
6.500000000000000222e-01 -7.701674406359999921e+03 3.656138501600000268e+02 1.540202868979999948e+04 -2.500102168600000141e+02 2.044357952800000078e+02 -3.110792259209999884e+02
6.500000000000000222e-01 -7.696815198639999835e+03 5.553494435589999512e+02 1.539798990899999990e+04 -2.502799389129999952e+02 2.044438715409999929e+02 -3.123023389179999754e+02
6.500000000000000222e-01 -7.514875471459999972e+03 3.507024135350000051e+02 1.540845171300000038e+04 -2.501205589239999938e+02 2.043107579310000119e+02 -3.113736951870000098e+02
6.500000000000000222e-01 -7.475442436489999636e+03 5.158543205019999505e+02 1.540412920520000080e+04 -2.503649629319999974e+02 2.042700829210000109e+02 -3.110845215460000190e+02
6.500000000000000222e-01 -7.657825915049999821e+03 4.221015500029999998e+02 1.548831007739999950e+04 -2.506765088479999974e+02 2.041517820939999979e+02 -3.119477197319999959e+02
3.690000000000000000e+05 2.822603371929999867e+03 7.335197336160000532e+02 -5.935343363560000398e+02 -4.862465381159999822e+01 2.936356042430000102e+01 -9.249973303110000700e+01
6.500000000000000222e-01 2.713748838840000190e+03 8.253760965049999641e+02 -5.540789979520000088e+02 -4.958098141579999663e+01 2.948552713340000153e+01 -9.536619565120000175e+01
6.500000000000000222e-01 2.754010275329999786e+03 7.130068274179999435e+02 -4.644619133460000171e+02 -5.107207170000000218e+01 2.835622598970000041e+01 -9.402149725789999479e+01
6.500000000000000222e-01 2.905829640349999863e+03 7.125561334230000057e+02 -4.736186131840000257e+02 -4.952835754539999868e+01 2.932135785630000058e+01 -9.272267475140000670e+01
6.500000000000000222e-01 2.905849524029999884e+03 7.720801644120000446e+02 -7.095586930719999827e+02 -4.562076394750000219e+01 3.045365968509999988e+01 -9.057446771440000077e+01
6.500000000000000222e-01 2.935424996149999970e+03 8.099462207300000500e+02 -5.371649587319999455e+02 -4.977808231969999753e+01 2.881526864259999954e+01 -9.047054236580000008e+01
6.500000000000000222e-01 2.778259007789999941e+03 8.285179245560000254e+02 -4.895957892480000169e+02 -4.819082763699999816e+01 2.695297028159999897e+01 -9.054965279740000028e+01
6.500000000000000222e-01 2.874669829099999788e+03 6.115360583719999568e+02 -6.558072555710000415e+02 -4.886876535470000249e+01 2.984874689829999994e+01 -9.022843585190000226e+01
6.500000000000000222e-01 2.775223309460000110e+03 6.000661693529999638e+02 -5.531703046029999769e+02 -4.934464479540000070e+01 3.097854795969999842e+01 -9.006782297309999308e+01
6.500000000000000222e-01 2.812818779560000166e+03 6.149918219710000358e+02 -5.045321849879999832e+02 -4.763931445309999901e+01 2.785690721499999967e+01 -9.326702029519999826e+01
6.500000000000000222e-01 2.879760151139999834e+03 8.463722024029999602e+02 -5.188668743319999521e+02 -4.773663743200000198e+01 2.717691285109999910e+01 -9.215080245779999757e+01
6.500000000000000222e-01 2.967465069989999847e+03 7.250203332170000294e+02 -6.217349752029999763e+02 -4.881620084610000276e+01 2.966830822140000024e+01 -9.519339214810000271e+01
6.500000000000000222e-01 2.846295124459999897e+03 5.944646385439999676e+02 -6.377329790320000029e+02 -4.803284898070000253e+01 2.869709732120000112e+01 -8.950542113080000206e+01
6.500000000000000222e-01 2.915024823639999795e+03 6.199088531879999664e+02 -6.145786450450000302e+02 -4.823879098839999813e+01 2.963217522100000068e+01 -9.266813382530000354e+01
6.500000000000000222e-01 2.826274266630000056e+03 6.410232324449999624e+02 -7.089818169950000311e+02 -4.731318831779999812e+01 2.683234663760000061e+01 -9.048151790720000065e+01
6.500000000000000222e-01 2.709722552180000093e+03 7.296324286860000257e+02 -4.981435323119999907e+02 -4.998049994760000203e+01 2.903569646069999877e+01 -9.354527531979999821e+01
6.500000000000000222e-01 2.937276930550000088e+03 6.454930032590000337e+02 -6.232887150049999718e+02 -4.796242889020000177e+01 2.950389070490000165e+01 -8.956939704350000397e+01
6.500000000000000222e-01 2.891638986179999847e+03 6.874411372439999468e+02 -7.149745663879999711e+02 -4.987722503639999871e+01 3.118476148490000099e+01 -9.319857730850000621e+01
6.500000000000000222e-01 2.885529430330000196e+03 7.131691174080000337e+02 -4.621115259239999773e+02 -4.675037420849999847e+01 2.877516020359999871e+01 -9.463817631880000647e+01
6.500000000000000222e-01 2.723024955989999853e+03 6.257530216129999872e+02 -6.093414115379999885e+02 -4.897969061039999872e+01 3.003331241580000111e+01 -9.281957720980000204e+01
6.500000000000000222e-01 2.757726766440000119e+03 8.542952692159999515e+02 -5.425773123559999931e+02 -4.774708009249999918e+01 2.772992468700000046e+01 -9.253464740280000456e+01
6.500000000000000222e-01 2.853865075560000150e+03 6.181572193209999568e+02 -5.060126021610000180e+02 -4.868435325309999939e+01 3.057306105250000172e+01 -9.064815029940000102e+01
6.500000000000000222e-01 2.756738413290000153e+03 7.358638628989999688e+02 -7.253260247880000406e+02 -4.541131433879999690e+01 2.930941101189999998e+01 -9.334709422160000258e+01
6.500000000000000222e-01 2.733519778089999818e+03 7.677966813739999452e+02 -4.803378375479999818e+02 -5.097284912509999799e+01 2.996610341750000117e+01 -9.395729024509999761e+01
6.500000000000000222e-01 2.898604030169999987e+03 8.040371355229999608e+02 -6.988500437980000015e+02 -4.903000853910000245e+01 3.049483478349999999e+01 -9.240457503230000214e+01
6.500000000000000222e-01 2.755029190149999977e+03 6.724681769520000216e+02 -7.093782404820000238e+02 -5.050004387020000252e+01 2.866199075340000135e+01 -9.015380964909999761e+01
6.500000000000000222e-01 2.800373427949999950e+03 6.582658603129999619e+02 -7.187599060259999533e+02 -4.736916635770000283e+01 2.736159955080000117e+01 -9.126400097290000701e+01
6.500000000000000222e-01 2.799522088820000135e+03 6.545160999940000011e+02 -7.154490813380000418e+02 -4.963874019040000007e+01 2.824892368649999952e+01 -9.046586346569999648e+01
6.500000000000000222e-01 2.964578009599999859e+03 7.217613157709999996e+02 -6.329818468319999738e+02 -4.897369127359999652e+01 2.973628704900000130e+01 -9.508860022640000409e+01
6.500000000000000222e-01 2.846520225820000178e+03 6.753728585989999829e+02 -4.603701996670000085e+02 -5.042137598979999780e+01 3.234297583189999870e+01 -9.173463760939999645e+01
6.500000000000000222e-01 2.825253144119999888e+03 5.904820869220000077e+02 -6.273016143270000384e+02 -4.904628450749999757e+01 2.972218642240000008e+01 -8.951920813690000500e+01
6.500000000000000222e-01 2.847614803940000002e+03 5.887980992779999951e+02 -5.791073460850000174e+02 -4.861941869190000176e+01 2.951497141810000002e+01 -9.542130240640000238e+01
6.500000000000000222e-01 2.897970138810000208e+03 6.835968079210000496e+02 -7.103346104729999979e+02 -5.033545365559999851e+01 3.124148126009999871e+01 -9.449379552499999591e+01
6.500000000000000222e-01 2.969911687960000108e+03 7.441138496949999990e+02 -6.000724966039999799e+02 -4.824134935469999874e+01 2.953661941769999899e+01 -8.996977217369999380e+01
6.500000000000000222e-01 2.890797251880000204e+03 7.979711559249999482e+02 -7.077209851390000495e+02 -5.001457227249999704e+01 2.918075641840000145e+01 -9.376990925350000339e+01
6.500000000000000222e-01 2.818731966079999893e+03 5.888829958640000086e+02 -5.658415712549999625e+02 -4.903514442859999889e+01 3.064047128070000170e+01 -8.931098033089999433e+01
6.500000000000000222e-01 2.727181644440000127e+03 8.290102631170000222e+02 -6.546517064079999955e+02 -4.964617969350000237e+01 3.021237422709999976e+01 -9.003094128099999693e+01
6.500000000000000222e-01 2.831007742539999981e+03 7.853634184339999820e+02 -4.559129384070000128e+02 -4.964425895589999982e+01 2.610567697240000129e+01 -9.204170237750000183e+01
6.500000000000000222e-01 2.884179947380000158e+03 7.217872577000000547e+02 -7.273984846500000003e+02 -4.564446668810000318e+01 2.904036156189999929e+01 -9.133931576279999831e+01
6.500000000000000222e-01 2.800806091219999871e+03 7.296139145639999697e+02 -4.477928555720000077e+02 -4.632616837810000021e+01 2.966446983570000029e+01 -9.266751210729999855e+01
6.500000000000000222e-01 2.771409005840000191e+03 7.156127259219999814e+02 -4.562625741260000041e+02 -5.215958779639999676e+01 2.827348867239999919e+01 -9.410772435350000364e+01
