3.450000000000000000e+05 3.798451701039999989e+03 -5.006266346989999874e+03 -6.938117486860000099e+03 -1.164045238820000066e+02 2.630193295890000016e+01 -4.807301798879999666e+01
6.500000000000000222e-01 3.712656086269999832e+03 -4.919254714200000308e+03 -6.678563826020000306e+03 -1.165681707939999967e+02 2.664762402870000102e+01 -4.743685844120000183e+01
6.500000000000000222e-01 3.623843650979999893e+03 -5.126263551050000387e+03 -7.125648689990000094e+03 -1.164019005119999974e+02 2.630898136069999893e+01 -4.723281606790000353e+01
6.500000000000000222e-01 3.988237702949999857e+03 -4.933953812450000441e+03 -6.742285354089999601e+03 -1.161900456209999959e+02 2.668526980769999923e+01 -4.948132065629999943e+01
6.500000000000000222e-01 3.777712734920000003e+03 -5.108694492859999627e+03 -7.207379541270000118e+03 -1.159040269409999979e+02 2.350682929450000103e+01 -4.788051965719999714e+01
6.500000000000000222e-01 3.910698502360000020e+03 -5.206456998110000313e+03 -7.099808069689999684e+03 -1.165437530949999996e+02 2.645919005020000014e+01 -4.836067233600000037e+01
6.500000000000000222e-01 3.898589581910000106e+03 -4.778854877149999993e+03 -7.068163819700000204e+03 -1.172628447099999960e+02 2.442434583000000003e+01 -4.978717716140000249e+01
6.500000000000000222e-01 3.570986386919999859e+03 -4.900702582380000422e+03 -7.068118290280000110e+03 -1.150728055879999943e+02 2.594199669209999826e+01 -4.877156406350000140e+01
6.500000000000000222e-01 3.962986674450000010e+03 -4.822202797769999961e+03 -7.069890112770000087e+03 -1.168035628399999979e+02 2.412905992090000140e+01 -4.940954337059999801e+01
6.500000000000000222e-01 3.574522545090000222e+03 -4.936832719750000251e+03 -6.764931170290000409e+03 -1.161645647600000046e+02 2.727228797580000119e+01 -4.648558867860000277e+01
6.500000000000000222e-01 3.526771434790000058e+03 -5.027304120460000377e+03 -6.860892522719999761e+03 -1.152390311500000024e+02 2.709179820230000146e+01 -4.518580841560000039e+01
6.500000000000000222e-01 3.623985635670000192e+03 -5.145908213120000255e+03 -7.111259922059999553e+03 -1.165017239080000024e+02 2.576294235740000005e+01 -4.662714996220000074e+01
6.500000000000000222e-01 3.882979883269999846e+03 -5.030760470369999894e+03 -6.670650803190000261e+03 -1.183485314859999988e+02 2.756502282519999980e+01 -4.794872173830000150e+01
6.500000000000000222e-01 3.737405141849999836e+03 -4.849438889439999912e+03 -7.170500400640000407e+03 -1.165429544550000003e+02 2.549175393120000166e+01 -4.814296064420000221e+01
6.500000000000000222e-01 3.645323759930000051e+03 -4.946773600280000210e+03 -7.165718723519999912e+03 -1.137760275109999952e+02 2.504693261579999941e+01 -4.909631826710000269e+01
6.500000000000000222e-01 3.951298523699999805e+03 -4.966905620999999883e+03 -6.706312594170000011e+03 -1.177530023569999997e+02 2.694085286949999869e+01 -4.831005799710000304e+01
6.500000000000000222e-01 3.671009643660000165e+03 -5.223394688299999871e+03 -7.067962261910000052e+03 -1.147576248339999978e+02 2.732776395890000032e+01 -5.062699081800000300e+01
6.500000000000000222e-01 3.580024270339999930e+03 -5.074999143130000448e+03 -7.099764716810000209e+03 -1.164319956420000040e+02 2.580607673980000172e+01 -4.610726680439999825e+01
6.500000000000000222e-01 3.809156812279999940e+03 -5.114364391860000069e+03 -6.680625398999999561e+03 -1.177764156490000005e+02 2.957284084100000143e+01 -4.749462417069999987e+01
6.500000000000000222e-01 3.688544630979999965e+03 -5.082400383029999830e+03 -6.686283253370000239e+03 -1.149252047620000070e+02 2.818822910229999934e+01 -4.679737563380000154e+01
6.500000000000000222e-01 3.843967565250000007e+03 -4.915822790649999661e+03 -7.201605366200000390e+03 -1.155808881739999947e+02 2.351815850270000041e+01 -4.850860078760000249e+01
6.500000000000000222e-01 3.598760981949999859e+03 -4.837096271059999708e+03 -7.054342513270000381e+03 -1.166239258800000016e+02 2.664450420700000066e+01 -4.612383537560000235e+01
6.500000000000000222e-01 3.645471865600000001e+03 -4.814089680140000382e+03 -7.077458816839999599e+03 -1.154655493909999961e+02 2.505106729499999929e+01 -4.908613406450000127e+01
6.500000000000000222e-01 3.924872308970000176e+03 -4.836470727640000405e+03 -6.748641678869999851e+03 -1.188215471790000066e+02 2.563097598259999899e+01 -4.613449802480000272e+01
6.500000000000000222e-01 4.028544935790000181e+03 -5.025906435560000318e+03 -6.780135874180000428e+03 -1.178381453129999983e+02 2.638897740699999872e+01 -4.809327853970000177e+01
6.500000000000000222e-01 4.018025809910000135e+03 -4.998153816189999816e+03 -6.765270102559999941e+03 -1.171739839979999971e+02 2.643403664439999901e+01 -4.903171113389999647e+01
6.500000000000000222e-01 3.773207673739999791e+03 -5.232084020889999920e+03 -6.769632661030000236e+03 -1.157360483759999994e+02 2.809619151049999886e+01 -4.694520256810000092e+01
6.500000000000000222e-01 3.673454143559999920e+03 -4.853574127040000349e+03 -7.144904237939999803e+03 -1.170688412380000045e+02 2.697930472670000057e+01 -4.649595632669999645e+01
6.500000000000000222e-01 3.605465874630000144e+03 -5.194483070080000289e+03 -7.016075424679999742e+03 -1.159370921360000040e+02 2.651305064170000136e+01 -4.626305489460000331e+01
6.500000000000000222e-01 3.692936052269999891e+03 -4.756446026949999577e+03 -7.035525004150000314e+03 -1.168824274539999948e+02 2.609324449209999841e+01 -4.732950244709999765e+01
6.500000000000000222e-01 3.671809996909999882e+03 -5.151527747699999964e+03 -6.730976237470000342e+03 -1.173402191170000037e+02 2.612848658120000067e+01 -4.947865892720000147e+01
6.500000000000000222e-01 3.986326227689999996e+03 -4.838359131989999696e+03 -6.814706639390000419e+03 -1.170955550749999929e+02 2.526587287330000109e+01 -4.782296265099999744e+01
6.500000000000000222e-01 3.567410419060000095e+03 -5.095402427199999693e+03 -6.799995586699999876e+03 -1.170510402099999965e+02 2.694927488569999952e+01 -4.955055595689999848e+01
6.500000000000000222e-01 3.520859738499999821e+03 -5.044418849100000443e+03 -6.954751662140000008e+03 -1.156866509289999954e+02 2.674959869010000091e+01 -4.523482737289999989e+01
6.500000000000000222e-01 3.864089380549999987e+03 -4.954409097089999705e+03 -7.211494135369999640e+03 -1.174240139260000007e+02 2.464936219879999868e+01 -4.882262455880000118e+01
6.500000000000000222e-01 3.685701911109999855e+03 -4.746653681079999842e+03 -6.908891230049999649e+03 -1.165210632379999964e+02 2.581287827239999899e+01 -4.496368214990000212e+01
6.500000000000000222e-01 3.794027064920000157e+03 -4.725936990219999643e+03 -6.984246652879999601e+03 -1.171525414449999971e+02 2.581530164930000026e+01 -4.711624605880000161e+01
6.500000000000000222e-01 3.829374744939999800e+03 -4.875459818160000395e+03 -7.181302395820000129e+03 -1.151307221999999939e+02 2.365357086139999865e+01 -4.818777691569999888e+01
6.500000000000000222e-01 3.873993706920000022e+03 -4.894238348169999881e+03 -6.687349214380000376e+03 -1.171531155069999954e+02 2.529512732799999952e+01 -4.729775349180000177e+01
6.500000000000000222e-01 3.666846726979999858e+03 -5.130161504229999991e+03 -6.721072258340000189e+03 -1.167691011870000040e+02 2.880802248859999892e+01 -4.749968975809999705e+01
6.500000000000000222e-01 3.870250997810000172e+03 -4.829544816020000326e+03 -6.725083605830000124e+03 -1.166432888260000027e+02 2.780667676650000075e+01 -4.891181593049999776e+01
9.810000000000000000e+05 8.286440621460000693e+04 -2.262285277359999895e+02 3.508663399740000023e+04 -9.547354092579999119e+00 2.647790483449999854e+01 -5.266472506390000063e+01
6.500000000000000222e-01 8.340019319609999366e+04 -1.636048465110000052e+03 3.702692385949999880e+04 -8.789211510119999460e+00 2.557947826170000027e+01 -5.302215436179999841e+01
6.500000000000000222e-01 8.444698663369999849e+04 1.080621822079999902e+03 3.374235406869999861e+04 -9.860858979399999669e+00 2.585872366139999912e+01 -5.358227444460000299e+01
6.500000000000000222e-01 8.356532459819999349e+04 -1.764052852600000051e+03 3.686547705929999938e+04 -9.846640107089999816e+00 2.736064363750000084e+01 -5.177532400510000343e+01
6.500000000000000222e-01 8.044921238880000601e+04 -3.893636606900000174e+02 3.468328083560000232e+04 -9.679341908590000543e+00 2.649592240240000152e+01 -5.249596573550000045e+01
6.500000000000000222e-01 8.455935539310000604e+04 1.364187629089999973e+03 3.430137630380000337e+04 -9.325594643640000569e+00 2.679657145430000043e+01 -5.144299860270000124e+01
6.500000000000000222e-01 8.177627316300000530e+04 1.970116465560000051e+03 3.517498998079999728e+04 -9.538443399920000232e+00 2.637515751040000112e+01 -5.307642147359999996e+01
6.500000000000000222e-01 8.234088962770000217e+04 3.782712619459999814e+02 3.740548765219999768e+04 -8.639579467480000829e+00 2.547626361440000053e+01 -5.230431524320000136e+01
6.500000000000000222e-01 8.283699987489999330e+04 2.226621272219999810e+03 3.506913128619999770e+04 -9.540083547309999190e+00 2.638841379169999968e+01 -5.307658886939999832e+01
6.500000000000000222e-01 8.266245609649999824e+04 6.703182857330000388e+02 3.281063315380000131e+04 -9.692464114890000815e+00 2.581622771729999855e+01 -5.300101981499999937e+01
6.500000000000000222e-01 8.178176772709999932e+04 -2.443557765870000082e+02 3.288481531359999644e+04 -9.434949116989999496e+00 2.649122593210000076e+01 -5.274775504160000139e+01
6.500000000000000222e-01 8.462149636999999348e+04 -1.367272166259999949e+03 3.381567445880000014e+04 -9.429338861350000656e+00 2.653657576919999883e+01 -5.190554987120000163e+01
6.500000000000000222e-01 8.228276163049999741e+04 -1.874359005510000031e+02 3.746957715250000183e+04 -9.456119474559999460e+00 2.649235675399999934e+01 -5.271384877890000098e+01
6.500000000000000222e-01 8.188708928580000065e+04 -2.076052970249999817e+03 3.637099923120000312e+04 -8.998631670949999162e+00 2.607140526670000114e+01 -5.263047515680000288e+01
6.500000000000000222e-01 8.254412820289999945e+04 -2.570033803759999955e+03 3.442959679699999833e+04 -9.294214285940000764e+00 2.654253307309999954e+01 -5.351023888419999963e+01
6.500000000000000222e-01 8.122982018799999787e+04 -2.046384742799999913e+03 3.527266625639999984e+04 -9.496529697370000633e+00 2.656148546629999885e+01 -5.160859397419999794e+01
6.500000000000000222e-01 8.403169298700000218e+04 -2.193371655500000088e+03 3.421205351979999978e+04 -9.789704130820000572e+00 2.673173385240000144e+01 -5.213954907979999831e+01
6.500000000000000222e-01 8.520016196759999730e+04 3.847889199040000108e+02 3.552738573049999832e+04 -9.317962307420000201e+00 2.643153470960000107e+01 -5.318190514860000206e+01
6.500000000000000222e-01 8.530415052670000296e+04 2.893589764580000079e+01 3.514814093680000224e+04 -9.487165142549999430e+00 2.647215147360000032e+01 -5.241159688689999996e+01
6.500000000000000222e-01 8.173098477789999743e+04 -1.700629873540000062e+03 3.348526096980000148e+04 -8.953960769780000106e+00 2.629591386430000099e+01 -5.301973112640000352e+01
6.500000000000000222e-01 8.196269669919999433e+04 5.518118303139999625e+02 3.723337838460000057e+04 -9.228134897200000353e+00 2.624361489449999851e+01 -5.231875261590000292e+01
6.500000000000000222e-01 8.201417936900000495e+04 1.091786764440000070e+03 3.319722130640000250e+04 -1.035639157970000035e+01 2.743883677259999843e+01 -5.190421261609999704e+01
6.500000000000000222e-01 8.440546854600000370e+04 -1.722436282119999987e+03 3.389318971910000255e+04 -9.450621510670000447e+00 2.643576760870000086e+01 -5.321429597400000233e+01
6.500000000000000222e-01 8.386452037209999980e+04 -2.451133956329999819e+03 3.534517074929999944e+04 -9.476660015080000221e+00 2.644317271910000144e+01 -5.392450173390000145e+01
6.500000000000000222e-01 8.293393362559999514e+04 1.209429506270000047e+03 3.309610809850000078e+04 -9.925770053789999992e+00 2.765453000069999945e+01 -5.200984877890000035e+01
6.500000000000000222e-01 8.478478569679999782e+04 -1.613772695740000017e+03 3.573342686059999687e+04 -9.160405071030000457e+00 2.624503088659999861e+01 -5.329992364099999946e+01
6.500000000000000222e-01 8.159190404490000219e+04 1.544302065309999989e+03 3.620419661679999990e+04 -9.017329655619999329e+00 2.577627562130000172e+01 -5.178834098829999988e+01
6.500000000000000222e-01 8.440775327060000564e+04 -1.550377436680000073e+03 3.645342812199999753e+04 -9.428600008189999215e+00 2.652718188920000131e+01 -5.333514205840000244e+01
6.500000000000000222e-01 8.442822109880000062e+04 6.901074408719999838e+02 3.343413570449999679e+04 -9.125459790180000752e+00 2.700423302189999930e+01 -5.181296785370000180e+01
6.500000000000000222e-01 8.248775441710000450e+04 -5.219367148740000175e+02 3.268041307289999895e+04 -1.052309444760000012e+01 2.593752356390000102e+01 -5.241930058389999658e+01
6.500000000000000222e-01 8.267923793849999493e+04 -5.286665451699999494e+02 3.265915313759999844e+04 -1.010597847939999916e+01 2.603128257650000066e+01 -5.251619284259999887e+01
6.500000000000000222e-01 8.070019300579999981e+04 -9.088072140420000551e+02 3.602109455310000340e+04 -9.973632002120000450e+00 2.652831730600000171e+01 -5.344315174599999807e+01
6.500000000000000222e-01 8.321731973089999519e+04 1.970492326640000101e+03 3.612867007810000359e+04 -1.001218334660000053e+01 2.685895334079999941e+01 -5.258176902889999837e+01
6.500000000000000222e-01 8.189278578510000079e+04 1.672389765859999898e+03 3.628939525919999869e+04 -9.310764653430000592e+00 2.635015533549999844e+01 -5.338864958749999801e+01
6.500000000000000222e-01 8.422494373450000421e+04 -2.118013830190000135e+03 3.584915178049999668e+04 -9.401905161620000229e+00 2.636446053859999950e+01 -5.377691707289999812e+01
6.500000000000000222e-01 8.483407532089999586e+04 1.085194707419999986e+03 3.443664885710000090e+04 -9.351586672939999900e+00 2.623277109569999865e+01 -5.272149116090000120e+01
6.500000000000000222e-01 8.289265838680000161e+04 5.801293857230000413e+02 3.740425646569999662e+04 -9.698661766449999888e+00 2.767260431800000120e+01 -5.304443637239999987e+01
6.500000000000000222e-01 8.470561247860000003e+04 -1.709081488170000057e+03 3.573371613010000146e+04 -9.754161742340000885e+00 2.678380396940000097e+01 -5.227914993240000285e+01
6.500000000000000222e-01 8.043817716449999716e+04 -2.664200655689999735e+02 3.545107417529999657e+04 -9.807180018680000444e+00 2.647640356999999867e+01 -5.403335267909999828e+01
6.500000000000000222e-01 8.360148308859999815e+04 1.847710995919999959e+03 3.617600823919999675e+04 -9.942809440450000480e+00 2.699990371359999841e+01 -5.289361349280000013e+01
6.500000000000000222e-01 8.518273132679999981e+04 1.311920475780000004e+02 3.580607205709999835e+04 -9.683037733939999114e+00 2.649036324949999965e+01 -5.206621006969999854e+01
4.560000000000000000e+04 6.563721510800000033e+03 2.518707452229999944e+03 1.773563778749999983e+04 2.052472511699999984e+02 -6.059390353060000223e+01 2.038448302559999945e+02
6.500000000000000222e-01 6.636356248410000262e+03 2.491202951020000000e+03 1.792626795900000070e+04 2.045001189310000029e+02 -6.014092372559999689e+01 2.043802648180000006e+02
6.500000000000000222e-01 6.522236852639999597e+03 2.561705533230000128e+03 1.753805551420000120e+04 2.045065560749999918e+02 -6.001888328089999902e+01 2.038950322579999863e+02
6.500000000000000222e-01 6.506464077710000311e+03 2.546869563929999913e+03 1.793108279519999996e+04 2.062712458750000053e+02 -6.099422281660000067e+01 2.043067765849999944e+02
6.500000000000000222e-01 6.671881860980000056e+03 2.374546593510000093e+03 1.764454387330000100e+04 2.046790436180000086e+02 -5.999317980499999692e+01 2.031326824509999938e+02
6.500000000000000222e-01 6.674823118489999615e+03 2.366864808159999939e+03 1.766458795850000024e+04 2.049295351009999990e+02 -6.031966921429999928e+01 2.042526992049999990e+02
6.500000000000000222e-01 6.466865338030000203e+03 2.484507116610000139e+03 1.791343779329999961e+04 2.050565366120000022e+02 -6.046457486540000303e+01 2.037528260779999982e+02
6.500000000000000222e-01 6.460289992830000301e+03 2.468052421859999868e+03 1.756500339410000015e+04 2.059185734970000112e+02 -6.047582698600000128e+01 2.031924306189999925e+02
6.500000000000000222e-01 6.697859723520000443e+03 2.510067333179999878e+03 1.758122351799999888e+04 2.043022819569999911e+02 -6.057827957239999961e+01 2.031407761289999883e+02
6.500000000000000222e-01 6.690719110699999874e+03 2.396070205800000167e+03 1.783229813819999981e+04 2.049962337890000015e+02 -6.023141464390000266e+01 2.036815389059999859e+02
6.500000000000000222e-01 6.503711044679999759e+03 2.334601197769999999e+03 1.767477034389999972e+04 2.050352791360000140e+02 -6.007149118720000303e+01 2.034472721999999862e+02
6.500000000000000222e-01 6.617746611730000041e+03 2.376864331849999871e+03 1.786833297609999863e+04 2.047769086989999892e+02 -5.965823509749999687e+01 2.044481205410000086e+02
6.500000000000000222e-01 6.738273720340000182e+03 2.412991625120000208e+03 1.773117865439999878e+04 2.050649362919999987e+02 -6.045573167679999926e+01 2.029464744900000142e+02
6.500000000000000222e-01 6.619758575259999816e+03 2.334883140530000219e+03 1.779459170889999950e+04 2.049757689120000066e+02 -6.016597878249999809e+01 2.035917239320000078e+02
6.500000000000000222e-01 6.605260432789999868e+03 2.389147496090000004e+03 1.789310232819999874e+04 2.057964027159999887e+02 -6.115772914200000088e+01 2.036310625760000050e+02
6.500000000000000222e-01 6.482056126759999643e+03 2.598906011200000194e+03 1.756334167700000035e+04 2.055816430209999908e+02 -6.110141627029999967e+01 2.031831391890000020e+02
6.500000000000000222e-01 6.761427045600000383e+03 2.564231014070000128e+03 1.771303021359999912e+04 2.049568572640000070e+02 -6.064640020710000101e+01 2.030336253549999981e+02
6.500000000000000222e-01 6.518360049889999573e+03 2.712676024609999786e+03 1.778245168520000152e+04 2.053513472559999968e+02 -6.096315224039999947e+01 2.048581364099999860e+02
6.500000000000000222e-01 6.718728509599999597e+03 2.556983626669999921e+03 1.786445004509999853e+04 2.054730989489999899e+02 -6.040176188840000293e+01 2.035774616699999910e+02
6.500000000000000222e-01 6.706348629070000243e+03 2.664357886260000214e+03 1.774670391490000111e+04 2.051405425000000093e+02 -6.079116351660000106e+01 2.041153644919999977e+02
6.500000000000000222e-01 6.604583958580000399e+03 2.711110465300000214e+03 1.779466936020000139e+04 2.050963655429999903e+02 -6.089509834300000080e+01 2.047929243179999901e+02
6.500000000000000222e-01 6.757376329429999714e+03 2.583892149280000012e+03 1.774010343930000090e+04 2.051101033760000121e+02 -6.063758020390000070e+01 2.030537412959999983e+02
6.500000000000000222e-01 6.448015224019999550e+03 2.384233476079999946e+03 1.783657280589999937e+04 2.056626867280000113e+02 -6.002675647089999700e+01 2.046643087369999989e+02
6.500000000000000222e-01 6.373061925730000439e+03 2.498581686739999896e+03 1.766455222420000064e+04 2.053464870189999942e+02 -6.065379923799999773e+01 2.039168794930000104e+02
6.500000000000000222e-01 6.537736112759999742e+03 2.719770901609999783e+03 1.771909167910000178e+04 2.053258405359999870e+02 -6.080501788739999824e+01 2.047353803979999896e+02
6.500000000000000222e-01 6.636717546400000174e+03 2.530174653919999855e+03 1.792835162979999950e+04 2.048751181019999876e+02 -6.065963722840000116e+01 2.042329104490000020e+02
6.500000000000000222e-01 6.495030586679999942e+03 2.330234192609999809e+03 1.770191823819999991e+04 2.051071508279999875e+02 -6.030643565550000318e+01 2.041584905939999999e+02
6.500000000000000222e-01 6.657955561009999656e+03 2.662843043800000032e+03 1.762546631500000149e+04 2.047232385350000072e+02 -6.108097466750000137e+01 2.030678716399999928e+02
6.500000000000000222e-01 6.523819131879999986e+03 2.327097683290000077e+03 1.779950375189999977e+04 2.055866897580000057e+02 -6.068213609029999844e+01 2.036355102079999995e+02
6.500000000000000222e-01 6.739999090420000357e+03 2.467963221110000177e+03 1.782622928680000041e+04 2.054953862440000023e+02 -6.056768219810000176e+01 2.032020394170000088e+02
6.500000000000000222e-01 6.408807501629999933e+03 2.389585767990000022e+03 1.770193586940000023e+04 2.052825226779999923e+02 -6.035874108849999686e+01 2.036920047629999999e+02
6.500000000000000222e-01 6.458852404340000248e+03 2.652700458849999904e+03 1.784989845419999983e+04 2.057266529739999896e+02 -6.110039694820000022e+01 2.047425151109999888e+02
6.500000000000000222e-01 6.633720902320000278e+03 2.580273295099999814e+03 1.755275263719999930e+04 2.057634179370000140e+02 -6.021344567290000072e+01 2.041607999169999914e+02
6.500000000000000222e-01 6.681330218869999953e+03 2.368640043939999941e+03 1.781108681960000104e+04 2.054450467880000133e+02 -6.072878427860000272e+01 2.030520123739999860e+02
6.500000000000000222e-01 6.730315520389999620e+03 2.636260796770000070e+03 1.772354906940000001e+04 2.050610654799999963e+02 -6.073569809610000192e+01 2.030217983580000123e+02
6.500000000000000222e-01 6.657758955330000390e+03 2.696192625090000092e+03 1.770143530820000160e+04 2.051628464350000058e+02 -6.097543668910000036e+01 2.031636505390000025e+02
6.500000000000000222e-01 6.419478531929999917e+03 2.389299521760000061e+03 1.779940611440000066e+04 2.056698003120000067e+02 -6.030545933490000010e+01 2.046607270830000118e+02
6.500000000000000222e-01 6.423012533529999928e+03 2.660258089309999832e+03 1.777811652189999950e+04 2.052755542360000049e+02 -6.059597015989999846e+01 2.028946451699999898e+02
6.500000000000000222e-01 6.684810593879999942e+03 2.366530604959999891e+03 1.780582992260000174e+04 2.052412495799999874e+02 -6.044247094829999867e+01 2.044084907579999992e+02
6.500000000000000222e-01 6.738045692749999944e+03 2.601806314880000173e+03 1.780400209769999856e+04 2.048383247390000008e+02 -6.075718174179999664e+01 2.049574804879999874e+02
6.500000000000000222e-01 6.473922205400000166e+03 2.466474924640000154e+03 1.791265423870000086e+04 2.046957671369999900e+02 -6.077898012720000054e+01 2.035000288440000134e+02
1.390000000000000000e+04 -9.701995357089999743e+03 2.202901999919999980e+03 1.261672366759999932e+04 -2.403222701649999919e+02 2.028308402289999890e+02 -3.287279728589999763e+02
6.500000000000000222e-01 -9.807964368679999097e+03 2.292311673809999775e+03 1.265261155920000056e+04 -2.404575252429999921e+02 2.028667165630000113e+02 -3.291693693639999765e+02
6.500000000000000222e-01 -9.770292892269999356e+03 2.182476034610000170e+03 1.274148710009999922e+04 -2.407724010819999876e+02 2.027139530190000016e+02 -3.288109507940000071e+02
6.500000000000000222e-01 -9.622642438779999793e+03 2.182597837599999821e+03 1.273384110320000036e+04 -2.406164905649999923e+02 2.028434023849999903e+02 -3.286247227339999881e+02
6.500000000000000222e-01 -9.619042228719999912e+03 2.240861336729999948e+03 1.250553777049999917e+04 -2.397821230959999923e+02 2.029517691290000130e+02 -3.284956435930000112e+02
6.500000000000000222e-01 -9.594657327950000763e+03 2.276173232499999813e+03 1.267399429670000063e+04 -2.407102356050000083e+02 2.026576129579999872e+02 -3.282627531360000148e+02
6.500000000000000222e-01 -9.744457445329999246e+03 2.292847914370000126e+03 1.272045344590000059e+04 -2.402687459679999904e+02 2.023640289479999979e+02 -3.281410112300000037e+02
6.500000000000000222e-01 -9.651883345869999175e+03 2.085073982179999803e+03 1.255797314250000090e+04 -2.403587922950000006e+02 2.029536269090000076e+02 -3.284118034410000178e+02
6.500000000000000222e-01 -9.747994973959999697e+03 2.075437026250000145e+03 1.265824691309999980e+04 -2.403849432849999914e+02 2.032448288070000046e+02 -3.282243667700000174e+02
6.500000000000000222e-01 -9.710125015600000552e+03 2.086856373269999949e+03 1.270279261690000021e+04 -2.401045973450000020e+02 2.026258276730000034e+02 -3.287860719419999782e+02
6.500000000000000222e-01 -9.646340163380000376e+03 2.310011071859999902e+03 1.269031928350000089e+04 -2.402736985479999987e+02 2.023441544780000072e+02 -3.285325838480000016e+02
6.500000000000000222e-01 -9.562694932020000124e+03 2.194596160990000044e+03 1.258662990910000008e+04 -2.404866486219999899e+02 2.028338458960000139e+02 -3.293468836999999780e+02
6.500000000000000222e-01 -9.678343375919999744e+03 2.067509632839999995e+03 1.257625846749999982e+04 -2.401672902619999945e+02 2.027499941339999907e+02 -3.282454958469999724e+02
6.500000000000000222e-01 -9.612401852319999307e+03 2.092958272779999788e+03 1.259586400909999975e+04 -2.402895578620000094e+02 2.029060319660000005e+02 -3.288560344559999749e+02
6.500000000000000222e-01 -9.697058472759999859e+03 2.110679836669999986e+03 1.250590718809999998e+04 -2.399968837870000016e+02 2.023422574880000013e+02 -3.284927069189999997e+02
6.500000000000000222e-01 -9.811933942150000803e+03 2.199287764119999792e+03 1.270891631210000014e+04 -2.405103768209999942e+02 2.028461135260000106e+02 -3.287593544979999933e+02
6.500000000000000222e-01 -9.590768951179999931e+03 2.117535444749999897e+03 1.259042873300000065e+04 -2.402636521299999970e+02 2.028569014130000028e+02 -3.282564550650000115e+02
6.500000000000000222e-01 -9.636704742989999431e+03 2.159698974150000140e+03 1.249754752030000054e+04 -2.405758406680000121e+02 2.031488219629999890e+02 -3.290397432610000124e+02
6.500000000000000222e-01 -9.639458918770000309e+03 2.182731351150000137e+03 1.274326097839999966e+04 -2.400511080480000032e+02 2.027472443119999923e+02 -3.289737123520000068e+02
6.500000000000000222e-01 -9.797999412420000226e+03 2.099407181430000037e+03 1.260069467459999942e+04 -2.402534830120000038e+02 2.030467980070000067e+02 -3.288165602959999774e+02
6.500000000000000222e-01 -9.763894907109999622e+03 2.318499601429999984e+03 1.266670341039999948e+04 -2.401540178740000044e+02 2.024914786999999876e+02 -3.285990592740000125e+02
6.500000000000000222e-01 -9.671646123869999428e+03 2.092477140500000132e+03 1.270391662150000047e+04 -2.403536063349999949e+02 2.031444893659999877e+02 -3.282853900329999988e+02
6.500000000000000222e-01 -9.762382614829999511e+03 2.205010813599999892e+03 1.248732332649999989e+04 -2.395836052829999971e+02 2.027964379720000068e+02 -3.290179928549999886e+02
6.500000000000000222e-01 -9.790076311569999234e+03 2.237128972640000029e+03 1.272606893259999924e+04 -2.407502309609999998e+02 2.030084666779999907e+02 -3.288018363709999790e+02
6.500000000000000222e-01 -9.629421131110000715e+03 2.271853775500000211e+03 1.251426033350000034e+04 -2.404633293249999895e+02 2.029466032359999872e+02 -3.288294207000000142e+02
6.500000000000000222e-01 -9.768857610249999198e+03 2.143044089559999975e+03 1.250585063330000048e+04 -2.405702842809999993e+02 2.027089270600000077e+02 -3.283931337739999776e+02
6.500000000000000222e-01 -9.722098101859999588e+03 2.127916196390000096e+03 1.249563481470000079e+04 -2.399859407399999895e+02 2.024415889830000026e+02 -3.286413845210000204e+02
6.500000000000000222e-01 -9.725127555569999458e+03 2.125164723039999899e+03 1.249962765600000057e+04 -2.404328568900000107e+02 2.026210225990000140e+02 -3.284819020080000200e+02
6.500000000000000222e-01 -9.565625143970000863e+03 2.191494991999999911e+03 1.257575088329999926e+04 -2.405094494040000086e+02 2.028464665950000096e+02 -3.293392383319999794e+02
6.500000000000000222e-01 -9.680509957349999240e+03 2.149698447799999940e+03 1.274770158260000062e+04 -2.407238334010000074e+02 2.034821261909999919e+02 -3.283970687789999943e+02
6.500000000000000222e-01 -9.699577978159999475e+03 2.064710137529999884e+03 1.258640211459999955e+04 -2.403489287429999877e+02 2.029637428169999964e+02 -3.282300819349999870e+02
6.500000000000000222e-01 -9.677582942510000066e+03 2.062916015060000063e+03 1.262773579459999928e+04 -2.402989594789999899e+02 2.029312074229999894e+02 -3.293395263300000124e+02
6.500000000000000222e-01 -9.631045867150000049e+03 2.156031530820000171e+03 1.250080328290000034e+04 -2.406725213830000030e+02 2.031619291460000056e+02 -3.292942118660000119e+02
6.500000000000000222e-01 -9.559819453379999686e+03 2.212973725939999895e+03 1.261289018399999986e+04 -2.403928326109999887e+02 2.028029742059999876e+02 -3.282864375269999755e+02
6.500000000000000222e-01 -9.637890019549999124e+03 2.264705175189999864e+03 1.250427471320000041e+04 -2.406440120929999864e+02 2.026914517970000134e+02 -3.291059634179999875e+02
6.500000000000000222e-01 -9.705794715219999489e+03 2.064168814629999815e+03 1.264661287860000084e+04 -2.403594790680000131e+02 2.031656096039999966e+02 -3.281098661409999977e+02
6.500000000000000222e-01 -9.795182546469999579e+03 2.296266066440000031e+03 1.255962011619999976e+04 -2.404545552099999952e+02 2.029616560839999977e+02 -3.282462175410000214e+02
6.500000000000000222e-01 -9.694957414050000807e+03 2.250169112500000210e+03 1.275198161640000035e+04 -2.405997439100000008e+02 2.022089796029999889e+02 -3.284059838719999789e+02
6.500000000000000222e-01 -9.639832280880000326e+03 2.190837767569999869e+03 1.248730498799999987e+04 -2.397417182460000049e+02 2.027052052020000019e+02 -3.286736186869999869e+02
6.500000000000000222e-01 -9.720633729010000025e+03 2.199752652759999819e+03 1.275921637340000052e+04 -2.398944807530000105e+02 2.029514735859999917e+02 -3.285238381880000134e+02
6.500000000000000222e-01 -9.754608450640000228e+03 2.184890015359999779e+03 1.274947048539999923e+04 -2.410079825820000110e+02 2.026923290409999936e+02 -3.288161200569999778e+02
1.190000000000000000e+04 -5.424059784949999994e+03 6.136310245310000028e+03 -1.311074241020000045e+04 -2.676335993970000118e+02 -2.974420126169999889e+01 8.260879679520000707e+01
6.500000000000000222e-01 -5.508713987359999919e+03 6.045369411740000032e+03 -1.306336871740000061e+04 -2.675631950779999784e+02 -2.987673010139999974e+01 8.213890720550000424e+01
6.500000000000000222e-01 -5.514585091599999942e+03 6.043334222589999627e+03 -1.308310297039999932e+04 -2.674395982149999895e+02 -2.952563209639999897e+01 8.316059653819999653e+01
6.500000000000000222e-01 -5.307759108549999837e+03 6.170975292000000081e+03 -1.316415230599999995e+04 -2.676233478589999777e+02 -2.966627815080000019e+01 8.313483426809999344e+01
6.500000000000000222e-01 -5.322206440189999739e+03 6.052167498249999880e+03 -1.312625619189999998e+04 -2.677747097519999784e+02 -2.965562602560000016e+01 8.230731523500000435e+01
6.500000000000000222e-01 -5.440902552550000109e+03 6.234740714259999550e+03 -1.319951722970000083e+04 -2.675653723460000037e+02 -3.020674910689999848e+01 8.194984038600000531e+01
6.500000000000000222e-01 -5.502962361439999768e+03 6.240187884519999898e+03 -1.308385759329999928e+04 -2.675144492119999882e+02 -2.990448754759999872e+01 8.300216632160000074e+01
6.500000000000000222e-01 -5.391513929300000200e+03 6.130540092940000250e+03 -1.298070313700000042e+04 -2.674190819799999872e+02 -2.989508477480000082e+01 8.269874389059999942e+01
6.500000000000000222e-01 -5.544015477509999982e+03 6.108490908689999742e+03 -1.315986080939999920e+04 -2.675310524569999870e+02 -2.968865989140000039e+01 8.273665360629999554e+01
6.500000000000000222e-01 -5.463122575680000409e+03 6.042379917420000311e+03 -1.319708539030000065e+04 -2.676017081470000107e+02 -3.000442851680000089e+01 8.299169762939999373e+01
6.500000000000000222e-01 -5.399884289139999964e+03 6.084962855800000398e+03 -1.299018972829999984e+04 -2.677495056540000178e+02 -2.967663836910000086e+01 8.274054240830000140e+01
6.500000000000000222e-01 -5.523361447530000078e+03 6.050090229749999708e+03 -1.312710633070000040e+04 -2.675200361830000020e+02 -2.967751335610000041e+01 8.317073068909999733e+01
6.500000000000000222e-01 -5.384358060020000266e+03 6.092014915060000021e+03 -1.322987933320000047e+04 -2.674173063360000242e+02 -2.996378271549999894e+01 8.283384889510000448e+01
6.500000000000000222e-01 -5.495203363939999690e+03 6.206076640539999971e+03 -1.302337698140000066e+04 -2.671991399839999985e+02 -3.018387718880000037e+01 8.303558133030000477e+01
6.500000000000000222e-01 -5.348022472640000160e+03 6.243033720979999998e+03 -1.309016570949999914e+04 -2.677741577919999827e+02 -2.978611415539999996e+01 8.212114966010000217e+01
6.500000000000000222e-01 -5.331437291809999806e+03 6.118404566770000201e+03 -1.301631727979999960e+04 -2.679707279450000215e+02 -2.975761172309999836e+01 8.300843200200000638e+01
6.500000000000000222e-01 -5.551906382420000227e+03 6.161934214769999926e+03 -1.313497356439999930e+04 -2.674368858839999916e+02 -2.973518880379999985e+01 8.238397033440000428e+01
6.500000000000000222e-01 -5.339401159879999796e+03 6.165635724529999607e+03 -1.301127122899999995e+04 -2.677635392779999961e+02 -3.007028549050000166e+01 8.287996535669999787e+01
6.500000000000000222e-01 -5.402711036659999991e+03 6.135557929470000090e+03 -1.297818220090000068e+04 -2.669896952619999979e+02 -2.989156213120000061e+01 8.266525543010000376e+01
6.500000000000000222e-01 -5.418746575039999698e+03 6.080543016710000302e+03 -1.298954817440000079e+04 -2.677824825519999763e+02 -2.927982770890000097e+01 8.294080455200000301e+01
6.500000000000000222e-01 -5.421635268320000250e+03 6.268413727459999791e+03 -1.312055894249999983e+04 -2.676393865350000283e+02 -2.989279404970000087e+01 8.288523542970000335e+01
6.500000000000000222e-01 -5.299592913540000154e+03 6.098773025020000205e+03 -1.308091963890000079e+04 -2.677659107520000248e+02 -2.979768486109999870e+01 8.283908264890000339e+01
6.500000000000000222e-01 -5.484126778189999641e+03 6.020834411599999839e+03 -1.308233972569999969e+04 -2.674362977609999916e+02 -2.979668732049999846e+01 8.233390650890000018e+01
6.500000000000000222e-01 -5.328212165179999829e+03 6.218729444599999624e+03 -1.307049633100000028e+04 -2.675919695979999915e+02 -2.979548696819999876e+01 8.204529286179999303e+01
6.500000000000000222e-01 -5.405573211799999626e+03 6.005278582990000359e+03 -1.310099628870000015e+04 -2.676384754000000044e+02 -2.956295879580000019e+01 8.313661644760000513e+01
6.500000000000000222e-01 -5.548232789960000446e+03 6.094506596719999834e+03 -1.309029979260000073e+04 -2.673928242879999857e+02 -2.964114178319999837e+01 8.301975831660000438e+01
6.500000000000000222e-01 -5.501862981659999605e+03 6.190601869000000079e+03 -1.320532740949999970e+04 -2.679402685520000205e+02 -2.946204795099999885e+01 8.283725705019999452e+01
6.500000000000000222e-01 -5.420975392370000009e+03 6.008323507580000296e+03 -1.307946805599999971e+04 -2.677160592469999756e+02 -2.952543326420000014e+01 8.260211616370000343e+01
6.500000000000000222e-01 -5.402212805359999948e+03 6.229387797569999748e+03 -1.320452069189999929e+04 -2.676254136590000030e+02 -2.935001574400000024e+01 8.287293086399999709e+01
6.500000000000000222e-01 -5.502198512390000360e+03 6.242851120129999799e+03 -1.309203699450000022e+04 -2.676463070039999934e+02 -2.974606723360000160e+01 8.198598343439999780e+01
6.500000000000000222e-01 -5.499342017179999857e+03 6.167730730600000243e+03 -1.300481837740000083e+04 -2.678204570379999723e+02 -2.966932387530000170e+01 8.240148777090000465e+01
6.500000000000000222e-01 -5.535091324250000071e+03 6.126087590770000133e+03 -1.303892545290000089e+04 -2.676820925559999864e+02 -2.981678042880000135e+01 8.219668787599999860e+01
6.500000000000000222e-01 -5.487094866469999943e+03 6.075932906949999960e+03 -1.300951548349999939e+04 -2.672111435589999928e+02 -2.939137587189999934e+01 8.311690564959999961e+01
6.500000000000000222e-01 -5.379163935540000239e+03 6.195104027749999659e+03 -1.299967035910000050e+04 -2.673293786500000238e+02 -2.951392457500000077e+01 8.234854564569999980e+01
6.500000000000000222e-01 -5.431182633870000245e+03 6.269025828980000369e+03 -1.311645603230000052e+04 -2.676770681630000013e+02 -2.983513976789999944e+01 8.306901117479999641e+01
6.500000000000000222e-01 -5.547295828420000362e+03 6.142498299210000368e+03 -1.316084821720000036e+04 -2.673547213549999810e+02 -2.966408852560000042e+01 8.208799858320000453e+01
6.500000000000000222e-01 -5.417976908440000443e+03 6.208593104169999606e+03 -1.322260724880000089e+04 -2.675152560970000195e+02 -2.955266555969999942e+01 8.267182444659999874e+01
6.500000000000000222e-01 -5.354926728520000324e+03 6.205631809389999944e+03 -1.320144838089999939e+04 -2.674513118279999730e+02 -2.972119685430000047e+01 8.279256957869999667e+01
6.500000000000000222e-01 -5.489476143109999612e+03 6.061130029429999922e+03 -1.319845976859999973e+04 -2.676291518389999737e+02 -2.917510941800000168e+01 8.230281885879999493e+01
6.500000000000000222e-01 -5.318460426689999622e+03 6.056090873899999679e+03 -1.311996947270000055e+04 -2.677666918059999830e+02 -2.967673886920000115e+01 8.245281296609999799e+01
6.500000000000000222e-01 -5.373103400560000409e+03 6.231569215610000356e+03 -1.318898787160000029e+04 -2.675480130959999769e+02 -2.952865841659999901e+01 8.295027824269999428e+01
