3.450000000000000000e+05 2.797451054319999912e+03 -4.722089874430000236e+03 -7.214355779040000016e+03 -1.278080555500000060e+02 4.313773156079999893e+01 -1.906619129279999925e+01
6.500000000000000222e-01 2.708729574190000221e+03 -4.629414053469999999e+03 -6.946414386700000250e+03 -1.283330381510000109e+02 4.418122788010000335e+01 -1.761754193180000172e+01
6.500000000000000222e-01 2.627141909769999984e+03 -4.842303408529999615e+03 -7.395921758010000303e+03 -1.267647816449999993e+02 4.307058036139999757e+01 -1.847960772880000135e+01
6.500000000000000222e-01 2.984526170820000061e+03 -4.646009159899999759e+03 -7.029930373539999891e+03 -1.286859957309999913e+02 4.368180808849999863e+01 -2.041352484529999955e+01
6.500000000000000222e-01 2.783717051560000073e+03 -4.849425567070000398e+03 -7.484486054920000242e+03 -1.266152886090000038e+02 3.984552679010000276e+01 -1.951804262690000158e+01
6.500000000000000222e-01 2.909447290489999887e+03 -4.921620456839999861e+03 -7.382356480610000290e+03 -1.277570722340000060e+02 4.314497055340000031e+01 -2.033863150470000036e+01
6.500000000000000222e-01 2.889395902960000058e+03 -4.514225628240000333e+03 -7.357339844899999662e+03 -1.289477547980000054e+02 4.023095874239999858e+01 -2.052413666070000176e+01
6.500000000000000222e-01 2.584382743520000076e+03 -4.620976561710000169e+03 -7.347671249680000074e+03 -1.256068713519999989e+02 4.238742786000000251e+01 -1.920840242730000114e+01
6.500000000000000222e-01 2.956942767290000120e+03 -4.559873036349999893e+03 -7.357040530670000408e+03 -1.286481118730000048e+02 3.997072220780000151e+01 -2.040572565729999965e+01
6.500000000000000222e-01 2.576511638920000223e+03 -4.642088027419999889e+03 -7.024448427960000117e+03 -1.272912819980000023e+02 4.474669430939999870e+01 -1.654847538090000114e+01
6.500000000000000222e-01 2.538219441900000220e+03 -4.734148892309999610e+03 -7.111089945949999674e+03 -1.259167476530000016e+02 4.453962838220000009e+01 -1.558951072640000035e+01
6.500000000000000222e-01 2.626442325200000141e+03 -4.866037601959999847e+03 -7.376746322459999647e+03 -1.268709949649999942e+02 4.262216889809999998e+01 -1.791502204260000042e+01
6.500000000000000222e-01 2.862853343060000043e+03 -4.733205580840000039e+03 -6.945563252519999878e+03 -1.305251296479999894e+02 4.515858691919999757e+01 -1.882108955509999859e+01
6.500000000000000222e-01 2.737240850409999894e+03 -4.575755749769999966e+03 -7.446210329950000414e+03 -1.274646834349999978e+02 4.137140139430000119e+01 -1.889382526429999842e+01
6.500000000000000222e-01 2.669311088989999917e+03 -4.675406822099999772e+03 -7.449627075819999845e+03 -1.243348345600000044e+02 4.124254855720000279e+01 -1.996172869309999953e+01
6.500000000000000222e-01 2.935134689420000086e+03 -4.675869752089999565e+03 -6.984223088779999671e+03 -1.301589055359999918e+02 4.418886553840000175e+01 -1.919649651559999981e+01
6.500000000000000222e-01 2.687151223010000194e+03 -4.929941923250000400e+03 -7.367285639869999613e+03 -1.252766228219999931e+02 4.435921452160000200e+01 -2.218796552119999888e+01
6.500000000000000222e-01 2.583220914689999972e+03 -4.795058217200000399e+03 -7.359747279150000395e+03 -1.267522204670000008e+02 4.259461310620000063e+01 -1.708718902729999911e+01
6.500000000000000222e-01 2.795143312589999823e+03 -4.799383638600000268e+03 -6.952217585299999882e+03 -1.296077729710000028e+02 4.740349751259999778e+01 -1.846446069059999928e+01
6.500000000000000222e-01 2.699212255829999776e+03 -4.778468303880000349e+03 -6.950805480189999798e+03 -1.264272476299999965e+02 4.608255510560000090e+01 -1.744966638189999841e+01
6.500000000000000222e-01 2.850891308870000103e+03 -4.658464734780000072e+03 -7.482141674389999935e+03 -1.267090702210000046e+02 3.936480794660000271e+01 -1.971813471220000125e+01
6.500000000000000222e-01 2.598668348659999992e+03 -4.552095938219999880e+03 -7.311541826560000118e+03 -1.273516641370000002e+02 4.298490190620000106e+01 -1.637461124280000035e+01
6.500000000000000222e-01 2.654388943639999979e+03 -4.542923738430000412e+03 -7.359244704179999644e+03 -1.263080766899999929e+02 4.118885566499999840e+01 -1.943706673330000001e+01
6.500000000000000222e-01 2.900016261270000086e+03 -4.557644165570000041e+03 -7.007081542830000217e+03 -1.312060862579999991e+02 4.252354634980000014e+01 -1.660991435589999909e+01
6.500000000000000222e-01 3.011682669310000165e+03 -4.740109773969999878e+03 -7.058023818499999834e+03 -1.302603249910000045e+02 4.346614060190000117e+01 -1.941687719160000114e+01
6.500000000000000222e-01 3.006446113420000074e+03 -4.712057996800000183e+03 -7.050374842639999770e+03 -1.296304723519999982e+02 4.348806508220000211e+01 -2.024394184610000025e+01
6.500000000000000222e-01 2.777657340610000119e+03 -4.929042417859999659e+03 -7.038351800809999986e+03 -1.271520713360000059e+02 4.596534616720000344e+01 -1.833933135870000086e+01
6.500000000000000222e-01 2.669582501089999823e+03 -4.567089416329999949e+03 -7.406437559439999859e+03 -1.278411927370000001e+02 4.301267623510000249e+01 -1.706548052420000161e+01
6.500000000000000222e-01 2.612252901769999880e+03 -4.906830525289999969e+03 -7.278544763480000256e+03 -1.263755059350000067e+02 4.377696931239999856e+01 -1.753179446660000096e+01
6.500000000000000222e-01 2.689008018340000035e+03 -4.476964720040000429e+03 -7.302347689930000342e+03 -1.280289376890000028e+02 4.218748762450000100e+01 -1.751571482319999973e+01
6.500000000000000222e-01 2.663864538520000224e+03 -4.864310536809999576e+03 -7.018462854030000017e+03 -1.285450947630000087e+02 4.405459455300000116e+01 -2.040165582750000084e+01
6.500000000000000222e-01 2.975386179999999968e+03 -4.563712059090000366e+03 -7.087973948550000387e+03 -1.295451549160000013e+02 4.185751108219999850e+01 -1.856232486409999893e+01
6.500000000000000222e-01 2.563485131269999783e+03 -4.802348797390000072e+03 -7.086809283460000188e+03 -1.278462130399999950e+02 4.464729798599999810e+01 -2.017490226299999989e+01
6.500000000000000222e-01 2.529609677710000142e+03 -4.755027063960000305e+03 -7.206010297709999577e+03 -1.261306145730000026e+02 4.396087190349999929e+01 -1.581178314289999953e+01
6.500000000000000222e-01 2.856003686110000217e+03 -4.687645930149999913e+03 -7.495202352229999633e+03 -1.285310608480000099e+02 4.053171034460000044e+01 -2.017361268519999840e+01
6.500000000000000222e-01 2.683635714240000198e+03 -4.467951749949999794e+03 -7.155421438850000413e+03 -1.279334717830000017e+02 4.229212834860000214e+01 -1.490285139450000074e+01
6.500000000000000222e-01 2.786013691279999875e+03 -4.448920200960000329e+03 -7.249535194850000153e+03 -1.287605006279999884e+02 4.187009767520000025e+01 -1.734079074930000175e+01
6.500000000000000222e-01 2.839785536020000109e+03 -4.617103531499999917e+03 -7.458504721350000182e+03 -1.263058733520000061e+02 3.947190571299999817e+01 -1.921967420780000069e+01
6.500000000000000222e-01 2.863162396610000087e+03 -4.616627440080000270e+03 -6.955301776289999907e+03 -1.294448334690000024e+02 4.255731749529999774e+01 -1.777767769720000146e+01
6.500000000000000222e-01 2.663347011599999860e+03 -4.821065743889999794e+03 -6.991902047929999753e+03 -1.280388082199999928e+02 4.672189828430000347e+01 -1.829216832950000082e+01
6.500000000000000222e-01 2.863628110050000032e+03 -4.532578833139999915e+03 -7.005546609009999884e+03 -1.289261463750000019e+02 4.475801117169999799e+01 -1.921861790799999881e+01
9.810000000000000000e+05 8.277768335740000475e+04 -9.582949814439999159e+00 3.465208515369999805e+04 -1.165430957499999920e+01 2.648090127449999898e+01 -5.356132186309999810e+01
6.500000000000000222e-01 8.331990151900000637e+04 -1.426598595610000075e+03 3.658936036120000063e+04 -1.084031926299999959e+01 2.562041299299999864e+01 -5.394090532420000272e+01
6.500000000000000222e-01 8.435773785340000177e+04 1.292056382029999895e+03 3.330053927180000028e+04 -1.195818466379999911e+01 2.582624320920000116e+01 -5.441987958419999671e+01
6.500000000000000222e-01 8.347638258889999997e+04 -1.540017088679999915e+03 3.643814023230000021e+04 -1.189748377999999995e+01 2.740475983629999845e+01 -5.268785134160000183e+01
6.500000000000000222e-01 8.036113034040000639e+04 -1.725499795529999858e+02 3.424991752260000067e+04 -1.185472968560000062e+01 2.650392079170000059e+01 -5.344025464460000308e+01
6.500000000000000222e-01 8.447454566360000172e+04 1.583264702389999911e+03 3.387703105089999735e+04 -1.140822127450000067e+01 2.675660024649999968e+01 -5.228873102770000258e+01
6.500000000000000222e-01 8.168952983200000017e+04 2.185666686250000112e+03 3.473696877189999941e+04 -1.166824833329999933e+01 2.631580173500000086e+01 -5.399842336990000291e+01
6.500000000000000222e-01 8.226175767910000286e+04 5.866541453009999714e+02 3.697367224710000301e+04 -1.070644562530000066e+01 2.546273175789999854e+01 -5.325361703029999916e+01
6.500000000000000222e-01 8.275033885390000069e+04 2.442256234710000172e+03 3.463121455979999882e+04 -1.164641955519999961e+01 2.632327934050000096e+01 -5.397271299089999985e+01
6.500000000000000222e-01 8.257432275540000410e+04 8.814465791479999552e+02 3.237349254379999911e+04 -1.185398796289999979e+01 2.579383480039999910e+01 -5.385846962120000114e+01
6.500000000000000222e-01 8.169565475909999805e+04 -2.759824796759999899e+01 3.244966134089999832e+04 -1.161767503069999918e+01 2.649490026659999842e+01 -5.362609812179999835e+01
6.500000000000000222e-01 8.453580224239999370e+04 -1.150021034809999946e+03 3.338758688319999783e+04 -1.152074285239999973e+01 2.657031594380000072e+01 -5.274099553069999757e+01
6.500000000000000222e-01 8.219694927420000022e+04 2.932337088799999947e+01 3.703440103580000141e+04 -1.152300649120000031e+01 2.649425101920000003e+01 -5.366564445419999885e+01
6.500000000000000222e-01 8.180488518050000130e+04 -1.862521116820000088e+03 3.593654840400000103e+04 -1.109849036369999986e+01 2.612630050479999966e+01 -5.357167118120000282e+01
6.500000000000000222e-01 8.245939341279999644e+04 -2.352589881389999846e+03 3.398815495219999866e+04 -1.142154284100000083e+01 2.661148244509999827e+01 -5.440078525589999714e+01
6.500000000000000222e-01 8.114337483139999676e+04 -1.828840889920000109e+03 3.484659479270000156e+04 -1.163740182029999914e+01 2.661692289430000002e+01 -5.254517638779999800e+01
6.500000000000000222e-01 8.394302986249999958e+04 -1.974430432070000052e+03 3.378197249929999816e+04 -1.188622952799999943e+01 2.678831639090000039e+01 -5.299432629079999657e+01
6.500000000000000222e-01 8.511557608389999950e+04 6.009886020980000012e+02 3.508877676349999820e+04 -1.136117689169999956e+01 2.641831161520000038e+01 -5.403665906030000343e+01
6.500000000000000222e-01 8.521815808369999286e+04 2.455060551280000141e+02 3.471587011830000120e+04 -1.153579612200000071e+01 2.646826485820000130e+01 -5.325759705469999972e+01
6.500000000000000222e-01 8.164886035259999335e+04 -1.485298181350000050e+03 3.304783022029999847e+04 -1.112368358540000024e+01 2.634171676829999953e+01 -5.391070987900000233e+01
6.500000000000000222e-01 8.187869859189999988e+04 7.664524129449999919e+02 3.680142140839999774e+04 -1.130747483320000057e+01 2.622505194220000035e+01 -5.327379298030000143e+01
6.500000000000000222e-01 8.192058222599999863e+04 1.316139353759999949e+03 3.276896487670000351e+04 -1.252572533510000063e+01 2.740386100570000139e+01 -5.278356953709999999e+01
6.500000000000000222e-01 8.431958682149999368e+04 -1.505970072450000089e+03 3.345437112389999675e+04 -1.154537164479999944e+01 2.647925407809999854e+01 -5.405545762290000056e+01
6.500000000000000222e-01 8.377850172450000537e+04 -2.234526749000000109e+03 3.490038786580000306e+04 -1.155288156750000006e+01 2.650634223509999998e+01 -5.480329377830000226e+01
6.500000000000000222e-01 8.284394648070000403e+04 1.435535887850000108e+03 3.266707808099999966e+04 -1.207380069040000059e+01 2.761689946610000135e+01 -5.286702404990000304e+01
6.500000000000000222e-01 8.470147052509999776e+04 -1.398883228769999960e+03 3.529380351009999868e+04 -1.120816584419999984e+01 2.628457880399999880e+01 -5.416662659149999826e+01
6.500000000000000222e-01 8.150950150810000196e+04 1.755003219910000098e+03 3.577661894900000334e+04 -1.112820830939999972e+01 2.572935418349999992e+01 -5.273361762060000046e+01
6.500000000000000222e-01 8.432227076810000290e+04 -1.333186118540000052e+03 3.601343274979999842e+04 -1.146981800910000082e+01 2.656511357200000134e+01 -5.422238953779999804e+01
6.500000000000000222e-01 8.434496082279999973e+04 9.109567014609999660e+02 3.300681818580000254e+04 -1.122960716569999917e+01 2.698215349239999838e+01 -5.264529266929999807e+01
6.500000000000000222e-01 8.239279484370000137e+04 -3.096769205599999850e+02 3.224802640629999951e+04 -1.269210173369999950e+01 2.594916150959999968e+01 -5.327811454609999942e+01
6.500000000000000222e-01 8.258770932300000277e+04 -3.156391264100000171e+02 3.222599258199999895e+04 -1.227048539940000005e+01 2.604305143659999899e+01 -5.337038724819999658e+01
6.500000000000000222e-01 8.060985903000000690e+04 -6.916678985979999652e+02 3.557990487939999730e+04 -1.211096993590000004e+01 2.655116359739999865e+01 -5.440630804060000258e+01
6.500000000000000222e-01 8.312692649719999463e+04 2.190010332930000004e+03 3.569475729609999689e+04 -1.208666051790000040e+01 2.680197413990000044e+01 -5.348883414299999828e+01
6.500000000000000222e-01 8.180801940419999301e+04 1.887772629829999914e+03 3.584874725520000356e+04 -1.141266109190000044e+01 2.629991320239999908e+01 -5.432836976669999984e+01
6.500000000000000222e-01 8.413961267410000437e+04 -1.902090233260000105e+03 3.540557032299999992e+04 -1.145952223849999996e+01 2.641794883489999890e+01 -5.465720941789999898e+01
6.500000000000000222e-01 8.474908962529999553e+04 1.299690839209999922e+03 3.400185649120000016e+04 -1.142527437500000076e+01 2.620060919359999829e+01 -5.356404876180000230e+01
6.500000000000000222e-01 8.280491149919999589e+04 8.064592456100000391e+02 3.696643693119999807e+04 -1.175333205729999975e+01 2.765351266920000128e+01 -5.398123723329999990e+01
6.500000000000000222e-01 8.461743248669999593e+04 -1.489773479290000068e+03 3.530243724729999667e+04 -1.180363041180000039e+01 2.682591729780000023e+01 -5.314761150060000006e+01
6.500000000000000222e-01 8.034912239869999758e+04 -4.978104579010000208e+01 3.500507274229999894e+04 -1.196472940389999984e+01 2.648074812810000012e+01 -5.499230021270000179e+01
6.500000000000000222e-01 8.351169688600000518e+04 2.068397687740000038e+03 3.573957481980000011e+04 -1.200763235790000039e+01 2.694671959209999912e+01 -5.379316308189999774e+01
6.500000000000000222e-01 8.509518036909999500e+04 3.479002832410000110e+02 3.537656935260000319e+04 -1.172091172670000070e+01 2.648380672649999923e+01 -5.292634972260000126e+01
4.560000000000000000e+04 8.221696891710000273e+03 2.015897204659999943e+03 1.934615070220000052e+04 2.000357962799999996e+02 -6.220464127249999819e+01 1.901413935960000003e+02
6.500000000000000222e-01 8.288396688349999749e+03 1.992341063589999976e+03 1.954164869879999969e+04 1.993337905490000139e+02 -6.169636066160000354e+01 1.907906982780000078e+02
6.500000000000000222e-01 8.173880981289999909e+03 2.063285959650000223e+03 1.914853804859999946e+04 1.992296575009999913e+02 -6.170306047529999915e+01 1.900882975799999883e+02
6.500000000000000222e-01 8.173386540509999577e+03 2.040806451030000062e+03 1.954565365920000113e+04 2.011953060890000131e+02 -6.260073408979999954e+01 1.906671457150000037e+02
6.500000000000000222e-01 8.324654796520000673e+03 1.877147708199999897e+03 1.924918708039999910e+04 1.993362660600000140e+02 -6.148555273539999888e+01 1.894218154430000141e+02
6.500000000000000222e-01 8.329679531100000531e+03 1.866844762239999909e+03 1.927843946510000023e+04 1.995954570860000103e+02 -6.179961144949999863e+01 1.905529681579999988e+02
6.500000000000000222e-01 8.123924521590000040e+03 1.982974612980000074e+03 1.952331225389999963e+04 1.999989588580000088e+02 -6.202460079960000172e+01 1.900735350390000065e+02
6.500000000000000222e-01 8.123691227309999704e+03 1.966248919970000088e+03 1.916959857669999838e+04 2.006883995860000027e+02 -6.207524364150000196e+01 1.893533157459999927e+02
6.500000000000000222e-01 8.347379705330000434e+03 2.007342655980000018e+03 1.918595309949999864e+04 1.989189440060000038e+02 -6.219811223239999975e+01 1.894340444519999949e+02
6.500000000000000222e-01 8.346427028980000614e+03 1.896772492300000067e+03 1.944182902359999935e+04 1.997354920029999903e+02 -6.171320894360000153e+01 1.900623263010000130e+02
6.500000000000000222e-01 8.159963116189999710e+03 1.836689367380000022e+03 1.928166705179999917e+04 1.998260587260000136e+02 -6.153319727219999891e+01 1.896593948469999873e+02
6.500000000000000222e-01 8.271956105310000567e+03 1.882327528679999887e+03 1.948404254130000118e+04 1.995872922929999902e+02 -6.112377381070000126e+01 1.908062680829999920e+02
6.500000000000000222e-01 8.394196845660000690e+03 1.911738834020000013e+03 1.933462107729999843e+04 1.997208964980000019e+02 -6.196526700729999959e+01 1.893110224760000051e+02
6.500000000000000222e-01 8.275420316260000618e+03 1.836307906589999902e+03 1.940313365049999993e+04 1.997433880229999943e+02 -6.160252465429999802e+01 1.899127449270000056e+02
6.500000000000000222e-01 8.267892628679999689e+03 1.882311726319999934e+03 1.950216819689999829e+04 2.006248549869999920e+02 -6.262955523029999938e+01 1.899989426790000095e+02
6.500000000000000222e-01 8.142666782930000409e+03 2.091510126640000180e+03 1.916799146109999856e+04 2.003435310200000004e+02 -6.281298488609999708e+01 1.893736349790000020e+02
6.500000000000000222e-01 8.416398890169999504e+03 2.060858130059999894e+03 1.931730240050000066e+04 1.995967205679999950e+02 -6.228924947990000049e+01 1.894249259020000125e+02
6.500000000000000222e-01 8.177474431310000000e+03 2.206161137829999916e+03 1.940139256780000142e+04 2.002084175459999926e+02 -6.273672928450000086e+01 1.911851428340000041e+02
6.500000000000000222e-01 8.378364979329999187e+03 2.055731250650000220e+03 1.947336022109999976e+04 2.002186736749999909e+02 -6.201766887830000030e+01 1.900119397509999999e+02
6.500000000000000222e-01 8.363088053850000506e+03 2.159446614869999848e+03 1.935984890029999951e+04 1.998436187910000115e+02 -6.251833181319999966e+01 1.905108850599999926e+02
6.500000000000000222e-01 8.261381050059999325e+03 2.205191535710000153e+03 1.941327332100000058e+04 1.998992702580000014e+02 -6.265965614139999929e+01 1.911669109560000095e+02
6.500000000000000222e-01 8.413675593800000570e+03 2.080537388369999917e+03 1.934459531219999917e+04 1.997674951120000060e+02 -6.229356159459999986e+01 1.894576422970000067e+02
6.500000000000000222e-01 8.109914208410000356e+03 1.886594268670000019e+03 1.945366087680000055e+04 2.005764780830000120e+02 -6.151203517820000144e+01 1.909297808190000012e+02
6.500000000000000222e-01 8.032275456190000114e+03 1.995259430479999992e+03 1.927511247670000012e+04 2.002346988010000075e+02 -6.226856725470000242e+01 1.900846447909999881e+02
6.500000000000000222e-01 8.196455962969999746e+03 2.214476497390000077e+03 1.933695480619999944e+04 2.001383807709999871e+02 -6.259585886219999651e+01 1.910458849629999918e+02
6.500000000000000222e-01 8.291835264209999877e+03 2.026935178570000062e+03 1.954255922179999834e+04 1.997104659830000060e+02 -6.224634058139999837e+01 1.906508235640000066e+02
6.500000000000000222e-01 8.151955505609999818e+03 1.830434466469999961e+03 1.931466756929999974e+04 1.999186399269999868e+02 -6.175980731370000143e+01 1.903785587289999910e+02
6.500000000000000222e-01 8.311168796699999803e+03 2.155466318379999848e+03 1.922970846030000030e+04 1.993983177910000109e+02 -6.282918132190000193e+01 1.893849611500000094e+02
6.500000000000000222e-01 8.184772240199999942e+03 1.824301121210000019e+03 1.940821780070000023e+04 2.004230275859999892e+02 -6.211793410949999839e+01 1.899121744269999965e+02
6.500000000000000222e-01 8.399650338890000057e+03 1.965656907589999946e+03 1.943197961529999884e+04 2.002008086790000050e+02 -6.211079379520000288e+01 1.896167068780000022e+02
6.500000000000000222e-01 8.067438406840000425e+03 1.889113916100000097e+03 1.931072742830000061e+04 2.001573061930000108e+02 -6.187026701330000122e+01 1.898772502669999938e+02
6.500000000000000222e-01 8.121332631279999987e+03 2.145316962060000151e+03 1.946785717149999982e+04 2.006536818319999895e+02 -6.281362623129999889e+01 1.910602947790000030e+02
6.500000000000000222e-01 8.295340637159999460e+03 2.080235756290000154e+03 1.916569935139999870e+04 2.004133568830000058e+02 -6.190394683089999717e+01 1.904244896870000048e+02
6.500000000000000222e-01 8.340692222960000436e+03 1.865352949370000033e+03 1.941539478199999940e+04 2.001793191920000083e+02 -6.219098301409999863e+01 1.894165616329999864e+02
6.500000000000000222e-01 8.386272618790000706e+03 2.131893591789999846e+03 1.932772939839999890e+04 1.997321205590000091e+02 -6.244140028519999674e+01 1.894133063490000097e+02
6.500000000000000222e-01 8.314733728220000557e+03 2.189610003960000085e+03 1.930662897779999912e+04 1.998771569950000071e+02 -6.274112219439999905e+01 1.895195966059999932e+02
6.500000000000000222e-01 8.081448143890000210e+03 1.889333580490000031e+03 1.941633909409999978e+04 2.005861264590000133e+02 -6.180107623460000354e+01 1.908965900530000113e+02
6.500000000000000222e-01 8.081763099720000355e+03 2.156902008690000002e+03 1.938074320309999894e+04 2.001919118819999994e+02 -6.233322202250000288e+01 1.891611618709999902e+02
6.500000000000000222e-01 8.342485884580000857e+03 1.865590723210000078e+03 1.942124072030000025e+04 1.999720859660000087e+02 -6.190384580380000301e+01 1.907741616680000050e+02
6.500000000000000222e-01 8.392330392609999762e+03 2.097452260619999834e+03 1.942416526080000040e+04 1.995473262079999870e+02 -6.241818727030000247e+01 1.913837090279999984e+02
6.500000000000000222e-01 8.128003987400000369e+03 1.962439642569999933e+03 1.952045732209999915e+04 1.996322793919999867e+02 -6.232213870289999846e+01 1.898197989340000049e+02
1.390000000000000000e+04 -1.161863027999999940e+04 3.849153670270000021e+03 9.866373929530000169e+03 -2.276844799509999859e+02 1.992360441669999886e+02 -3.432399843869999927e+02
6.500000000000000222e-01 -1.172581414860000041e+04 3.938556586629999856e+03 9.899311531560000731e+03 -2.278575686279999957e+02 1.992041479240000115e+02 -3.435180663119999735e+02
6.500000000000000222e-01 -1.169109229950000008e+04 3.828110716560000128e+03 9.990864708819999578e+03 -2.282587663749999933e+02 1.992085426490000089e+02 -3.432320482150000203e+02
6.500000000000000222e-01 -1.154235896900000080e+04 3.829127413230000002e+03 9.984016758460000347e+03 -2.281396113799999910e+02 1.992913563019999970e+02 -3.432260316719999764e+02
6.500000000000000222e-01 -1.153087779299999966e+04 3.887665026489999946e+03 9.756636299219999273e+03 -2.270451178369999923e+02 1.992433526410000013e+02 -3.431107417599999962e+02
6.500000000000000222e-01 -1.151499778639999931e+04 3.920593321800000012e+03 9.927070152939999389e+03 -2.281996055289999958e+02 1.989595773259999874e+02 -3.428722912229999906e+02
6.500000000000000222e-01 -1.166119851209999979e+04 3.935009768100000201e+03 9.975306605989999298e+03 -2.277735863860000052e+02 1.987091988779999951e+02 -3.425606892760000051e+02
6.500000000000000222e-01 -1.156848482180000065e+04 3.732820898699999816e+03 9.809769732189999559e+03 -2.276305700599999966e+02 1.994746674639999924e+02 -3.430306638349999844e+02
6.500000000000000222e-01 -1.166515235369999937e+04 3.725836189029999787e+03 9.912113768639999762e+03 -2.277494284349999987e+02 1.998381854390000001e+02 -3.427184976909999818e+02
6.500000000000000222e-01 -1.162526756949999981e+04 3.732148137549999774e+03 9.951923446920000060e+03 -2.275346569470000020e+02 1.992087286979999874e+02 -3.433192060779999792e+02
6.500000000000000222e-01 -1.156314066950000051e+04 3.951770190740000089e+03 9.941489225639999859e+03 -2.277756423300000108e+02 1.986253989530000013e+02 -3.430686764509999875e+02
6.500000000000000222e-01 -1.148072243239999989e+04 3.840724959589999798e+03 9.830495351269999446e+03 -2.278481719449999900e+02 1.991959146380000050e+02 -3.440353517120000220e+02
6.500000000000000222e-01 -1.159341137569999955e+04 3.713730947479999941e+03 9.829533462909999798e+03 -2.274489506950000077e+02 1.993071521859999962e+02 -3.428375604220000241e+02
6.500000000000000222e-01 -1.152868496109999978e+04 3.740275282890000199e+03 9.843865519749999294e+03 -2.276193233690000000e+02 1.994162162510000087e+02 -3.435180158229999847e+02
6.500000000000000222e-01 -1.161039487030000055e+04 3.753271239149999928e+03 9.757247814950000247e+03 -2.271971835360000114e+02 1.988269498900000087e+02 -3.430564340629999833e+02
6.500000000000000222e-01 -1.173039056560000063e+04 3.845917391290000069e+03 9.958910996829999931e+03 -2.279513324840000053e+02 1.993202158420000103e+02 -3.431294112639999980e+02
6.500000000000000222e-01 -1.150688148980000005e+04 3.764295787760000167e+03 9.843255953940000836e+03 -2.276038959189999957e+02 1.993287043990000029e+02 -3.429374583370000096e+02
6.500000000000000222e-01 -1.155486974139999984e+04 3.808545880510000188e+03 9.744182460710000669e+03 -2.277954012030000115e+02 1.995456227379999916e+02 -3.436572937099999763e+02
6.500000000000000222e-01 -1.155456597789999978e+04 3.828501387539999996e+03 9.990661507759999949e+03 -2.275790037859999870e+02 1.992024408279999932e+02 -3.435568038160000128e+02
6.500000000000000222e-01 -1.171374124330000086e+04 3.748040425199999845e+03 9.849948253270000350e+03 -2.275371723650000035e+02 1.996050849060000019e+02 -3.432479042809999896e+02
6.500000000000000222e-01 -1.167942681430000084e+04 3.961511725580000075e+03 9.917892581939999218e+03 -2.275933256609999944e+02 1.987883706899999936e+02 -3.429931958989999998e+02
6.500000000000000222e-01 -1.158890287159999934e+04 3.741942911189999904e+03 9.956968455969999923e+03 -2.278010721439999884e+02 1.997084591880000062e+02 -3.428615406220000068e+02
6.500000000000000222e-01 -1.167224680049999915e+04 3.850862403030000223e+03 9.734799484420000226e+03 -2.267695891909999943e+02 1.991712508800000023e+02 -3.434707848360000071e+02
6.500000000000000222e-01 -1.171065034569999989e+04 3.884892552180000166e+03 9.975677066000000195e+03 -2.282294458249999991e+02 1.994346873620000054e+02 -3.431816416240000081e+02
6.500000000000000222e-01 -1.154688639440000043e+04 3.918476829289999841e+03 9.762738717579999502e+03 -2.277418114790000061e+02 1.992054395460000080e+02 -3.434158227739999916e+02
6.500000000000000222e-01 -1.168681537510000089e+04 3.788541515760000038e+03 9.758417860440000368e+03 -2.277605368529999907e+02 1.991737639270000102e+02 -3.428526028900000142e+02
6.500000000000000222e-01 -1.163527535039999930e+04 3.771241152070000226e+03 9.745901015220000772e+03 -2.271714193859999966e+02 1.989076396460000069e+02 -3.431685562430000118e+02
6.500000000000000222e-01 -1.164197193660000084e+04 3.769983690279999792e+03 9.751220227480000176e+03 -2.276215200880000111e+02 1.990936604130000092e+02 -3.430031085609999764e+02
6.500000000000000222e-01 -1.148377655290000075e+04 3.837732194319999962e+03 9.819681984090000697e+03 -2.278555021550000106e+02 1.992096002190000092e+02 -3.440260278449999873e+02
6.500000000000000222e-01 -1.160105213750000075e+04 3.801692806309999924e+03 9.999994638019999911e+03 -2.282378770320000001e+02 1.999902685650000080e+02 -3.429362734250000244e+02
6.500000000000000222e-01 -1.161614804019999974e+04 3.712731772739999997e+03 9.839917011769999590e+03 -2.276362941159999878e+02 1.995345659310000030e+02 -3.427943492780000270e+02
6.500000000000000222e-01 -1.159396501449999960e+04 3.710703637000000072e+03 9.872091302490000089e+03 -2.276375369470000010e+02 1.995094318380000118e+02 -3.439277523439999982e+02
6.500000000000000222e-01 -1.155002036299999963e+04 3.805003323930000079e+03 9.745322805260000678e+03 -2.278956528399999968e+02 1.995627814110000031e+02 -3.439202508349999903e+02
6.500000000000000222e-01 -1.147724939009999980e+04 3.858790076960000079e+03 9.865463875350000308e+03 -2.277989856719999864e+02 1.991517141330000129e+02 -3.429691546550000112e+02
6.500000000000000222e-01 -1.155675712360000034e+04 3.909277591059999850e+03 9.750516593340000327e+03 -2.279032770009999922e+02 1.989597529039999984e+02 -3.436850067359999912e+02
6.500000000000000222e-01 -1.162274073839999983e+04 3.713922619729999951e+03 9.901186589290000484e+03 -2.277196468230000050e+02 1.997577327639999965e+02 -3.426605104239999946e+02
6.500000000000000222e-01 -1.171259118259999923e+04 3.943133077760000106e+03 9.813753896070000337e+03 -2.277518420810000066e+02 1.992587065339999981e+02 -3.426167209409999828e+02
6.500000000000000222e-01 -1.161458304809999936e+04 3.891270320030000221e+03 1.000439907479999965e+04 -2.281424592820000044e+02 1.986037848519999898e+02 -3.428952003320000017e+02
6.500000000000000222e-01 -1.155115668790000018e+04 3.835886539579999862e+03 9.736967460289999508e+03 -2.269591288889999987e+02 1.990612963030000060e+02 -3.432834654530000194e+02
6.500000000000000222e-01 -1.163443583500000022e+04 3.847208808339999905e+03 1.001072813639999913e+04 -2.274243644819999872e+02 1.994140660859999912e+02 -3.430008318490000079e+02
6.500000000000000222e-01 -1.167739937590000045e+04 3.830330349700000170e+03 9.998742577639999581e+03 -2.285091091029999859e+02 1.991823992790000091e+02 -3.432531406630000106e+02
1.190000000000000000e+04 -7.583200631990000147e+03 5.862929405529999713e+03 -1.236599666699999943e+04 -2.597615664929999753e+02 -3.700988927590000088e+01 9.925363648799999794e+01
6.500000000000000222e-01 -7.666633296060000248e+03 5.771265203099999781e+03 -1.232235316600000078e+04 -2.595348304070000154e+02 -3.705110592079999776e+01 9.880521930320000479e+01
6.500000000000000222e-01 -7.671526071559999764e+03 5.772172426260000066e+03 -1.233378071590000036e+04 -2.594191455389999987e+02 -3.668476039930000354e+01 9.981500067090000528e+01
6.500000000000000222e-01 -7.467533586180000384e+03 5.898089484690000063e+03 -1.241494132829999944e+04 -2.599233287640000185e+02 -3.697037153179999791e+01 9.982619269389999772e+01
6.500000000000000222e-01 -7.482863669690000279e+03 5.779778014690000418e+03 -1.238338621029999922e+04 -2.599859441039999979e+02 -3.685746122279999781e+01 9.909900529120000101e+01
6.500000000000000222e-01 -7.599862552739999956e+03 5.957495178289999785e+03 -1.246073816260000058e+04 -2.597918032599999947e+02 -3.749220841019999995e+01 9.845850113989999386e+01
6.500000000000000222e-01 -7.660858824879999702e+03 5.965082331610000438e+03 -1.233644943070000045e+04 -2.595803995109999960e+02 -3.727012218499999818e+01 9.950963142729999333e+01
6.500000000000000222e-01 -7.548582851219999611e+03 5.855460840529999587e+03 -1.223479908040000009e+04 -2.594632064099999980e+02 -3.727242839489999682e+01 9.944365882820000024e+01
6.500000000000000222e-01 -7.701944816619999983e+03 5.836018984440000168e+03 -1.241448865970000043e+04 -2.595747881749999806e+02 -3.684240188980000141e+01 9.927623494530000414e+01
6.500000000000000222e-01 -7.621992623699999967e+03 5.767611778899999990e+03 -1.244921225699999923e+04 -2.597300843389999727e+02 -3.708938934950000288e+01 9.963602028089999862e+01
6.500000000000000222e-01 -7.559582805709999775e+03 5.811909371110000393e+03 -1.224384551269999974e+04 -2.597753050750000057e+02 -3.699579352540000343e+01 9.950800854800000650e+01
6.500000000000000222e-01 -7.681084030869999879e+03 5.777817332460000216e+03 -1.237784793239999999e+04 -2.595316434989999834e+02 -3.680486777149999966e+01 9.979083568480000110e+01
6.500000000000000222e-01 -7.542232789749999938e+03 5.817363773600000059e+03 -1.248326637479999954e+04 -2.596699650200000065e+02 -3.710336685949999946e+01 9.949079105840000636e+01
6.500000000000000222e-01 -7.650295328289999816e+03 5.928613085500000125e+03 -1.227542208050000045e+04 -2.592072090720000119e+02 -3.756592944740000206e+01 9.960787160220000658e+01
6.500000000000000222e-01 -7.508724665749999986e+03 5.968682234689999859e+03 -1.234947296900000038e+04 -2.600006653059999735e+02 -3.720592484219999818e+01 9.875390534860000002e+01
6.500000000000000222e-01 -7.493370157940000354e+03 5.844531845499999690e+03 -1.226771728950000033e+04 -2.600977875440000275e+02 -3.711675087030000242e+01 9.979553979460000335e+01
6.500000000000000222e-01 -7.709030642120000266e+03 5.888787994719999915e+03 -1.239263843699999961e+04 -2.594730231529999855e+02 -3.695996234889999954e+01 9.888620647439999800e+01
6.500000000000000222e-01 -7.499659834310000406e+03 5.889002169989999857e+03 -1.226389550330000020e+04 -2.598969473779999930e+02 -3.747839817860000267e+01 9.962558498139999585e+01
6.500000000000000222e-01 -7.556222375330000432e+03 5.860492148409999572e+03 -1.223259844770000018e+04 -2.590239802280000276e+02 -3.727268807770000336e+01 9.939899337880000019e+01
6.500000000000000222e-01 -7.578625283780000245e+03 5.810774491529999978e+03 -1.224161671720000049e+04 -2.597871381720000272e+02 -3.659003367630000270e+01 9.969462843210000358e+01
6.500000000000000222e-01 -7.581058534839999993e+03 5.993288430229999904e+03 -1.237400552810000045e+04 -2.598267261080000026e+02 -3.728852101409999875e+01 9.942209290659999965e+01
6.500000000000000222e-01 -7.460181981319999977e+03 5.824831087589999697e+03 -1.233367387199999939e+04 -2.599752343050000150e+02 -3.709503598109999700e+01 9.963727083909999749e+01
6.500000000000000222e-01 -7.641140144760000112e+03 5.747513931010000306e+03 -1.233960132130000056e+04 -2.594393291040000236e+02 -3.694059705560000140e+01 9.903276337670000373e+01
6.500000000000000222e-01 -7.487408572420000382e+03 5.944307656269999825e+03 -1.233023089609999988e+04 -2.598130241490000003e+02 -3.721361817900000091e+01 9.872507442570000080e+01
6.500000000000000222e-01 -7.564602874469999733e+03 5.733877051219999885e+03 -1.235140861640000003e+04 -2.597256015219999767e+02 -3.670775768240000048e+01 9.990756597109999859e+01
6.500000000000000222e-01 -7.704753074790000028e+03 5.822256210679999640e+03 -1.234243058829999973e+04 -2.593658547250000197e+02 -3.683485795859999712e+01 9.960072785980000276e+01
6.500000000000000222e-01 -7.663586110539999936e+03 5.919725846710000042e+03 -1.245936394160000054e+04 -2.600936137599999824e+02 -3.668065086539999697e+01 9.932385453269999687e+01
6.500000000000000222e-01 -7.580509429669999918e+03 5.737173496229999728e+03 -1.233427365160000045e+04 -2.597719457349999743e+02 -3.668260975949999647e+01 9.936633352820000198e+01
6.500000000000000222e-01 -7.561827303600000050e+03 5.959117198439999811e+03 -1.245805710820000058e+04 -2.598892645020000032e+02 -3.664670471109999994e+01 9.941491309430000456e+01
6.500000000000000222e-01 -7.661218311159999757e+03 5.969064996379999684e+03 -1.235297254059999977e+04 -2.597247383249999757e+02 -3.710522033899999883e+01 9.848566835469999603e+01
6.500000000000000222e-01 -7.659381753100000424e+03 5.894586537850000241e+03 -1.226190823549999914e+04 -2.597948188870000195e+02 -3.702374984219999732e+01 9.900562437259999626e+01
6.500000000000000222e-01 -7.693906546219999655e+03 5.852085247549999622e+03 -1.229774717520000013e+04 -2.596363514540000210e+02 -3.708565181219999829e+01 9.878656467070000247e+01
6.500000000000000222e-01 -7.642079672210000354e+03 5.805438724450000336e+03 -1.226040206690000014e+04 -2.591664842779999844e+02 -3.665543876539999957e+01 9.980656899420000627e+01
6.500000000000000222e-01 -7.535719549989999905e+03 5.922913270920000286e+03 -1.225685908609999933e+04 -2.594294260849999887e+02 -3.694843665319999815e+01 9.903950185889999602e+01
6.500000000000000222e-01 -7.590858052120000139e+03 5.994369219000000157e+03 -1.236842525209999985e+04 -2.598507459109999900e+02 -3.723158283560000115e+01 9.959895865289999506e+01
6.500000000000000222e-01 -7.703832184390000293e+03 5.870096005430000332e+03 -1.242091073660000075e+04 -2.594124649180000119e+02 -3.684950976929999911e+01 9.859673009150000667e+01
6.500000000000000222e-01 -7.576657233629999610e+03 5.936836758989999907e+03 -1.247780808719999914e+04 -2.597723800649999930e+02 -3.680683647450000251e+01 9.920913409240000647e+01
6.500000000000000222e-01 -7.513271337680000215e+03 5.932348175520000041e+03 -1.245539357279999967e+04 -2.597503978959999813e+02 -3.701228341040000203e+01 9.939718057359999648e+01
6.500000000000000222e-01 -7.648501982920000046e+03 5.793106687399999828e+03 -1.245638670649999949e+04 -2.597436195120000093e+02 -3.627008553820000003e+01 9.890528661999999827e+01
6.500000000000000222e-01 -7.479052213109999684e+03 5.783483177989999604e+03 -1.237589625030000025e+04 -2.599774133700000220e+02 -3.688976431559999725e+01 9.924772741859999314e+01
6.500000000000000222e-01 -7.532157389990000411e+03 5.959733639619999849e+03 -1.244176485209999919e+04 -2.598276932339999803e+02 -3.685078721819999714e+01 9.952411837329999855e+01
