3.450000000000000000e+05 4.797476319409999633e+03 -5.160092578939999839e+03 -6.355300483400000303e+03 -1.001379105660000022e+02 7.061100735720000188e+00 -7.822185022189999870e+01
6.500000000000000222e-01 4.710624119719999726e+03 -5.072734183229999871e+03 -6.098190199239999856e+03 -9.971267155419999995e+01 6.640927080800000049e+00 -7.829845460190000495e+01
6.500000000000000222e-01 4.628332749150000382e+03 -5.280350146619999578e+03 -6.551091676629999711e+03 -1.013318750469999969e+02 7.102434995400000339e+00 -7.729903579739999486e+01
6.500000000000000222e-01 4.979681972940000378e+03 -5.090639650289999736e+03 -6.147016347669999959e+03 -9.870778065140000024e+01 7.306469493039999819e+00 -7.948579298939999660e+01
6.500000000000000222e-01 4.776166439939999691e+03 -5.239432276859999547e+03 -6.628514362029999575e+03 -1.005320439529999987e+02 4.841766183239999854e+00 -7.760158272050000505e+01
6.500000000000000222e-01 4.912725016379999943e+03 -5.362630621639999845e+03 -6.519046421590000136e+03 -1.006870977500000066e+02 7.422773758850000014e+00 -7.750067517179999754e+01
6.500000000000000222e-01 4.903892142820000117e+03 -4.920601537169999574e+03 -6.468042432780000127e+03 -1.006345257840000045e+02 6.309454371870000244e+00 -8.027557058690000247e+01
6.500000000000000222e-01 4.561824872959999993e+03 -5.052634442159999708e+03 -6.475208353639999586e+03 -9.966562390379999670e+01 6.981158300689999763e+00 -7.975141657070000178e+01
6.500000000000000222e-01 4.963535818909999762e+03 -4.961217425460000413e+03 -6.474598360619999767e+03 -1.000745842879999969e+02 6.017941978309999662e+00 -7.960346897930000409e+01
6.500000000000000222e-01 4.572075791070000378e+03 -5.096135454709999976e+03 -6.192281604990000233e+03 -1.000245241270000065e+02 7.271553111380000267e+00 -7.758810085189999484e+01
6.500000000000000222e-01 4.518453018399999564e+03 -5.185110637980000320e+03 -6.301468943199999558e+03 -9.968883253670000499e+01 7.128142684980000254e+00 -7.603429129299999545e+01
6.500000000000000222e-01 4.629373422339999706e+03 -5.294601302619999842e+03 -6.542483757799999694e+03 -1.014282694049999947e+02 6.482083833839999976e+00 -7.664887784069999555e+01
6.500000000000000222e-01 4.895603662839999743e+03 -5.192654606799999783e+03 -6.089483330029999706e+03 -1.011421376440000017e+02 7.568569551809999574e+00 -7.794045142299999895e+01
6.500000000000000222e-01 4.740142030599999998e+03 -5.000474285950000194e+03 -6.585120967220000239e+03 -1.008016168799999974e+02 7.253277273140000148e+00 -7.873639942900000221e+01
6.500000000000000222e-01 4.624601172640000186e+03 -5.091843684319999738e+03 -6.571701035799999772e+03 -9.847021040319999940e+01 6.387866554890000437e+00 -7.968184062260000644e+01
6.500000000000000222e-01 4.957421833870000228e+03 -5.124834563610000259e+03 -6.121800675579999734e+03 -1.003309488480000056e+02 7.330338033430000344e+00 -7.830974913350000577e+01
6.500000000000000222e-01 4.659708500869999625e+03 -5.385112918990000253e+03 -6.463802538429999913e+03 -9.954781220370000483e+01 7.726560771009999939e+00 -8.033733206760000201e+01
6.500000000000000222e-01 4.584827962940000361e+03 -5.224404334109999581e+03 -6.534219101159999809e+03 -1.013622334970000054e+02 6.590912778019999863e+00 -7.646602035520000129e+01
6.500000000000000222e-01 4.818438803949999965e+03 -5.293322204629999760e+03 -6.104109616370000367e+03 -1.009946724360000019e+02 9.261502067800000404e+00 -7.738520396180000205e+01
6.500000000000000222e-01 4.673260373469999649e+03 -5.248114824819999740e+03 -6.114065251570000328e+03 -9.849866990300000680e+01 7.756326912879999647e+00 -7.717274505490000536e+01
6.500000000000000222e-01 4.837162642780000169e+03 -5.049131317379999928e+03 -6.614992820839999695e+03 -9.970563166649999687e+01 5.384483874379999868e+00 -7.864822630019999394e+01
6.500000000000000222e-01 4.602894346469999618e+03 -4.996334251229999609e+03 -6.485254469090000384e+03 -1.010097600229999983e+02 7.881419967950000327e+00 -7.720414267760000371e+01
6.500000000000000222e-01 4.638295627819999936e+03 -4.959506537969999954e+03 -6.481282552630000282e+03 -9.970255993450000176e+01 6.460834800129999778e+00 -8.014331259879999436e+01
6.500000000000000222e-01 4.940719766700000037e+03 -4.984426140739999937e+03 -6.182051606400000310e+03 -1.013675918910000036e+02 6.482832645670000282e+00 -7.659056083759999467e+01
6.500000000000000222e-01 5.035774531789999855e+03 -5.179809360960000049e+03 -6.199670632690000275e+03 -1.005044926289999978e+02 7.015199629599999653e+00 -7.765464620250000394e+01
6.500000000000000222e-01 5.018874886739999965e+03 -5.152425510910000412e+03 -6.175561027650000142e+03 -9.977606796489999397e+01 7.042551038540000086e+00 -7.872675953659999948e+01
6.500000000000000222e-01 4.766269618049999735e+03 -5.397315223599999626e+03 -6.199661579360000360e+03 -9.952447967969999354e+01 7.754672894569999642e+00 -7.654244619979999698e+01
6.500000000000000222e-01 4.681740049160000126e+03 -5.017490939649999746e+03 -6.573974855829999797e+03 -1.014815711739999955e+02 8.565334927660000375e+00 -7.723358493889999465e+01
6.500000000000000222e-01 4.605278459940000175e+03 -5.348032989579999594e+03 -6.450776770710000164e+03 -1.007809971989999980e+02 6.788486983930000385e+00 -7.624891495219999626e+01
6.500000000000000222e-01 4.697225096809999741e+03 -4.911908191579999766e+03 -6.455168452900000375e+03 -1.007819214430000017e+02 7.613714310319999790e+00 -7.844003355969999802e+01
6.500000000000000222e-01 4.679809101969999574e+03 -5.298109040340000320e+03 -6.135097613210000418e+03 -1.011222675660000050e+02 5.658569517570000151e+00 -7.964406634760000259e+01
6.500000000000000222e-01 4.986287624339999638e+03 -4.984271538560000408e+03 -6.233560712370000147e+03 -9.965165825159999713e+01 6.393519605899999902e+00 -7.808081961819999606e+01
6.500000000000000222e-01 4.574703565140000137e+03 -5.250366147110000384e+03 -6.201668039580000368e+03 -1.012488694829999929e+02 6.643954667310000062e+00 -8.011462834329999794e+01
6.500000000000000222e-01 4.517928856430000451e+03 -5.200286128110000391e+03 -6.395498634069999753e+03 -1.004158670319999942e+02 7.049023083069999807e+00 -7.595827381969999692e+01
6.500000000000000222e-01 4.874284017470000435e+03 -5.097942243839999719e+03 -6.622914224309999554e+03 -1.015573578390000051e+02 6.477587364589999730e+00 -7.875089305429999342e+01
6.500000000000000222e-01 4.685269035020000047e+03 -4.897890369710000414e+03 -6.349423374420000073e+03 -1.001169387319999942e+02 6.988239080479999643e+00 -7.625243594629999677e+01
6.500000000000000222e-01 4.798514396020000277e+03 -4.879236512049999874e+03 -6.406380710669999644e+03 -1.005607291019999963e+02 7.430365519399999563e+00 -7.809815948390000528e+01
6.500000000000000222e-01 4.818152726090000215e+03 -5.010112362779999785e+03 -6.596806674569999814e+03 -9.919359748089999584e+01 5.538531437679999669e+00 -7.850698241599999960e+01
6.500000000000000222e-01 4.874887422390000211e+03 -5.037040177570000196e+03 -6.109917969129999619e+03 -9.977847234780000463e+01 5.689977986929999787e+00 -7.779193248640000036e+01
6.500000000000000222e-01 4.669548180439999669e+03 -5.301424584780000259e+03 -6.143103850909999892e+03 -1.005580769710000055e+02 8.342143490710000719e+00 -7.771696328710000046e+01
6.500000000000000222e-01 4.866498104960000092e+03 -4.996563821859999734e+03 -6.132015414039999996e+03 -9.927783141140000112e+01 8.420104072790000060e+00 -7.957028146970000648e+01
4.560000000000000000e+04 4.649047622600000068e+03 3.064222461610000209e+03 1.578039630369999941e+04 2.108619377729999940e+02 -5.776481648490000254e+01 2.216244506920000106e+02
6.500000000000000222e-01 4.693527284259999760e+03 2.946718965789999856e+03 1.594280869499999972e+04 2.113796610779999980e+02 -5.845541578459999954e+01 2.213840712829999973e+02
6.500000000000000222e-01 4.781523790809999809e+03 3.173772007149999808e+03 1.566837980240000070e+04 2.106082284409999943e+02 -5.820459622170000102e+01 2.208902421909999987e+02
6.500000000000000222e-01 4.707793184250000195e+03 2.935244789469999887e+03 1.592876871629999914e+04 2.105896067959999982e+02 -5.712998291209999735e+01 2.223073399730000119e+02
6.500000000000000222e-01 4.447134966919999897e+03 3.050572359979999874e+03 1.574658919520000018e+04 2.108355951839999989e+02 -5.775717145670000008e+01 2.217837904870000045e+02
6.500000000000000222e-01 4.790690007080000214e+03 3.197079378249999991e+03 1.571420370809999986e+04 2.109959434120000026e+02 -5.749945426480000066e+01 2.224951120100000139e+02
6.500000000000000222e-01 4.558049791319999713e+03 3.247930901379999796e+03 1.578796270340000046e+04 2.108961644340000134e+02 -5.780022366600000083e+01 2.213418103600000109e+02
6.500000000000000222e-01 4.604879805499999748e+03 3.115206439059999866e+03 1.597415539779999926e+04 2.115130588920000037e+02 -5.849629560780000048e+01 2.219485097369999949e+02
6.500000000000000222e-01 4.646753023479999683e+03 3.269374927110000044e+03 1.577911192490000030e+04 2.108684944350000023e+02 -5.778627445480000091e+01 2.213218509280000035e+02
6.500000000000000222e-01 4.632219312889999856e+03 3.139478927260000091e+03 1.559021016629999940e+04 2.107971516979999933e+02 -5.824581332729999872e+01 2.213314594390000138e+02
6.500000000000000222e-01 4.558460903379999763e+03 3.062699601509999866e+03 1.559630246129999978e+04 2.110122873800000036e+02 -5.776049401249999704e+01 2.215346600830000057e+02
6.500000000000000222e-01 4.795930267460000323e+03 2.968779627339999934e+03 1.567378535969999939e+04 2.109226848870000026e+02 -5.774257140969999824e+01 2.221341275919999987e+02
6.500000000000000222e-01 4.600371886279999671e+03 3.067461232380000183e+03 1.597969160940000074e+04 2.109041778000000136e+02 -5.774905275950000316e+01 2.216443059890000029e+02
6.500000000000000222e-01 4.567084498760000315e+03 2.909711504790000163e+03 1.588778496540000015e+04 2.112724382069999933e+02 -5.810051264460000198e+01 2.216882724769999982e+02
6.500000000000000222e-01 4.622153937109999788e+03 2.868199044789999789e+03 1.572581522770000083e+04 2.110669618549999882e+02 -5.776192405100000116e+01 2.209809164629999998e+02
6.500000000000000222e-01 4.512334462200000416e+03 2.911980003210000177e+03 1.579549354420000054e+04 2.109379954960000134e+02 -5.773834624740000265e+01 2.224396966900000052e+02
6.500000000000000222e-01 4.746764568190000318e+03 2.899614759890000187e+03 1.570703271599999971e+04 2.106621486909999987e+02 -5.761177596139999935e+01 2.219750175190000050e+02
6.500000000000000222e-01 4.844275283719999607e+03 3.115337980710000011e+03 1.581748155460000089e+04 2.109660611220000135e+02 -5.778635488300000134e+01 2.212114992669999936e+02
6.500000000000000222e-01 4.853043835649999892e+03 3.085562858169999799e+03 1.578543394629999966e+04 2.108429050780000011e+02 -5.776285745740000266e+01 2.217760757050000109e+02
6.500000000000000222e-01 4.554006955570000173e+03 2.941006953260000046e+03 1.564663183360000039e+04 2.113604806600000074e+02 -5.793304523039999765e+01 2.213425519550000047e+02
6.500000000000000222e-01 4.573507878469999923e+03 3.129386475910000172e+03 1.595976845619999949e+04 2.110867633860000012e+02 -5.792149201470000008e+01 2.219413883949999899e+02
6.500000000000000222e-01 4.578295191840000371e+03 3.174021800399999847e+03 1.562206387800000084e+04 2.103139161860000002e+02 -5.702750873979999824e+01 2.221687935139999865e+02
6.500000000000000222e-01 4.777874335149999752e+03 2.939123463110000102e+03 1.568083297169999969e+04 2.109107490970000072e+02 -5.782411946060000218e+01 2.211626430260000120e+02
6.500000000000000222e-01 4.732651087809999808e+03 2.878185246999999890e+03 1.580256160020000061e+04 2.108813891290000129e+02 -5.782907827449999871e+01 2.206693027199999904e+02
6.500000000000000222e-01 4.655022822119999546e+03 3.183766250380000201e+03 1.561365527690000090e+04 2.106111159710000038e+02 -5.686467825969999978e+01 2.220729611380000108e+02
6.500000000000000222e-01 4.809471610780000447e+03 2.948293550100000175e+03 1.583476135179999983e+04 2.110890202440000110e+02 -5.795977786889999805e+01 2.211299052399999994e+02
6.500000000000000222e-01 4.542408156290000079e+03 3.212582599370000025e+03 1.587347325380000075e+04 2.112717655159999879e+02 -5.825306543239999968e+01 2.223251710410000044e+02
6.500000000000000222e-01 4.778059459889999744e+03 2.953473141269999815e+03 1.589498656020000089e+04 2.108872360569999955e+02 -5.774728335609999874e+01 2.211235634660000073e+02
6.500000000000000222e-01 4.779636136869999973e+03 3.140620750779999980e+03 1.564183971209999982e+04 2.111618949889999897e+02 -5.735821556390000353e+01 2.222024232109999957e+02
6.500000000000000222e-01 4.617968706419999762e+03 3.039726947889999792e+03 1.557906807750000007e+04 2.101841269479999994e+02 -5.817845069159999838e+01 2.217626870400000030e+02
6.500000000000000222e-01 4.633801051110000117e+03 3.039123662850000073e+03 1.557733236790000046e+04 2.104901165590000005e+02 -5.810855369680000138e+01 2.216868974010000102e+02
6.500000000000000222e-01 4.468252144969999790e+03 3.007121829069999876e+03 1.585887418539999999e+04 2.105842954880000093e+02 -5.774013903169999651e+01 2.210993641240000045e+02
6.500000000000000222e-01 4.678762563850000333e+03 3.247753951310000048e+03 1.586750284540000030e+04 2.104890936840000109e+02 -5.743875804609999847e+01 2.217048456160000001e+02
6.500000000000000222e-01 4.567696184049999829e+03 3.223045629180000105e+03 1.588129040680000071e+04 2.110434656959999984e+02 -5.782276652360000213e+01 2.211287531000000115e+02
6.500000000000000222e-01 4.762759685600000012e+03 2.906075925550000193e+03 1.584464412409999932e+04 2.109204722730000015e+02 -5.788008731259999706e+01 2.207842440109999984e+02
6.500000000000000222e-01 4.813674659559999782e+03 3.173993115910000142e+03 1.572606892990000051e+04 2.109672348240000019e+02 -5.792442888010000246e+01 2.215400847219999889e+02
6.500000000000000222e-01 4.651478974439999547e+03 3.131136898260000180e+03 1.597437328370000068e+04 2.107095868750000136e+02 -5.685511434960000088e+01 2.213874749839999936e+02
6.500000000000000222e-01 4.803107478679999986e+03 2.940090641960000085e+03 1.583434405569999944e+04 2.106482062849999863e+02 -5.755988718990000308e+01 2.218918268449999971e+02
6.500000000000000222e-01 4.446268528229999902e+03 3.060862044359999800e+03 1.581146103749999929e+04 2.107264512860000139e+02 -5.776770444200000298e+01 2.206540538540000114e+02
6.500000000000000222e-01 4.710858033729999988e+03 3.237425806010000088e+03 1.587159681850000015e+04 2.105302993599999866e+02 -5.733595808430000318e+01 2.214667560299999991e+02
6.500000000000000222e-01 4.842975832809999702e+03 3.094106222230000185e+03 1.584030432330000076e+04 2.106899494410000102e+02 -5.774634848619999872e+01 2.220483444120000058e+02
1.390000000000000000e+04 -7.440418635410000206e+03 3.276813499589999878e+02 1.555972598429999925e+04 -2.505446797669999910e+02 2.043643549720000010e+02 -3.108851613069999757e+02
6.500000000000000222e-01 -7.384869976130000396e+03 3.058867500220000011e+02 1.568967763050000030e+04 -2.510695032710000021e+02 2.045964852250000092e+02 -3.106495889170000169e+02
6.500000000000000222e-01 -7.464817248940000354e+03 3.536114004799999861e+02 1.542120940329999939e+04 -2.509724475700000141e+02 2.048221725710000101e+02 -3.107456552639999927e+02
6.500000000000000222e-01 -7.486350477789999786e+03 3.499323624319999908e+02 1.569331522389999918e+04 -2.499983538529999976e+02 2.040853334290000021e+02 -3.106517166549999729e+02
6.500000000000000222e-01 -7.361937557150000430e+03 2.238287247860000093e+02 1.550070755579999968e+04 -2.507937549709999985e+02 2.046584680480000031e+02 -3.113337308690000214e+02
6.500000000000000222e-01 -7.361475075829999696e+03 2.206142093130000035e+02 1.550750915419999910e+04 -2.506330534269999930e+02 2.044345839529999864e+02 -3.105995729840000195e+02
6.500000000000000222e-01 -7.506074029489999702e+03 3.032653826540000068e+02 1.568442301240000052e+04 -2.508140221120000035e+02 2.043916280470000117e+02 -3.109825364640000203e+02
6.500000000000000222e-01 -7.516833445620000020e+03 2.916217281169999751e+02 1.544436421180000070e+04 -2.500948588070000085e+02 2.044463072439999962e+02 -3.111732871340000202e+02
6.500000000000000222e-01 -7.341576422199999797e+03 3.214952420729999858e+02 1.545655380979999973e+04 -2.510038261429999977e+02 2.043910908059999940e+02 -3.113398131960000228e+02
6.500000000000000222e-01 -7.350536501479999970e+03 2.404427619669999956e+02 1.562849565839999923e+04 -2.506589527490000080e+02 2.044792886440000075e+02 -3.110720962049999798e+02
6.500000000000000222e-01 -7.480861152679999577e+03 1.966139893479999898e+02 1.551945233270000062e+04 -2.506866990899999905e+02 2.045809982689999913e+02 -3.110528003129999775e+02
6.500000000000000222e-01 -7.399703585840000414e+03 2.234543256979999910e+02 1.564859804090000034e+04 -2.508661118580000107e+02 2.048396111469999994e+02 -3.105434646019999718e+02
6.500000000000000222e-01 -7.318163265969999884e+03 2.535437909030000014e+02 1.556263942730000053e+04 -2.505383835169999998e+02 2.043619682709999950e+02 -3.115374051559999771e+02
6.500000000000000222e-01 -7.399731100510000033e+03 1.975488676919999875e+02 1.560252504269999918e+04 -2.507000033600000108e+02 2.044871024279999858e+02 -3.110689794659999734e+02
6.500000000000000222e-01 -7.414856054930000028e+03 2.416105850149999981e+02 1.567116750209999918e+04 -2.502184206340000117e+02 2.038589710990000015e+02 -3.110947185570000215e+02
6.500000000000000222e-01 -7.499533015879999766e+03 3.863656742829999757e+02 1.544342724719999933e+04 -2.503097058369999957e+02 2.041359064549999971e+02 -3.112193071799999871e+02
6.500000000000000222e-01 -7.301394935250000344e+03 3.596236192549999942e+02 1.554956777329999932e+04 -2.505955981070000007e+02 2.043549941809999950e+02 -3.115141805050000130e+02
6.500000000000000222e-01 -7.472421189970000341e+03 4.645722278279999955e+02 1.558602467109999998e+04 -2.505396637480000095e+02 2.042639696779999952e+02 -3.102581004360000065e+02
6.500000000000000222e-01 -7.334051700770000025e+03 3.531466646409999726e+02 1.565183494649999921e+04 -2.503523462679999909e+02 2.044816313759999957e+02 -3.112019411009999885e+02
6.500000000000000222e-01 -7.340704290169999695e+03 4.299901021989999776e+02 1.556612811879999936e+04 -2.505321206350000125e+02 2.043340692410000088e+02 -3.108084961669999871e+02
6.500000000000000222e-01 -7.410932116050000332e+03 4.630886393690000205e+02 1.559514949270000034e+04 -2.506539611290000096e+02 2.042983160310000130e+02 -3.103460906029999933e+02
6.500000000000000222e-01 -7.305130992780000270e+03 3.732224763620000090e+02 1.556837446129999989e+04 -2.505114199189999908e+02 2.043703055809999967e+02 -3.115155962669999781e+02
6.500000000000000222e-01 -7.523220287479999570e+03 2.308540469769999959e+02 1.562468438810000043e+04 -2.503857915149999940e+02 2.046209512549999943e+02 -3.103087768299999993e+02
6.500000000000000222e-01 -7.573481634329999906e+03 3.139936482559999718e+02 1.550917554369999925e+04 -2.505785192360000053e+02 2.043377581139999961e+02 -3.107113302270000190e+02
6.500000000000000222e-01 -7.458930098269999689e+03 4.684213176750000116e+02 1.554255872529999942e+04 -2.505154016820000038e+02 2.043866204610000068e+02 -3.103192386929999884e+02
6.500000000000000222e-01 -7.387011000960000274e+03 3.362429928860000246e+02 1.569211717920000046e+04 -2.508265426330000025e+02 2.042842721000000097e+02 -3.107564561930000195e+02
6.500000000000000222e-01 -7.487298346970000239e+03 1.951123530389999985e+02 1.553383515289999923e+04 -2.506559635639999897e+02 2.044189484050000090e+02 -3.105893870740000011e+02
6.500000000000000222e-01 -7.371833174469999904e+03 4.306767407020000178e+02 1.548801742589999958e+04 -2.507862710580000112e+02 2.041717134040000019e+02 -3.114245998420000205e+02
6.500000000000000222e-01 -7.470214957119999781e+03 1.954360503350000045e+02 1.560548793300000034e+04 -2.503658110339999894e+02 2.041478762790000019e+02 -3.109967001989999744e+02
6.500000000000000222e-01 -7.319531309809999584e+03 2.924584487689999719e+02 1.562749532539999927e+04 -2.503009028909999927e+02 2.043110984140000141e+02 -3.114242106919999742e+02
6.500000000000000222e-01 -7.548229084710000279e+03 2.365741784409999866e+02 1.553673575019999953e+04 -2.506056336249999958e+02 2.044360956060000092e+02 -3.108719155630000159e+02
6.500000000000000222e-01 -7.516012313260000155e+03 4.239114640480000276e+02 1.563375758800000040e+04 -2.503597148880000134e+02 2.041169706940000026e+02 -3.103268061520000174e+02
6.500000000000000222e-01 -7.395503423279999879e+03 3.677789470010000059e+02 1.543000573559999975e+04 -2.500756680050000114e+02 2.046982437880000134e+02 -3.106301634870000044e+02
6.500000000000000222e-01 -7.359973891030000232e+03 2.245940967040000089e+02 1.561767877570000019e+04 -2.503608016150000140e+02 2.041360677700000110e+02 -3.114696878839999954e+02
6.500000000000000222e-01 -7.323610125909999624e+03 4.101413093620000154e+02 1.555700185160000001e+04 -2.505581358919999957e+02 2.043512300659999994e+02 -3.115282262069999888e+02
6.500000000000000222e-01 -7.374635605649999889e+03 4.531926032520000263e+02 1.554054309680000006e+04 -2.505343267890000050e+02 2.042498005159999934e+02 -3.114037345579999965e+02
6.500000000000000222e-01 -7.543133543119999558e+03 2.361169459390000043e+02 1.559867126070000086e+04 -2.503848248829999932e+02 2.044510265339999933e+02 -3.102813944459999789e+02
6.500000000000000222e-01 -7.538103602010000031e+03 4.258420766840000056e+02 1.559540723760000037e+04 -2.506542915100000073e+02 2.044708017480000137e+02 -3.115046384220000277e+02
6.500000000000000222e-01 -7.356268480359999558e+03 2.212850746029999982e+02 1.560527725309999914e+04 -2.504867756829999905e+02 2.043252049410000097e+02 -3.105685676019999732e+02
6.500000000000000222e-01 -7.316681400440000289e+03 3.864580377639999824e+02 1.560077088729999923e+04 -2.507294475369999986e+02 2.042948278709999954e+02 -3.102780541490000132e+02
6.500000000000000222e-01 -7.498865575720000379e+03 2.927830065530000070e+02 1.568550324650000039e+04 -2.510457294729999944e+02 2.041703512619999970e+02 -3.111504312139999797e+02
1.190000000000000000e+04 -2.932551008320000165e+03 6.370795718080000370e+03 -1.378045260330000019e+04 -2.733574082289999865e+02 -2.118049868709999828e+01 6.283408673259999944e+01
6.500000000000000222e-01 -3.030235230020000017e+03 6.453519722199999705e+03 -1.374248787529999936e+04 -2.735087102909999999e+02 -2.104742652910000089e+01 6.225567381719999815e+01
6.500000000000000222e-01 -2.992848207219999949e+03 6.352990799960000004e+03 -1.366269202699999914e+04 -2.736974021909999806e+02 -2.134972838590000066e+01 6.261979074229999753e+01
6.500000000000000222e-01 -2.856754035779999867e+03 6.351910308659999828e+03 -1.367216028259999985e+04 -2.734565271660000008e+02 -2.121274938570000046e+01 6.296344747389999696e+01
6.500000000000000222e-01 -2.859455902990000141e+03 6.404825190980000116e+03 -1.388685747980000087e+04 -2.729066977929999780e+02 -2.098435736340000091e+01 6.319930493020000029e+01
6.500000000000000222e-01 -2.829668108329999995e+03 6.440232498970000051e+03 -1.373132496659999924e+04 -2.735857720430000199e+02 -2.125196333830000128e+01 6.335463187740000279e+01
6.500000000000000222e-01 -2.973072401760000048e+03 6.458342464129999826e+03 -1.368814547090000087e+04 -2.732161422429999789e+02 -2.153334999630000013e+01 6.327599696520000094e+01
6.500000000000000222e-01 -2.885250493689999985e+03 6.260378872170000250e+03 -1.383848706710000079e+04 -2.734341652749999980e+02 -2.120273466849999977e+01 6.324925469709999959e+01
6.500000000000000222e-01 -2.974946727210000063e+03 6.249075572699999611e+03 -1.374580419350000011e+04 -2.734154978590000269e+02 -2.096463011779999874e+01 6.327114938679999767e+01
6.500000000000000222e-01 -2.942342571560000124e+03 6.264979655799999819e+03 -1.369947089459999916e+04 -2.730689941630000135e+02 -2.154459122260000115e+01 6.274539387499999776e+01
6.500000000000000222e-01 -2.881600279499999942e+03 6.474348569269999643e+03 -1.371344349089999923e+04 -2.731828311379999832e+02 -2.151463526790000103e+01 6.301993971150000107e+01
6.500000000000000222e-01 -2.801382837120000204e+03 6.362963327209999989e+03 -1.380399844339999981e+04 -2.734481358900000032e+02 -2.117102584150000055e+01 6.241367784780000250e+01
6.500000000000000222e-01 -2.911590714500000104e+03 6.245855217860000266e+03 -1.382268550080000023e+04 -2.732516209560000107e+02 -2.142456707210000033e+01 6.337195049540000014e+01
6.500000000000000222e-01 -2.849304032869999901e+03 6.268106872330000442e+03 -1.379940769910000017e+04 -2.732956588060000058e+02 -2.124189972290000128e+01 6.284443336700000060e+01
6.500000000000000222e-01 -2.930140753170000153e+03 6.289339195999999902e+03 -1.388626158910000049e+04 -2.731761771889999864e+02 -2.174335941589999877e+01 6.314185424099999722e+01
6.500000000000000222e-01 -3.033693294700000024e+03 6.367450819830000000e+03 -1.369338985680000042e+04 -2.735098955529999785e+02 -2.119895529620000119e+01 6.263597405739999857e+01
6.500000000000000222e-01 -2.829375894090000202e+03 6.291307219080000323e+03 -1.380972746460000053e+04 -2.732628247100000181e+02 -2.125297657999999856e+01 6.344221068489999737e+01
6.500000000000000222e-01 -2.869012102210000194e+03 6.327862505889999738e+03 -1.388965593500000068e+04 -2.736898201210000252e+02 -2.090469234980000124e+01 6.268238620689999863e+01
6.500000000000000222e-01 -2.877295516499999849e+03 6.352875605129999713e+03 -1.366026087200000075e+04 -2.729165783359999864e+02 -2.130788476060000036e+01 6.260203180879999962e+01
6.500000000000000222e-01 -3.022342486489999828e+03 6.272985725790000288e+03 -1.379430111869999928e+04 -2.733829028819999962e+02 -2.111493304680000094e+01 6.267142829350000000e+01
6.500000000000000222e-01 -2.991900141569999960e+03 6.481007384090000414e+03 -1.373438722600000074e+04 -2.731745895509999968e+02 -2.136858632919999934e+01 6.283712108160000298e+01
6.500000000000000222e-01 -2.904404667199999949e+03 6.265735329099999944e+03 -1.370290593230000013e+04 -2.732812661209999874e+02 -2.104063256939999960e+01 6.326870716770000058e+01
6.500000000000000222e-01 -2.994434337730000152e+03 6.372969319580000047e+03 -1.389872604350000074e+04 -2.728368510860000242e+02 -2.118886748479999937e+01 6.255216383589999651e+01
6.500000000000000222e-01 -3.011403500299999905e+03 6.401168363349999709e+03 -1.367705334419999963e+04 -2.737018624820000241e+02 -2.099751048359999928e+01 6.260359548080000280e+01
6.500000000000000222e-01 -2.863344597979999890e+03 6.433628585229999771e+03 -1.387575942249999935e+04 -2.735495626800000082e+02 -2.095110789190000133e+01 6.285905171640000333e+01
6.500000000000000222e-01 -2.992055939159999980e+03 6.316258769089999987e+03 -1.388678944179999962e+04 -2.737705584600000179e+02 -2.135746456600000087e+01 6.315299895030000243e+01
6.500000000000000222e-01 -2.953495787469999868e+03 6.304479003159999593e+03 -1.389445388289999937e+04 -2.731921942500000000e+02 -2.162551464519999911e+01 6.297219621669999867e+01
6.500000000000000222e-01 -2.952499284179999904e+03 6.300401826940000319e+03 -1.389208438050000041e+04 -2.736177772020000134e+02 -2.146074563259999834e+01 6.312374013689999686e+01
6.500000000000000222e-01 -2.803857574629999817e+03 6.359971323030000349e+03 -1.381423157410000022e+04 -2.734844790820000071e+02 -2.116112713000000056e+01 6.242425367839999950e+01
6.500000000000000222e-01 -2.909724881510000159e+03 6.315966439879999598e+03 -1.366089444030000050e+04 -2.735878070420000086e+02 -2.065469468619999915e+01 6.311939257950000126e+01
6.500000000000000222e-01 -2.929842078140000012e+03 6.241450621859999956e+03 -1.381322532619999947e+04 -2.734286180859999718e+02 -2.122883477950000142e+01 6.335914615499999769e+01
6.500000000000000222e-01 -2.910023357860000033e+03 6.240086747100000139e+03 -1.376513484640000024e+04 -2.733140779930000122e+02 -2.126923937000000109e+01 6.229620398760000199e+01
6.500000000000000222e-01 -2.862937878159999855e+03 6.324349762159999955e+03 -1.388446105109999917e+04 -2.737731023910000090e+02 -2.089773530049999906e+01 6.244450964939999693e+01
6.500000000000000222e-01 -2.799636337060000187e+03 6.380292868929999713e+03 -1.378852433460000066e+04 -2.733312881219999895e+02 -2.118039979510000137e+01 6.341622675640000040e+01
6.500000000000000222e-01 -2.869626209479999943e+03 6.429178714249999757e+03 -1.388269491329999983e+04 -2.737384726020000016e+02 -2.120234521829999963e+01 6.259147066060000242e+01
6.500000000000000222e-01 -2.935832162659999995e+03 6.239270364599999994e+03 -1.375788877780000075e+04 -2.733766016029999832e+02 -2.104921090539999895e+01 6.343595990669999907e+01
6.500000000000000222e-01 -3.017898515020000104e+03 6.456282912769999712e+03 -1.383747667539999929e+04 -2.736047926699999948e+02 -2.092950357100000147e+01 6.320377398760000176e+01
6.500000000000000222e-01 -2.924307952440000008e+03 6.420077416729999641e+03 -1.365665306059999966e+04 -2.734661743920000276e+02 -2.173868673249999972e+01 6.306982026280000042e+01
6.500000000000000222e-01 -2.879029515440000068e+03 6.360533865139999762e+03 -1.390233046629999990e+04 -2.729066379000000211e+02 -2.128341326150000157e+01 6.302524584670000252e+01
6.500000000000000222e-01 -2.954250568819999899e+03 6.366973510290000377e+03 -1.364878241829999934e+04 -2.728064485570000102e+02 -2.110090431609999939e+01 6.293266573609999881e+01
6.500000000000000222e-01 -2.976275394750000032e+03 6.355413159400000040e+03 -1.365525510670000040e+04 -2.739025667430000226e+02 -2.136751951990000009e+01 6.262847057719999810e+01
