3.450000000000000000e+05 3.433757961740000155e+03 -4.915745774709999750e+03 -7.069529576330000054e+03 -1.210255474209999988e+02 3.264219399230000107e+01 -3.745489601620000286e+01
6.500000000000000222e-01 3.347217492020000009e+03 -4.827275786250000237e+03 -6.807596951540000191e+03 -1.213433967510000002e+02 3.324671332009999958e+01 -3.653754294130000346e+01
6.500000000000000222e-01 3.259763867910000045e+03 -5.035754810159999579e+03 -7.254586620559999574e+03 -1.206289003410000049e+02 3.262645095389999739e+01 -3.668799803249999769e+01
6.500000000000000222e-01 3.623574301350000042e+03 -4.842171388980000302e+03 -6.878029119279999577e+03 -1.212204963450000008e+02 3.308146919920000073e+01 -3.886315809300000268e+01
6.500000000000000222e-01 3.414979112590000113e+03 -5.027046614629999567e+03 -7.338512136719999944e+03 -1.202519627770000028e+02 2.965945052320000030e+01 -3.747149834460000051e+01
6.500000000000000222e-01 3.545721677819999968e+03 -5.115544358129999637e+03 -7.232649355479999940e+03 -1.210744362909999978e+02 3.274084153100000094e+01 -3.810010047789999987e+01
6.500000000000000222e-01 3.531091052440000112e+03 -4.694686435519999577e+03 -7.204680936859999747e+03 -1.219929605070000065e+02 3.038240105019999859e+01 -3.906638337540000094e+01
6.500000000000000222e-01 3.210865577479999956e+03 -4.811483580240000265e+03 -7.201315963779999947e+03 -1.193771179449999948e+02 3.215139735479999672e+01 -3.792329075909999858e+01
6.500000000000000222e-01 3.596820930079999926e+03 -4.738929420000000391e+03 -7.205397924609999791e+03 -1.215858439720000064e+02 3.009567342029999892e+01 -3.878664756180000239e+01
6.500000000000000222e-01 3.210692028580000169e+03 -4.842958292719999918e+03 -6.890953555150000284e+03 -1.206997963520000070e+02 3.385524337569999886e+01 -3.553036235839999790e+01
6.500000000000000222e-01 3.166057783610000115e+03 -4.934000601280000410e+03 -6.983094616289999976e+03 -1.195972019189999997e+02 3.366408157120000055e+01 -3.434488617280000256e+01
6.500000000000000222e-01 3.259596058730000095e+03 -5.057026887310000347e+03 -7.238361536510000406e+03 -1.207308871320000065e+02 3.211338811320000275e+01 -3.609782452799999675e+01
6.500000000000000222e-01 3.511852802869999778e+03 -4.935941555469999912e+03 -6.801669126189999588e+03 -1.232694982969999984e+02 3.418019767359999861e+01 -3.731680412970000305e+01
6.500000000000000222e-01 3.372562872259999949e+03 -4.761943113889999950e+03 -7.301953638519999913e+03 -1.209835971490000048e+02 3.148104327009999892e+01 -3.741526007520000263e+01
6.500000000000000222e-01 3.289196847100000014e+03 -4.860451826690000416e+03 -7.300143762519999655e+03 -1.180755956819999994e+02 3.116014529450000126e+01 -3.839959240630000181e+01
6.500000000000000222e-01 3.581876986140000099e+03 -4.874202386259999912e+03 -6.838443881500000316e+03 -1.227552234019999986e+02 3.342653308709999749e+01 -3.768074654419999803e+01
6.500000000000000222e-01 3.311898447070000202e+03 -5.129584756739999648e+03 -7.207504193769999802e+03 -1.190383277480000004e+02 3.375569155050000347e+01 -4.019943210649999799e+01
6.500000000000000222e-01 3.215867384000000129e+03 -4.986023937660000229e+03 -7.225094923700000436e+03 -1.206480631950000060e+02 3.213113756349999761e+01 -3.546389020289999650e+01
6.500000000000000222e-01 3.439992114990000118e+03 -5.013233462999999574e+03 -6.810304044520000389e+03 -1.225643554250000022e+02 3.628196123290000230e+01 -3.689862621449999835e+01
6.500000000000000222e-01 3.328327596149999863e+03 -4.985478552640000089e+03 -6.813616145400000278e+03 -1.195885668439999989e+02 3.492466242049999892e+01 -3.607067717780000038e+01
6.500000000000000222e-01 3.481980069109999931e+03 -4.834420610039999701e+03 -7.334433166990000245e+03 -1.200885567990000027e+02 2.948772482709999920e+01 -3.794605350009999967e+01
6.500000000000000222e-01 3.233763547219999964e+03 -4.745794211049999831e+03 -7.179323134410000421e+03 -1.210018217439999972e+02 3.280696072020000287e+01 -3.521763230570000047e+01
6.500000000000000222e-01 3.283965712400000029e+03 -4.727788185749999684e+03 -7.211576460930000394e+03 -1.198863823760000002e+02 3.114283192790000143e+01 -3.820745460559999884e+01
6.500000000000000222e-01 3.552169943119999971e+03 -4.748007184209999650e+03 -6.873857429880000382e+03 -1.238220722490000014e+02 3.197667104730000176e+01 -3.535254096770000132e+01
6.500000000000000222e-01 3.658872728230000121e+03 -4.935004515980000178e+03 -6.911842007219999687e+03 -1.228354356239999987e+02 3.280621069650000265e+01 -3.762177559549999728e+01
6.500000000000000222e-01 3.650369912289999775e+03 -4.907118909380000332e+03 -6.899792400639999869e+03 -1.221860796010000030e+02 3.284690013649999685e+01 -3.851747511699999649e+01
6.500000000000000222e-01 3.410570350689999941e+03 -5.135470317190000060e+03 -6.897833093330000338e+03 -1.203561023350000028e+02 3.481723914879999882e+01 -3.648909691149999901e+01
6.500000000000000222e-01 3.307078337150000152e+03 -4.761420614239999850e+03 -7.271207161199999973e+03 -1.214560151230000002e+02 3.302667076179999839e+01 -3.570700485399999735e+01
6.500000000000000222e-01 3.242768734589999895e+03 -5.103067933719999928e+03 -7.142060092480000094e+03 -1.201932351739999945e+02 3.301364145050000332e+01 -3.573331994819999835e+01
6.500000000000000222e-01 3.326900939990000097e+03 -4.666979554939999616e+03 -7.164178595639999912e+03 -1.214188022600000068e+02 3.216294506389999697e+01 -3.640307679600000057e+01
6.500000000000000222e-01 3.304325014139999894e+03 -5.060911429490000046e+03 -6.866675921199999721e+03 -1.219041489500000068e+02 3.287797250580000252e+01 -3.884023038619999824e+01
6.500000000000000222e-01 3.618905636320000212e+03 -4.751178262940000423e+03 -6.945239593149999564e+03 -1.221102424740000032e+02 3.150520276250000151e+01 -3.712882050660000033e+01
6.500000000000000222e-01 3.201042608740000105e+03 -5.002379776830000083e+03 -6.935731646469999760e+03 -1.214649707439999986e+02 3.362242424280000108e+01 -3.879329852290000247e+01
6.500000000000000222e-01 3.158908656120000160e+03 -4.952301475479999681e+03 -7.077189303000000109e+03 -1.199557130540000003e+02 3.323373981569999813e+01 -3.445073289649999992e+01
6.500000000000000222e-01 3.496448756369999955e+03 -4.869511244670000451e+03 -7.345375803259999884e+03 -1.219264643660000047e+02 3.063295777569999956e+01 -3.831738984359999733e+01
6.500000000000000222e-01 3.320621460570000181e+03 -4.657844933520000268e+03 -7.030159139469999900e+03 -1.211583494449999989e+02 3.201684764329999666e+01 -3.395699489129999904e+01
6.500000000000000222e-01 3.426900507259999813e+03 -4.637356055580000429e+03 -7.112284159339999860e+03 -1.218599649089999986e+02 3.186519371449999838e+01 -3.621338254359999809e+01
6.500000000000000222e-01 3.468741431339999963e+03 -4.793656044069999552e+03 -7.313047717280000143e+03 -1.196566947489999961e+02 2.961359508250000161e+01 -3.756146892900000012e+01
6.500000000000000222e-01 3.506466697570000179e+03 -4.806586683999999877e+03 -6.816132730160000392e+03 -1.221198259869999987e+02 3.178305488999999895e+01 -3.651352272580000147e+01
6.500000000000000222e-01 3.301090884539999934e+03 -5.031321197049999682e+03 -6.850639777809999941e+03 -1.213506750130000000e+02 3.555391419459999724e+01 -3.682375183020000264e+01
6.500000000000000222e-01 3.504295064729999922e+03 -4.734334404969999923e+03 -6.858728754640000261e+03 -1.216065270069999968e+02 3.419133354689999749e+01 -3.806492726180000119e+01
4.560000000000000000e+04 7.191082322299999760e+03 2.331532850520000011e+03 1.835339003539999976e+04 2.033019510800000091e+02 -6.128063623940000326e+01 1.984943102489999944e+02
6.500000000000000222e-01 7.242224909659999867e+03 2.207145145970000158e+03 1.851376280920000136e+04 2.038717237920000116e+02 -6.172624968630000097e+01 1.983946322570000120e+02
6.500000000000000222e-01 7.318834556359999624e+03 2.434447452840000096e+03 1.823261382199999935e+04 2.027966320900000028e+02 -6.191006790539999827e+01 1.978014867200000140e+02
6.500000000000000222e-01 7.246642138350000096e+03 2.211983909089999997e+03 1.851102329530000134e+04 2.030612746500000014e+02 -6.039650982189999695e+01 1.993148407799999973e+02
6.500000000000000222e-01 6.990417454460000044e+03 2.317863730680000117e+03 1.832030760250000094e+04 2.035151311459999874e+02 -6.128859736220000087e+01 1.984589181089999954e+02
6.500000000000000222e-01 7.332955744900000354e+03 2.466304956490000222e+03 1.829856831619999866e+04 2.032181250090000049e+02 -6.122379455259999759e+01 1.994753421640000113e+02
6.500000000000000222e-01 7.101464700640000046e+03 2.512981256819999999e+03 1.835757270459999927e+04 2.034826446120000014e+02 -6.160150067090000192e+01 1.982163919060000126e+02
6.500000000000000222e-01 7.156245237799999813e+03 2.373549119660000088e+03 1.855222716819999914e+04 2.041640871689999983e+02 -6.201403595749999909e+01 1.989813865769999950e+02
6.500000000000000222e-01 7.189043150239999704e+03 2.534440633940000225e+03 1.834891519730000073e+04 2.033343324310000071e+02 -6.161202790530000328e+01 1.982664802330000100e+02
6.500000000000000222e-01 7.172706706750000194e+03 2.399651450989999830e+03 1.815853844780000145e+04 2.031141508819999899e+02 -6.194691690420000185e+01 1.980381412700000112e+02
6.500000000000000222e-01 7.102195027159999881e+03 2.329519513709999956e+03 1.816659717129999990e+04 2.034221895139999958e+02 -6.135491013429999896e+01 1.981606187239999883e+02
6.500000000000000222e-01 7.336848405480000110e+03 2.237139792160000070e+03 1.825289629549999881e+04 2.030744322500000010e+02 -6.113395858319999832e+01 1.989941748660000087e+02
6.500000000000000222e-01 7.144309110469999723e+03 2.335405898020000222e+03 1.855390873070000089e+04 2.035634077580000110e+02 -6.120199386029999999e+01 1.986582692899999927e+02
6.500000000000000222e-01 7.115252330500000426e+03 2.174614488119999805e+03 1.846143705369999952e+04 2.038833922960000109e+02 -6.135079793349999733e+01 1.985377867709999862e+02
6.500000000000000222e-01 7.166492503280000165e+03 2.137284903979999854e+03 1.828993491839999842e+04 2.034711313919999895e+02 -6.100471715199999778e+01 1.977053567510000107e+02
6.500000000000000222e-01 7.056450198219999947e+03 2.181032960710000225e+03 1.837754798999999912e+04 2.035557803089999993e+02 -6.103214913989999957e+01 1.991645311039999910e+02
6.500000000000000222e-01 7.285025718279999637e+03 2.170296563549999973e+03 1.828396238409999933e+04 2.028983463579999977e+02 -6.089226468609999898e+01 1.987984655909999958e+02
6.500000000000000222e-01 7.386150498140000309e+03 2.382143324740000025e+03 1.838672883350000120e+04 2.031864342140000019e+02 -6.134201581709999829e+01 1.982882923090000133e+02
6.500000000000000222e-01 7.393162358090000453e+03 2.352870260380000218e+03 1.836139776269999857e+04 2.030258059029999913e+02 -6.128396996949999931e+01 1.988227748369999972e+02
6.500000000000000222e-01 7.102193025040000066e+03 2.207039506250000159e+03 1.821454626700000154e+04 2.037986766189999912e+02 -6.132108342170000270e+01 1.979669454060000078e+02
6.500000000000000222e-01 7.119864138889999595e+03 2.394565694700000222e+03 1.853755306909999854e+04 2.037723716490000072e+02 -6.147436846179999748e+01 1.989422275299999967e+02
6.500000000000000222e-01 7.113545268249999936e+03 2.448811554909999813e+03 1.820071052710000004e+04 2.027409386680000125e+02 -6.078477130089999747e+01 1.988796599720000131e+02
6.500000000000000222e-01 7.318800865709999925e+03 2.206763460969999869e+03 1.824786808499999825e+04 2.030854772330000060e+02 -6.117262374580000284e+01 1.979969448870000122e+02
6.500000000000000222e-01 7.274158434140000281e+03 2.146623104199999943e+03 1.836389704640000127e+04 2.032035872689999962e+02 -6.104683267000000058e+01 1.975542054709999888e+02
6.500000000000000222e-01 7.193212347259999660e+03 2.460494699349999792e+03 1.819149236929999824e+04 2.029288499109999862e+02 -6.063183170850000181e+01 1.988432870499999865e+02
6.500000000000000222e-01 7.353096904340000037e+03 2.214591897840000001e+03 1.840251463090000107e+04 2.033469779659999972e+02 -6.126210832649999816e+01 1.981335034379999911e+02
6.500000000000000222e-01 7.090958225190000121e+03 2.472659409169999890e+03 1.845552071200000137e+04 2.039428083459999925e+02 -6.196388100410000277e+01 1.992563908230000038e+02
6.500000000000000222e-01 7.319778691839999738e+03 2.222450324809999984e+03 1.846287074230000144e+04 2.032346946199999991e+02 -6.104051560989999814e+01 1.981559017090000054e+02
6.500000000000000222e-01 7.323604946819999896e+03 2.411913450460000149e+03 1.822196776669999963e+04 2.033295654519999971e+02 -6.102850653670000014e+01 1.990865461230000051e+02
6.500000000000000222e-01 7.150947200149999844e+03 2.301661629660000017e+03 1.815227660290000131e+04 2.025053781679999929e+02 -6.173331410189999957e+01 1.984080869279999888e+02
6.500000000000000222e-01 7.170375148629999785e+03 2.301928008039999895e+03 1.814968463870000051e+04 2.027860508249999896e+02 -6.166176737770000216e+01 1.983447653499999888e+02
6.500000000000000222e-01 7.008770415250000042e+03 2.275342376850000164e+03 1.842486202090000006e+04 2.033166772710000032e+02 -6.116313992010000078e+01 1.978746572729999968e+02
6.500000000000000222e-01 7.216561223699999573e+03 2.517555407870000181e+03 1.844263954459999877e+04 2.029852447629999972e+02 -6.119409209679999861e+01 1.987466096439999887e+02
6.500000000000000222e-01 7.113259881429999950e+03 2.488313601790000121e+03 1.844882307289999881e+04 2.036851845950000097e+02 -6.155017776809999930e+01 1.980841153460000044e+02
6.500000000000000222e-01 7.304722797129999890e+03 2.173746986969999853e+03 1.840786518860000069e+04 2.032404936549999945e+02 -6.112092749739999675e+01 1.977414959459999864e+02
6.500000000000000222e-01 7.355414458539999941e+03 2.438284133870000005e+03 1.829881210070000088e+04 2.031616316410000138e+02 -6.160463031970000003e+01 1.985347760289999997e+02
6.500000000000000222e-01 7.192624215339999864e+03 2.409438562259999799e+03 1.854581435119999878e+04 2.033069465140000034e+02 -6.040665914880000287e+01 1.984595568450000087e+02
6.500000000000000222e-01 7.341394632319999801e+03 2.211367262629999914e+03 1.841140181229999871e+04 2.029190725869999881e+02 -6.085166350810000324e+01 1.988887229030000015e+02
6.500000000000000222e-01 6.988522414220000428e+03 2.328082781449999857e+03 1.837171441440000126e+04 2.034544714390000024e+02 -6.129264755999999892e+01 1.973865630070000066e+02
6.500000000000000222e-01 7.248897282609999820e+03 2.508616929830000117e+03 1.844396054440000080e+04 2.029855891800000052e+02 -6.107207943289999719e+01 1.985323667220000061e+02
6.500000000000000222e-01 7.381595734309999898e+03 2.361668508449999990e+03 1.841990778770000179e+04 2.029337092460000065e+02 -6.126088329459999926e+01 1.991390652169999953e+02
1.390000000000000000e+04 -1.043346338169999945e+04 2.824225084130000141e+03 1.159834933810000075e+04 -2.359489174580000110e+02 2.017384142660000066e+02 -3.344232974480000280e+02
6.500000000000000222e-01 -1.038580637229999957e+04 2.805628046010000162e+03 1.173132992139999988e+04 -2.367178878979999865e+02 2.020341463620000013e+02 -3.341847106660000009e+02
6.500000000000000222e-01 -1.046176077760000044e+04 2.855314742940000087e+03 1.146115746550000040e+04 -2.361457678060000092e+02 2.021103707849999864e+02 -3.343247131929999796e+02
6.500000000000000222e-01 -1.047359277339999971e+04 2.843015462349999780e+03 1.173583423650000077e+04 -2.355723719499999902e+02 2.014665458179999860e+02 -3.340315711090000264e+02
6.500000000000000222e-01 -1.035792369660000077e+04 2.724994997450000028e+03 1.153274370830000043e+04 -2.361553433199999859e+02 2.021903359560000126e+02 -3.350574495810000144e+02
6.500000000000000222e-01 -1.035558201480000025e+04 2.719093341180000152e+03 1.154858185400000002e+04 -2.360132328839999900e+02 2.019784495870000001e+02 -3.343202007319999893e+02
6.500000000000000222e-01 -1.050306565430000046e+04 2.800603806890000214e+03 1.172298209700000007e+04 -2.363419926429999975e+02 2.018547977590000073e+02 -3.343432638880000241e+02
6.500000000000000222e-01 -1.050284503589999986e+04 2.789479495550000138e+03 1.147951493979999941e+04 -2.352453926819999879e+02 2.018669472100000064e+02 -3.346842312559999755e+02
6.500000000000000222e-01 -1.033994125440000062e+04 2.818234274750000168e+03 1.148823877229999925e+04 -2.363309181230000036e+02 2.017292305960000078e+02 -3.350982687169999963e+02
6.500000000000000222e-01 -1.034607873660000041e+04 2.739373787460000131e+03 1.166427283390000048e+04 -2.362336764300000027e+02 2.020147644539999874e+02 -3.347240947770000048e+02
6.500000000000000222e-01 -1.047494552710000062e+04 2.697238484980000067e+03 1.155603660130000026e+04 -2.359674113250000005e+02 2.021899748790000046e+02 -3.345880659840000249e+02
6.500000000000000222e-01 -1.039765391280000040e+04 2.727037679720000142e+03 1.169138269439999931e+04 -2.364274639999999863e+02 2.024170035569999868e+02 -3.341071065859999862e+02
6.500000000000000222e-01 -1.031185119080000004e+04 2.750791715119999935e+03 1.159211049810000077e+04 -2.360395890679999980e+02 2.018498811249999960e+02 -3.352827832520000015e+02
6.500000000000000222e-01 -1.039521043599999939e+04 2.697054343379999864e+03 1.163859638880000057e+04 -2.361819612369999959e+02 2.021032445920000100e+02 -3.346738428119999753e+02
6.500000000000000222e-01 -1.040495609759999934e+04 2.733027567300000101e+03 1.170741038029999982e+04 -2.357989276129999894e+02 2.014192650560000004e+02 -3.346245749650000221e+02
6.500000000000000222e-01 -1.048834345079999912e+04 2.879363612310000008e+03 1.147797624759999962e+04 -2.354900625999999875e+02 2.013825652989999924e+02 -3.347306566429999748e+02
6.500000000000000222e-01 -1.029585371529999975e+04 2.855580519780000031e+03 1.157924535590000050e+04 -2.361113094810000064e+02 2.016408653270000002e+02 -3.352645487379999736e+02
6.500000000000000222e-01 -1.046556090310000036e+04 2.958447406820000197e+03 1.163292804330000035e+04 -2.359868564850000041e+02 2.014047430679999877e+02 -3.336899683629999913e+02
6.500000000000000222e-01 -1.032621473060000062e+04 2.850876444500000161e+03 1.168611114479999924e+04 -2.359971626699999945e+02 2.018129063579999922e+02 -3.348358696079999959e+02
6.500000000000000222e-01 -1.033435952800000086e+04 2.924967066830000022e+03 1.160498806220000006e+04 -2.360574538099999984e+02 2.015043412729999943e+02 -3.344656123859999752e+02
6.500000000000000222e-01 -1.040593013790000077e+04 2.957363622819999819e+03 1.164048657339999954e+04 -2.361690988519999905e+02 2.014322141359999989e+02 -3.338646360700000173e+02
6.500000000000000222e-01 -1.029870854549999967e+04 2.869241638829999829e+03 1.159817254780000076e+04 -2.360555006840000090e+02 2.016368046610000135e+02 -3.352443918509999889e+02
6.500000000000000222e-01 -1.051432483519999914e+04 2.731733763749999980e+03 1.167129565320000074e+04 -2.358047176620000016e+02 2.022010212890000105e+02 -3.337029558319999865e+02
6.500000000000000222e-01 -1.056567421970000032e+04 2.810400160369999867e+03 1.155084553290000076e+04 -2.357852026740000042e+02 2.017480366069999889e+02 -3.340812027750000084e+02
6.500000000000000222e-01 -1.045148084139999992e+04 2.963682179980000001e+03 1.158839631729999928e+04 -2.359089581940000073e+02 2.015029496859999938e+02 -3.337988582790000009e+02
6.500000000000000222e-01 -1.038499441320000005e+04 2.831837592450000102e+03 1.173251146440000048e+04 -2.364816157049999958e+02 2.016708303700000045e+02 -3.342818804920000275e+02
6.500000000000000222e-01 -1.048110830370000076e+04 2.693794253500000195e+03 1.157623265670000001e+04 -2.359573966659999940e+02 2.020380003639999984e+02 -3.341051099460000273e+02
6.500000000000000222e-01 -1.036769809820000046e+04 2.923579238759999953e+03 1.151921000040000035e+04 -2.361551120709999907e+02 2.013249514400000066e+02 -3.350864529980000270e+02
6.500000000000000222e-01 -1.046118508370000018e+04 2.690858359670000027e+03 1.164305651150000085e+04 -2.357896472779999897e+02 2.017823181630000136e+02 -3.344960414010000136e+02
6.500000000000000222e-01 -1.031089524770000025e+04 2.788730443490000198e+03 1.165872090510000089e+04 -2.359092913640000120e+02 2.017455957969999929e+02 -3.351148627219999980e+02
6.500000000000000222e-01 -1.054108986250000089e+04 2.735048487590000150e+03 1.157625089999999909e+04 -2.358618256970000004e+02 2.019891443349999918e+02 -3.342832058120000056e+02
6.500000000000000222e-01 -1.050705522670000028e+04 2.916529282089999924e+03 1.168035267319999912e+04 -2.358324913980000019e+02 2.013548240910000118e+02 -3.336757839699999977e+02
6.500000000000000222e-01 -1.038198800280000069e+04 2.867764114650000010e+03 1.147078346330000022e+04 -2.353332215369999858e+02 2.019499094450000030e+02 -3.343162464010000008e+02
6.500000000000000222e-01 -1.035167848819999926e+04 2.719490388579999944e+03 1.164856819080000059e+04 -2.359031882829999915e+02 2.017010635649999983e+02 -3.351238424179999811e+02
6.500000000000000222e-01 -1.031757061240000075e+04 2.905517679600000065e+03 1.158679948230000082e+04 -2.360741665189999878e+02 2.015503301180000051e+02 -3.352255217669999752e+02
6.500000000000000222e-01 -1.036787541609999971e+04 2.946870861289999993e+03 1.157229016369999954e+04 -2.359875356610000097e+02 2.013761627629999964e+02 -3.350215969469999777e+02
6.500000000000000222e-01 -1.053388253609999992e+04 2.734846439609999834e+03 1.164567563800000062e+04 -2.357473400750000110e+02 2.020203724049999892e+02 -3.336610794019999844e+02
6.500000000000000222e-01 -1.053224603749999915e+04 2.922724803810000139e+03 1.162755811750000066e+04 -2.360368979300000092e+02 2.016920965980000062e+02 -3.348444761979999953e+02
6.500000000000000222e-01 -1.034946675630000027e+04 2.718520026719999805e+03 1.164715768550000030e+04 -2.360225712319999900e+02 2.018924359339999910e+02 -3.342311702860000082e+02
6.500000000000000222e-01 -1.031319348360000004e+04 2.881467919010000060e+03 1.164606018720000066e+04 -2.363260107860000119e+02 2.015523483309999904e+02 -3.339570277739999824e+02
6.500000000000000222e-01 -1.049873565120000058e+04 2.787528100179999910e+03 1.172193739900000037e+04 -2.365769798299999991e+02 2.016542636050000112e+02 -3.345227944170000001e+02
1.190000000000000000e+04 -6.242004688949999945e+03 6.040680514210000183e+03 -1.284720356250000077e+04 -2.649713722390000044e+02 -3.252315926939999713e+01 8.899041386759999739e+01
6.500000000000000222e-01 -6.340446177089999765e+03 6.124202343519999886e+03 -1.281731235609999931e+04 -2.649520148510000013e+02 -3.252014495390000093e+01 8.824105251379999970e+01
6.500000000000000222e-01 -6.305109899349999978e+03 6.020150965259999793e+03 -1.273149053319999985e+04 -2.650795358519999922e+02 -3.279065519630000125e+01 8.885645103340000617e+01
6.500000000000000222e-01 -6.167662621890000082e+03 6.020506719629999679e+03 -1.273605413190000036e+04 -2.650899916039999766e+02 -3.270181929320000336e+01 8.932830043769999406e+01
6.500000000000000222e-01 -6.164840515969999615e+03 6.077483356990000175e+03 -1.294970075600000018e+04 -2.647671093289999931e+02 -3.227540591689999872e+01 8.927776175249999824e+01
6.500000000000000222e-01 -6.142967768360000264e+03 6.107947793919999640e+03 -1.279139597089999916e+04 -2.653578749900000275e+02 -3.281026734929999833e+01 8.956868637270000022e+01
6.500000000000000222e-01 -6.280038746739999624e+03 6.122416245850000450e+03 -1.274978968220000024e+04 -2.647035059390000242e+02 -3.311394092689999979e+01 8.937519168379999712e+01
6.500000000000000222e-01 -6.196227352259999861e+03 5.931381354389999615e+03 -1.289936712179999995e+04 -2.651391984829999728e+02 -3.232208544329999711e+01 8.953849916800000130e+01
6.500000000000000222e-01 -6.284162058779999825e+03 5.922542657040000449e+03 -1.280619481520000045e+04 -2.648672038749999729e+02 -3.215327618639999940e+01 8.958035659220000468e+01
6.500000000000000222e-01 -6.247485252659999787e+03 5.930755930160000389e+03 -1.276594252000000051e+04 -2.645450184929999864e+02 -3.282481943279999825e+01 8.911803395709999620e+01
6.500000000000000222e-01 -6.189372607209999842e+03 6.138509881050000331e+03 -1.277805118269999912e+04 -2.648655333529999893e+02 -3.312305727169999869e+01 8.915934880509999516e+01
6.500000000000000222e-01 -6.113548296490000212e+03 6.032953110610000294e+03 -1.287533271670000067e+04 -2.653158504259999972e+02 -3.252094861709999662e+01 8.867807670099999484e+01
6.500000000000000222e-01 -6.219915519479999602e+03 5.914200135179999961e+03 -1.288196336999999949e+04 -2.648890006450000101e+02 -3.253187474020000280e+01 8.967389720129999375e+01
6.500000000000000222e-01 -6.158814618129999872e+03 5.938168624969999655e+03 -1.286487920879999911e+04 -2.650334035380000159e+02 -3.243643278820000120e+01 8.919642765099999338e+01
6.500000000000000222e-01 -6.237765994340000361e+03 5.953934257410000100e+03 -1.294922454739999921e+04 -2.648611535420000109e+02 -3.282371773349999700e+01 8.930665394240000410e+01
6.500000000000000222e-01 -6.343402553799999623e+03 6.036666990079999778e+03 -1.276253055649999988e+04 -2.648589231789999872e+02 -3.260608977150000243e+01 8.878244675790000429e+01
6.500000000000000222e-01 -6.138803563729999951e+03 5.961036978780000027e+03 -1.286800013609999951e+04 -2.650520911439999736e+02 -3.248218564129999919e+01 8.977626736819999564e+01
6.500000000000000222e-01 -6.183724227779999637e+03 6.002273609230000147e+03 -1.295831810969999970e+04 -2.655005631959999732e+02 -3.206661267399999815e+01 8.884097395290000065e+01
6.500000000000000222e-01 -6.181313664569999673e+03 6.020253169880000314e+03 -1.272862231000000065e+04 -2.645099451770000201e+02 -3.280343384639999726e+01 8.895976154439999561e+01
6.500000000000000222e-01 -6.330954444629999671e+03 5.944907901460000176e+03 -1.286282844470000055e+04 -2.648129418390000183e+02 -3.225200636449999791e+01 8.885207953859999463e+01
6.500000000000000222e-01 -6.298455077319999873e+03 6.147325081709999722e+03 -1.280201667760000055e+04 -2.646867164160000243e+02 -3.291332656090000341e+01 8.883879009730000575e+01
6.500000000000000222e-01 -6.212587098930000138e+03 5.937597277310000209e+03 -1.276278979350000009e+04 -2.648239536369999882e+02 -3.234151005140000024e+01 8.967165995150000413e+01
6.500000000000000222e-01 -6.297462859250000292e+03 6.043830597809999745e+03 -1.297003501479999977e+04 -2.644645833619999848e+02 -3.235556748839999841e+01 8.853064105619999680e+01
6.500000000000000222e-01 -6.323706124090000230e+03 6.072351510579999740e+03 -1.274665504630000032e+04 -2.650874872019999771e+02 -3.248811853670000005e+01 8.874095365819999870e+01
6.500000000000000222e-01 -6.176562093350000396e+03 6.106364102290000119e+03 -1.294298597909999989e+04 -2.654000778619999892e+02 -3.229433752220000287e+01 8.890106733349999502e+01
6.500000000000000222e-01 -6.306323049640000136e+03 5.985471324760000243e+03 -1.295018353500000012e+04 -2.653537278530000094e+02 -3.245507511899999997e+01 8.921703808910000078e+01
6.500000000000000222e-01 -6.261137806679999812e+03 5.970490235950000169e+03 -1.295979767170000014e+04 -2.648518892739999728e+02 -3.270974658429999948e+01 8.908601402979999762e+01
6.500000000000000222e-01 -6.265330330570000115e+03 5.968460212689999935e+03 -1.295553594069999963e+04 -2.652695579130000283e+02 -3.254157234390000042e+01 8.924173416739999709e+01
6.500000000000000222e-01 -6.116484211789999790e+03 6.030200196409999990e+03 -1.288548921049999990e+04 -2.653556933759999765e+02 -3.249199618010000279e+01 8.868014544189999526e+01
6.500000000000000222e-01 -6.221492419350000091e+03 5.991750763879999795e+03 -1.272280082640000001e+04 -2.650997782570000254e+02 -3.208755819339999960e+01 8.948747185950000471e+01
6.500000000000000222e-01 -6.240066817699999774e+03 5.912201355860000149e+03 -1.287266878899999938e+04 -2.650215016679999849e+02 -3.233460459549999655e+01 8.965619340840000007e+01
6.500000000000000222e-01 -6.218839943619999758e+03 5.909952601969999705e+03 -1.283721037079999951e+04 -2.649028492339999730e+02 -3.243575735750000177e+01 8.865831363930000464e+01
6.500000000000000222e-01 -6.178711888900000304e+03 5.998834381210000174e+03 -1.295596293130000049e+04 -2.655895477770000070e+02 -3.206103185820000334e+01 8.861553781839999999e+01
6.500000000000000222e-01 -6.110327169369999865e+03 6.049841293810000025e+03 -1.284755718300000080e+04 -2.651891177530000050e+02 -3.258601168210000054e+01 8.968198822630000677e+01
6.500000000000000222e-01 -6.185110552170000119e+03 6.098963362419999612e+03 -1.295324676089999957e+04 -2.655814159089999862e+02 -3.252217579060000219e+01 8.862598548709999591e+01
6.500000000000000222e-01 -6.245053498309999668e+03 5.911798942469999929e+03 -1.281603905470000063e+04 -2.649045041159999982e+02 -3.222391842529999906e+01 8.978593127039999899e+01
6.500000000000000222e-01 -6.329912835639999685e+03 6.129102658709999560e+03 -1.290120635550000043e+04 -2.651565988410000045e+02 -3.229508759389999994e+01 8.910878740489999927e+01
6.500000000000000222e-01 -6.234629948030000378e+03 6.081626294990000133e+03 -1.272004939379999996e+04 -2.649908179409999889e+02 -3.331980460679999823e+01 8.929785396309999612e+01
6.500000000000000222e-01 -6.184177144829999634e+03 6.030113921109999865e+03 -1.296714691459999995e+04 -2.647297101749999797e+02 -3.247579910740000031e+01 8.912849961599999915e+01
6.500000000000000222e-01 -6.256009713520000332e+03 6.036820860539999558e+03 -1.271353565540000091e+04 -2.642572268630000281e+02 -3.260570752329999777e+01 8.920885313269999983e+01
6.500000000000000222e-01 -6.291199971000000005e+03 6.022234263370000008e+03 -1.272383298660000037e+04 -2.653056742210000039e+02 -3.282845729190000128e+01 8.888469268410000268e+01
