3.450000000000000000e+05 3.916316537380000227e+03 -5.032007893140000306e+03 -6.887334845170000335e+03 -1.147812267709999929e+02 2.418972267199999848e+01 -5.153238128950000174e+01
6.500000000000000222e-01 3.830659482990000015e+03 -4.945305204170000252e+03 -6.628384789640000236e+03 -1.148889808899999991e+02 2.445006882539999893e+01 -5.098413614870000288e+01
6.500000000000000222e-01 3.741772827690000213e+03 -5.152015533089999735e+03 -7.075732628069999919e+03 -1.149101066199999934e+02 2.420303786470000063e+01 -5.067321113740000271e+01
6.500000000000000222e-01 4.105814709340000263e+03 -4.960077280759999667e+03 -6.690069407199999659e+03 -1.144311552700000050e+02 2.455562329210000172e+01 -5.293506652709999827e+01
6.500000000000000222e-01 3.895114917440000227e+03 -5.131618026889999783e+03 -7.156824857259999590e+03 -1.143744671380000000e+02 2.145730125680000100e+01 -5.127837254410000156e+01
6.500000000000000222e-01 4.028722930920000181e+03 -5.232369194199999583e+03 -7.048791381150000234e+03 -1.149554579210000043e+02 2.436727462780000053e+01 -5.170402065540000081e+01
6.500000000000000222e-01 4.017310590170000069e+03 -4.802746262399999978e+03 -7.015615337919999547e+03 -1.156021961109999978e+02 2.243813147159999843e+01 -5.328204504299999655e+01
6.500000000000000222e-01 3.687545606029999817e+03 -4.926097346690000450e+03 -7.016581909020000239e+03 -1.135517050950000026e+02 2.386909957749999833e+01 -5.231274556519999663e+01
6.500000000000000222e-01 4.081231515599999966e+03 -4.845792187850000118e+03 -7.017743291110000428e+03 -1.151276409799999954e+02 2.214114299590000101e+01 -5.287181207190000265e+01
6.500000000000000222e-01 3.692155029980000108e+03 -4.963522120390000055e+03 -6.715711255840000376e+03 -1.145650335140000067e+02 2.507850418019999950e+01 -5.005431069840000191e+01
6.500000000000000222e-01 3.643491212009999799e+03 -5.053811381409999740e+03 -6.813015643689999706e+03 -1.137004611969999957e+02 2.490174027810000013e+01 -4.871998981929999673e+01
6.500000000000000222e-01 3.742016271689999940e+03 -5.171098296170000140e+03 -7.061964019019999796e+03 -1.150093053429999941e+02 2.364698217109999945e+01 -5.006243307369999940e+01
6.500000000000000222e-01 4.002775185250000050e+03 -5.057744542190000175e+03 -6.619996191700000054e+03 -1.166237041910000016e+02 2.536407003909999958e+01 -5.140491874410000150e+01
6.500000000000000222e-01 3.855441476940000030e+03 -4.874412845750000088e+03 -7.119625760160000027e+03 -1.149791531919999983e+02 2.349410830940000139e+01 -5.164326319189999737e+01
6.500000000000000222e-01 3.760563152390000141e+03 -4.971272275409999565e+03 -7.113875788170000305e+03 -1.122599032370000032e+02 2.300651839529999876e+01 -5.258948728979999743e+01
6.500000000000000222e-01 4.070473392360000162e+03 -4.993275159580000036e+03 -6.655289701749999949e+03 -1.160023369350000024e+02 2.478282014950000089e+01 -5.176601971760000254e+01
6.500000000000000222e-01 3.787253664679999929e+03 -5.250165642109999681e+03 -7.014605275179999808e+03 -1.132490059529999940e+02 2.518278413719999875e+01 -5.402844025849999809e+01
6.500000000000000222e-01 3.697985401330000059e+03 -5.100237342229999740e+03 -7.050979724910000186e+03 -1.149425893559999992e+02 2.369819786909999948e+01 -4.958013964759999936e+01
6.500000000000000222e-01 3.928391720399999940e+03 -5.143379191889999674e+03 -6.630439775509999890e+03 -1.160966793409999980e+02 2.733944432750000075e+01 -5.093911010930000316e+01
6.500000000000000222e-01 3.804893371839999872e+03 -5.109998224529999789e+03 -6.636784918010000183e+03 -1.132866081300000047e+02 2.594456843540000079e+01 -5.028851304900000230e+01
6.500000000000000222e-01 3.961012826839999889e+03 -4.938788604600000326e+03 -7.150385089119999975e+03 -1.139974284970000014e+02 2.152885561860000152e+01 -5.195572440800000180e+01
6.500000000000000222e-01 3.716889376529999936e+03 -4.863216230480000377e+03 -7.005497373490000427e+03 -1.150785658049999967e+02 2.458924231179999964e+01 -4.968134133699999921e+01
6.500000000000000222e-01 3.762411709890000111e+03 -4.838596232900000359e+03 -7.025596779059999790e+03 -1.139055423570000016e+02 2.301784572869999934e+01 -5.263691260969999774e+01
6.500000000000000222e-01 4.045136276130000169e+03 -4.861529145780000363e+03 -6.699811299799999688e+03 -1.170699517879999974e+02 2.352105351100000163e+01 -4.964093068460000069e+01
6.500000000000000222e-01 4.147808748950000336e+03 -5.051725390519999564e+03 -6.729360054879999552e+03 -1.160918862999999988e+02 2.425481563270000152e+01 -5.149827457800000019e+01
6.500000000000000222e-01 4.136609632869999587e+03 -5.024018924189999780e+03 -6.713530095760000222e+03 -1.154221837080000057e+02 2.430019201840000065e+01 -5.245112457999999833e+01
6.500000000000000222e-01 3.890391892889999781e+03 -5.259591369339999801e+03 -6.720028656210000008e+03 -1.141148162869999965e+02 2.585923670429999888e+01 -5.034807347470000138e+01
6.500000000000000222e-01 3.792035532219999823e+03 -4.880054963319999842e+03 -7.095699305940000158e+03 -1.155223673859999991e+02 2.496231418960000070e+01 -5.001498902050000339e+01
6.500000000000000222e-01 3.722916166380000050e+03 -5.220412727949999862e+03 -6.967151420430000144e+03 -1.144355774389999993e+02 2.434758196650000173e+01 -4.969692296840000267e+01
6.500000000000000222e-01 3.811301019219999944e+03 -4.782019680639999933e+03 -6.985447625370000424e+03 -1.152840702510000028e+02 2.406893225620000010e+01 -5.089263282259999954e+01
6.500000000000000222e-01 3.790636435209999945e+03 -5.177023159510000369e+03 -6.678757687489999626e+03 -1.157313498059999972e+02 2.388036783769999971e+01 -5.294315572299999673e+01
6.500000000000000222e-01 4.104829004440000062e+03 -4.863062513460000446e+03 -6.764168290700000398e+03 -1.153415251159999997e+02 2.318961416109999973e+01 -5.130287589630000156e+01
6.500000000000000222e-01 3.685966865790000156e+03 -5.121746530319999692e+03 -6.747682837749999635e+03 -1.154908393730000000e+02 2.472409881120000108e+01 -5.305616547630000213e+01
6.500000000000000222e-01 3.638051183699999910e+03 -5.070592064020000180e+03 -6.906833539360000032e+03 -1.141780575979999952e+02 2.458869848779999856e+01 -4.875201833500000248e+01
6.500000000000000222e-01 3.983014583870000024e+03 -4.978525937559999875e+03 -7.159963978990000214e+03 -1.158417957740000048e+02 2.265540870390000094e+01 -5.224941811259999724e+01
6.500000000000000222e-01 3.803681285069999831e+03 -4.771919858940000267e+03 -6.861213792040000044e+03 -1.148890837029999972e+02 2.374636877380000044e+01 -4.855073401079999940e+01
6.500000000000000222e-01 3.912638817749999816e+03 -4.751231211579999581e+03 -6.934391764959999819e+03 -1.154980905799999960e+02 2.379887384490000102e+01 -5.066928760599999748e+01
6.500000000000000222e-01 3.945957810549999977e+03 -4.898565160189999915e+03 -7.130398716919999970e+03 -1.135409730150000058e+02 2.166709991309999950e+01 -5.165549588169999851e+01
6.500000000000000222e-01 3.992561971839999842e+03 -4.918929776480000328e+03 -6.637331853079999746e+03 -1.154121898490000007e+02 2.313695884619999887e+01 -5.080604736280000111e+01
6.500000000000000222e-01 3.785088788779999959e+03 -5.158389527110000017e+03 -6.670866372780000347e+03 -1.151563809759999941e+02 2.656085841490000021e+01 -5.097406131230000170e+01
6.500000000000000222e-01 3.988300012889999834e+03 -4.856812949619999927e+03 -6.673410258689999864e+03 -1.149034996689999986e+02 2.567936285460000079e+01 -5.244015159460000319e+01
4.560000000000000000e+04 6.354119930810000369e+03 2.580362510750000183e+03 1.752685962250000011e+04 2.058879809070000135e+02 -6.034095226129999645e+01 2.056808903339999972e+02
6.500000000000000222e-01 6.402969360129999586e+03 2.457943217019999793e+03 1.768772436499999822e+04 2.064394248129999880e+02 -6.085900256560000088e+01 2.055393063269999914e+02
6.500000000000000222e-01 6.483784274259999620e+03 2.685740895070000079e+03 1.740894653449999896e+04 2.054594929280000031e+02 -6.091496684909999715e+01 2.049739485519999960e+02
6.500000000000000222e-01 6.410694814399999814e+03 2.457339986110000154e+03 1.768122082949999822e+04 2.056328698000000088e+02 -5.952849436230000180e+01 2.064594318229999885e+02
6.500000000000000222e-01 6.152721530089999760e+03 2.566719553639999958e+03 1.749379863919999843e+04 2.060319455709999943e+02 -6.034551928550000355e+01 2.057064697589999867e+02
6.500000000000000222e-01 6.496206792560000395e+03 2.714775056240000140e+03 1.746809751079999842e+04 2.058686370199999942e+02 -6.022109414610000044e+01 2.066261328360000107e+02
6.500000000000000222e-01 6.263847778680000374e+03 2.762947406560000218e+03 1.753216929460000028e+04 2.060263491299999998e+02 -6.057453927030000074e+01 2.054071147269999926e+02
6.500000000000000222e-01 6.315888285009999890e+03 2.625372862700000042e+03 1.772379095909999887e+04 2.066846745899999860e+02 -6.107160739900000124e+01 2.061241409449999935e+02
6.500000000000000222e-01 6.351961714150000262e+03 2.784434520090000206e+03 1.752335233789999984e+04 2.059135267480000095e+02 -6.057749380109999748e+01 2.054348021019999919e+02
6.500000000000000222e-01 6.336428560600000310e+03 2.651104388589999871e+03 1.733377990219999992e+04 2.057413235269999916e+02 -6.095576032959999679e+01 2.052718509700000027e+02
6.500000000000000222e-01 6.264711156530000153e+03 2.578614248960000168e+03 1.734129044730000169e+04 2.060222269470000072e+02 -6.039541000300000206e+01 2.054178649650000068e+02
6.500000000000000222e-01 6.500643449660000442e+03 2.485450580310000078e+03 1.742433275439999852e+04 2.057466500609999969e+02 -6.023424199749999985e+01 2.061760482859999968e+02
6.500000000000000222e-01 6.306416432330000134e+03 2.583943530869999904e+03 1.772678256799999872e+04 2.060806301970000050e+02 -6.027757162110000166e+01 2.058068116850000138e+02
6.500000000000000222e-01 6.276016346780000276e+03 2.423891754629999923e+03 1.763471496040000056e+04 2.064173772750000069e+02 -6.049088102900000052e+01 2.057311351140000113e+02
6.500000000000000222e-01 6.328811944019999828e+03 2.385155753829999867e+03 1.746655332500000077e+04 2.060698541840000075e+02 -6.014914773270000126e+01 2.049315961929999901e+02
6.500000000000000222e-01 6.218556824160000360e+03 2.428983665239999937e+03 1.754819039580000026e+04 2.060884941840000124e+02 -6.016058739750000228e+01 2.063937215370000047e+02
6.500000000000000222e-01 6.449593130799999926e+03 2.417685435070000040e+03 1.745617551430000094e+04 2.055447703090000005e+02 -6.002573560799999797e+01 2.059921055060000015e+02
6.500000000000000222e-01 6.549532751300000200e+03 2.631196055089999845e+03 1.756116912249999950e+04 2.058362994009999909e+02 -6.038867369279999764e+01 2.054114501519999862e+02
6.500000000000000222e-01 6.557180033599999661e+03 2.601708516229999987e+03 1.753363767219999863e+04 2.056865176530000099e+02 -6.034192239930000312e+01 2.059531204040000034e+02
6.500000000000000222e-01 6.263186992900000405e+03 2.456120702489999985e+03 1.739003388189999896e+04 2.063898443999999870e+02 -6.042361161539999870e+01 2.052233599070000025e+02
6.500000000000000222e-01 6.281130637829999614e+03 2.644158350069999869e+03 1.770925599140000122e+04 2.062825165149999975e+02 -6.052044607130000031e+01 2.060953257269999881e+02
6.500000000000000222e-01 6.278864299539999593e+03 2.695469643790000191e+03 1.737250825840000107e+04 2.053333644360000108e+02 -5.977381385529999847e+01 2.061137371369999869e+02
6.500000000000000222e-01 6.482562982469999952e+03 2.455257389100000182e+03 1.742336543670000174e+04 2.057514962019999984e+02 -6.028537114870000124e+01 2.051878409290000036e+02
6.500000000000000222e-01 6.437528644029999668e+03 2.394677939159999823e+03 1.754122928170000159e+04 2.058243645660000141e+02 -6.019728395119999931e+01 2.047328591060000065e+02
6.500000000000000222e-01 6.357697386720000395e+03 2.706520085900000140e+03 1.736347882169999866e+04 2.055537684550000108e+02 -5.961744898770000134e+01 2.060577736529999981e+02
6.500000000000000222e-01 6.515845523480000338e+03 2.463473811939999905e+03 1.757754878019999887e+04 2.059853988689999937e+02 -6.038611887319999738e+01 2.052765174980000040e+02
6.500000000000000222e-01 6.251514731029999894e+03 2.724162576090000130e+03 1.762589602390000073e+04 2.064590754710000056e+02 -6.096404624840000253e+01 2.064305667360000029e+02
6.500000000000000222e-01 6.483042250489999788e+03 2.470428348469999946e+03 1.763782496710000123e+04 2.058455612079999923e+02 -6.016599230239999940e+01 2.052927249159999974e+02
6.500000000000000222e-01 6.486362963790000322e+03 2.659620832969999810e+03 1.739303539140000066e+04 2.059982823080000003e+02 -6.004355285460000147e+01 2.062636012840000035e+02
6.500000000000000222e-01 6.317165241249999781e+03 2.552330831039999794e+03 1.732597144770000159e+04 2.051298797340000135e+02 -6.078682128580000210e+01 2.056585256950000087e+02
6.500000000000000222e-01 6.335428844230000323e+03 2.552305214680000063e+03 1.732364765329999864e+04 2.054185353610000107e+02 -6.071563817629999704e+01 2.055907735680000030e+02
6.500000000000000222e-01 6.171923079950000101e+03 2.523745590070000162e+03 1.760079797500000132e+04 2.058155049799999858e+02 -6.025047707630000104e+01 2.050945595400000059e+02
6.500000000000000222e-01 6.380933487340000283e+03 2.765878213760000108e+03 1.761516941679999945e+04 2.055521542319999924e+02 -6.017897858170000092e+01 2.058865342459999965e+02
6.500000000000000222e-01 6.274851290370000243e+03 2.738110180359999958e+03 1.762400551070000074e+04 2.062107700729999920e+02 -6.054354958070000237e+01 2.052523212579999949e+02
6.500000000000000222e-01 6.467942996579999999e+03 2.422089052689999789e+03 1.758447287900000083e+04 2.058609262600000136e+02 -6.026361381960000330e+01 2.048993219650000128e+02
6.500000000000000222e-01 6.518878336599999784e+03 2.688339848309999979e+03 1.747219635879999987e+04 2.058211018750000108e+02 -6.061560928890000355e+01 2.056817991560000110e+02
6.500000000000000222e-01 6.355744394780000221e+03 2.654657696599999781e+03 1.771953589129999818e+04 2.058422518700000126e+02 -5.945031078440000272e+01 2.055907716609999909e+02
6.500000000000000222e-01 6.505904321400000299e+03 2.458575833949999833e+03 1.758334300040000016e+04 2.055524083010000140e+02 -5.997855319469999813e+01 2.060335000579999871e+02
6.500000000000000222e-01 6.151104125840000052e+03 2.576955192739999802e+03 1.754961985260000074e+04 2.059566050990000008e+02 -6.034980958599999923e+01 2.046199244700000008e+02
6.500000000000000222e-01 6.413243797330000234e+03 2.756451196280000204e+03 1.761738236200000028e+04 2.055646106579999923e+02 -6.006229564280000233e+01 2.056646403910000060e+02
6.500000000000000222e-01 6.546030298970000331e+03 2.610413961010000094e+03 1.759087691020000057e+04 2.055746961579999947e+02 -6.031979661660000147e+01 2.062577027170000008e+02
1.390000000000000000e+04 -9.456266401560000304e+03 1.995937896019999926e+03 1.295091633039999942e+04 -2.416688095389999944e+02 2.031259875210000132e+02 -3.267913267779999842e+02
6.500000000000000222e-01 -9.405640231479999784e+03 1.976184642709999935e+03 1.308289008149999972e+04 -2.423517587519999950e+02 2.033961250209999889e+02 -3.265402701959999945e+02
6.500000000000000222e-01 -9.483586693190000005e+03 2.025430522489999930e+03 1.281333134129999962e+04 -2.419491992160000109e+02 2.035338140910000106e+02 -3.266946106749999785e+02
6.500000000000000222e-01 -9.498087341889999152e+03 2.015866677369999934e+03 1.308688760340000044e+04 -2.412206204940000021e+02 2.028428424969999924e+02 -3.264450151789999950e+02
6.500000000000000222e-01 -9.379813581980000890e+03 1.894953115990000015e+03 1.288776642890000039e+04 -2.419058093479999911e+02 2.035306565420000027e+02 -3.273580896579999830e+02
6.500000000000000222e-01 -9.378071377759999450e+03 1.889930005839999922e+03 1.290058803760000046e+04 -2.417551983429999893e+02 2.033132894860000022e+02 -3.266208536949999939e+02
6.500000000000000222e-01 -9.524375287790000584e+03 1.971924160739999934e+03 1.307532856250000077e+04 -2.420078637309999863e+02 2.032031139739999901e+02 -3.267650953429999845e+02
6.500000000000000222e-01 -9.528343690300000162e+03 1.960692595539999957e+03 1.283319626319999952e+04 -2.410541638509999984e+02 2.032414132419999930e+02 -3.270729732760000275e+02
6.500000000000000222e-01 -9.361087257049999607e+03 1.989936463320000030e+03 1.284342230080000081e+04 -2.420939794809999910e+02 2.031385647769999991e+02 -3.273944982200000027e+02
6.500000000000000222e-01 -9.367817295189999641e+03 1.910067929629999981e+03 1.301795452210000076e+04 -2.419028124440000056e+02 2.033474590010000043e+02 -3.270381371359999889e+02
6.500000000000000222e-01 -9.497574529819999952e+03 1.867268279110000094e+03 1.290928007310000066e+04 -2.417344327689999943e+02 2.034973647630000073e+02 -3.269571348819999912e+02
6.500000000000000222e-01 -9.418605019049999100e+03 1.896122363480000104e+03 1.304260530160000053e+04 -2.420951596300000119e+02 2.037326892190000081e+02 -3.264527649839999981e+02
6.500000000000000222e-01 -9.334313721290000103e+03 1.922114966050000021e+03 1.294802188530000058e+04 -2.417415827309999941e+02 2.032038115070000117e+02 -3.275686432499999796e+02
6.500000000000000222e-01 -9.417097417520000818e+03 1.867445833660000062e+03 1.299211328649999996e+04 -2.418821126519999893e+02 2.034072536060000118e+02 -3.270072314430000233e+02
6.500000000000000222e-01 -9.428495802890000050e+03 1.906189086979999956e+03 1.306076787030000014e+04 -2.414582904659999940e+02 2.027377202689999933e+02 -3.269795429519999743e+02
6.500000000000000222e-01 -9.512867537910000465e+03 2.052436094140000023e+03 1.283185630110000056e+04 -2.412864864119999879e+02 2.028166643920000070e+02 -3.271230624020000164e+02
6.500000000000000222e-01 -9.318038888889999726e+03 2.027613169479999897e+03 1.293509158919999936e+04 -2.418060507389999998e+02 2.030656445060000124e+02 -3.275540719549999835e+02
6.500000000000000222e-01 -9.488267436629999793e+03 2.131369382989999849e+03 1.298258364240000083e+04 -2.416803629970000031e+02 2.028690635389999954e+02 -3.261004474549999941e+02
6.500000000000000222e-01 -9.348980967580000652e+03 2.022252024670000083e+03 1.304026676559999942e+04 -2.416377910129999975e+02 2.032159651549999921e+02 -3.271578477510000198e+02
6.500000000000000222e-01 -9.356794660449999355e+03 2.097484265820000019e+03 1.295764129560000038e+04 -2.417395389989999899e+02 2.029658399870000096e+02 -3.267913898350000181e+02
6.500000000000000222e-01 -9.427926322490000530e+03 2.130162626010000167e+03 1.299078649840000071e+04 -2.418444441819999895e+02 2.029011986559999912e+02 -3.262414250420000030e+02
6.500000000000000222e-01 -9.321147093960000348e+03 2.041279599369999914e+03 1.295394911920000050e+04 -2.417383676320000063e+02 2.030672657419999894e+02 -3.275403920480000011e+02
6.500000000000000222e-01 -9.537748628519999329e+03 1.901714448409999932e+03 1.302100341099999969e+04 -2.415109324990000061e+02 2.035115535719999968e+02 -3.261149819760000241e+02
6.500000000000000222e-01 -9.589029401440000584e+03 1.982108059540000113e+03 1.290215799669999979e+04 -2.415642589930000099e+02 2.031196591959999864e+02 -3.265181539179999959e+02
6.500000000000000222e-01 -9.474459951180000644e+03 2.136177741420000075e+03 1.293847175290000087e+04 -2.416244059139999933e+02 2.029787662800000021e+02 -3.261961339929999895e+02
6.500000000000000222e-01 -9.405802602580000894e+03 2.003846244350000006e+03 1.308447708889999922e+04 -2.421119019250000122e+02 2.030496127309999963e+02 -3.266412788970000065e+02
6.500000000000000222e-01 -9.503798738139999841e+03 1.864456854990000011e+03 1.292751147979999951e+04 -2.417148462940000115e+02 2.033402775520000034e+02 -3.264798542419999876e+02
6.500000000000000222e-01 -9.389615142709999418e+03 2.096813112499999988e+03 1.287442142360000071e+04 -2.418946116630000063e+02 2.027945234789999915e+02 -3.274194723130000284e+02
6.500000000000000222e-01 -9.484651528059999691e+03 1.862584133049999991e+03 1.299592652470000030e+04 -2.415033587400000101e+02 2.030765612300000100e+02 -3.268684020160000046e+02
6.500000000000000222e-01 -9.333980927200000224e+03 1.960450483390000045e+03 1.301397341059999962e+04 -2.415683121220000089e+02 2.031146274170000083e+02 -3.274153663289999940e+02
6.500000000000000222e-01 -9.564155683020000652e+03 1.905870232530000067e+03 1.292834325739999986e+04 -2.416281733509999867e+02 2.033117895080000039e+02 -3.266986942039999917e+02
6.500000000000000222e-01 -9.530422149190000709e+03 2.089734284810000190e+03 1.302999845640000058e+04 -2.415125854450000134e+02 2.027814575840000089e+02 -3.261106762329999924e+02
6.500000000000000222e-01 -9.407185839550000310e+03 2.038503678990000026e+03 1.282283212020000065e+04 -2.411122236180000016e+02 2.033886302809999904e+02 -3.266430000980000159e+02
6.500000000000000222e-01 -9.374741234799999802e+03 1.891488514610000038e+03 1.300388242240000000e+04 -2.415853609430000120e+02 2.030235875319999934e+02 -3.274366410979999955e+02
6.500000000000000222e-01 -9.339919240549999813e+03 2.077862762929999917e+03 1.294253038849999939e+04 -2.417641992949999974e+02 2.030036502949999999e+02 -3.275362515950000102e+02
6.500000000000000222e-01 -9.390548255179999614e+03 2.119881632350000018e+03 1.292725764109999909e+04 -2.416934654430000080e+02 2.028527333780000106e+02 -3.273658813769999938e+02
6.500000000000000222e-01 -9.557502586529999462e+03 1.905558825410000054e+03 1.299523044920000029e+04 -2.414724762929999997e+02 2.033345213199999932e+02 -3.260814638150000064e+02
6.500000000000000222e-01 -9.554706239479999567e+03 2.094532523570000194e+03 1.298200412449999931e+04 -2.417509992630000113e+02 2.031268971709999960e+02 -3.272876975880000145e+02
6.500000000000000222e-01 -9.372040815430000293e+03 1.889736305829999992e+03 1.299881882229999974e+04 -2.417054571550000048e+02 2.032145423720000110e+02 -3.265429374049999751e+02
6.500000000000000222e-01 -9.334578116819999195e+03 2.053853139069999997e+03 1.299660342080000009e+04 -2.419843665189999911e+02 2.029826029310000024e+02 -3.262695028580000098e+02
6.500000000000000222e-01 -9.519082190740000442e+03 1.959684090570000080e+03 1.307500873270000011e+04 -2.422434196229999941e+02 2.029951531750000129e+02 -3.269400336819999779e+02
1.190000000000000000e+04 -5.150761874720000378e+03 6.166162414119999994e+03 -1.319387804510000024e+04 -2.684362593449999963e+02 -2.881040444599999972e+01 8.046033622609999725e+01
6.500000000000000222e-01 -5.249181023850000201e+03 6.249592855029999555e+03 -1.316105626400000074e+04 -2.684677838289999841e+02 -2.876807912099999953e+01 7.977579763090000142e+01
6.500000000000000222e-01 -5.213252946300000076e+03 6.146672106730000451e+03 -1.307758596030000081e+04 -2.686276600489999851e+02 -2.905010848630000098e+01 8.030945785870000009e+01
6.500000000000000222e-01 -5.075916802120000284e+03 6.146618806569999833e+03 -1.308396735300000000e+04 -2.685613663109999720e+02 -2.893979077659999888e+01 8.072794145379999975e+01
6.500000000000000222e-01 -5.074612713470000017e+03 6.201973832519999632e+03 -1.329757827449999968e+04 -2.681447905680000190e+02 -2.857439820600000147e+01 8.076301369339999781e+01
6.500000000000000222e-01 -5.050231672730000355e+03 6.234449843340000371e+03 -1.314038133279999965e+04 -2.687782603859999995e+02 -2.902244522810000049e+01 8.101277419720000239e+01
6.500000000000000222e-01 -5.189799821859999611e+03 6.250158504259999972e+03 -1.309808609860000070e+04 -2.682130063640000230e+02 -2.932424284020000016e+01 8.086789178319999394e+01
6.500000000000000222e-01 -5.104353628500000013e+03 6.056187499769999704e+03 -1.324818326019999949e+04 -2.685763270429999920e+02 -2.868150913839999916e+01 8.095991127390000486e+01
6.500000000000000222e-01 -5.193223994549999588e+03 6.046619482459999745e+03 -1.315519415760000084e+04 -2.683908203440000193e+02 -2.849314268099999836e+01 8.100583142009999449e+01
6.500000000000000222e-01 -5.157873689320000267e+03 6.057520560769999975e+03 -1.311300290630000018e+04 -2.680638840859999732e+02 -2.913543813160000084e+01 8.052045743290000246e+01
6.500000000000000222e-01 -5.098598863219999657e+03 6.266263129459999618e+03 -1.312541986449999968e+04 -2.683119230010000251e+02 -2.932099008959999864e+01 8.063132026050000434e+01
6.500000000000000222e-01 -5.021057380829999602e+03 6.158412553639999715e+03 -1.322063379899999927e+04 -2.687009463300000220e+02 -2.880219167879999986e+01 8.010263697919999970e+01
6.500000000000000222e-01 -5.129018535950000114e+03 6.039875006279999980e+03 -1.323132953369999996e+04 -2.683489849270000036e+02 -2.889629127590000124e+01 8.109308867340000404e+01
6.500000000000000222e-01 -5.067387378409999656e+03 6.063391134409999722e+03 -1.321225134819999948e+04 -2.684632183940000232e+02 -2.877070412550000000e+01 8.059608067530000142e+01
6.500000000000000222e-01 -5.147032216200000221e+03 6.080821817400000327e+03 -1.329717602579999948e+04 -2.682981706699999904e+02 -2.919735996949999901e+01 8.076922693989999402e+01
6.500000000000000222e-01 -5.252438124289999905e+03 6.162456348329999855e+03 -1.310838743910000085e+04 -2.684128100579999909e+02 -2.887693042689999956e+01 8.026674863360000245e+01
6.500000000000000222e-01 -5.047333462870000403e+03 6.086418769939999947e+03 -1.321774954500000058e+04 -2.684652868590000026e+02 -2.880310195790000094e+01 8.117896493879999298e+01
6.500000000000000222e-01 -5.090457271410000430e+03 6.126002335320000384e+03 -1.330436317129999952e+04 -2.688969803559999718e+02 -2.841048404040000008e+01 8.030321770930000014e+01
6.500000000000000222e-01 -5.091918199589999858e+03 6.146779391760000181e+03 -1.307503542360000029e+04 -2.679926779940000188e+02 -2.904047213509999992e+01 8.036294535739999390e+01
6.500000000000000222e-01 -5.240242155879999700e+03 6.069427794760000324e+03 -1.320893846920000033e+04 -2.683360420010000098e+02 -2.861081064369999893e+01 8.032150491230000000e+01
6.500000000000000222e-01 -5.208315621290000308e+03 6.274270313560000432e+03 -1.314818441899999925e+04 -2.681821375729999772e+02 -2.913529681580000030e+01 8.036374926720000644e+01
6.500000000000000222e-01 -5.121872821859999931e+03 6.062363712129999840e+03 -1.311208930820000023e+04 -2.683235010970000189e+02 -2.864227619000000047e+01 8.106183604180000657e+01
6.500000000000000222e-01 -5.208333980729999894e+03 6.168746274490000360e+03 -1.331494682450000073e+04 -2.679117012049999857e+02 -2.870134017270000015e+01 8.005877510109999662e+01
6.500000000000000222e-01 -5.231828203439999925e+03 6.197599743669999953e+03 -1.309234653649999927e+04 -2.686306040709999934e+02 -2.873042128000000162e+01 8.022748689920000231e+01
6.500000000000000222e-01 -5.083737513719999697e+03 6.230899312040000041e+03 -1.328935159360000034e+04 -2.687814215579999768e+02 -2.857711435719999926e+01 8.040022633460000634e+01
6.500000000000000222e-01 -5.213512900579999950e+03 6.110842276780000248e+03 -1.329784988200000043e+04 -2.688214506179999717e+02 -2.882431219820000123e+01 8.071860843570000554e+01
6.500000000000000222e-01 -5.170431244340000376e+03 6.096910482579999552e+03 -1.330688475549999930e+04 -2.682946111919999908e+02 -2.908277011499999887e+01 8.056706500159999962e+01
6.500000000000000222e-01 -5.172906268210000235e+03 6.094193775779999669e+03 -1.330325901949999934e+04 -2.687164480819999994e+02 -2.891527471970000107e+01 8.072214104319999706e+01
6.500000000000000222e-01 -5.023834322839999913e+03 6.155553964319999977e+03 -1.323080424929999936e+04 -2.687389382179999870e+02 -2.877950321739999850e+01 8.010742340500000580e+01
6.500000000000000222e-01 -5.129626247199999852e+03 6.115389690519999931e+03 -1.307137685190000047e+04 -2.686107331509999767e+02 -2.834484140829999888e+01 8.089187494300000481e+01
6.500000000000000222e-01 -5.148597590800000035e+03 6.037071782789999816e+03 -1.322197148899999956e+04 -2.684963244560000248e+02 -2.870015792279999900e+01 8.107937329799999304e+01
6.500000000000000222e-01 -5.127847778270000163e+03 6.035199699869999677e+03 -1.318239022699999987e+04 -2.683814211449999902e+02 -2.878285026769999888e+01 8.006129932189999465e+01
6.500000000000000222e-01 -5.085083649350000087e+03 6.122540254470000036e+03 -1.330107819150000068e+04 -2.689845660180000095e+02 -2.840482340330000000e+01 8.007399946569999827e+01
6.500000000000000222e-01 -5.018342362940000385e+03 6.175525121980000222e+03 -1.319696165839999958e+04 -2.685797835930000019e+02 -2.884706223430000094e+01 8.110501780779999592e+01
6.500000000000000222e-01 -5.091540454619999764e+03 6.224449423109999771e+03 -1.329849334719999933e+04 -2.689646990420000066e+02 -2.881396076049999877e+01 8.012813439110000502e+01
6.500000000000000222e-01 -5.154010173570000006e+03 6.036170668990000195e+03 -1.316584340599999996e+04 -2.684045703859999890e+02 -2.856692094390000136e+01 8.119435254270000257e+01
6.500000000000000222e-01 -5.237894680299999891e+03 6.253636924950000321e+03 -1.324854220990000067e+04 -2.686318904820000171e+02 -2.857514464529999998e+01 8.066509869460000459e+01
6.500000000000000222e-01 -5.143225842689999808e+03 6.210211031779999757e+03 -1.306793905699999959e+04 -2.684942787990000284e+02 -2.953017924210000089e+01 8.074642229840000596e+01
6.500000000000000222e-01 -5.094078950060000352e+03 6.155494715920000090e+03 -1.331439968910000061e+04 -2.681190066510000065e+02 -2.880909220999999931e+01 8.060664998129999503e+01
6.500000000000000222e-01 -5.167560021950000191e+03 6.162535338509999747e+03 -1.306103611989999990e+04 -2.677837681870000210e+02 -2.884111254009999925e+01 8.064465478459999304e+01
6.500000000000000222e-01 -5.198427937810000003e+03 6.148895976200000405e+03 -1.307002927470000031e+04 -2.688486018759999752e+02 -2.908104267959999945e+01 8.033058424959999400e+01
