3.450000000000000000e+05 2.991671621949999917e+03 -4.785730256990000271e+03 -7.180860720880000372e+03 -1.258970959690000058e+02 3.999907911190000220e+01 -2.467558470110000002e+01
6.500000000000000222e-01 2.903712364590000107e+03 -4.694550170960000287e+03 -6.915007191589999820e+03 -1.263668400960000042e+02 4.090976187329999902e+01 -2.339531940359999851e+01
6.500000000000000222e-01 2.819912260200000219e+03 -4.905854357229999550e+03 -7.363373234370000318e+03 -1.250460948780000052e+02 3.994913603180000194e+01 -2.402685812240000018e+01
6.500000000000000222e-01 3.179934214679999968e+03 -4.710457106030000432e+03 -6.994351193159999639e+03 -1.265704094670000046e+02 4.051019832240000085e+01 -2.604961884380000114e+01
6.500000000000000222e-01 2.976203139249999822e+03 -4.908096425550000276e+03 -7.450409839320000174e+03 -1.248247867599999950e+02 3.679931054570000271e+01 -2.498477077429999937e+01
6.500000000000000222e-01 3.103606819629999791e+03 -4.985292371999999887e+03 -7.347061417410000104e+03 -1.258693159860000037e+02 4.003310146519999790e+01 -2.575534185460000103e+01
6.500000000000000222e-01 3.085322652209999887e+03 -4.573565634980000141e+03 -7.321579793990000326e+03 -1.269861718920000015e+02 3.728775039170000127e+01 -2.617694368129999916e+01
6.500000000000000222e-01 2.775362729190000209e+03 -4.683532595990000118e+03 -7.313890437199999724e+03 -1.238645094630000045e+02 3.933203724349999675e+01 -2.490780023729999826e+01
6.500000000000000222e-01 3.152383732589999909e+03 -4.618807063129999733e+03 -7.321498522500000036e+03 -1.266515974990000046e+02 3.701788108339999894e+01 -2.601046821879999982e+01
6.500000000000000222e-01 2.769990568969999913e+03 -4.708101623440000367e+03 -6.994667535390000012e+03 -1.254440648169999974e+02 4.149028973520000108e+01 -2.234048110230000006e+01
6.500000000000000222e-01 2.729653636160000133e+03 -4.799848904870000297e+03 -7.082833519339999839e+03 -1.241478913570000060e+02 4.128773848649999678e+01 -2.130867304710000099e+01
6.500000000000000222e-01 2.819374277070000062e+03 -4.928886054419999709e+03 -7.345067957299999762e+03 -1.251509947290000042e+02 3.948002667280000111e+01 -2.345468417769999903e+01
6.500000000000000222e-01 3.061128808389999904e+03 -4.799826193529999728e+03 -6.912408602460000111e+03 -1.284765338770000085e+02 4.187195976019999932e+01 -2.447424778579999938e+01
6.500000000000000222e-01 2.931004715229999874e+03 -4.636833277269999599e+03 -7.412954804850000073e+03 -1.256438976780000019e+02 3.841696126480000117e+01 -2.453606339190000085e+01
6.500000000000000222e-01 2.858332225359999939e+03 -4.736244471549999616e+03 -7.414759518210000351e+03 -1.225783689839999937e+02 3.823222935439999759e+01 -2.557467443579999866e+01
6.500000000000000222e-01 3.132813918740000190e+03 -4.741055346789999930e+03 -6.950497235879999607e+03 -1.280641311189999954e+02 4.096702043479999844e+01 -2.484519529559999995e+01
6.500000000000000222e-01 2.877617977739999787e+03 -4.995432064839999839e+03 -7.329105298929999663e+03 -1.235252385600000054e+02 4.119331200530000103e+01 -2.767578397129999956e+01
6.500000000000000222e-01 2.775980988109999998e+03 -4.857875184999999874e+03 -7.329291228959999899e+03 -1.250449435059999956e+02 3.946640457350000020e+01 -2.268561847730000025e+01
6.500000000000000222e-01 2.992061951180000051e+03 -4.869409892519999630e+03 -6.919623200859999997e+03 -1.276215537070000039e+02 4.407578902560000245e+01 -2.409898870769999846e+01
6.500000000000000222e-01 2.891307848269999795e+03 -4.846464666330000000e+03 -6.919725195940000049e+03 -1.245015804239999966e+02 4.274485561270000034e+01 -2.313634518010000107e+01
6.500000000000000222e-01 3.043462990319999790e+03 -4.716470883439999852e+03 -7.447693832869999824e+03 -1.248426570609999970e+02 3.641162185310000154e+01 -2.526975935970000009e+01
6.500000000000000222e-01 2.792292677479999838e+03 -4.615577754320000167e+03 -7.282066190120000101e+03 -1.255740461240000059e+02 3.994433454850000231e+01 -2.211681156159999873e+01
6.500000000000000222e-01 2.846398635590000140e+03 -4.603687751239999670e+03 -7.325100531639999645e+03 -1.245084441239999933e+02 3.818967594530000298e+01 -2.515372634079999870e+01
6.500000000000000222e-01 3.099305320039999970e+03 -4.620327493509999840e+03 -6.977255684849999852e+03 -1.291196096580000017e+02 3.936382878300000243e+01 -2.233682699190000065e+01
6.500000000000000222e-01 3.209508733340000163e+03 -4.804211054909999802e+03 -7.024026811470000212e+03 -1.281551347909999947e+02 4.027345580010000248e+01 -2.497942127560000003e+01
6.500000000000000222e-01 3.203303908249999949e+03 -4.776198483459999807e+03 -7.015096182840000438e+03 -1.275200051319999943e+02 4.030252807469999965e+01 -2.582671017099999844e+01
6.500000000000000222e-01 2.970869040999999925e+03 -4.996859779250000429e+03 -7.006020467270000154e+03 -1.252353531640000028e+02 4.262851732469999888e+01 -2.388153317869999981e+01
6.500000000000000222e-01 2.863945845790000021e+03 -4.630657908199999838e+03 -7.375951343370000359e+03 -1.260503286000000003e+02 4.002976013010000145e+01 -2.274629157409999891e+01
6.500000000000000222e-01 2.804417068390000168e+03 -4.971387907540000015e+03 -7.247446496929999739e+03 -1.246433868639999929e+02 4.055782766059999744e+01 -2.307969092620000140e+01
6.500000000000000222e-01 2.883609897809999893e+03 -4.539260844219999854e+03 -7.271113683579999815e+03 -1.261737533219999960e+02 3.919280833279999854e+01 -2.327258233150000066e+01
6.500000000000000222e-01 2.859251443040000140e+03 -4.929198361730000215e+03 -6.982909958770000230e+03 -1.266828048720000055e+02 4.071184111270000017e+01 -2.602810121099999918e+01
6.500000000000000222e-01 3.172117143959999794e+03 -4.625422447300000385e+03 -7.055203214350000053e+03 -1.274393675289999948e+02 3.875849562690000027e+01 -2.423215220209999998e+01
6.500000000000000222e-01 2.757862670619999790e+03 -4.868181735010000011e+03 -7.051564482300000236e+03 -1.260629288020000018e+02 4.135331829230000267e+01 -2.585273908370000129e+01
6.500000000000000222e-01 2.721404054619999897e+03 -4.819875312529999974e+03 -7.177443097680000392e+03 -1.244046221520000017e+02 4.075373463950000286e+01 -2.149287346679999899e+01
6.500000000000000222e-01 3.051369451730000037e+03 -4.747433957790000022e+03 -7.460075363320000179e+03 -1.266705727340000038e+02 3.757242756189999966e+01 -2.570132650600000090e+01
6.500000000000000222e-01 2.878054142330000104e+03 -4.530347112800000104e+03 -7.128144994799999949e+03 -1.260294556919999991e+02 3.921840418050000210e+01 -2.071465747750000119e+01
6.500000000000000222e-01 2.981668432680000024e+03 -4.510733362339999985e+03 -7.218569406399999934e+03 -1.268176875200000069e+02 3.887952914289999740e+01 -2.309661570869999991e+01
6.500000000000000222e-01 3.031733546890000071e+03 -4.675278228649999619e+03 -7.424792802879999726e+03 -1.244310844599999939e+02 3.652466922210000178e+01 -2.480664105749999848e+01
6.500000000000000222e-01 3.059768622340000093e+03 -4.679311314520000451e+03 -6.923690832369999953e+03 -1.273761206190000053e+02 3.933061591429999737e+01 -2.350122137980000048e+01
6.500000000000000222e-01 2.857946158270000069e+03 -4.890039447739999559e+03 -6.959553396829999656e+03 -1.261602718040000042e+02 4.338212030300000066e+01 -2.395098640519999833e+01
6.500000000000000222e-01 3.059441371819999858e+03 -4.598683742039999743e+03 -6.971703731530000368e+03 -1.268589321999999981e+02 4.159833164500000180e+01 -2.497591842980000010e+01
4.560000000000000000e+04 7.914697919150000416e+03 2.110941169159999845e+03 1.905319396430000052e+04 2.010162979559999883e+02 -6.195381121479999820e+01 1.925758693509999944e+02
6.500000000000000222e-01 7.967908891369999765e+03 1.985062780420000081e+03 1.921327049020000049e+04 2.016022187730000041e+02 -6.234199006840000123e+01 1.925095433969999874e+02
6.500000000000000222e-01 8.040528405809999640e+03 2.211523769720000018e+03 1.892996018679999906e+04 2.004485348659999886e+02 -6.262665920479999926e+01 1.918955478400000061e+02
6.500000000000000222e-01 7.969422210599999744e+03 1.994657403380000005e+03 1.921382506039999862e+04 2.007904246159999957e+02 -6.101459907880000344e+01 1.934298766329999921e+02
6.500000000000000222e-01 7.714894231809999837e+03 2.097240078780000204e+03 1.901989436650000061e+04 2.012833592259999875e+02 -6.196354164899999972e+01 1.924904302019999989e+02
6.500000000000000222e-01 8.056178611239999555e+03 2.245824350660000164e+03 1.900193816739999966e+04 2.008814654429999962e+02 -6.194800832920000033e+01 1.935871165430000076e+02
6.500000000000000222e-01 7.825786760599999980e+03 2.291112812759999997e+03 1.905637082649999866e+04 2.012297248559999900e+02 -6.234553319759999823e+01 1.922914169519999916e+02
6.500000000000000222e-01 7.883043485289999808e+03 2.150326583149999806e+03 1.925383338949999961e+04 2.019318960239999967e+02 -6.269050860530000335e+01 1.930949406210000063e+02
6.500000000000000222e-01 7.912783401159999812e+03 2.312523191190000034e+03 1.904792631080000137e+04 2.010533794119999982e+02 -6.236233455659999692e+01 1.923601921179999863e+02
6.500000000000000222e-01 7.895586422770000354e+03 2.176604342739999993e+03 1.885664328970000133e+04 2.007930317240000022e+02 -6.265856717119999786e+01 1.920833855790000086e+02
6.500000000000000222e-01 7.826216028939999887e+03 2.108636868149999827e+03 1.886510693209999954e+04 2.011223308289999920e+02 -6.204157824509999841e+01 1.921874722610000106e+02
6.500000000000000222e-01 8.059524985039999592e+03 2.017133503719999908e+03 1.895450356829999873e+04 2.007201183550000110e+02 -6.177363212979999929e+01 1.930842059539999980e+02
6.500000000000000222e-01 7.868963039000000208e+03 2.115114517770000020e+03 1.925434954419999849e+04 2.013344765360000110e+02 -6.186511318249999647e+01 1.927668955270000026e+02
6.500000000000000222e-01 7.841025421139999708e+03 1.953887819790000094e+03 1.916138606530000106e+04 2.016398568079999905e+02 -6.195989337040000322e+01 1.926134644800000046e+02
6.500000000000000222e-01 7.890693447829999968e+03 1.917805119189999914e+03 1.898686127960000158e+04 2.011741633359999923e+02 -6.160917647499999816e+01 1.917577677840000092e+02
6.500000000000000222e-01 7.781052183269999659e+03 1.961431194860000005e+03 1.907968995640000139e+04 2.013130951450000055e+02 -6.164977440519999874e+01 1.932125662249999891e+02
6.500000000000000222e-01 8.007109933470000215e+03 1.951203691230000004e+03 1.898485119639999903e+04 2.005649855100000138e+02 -6.150529300000000177e+01 1.928785238819999961e+02
6.500000000000000222e-01 8.109261625869999989e+03 2.161310309340000003e+03 1.908588832859999820e+04 2.008507646609999995e+02 -6.202729343210000224e+01 1.924211875500000133e+02
6.500000000000000222e-01 8.115683340319999843e+03 2.132262204829999973e+03 1.906246164979999958e+04 2.006818212400000050e+02 -6.195969990209999878e+01 1.929510054760000060e+02
6.500000000000000222e-01 7.827574862569999823e+03 1.986368050170000060e+03 1.891236531459999969e+04 2.015061454860000083e+02 -6.195807105050000274e+01 1.919953194750000023e+02
6.500000000000000222e-01 7.845275520189999952e+03 2.173257112459999917e+03 1.923900325660000090e+04 2.015485953079999888e+02 -6.216072760139999787e+01 1.930469457570000031e+02
6.500000000000000222e-01 7.835141344700000445e+03 2.229892292959999850e+03 1.890182516689999829e+04 2.004487967110000000e+02 -6.151436042030000095e+01 1.929234276720000025e+02
6.500000000000000222e-01 8.041525259080000069e+03 1.986636508739999954e+03 1.894589150739999968e+04 2.007356599359999905e+02 -6.180255424450000135e+01 1.920789468659999955e+02
6.500000000000000222e-01 7.997371884590000263e+03 1.926999995720000015e+03 1.906035053200000038e+04 2.008903599919999863e+02 -6.164731557639999693e+01 1.916440877400000034e+02
6.500000000000000222e-01 7.915434166029999687e+03 2.242117289580000033e+03 1.889250691540000116e+04 2.006108972579999943e+02 -6.136456379330000033e+01 1.929038054769999917e+02
6.500000000000000222e-01 8.076799612249999882e+03 1.994158598040000015e+03 1.910109324370000104e+04 2.010206756910000081e+02 -6.188456872079999727e+01 1.922517964209999946e+02
6.500000000000000222e-01 7.816969364520000454e+03 2.249533348949999890e+03 1.915806473389999883e+04 2.017132293079999954e+02 -6.268612245250000115e+01 1.933441838150000081e+02
6.500000000000000222e-01 8.043120008580000103e+03 2.002811168740000085e+03 1.916153597409999929e+04 2.009307726160000129e+02 -6.166254794459999999e+01 1.922774982100000045e+02
6.500000000000000222e-01 8.047198583600000347e+03 2.192159104540000044e+03 1.892391055879999840e+04 2.009772451050000086e+02 -6.173756004490000038e+01 1.931790783669999882e+02
6.500000000000000222e-01 7.871653350130000035e+03 2.079444493580000199e+03 1.885168259380000018e+04 2.001874451459999875e+02 -6.240886633099999870e+01 1.924407304380000028e+02
6.500000000000000222e-01 7.892073965630000203e+03 2.079967335230000117e+03 1.884887115990000166e+04 2.004614775359999896e+02 -6.233713347020000128e+01 1.923814452930000130e+02
6.500000000000000222e-01 7.732564752829999634e+03 2.055210028940000029e+03 1.912239490500000102e+04 2.011004522300000019e+02 -6.181497296460000257e+01 1.919265325579999910e+02
6.500000000000000222e-01 7.939072893040000054e+03 2.297160581739999998e+03 1.914340929909999977e+04 2.007161373630000014e+02 -6.192984516740000345e+01 1.928622744209999951e+02
6.500000000000000222e-01 7.838334526079999705e+03 2.266656620480000129e+03 1.914717842860000019e+04 2.014476017169999977e+02 -6.227907541449999940e+01 1.921758650209999928e+02
6.500000000000000222e-01 8.028069710130000203e+03 1.953846568299999944e+03 1.910501828240000032e+04 2.009280922680000003e+02 -6.172815653680000025e+01 1.918473808239999983e+02
6.500000000000000222e-01 8.078421217680000154e+03 2.216460885059999782e+03 1.899882029250000051e+04 2.008172147850000044e+02 -6.231745275659999805e+01 1.926492807399999947e+02
6.500000000000000222e-01 7.916334288519999973e+03 2.191945211579999977e+03 1.924556886899999881e+04 2.010637831360000121e+02 -6.109692513139999903e+01 1.925819353960000058e+02
6.500000000000000222e-01 8.063574345320000248e+03 1.992406932480000023e+03 1.911268103759999940e+04 2.005976680120000140e+02 -6.147205707700000232e+01 1.930055413270000031e+02
6.500000000000000222e-01 7.712803103989999727e+03 2.107443509480000102e+03 1.906748041390000071e+04 2.012342555310000023e+02 -6.196834292559999824e+01 1.914275201760000016e+02
6.500000000000000222e-01 7.971392688779999844e+03 2.288666103349999958e+03 1.914397496440000032e+04 2.007068417419999946e+02 -6.180387387900000107e+01 1.926544259320000094e+02
6.500000000000000222e-01 8.103817232299999887e+03 2.141143520789999911e+03 1.912211918789999982e+04 2.006065093660000116e+02 -6.193646640469999909e+01 1.932756126719999941e+02
1.390000000000000000e+04 -1.126805317400000058e+04 3.543478394719999869e+03 1.038993466269999954e+04 -2.302805563940000013e+02 2.000746393910000052e+02 -3.407039041659999725e+02
6.500000000000000222e-01 -1.122328334589999940e+04 3.525983584990000054e+03 1.052372970320000059e+04 -2.311244627030000061e+02 2.003950115099999891e+02 -3.404895355909999921e+02
6.500000000000000222e-01 -1.129692348529999981e+04 3.575836810589999914e+03 1.025312270399999943e+04 -2.304041689809999980e+02 2.004111331160000020e+02 -3.405876198749999730e+02
6.500000000000000222e-01 -1.130696219849999943e+04 3.561324683610000193e+03 1.052887565270000050e+04 -2.299764808689999995e+02 1.998201052469999865e+02 -3.402841655249999917e+02
6.500000000000000222e-01 -1.119318192260000069e+04 3.445929189039999983e+03 1.032195410690000062e+04 -2.304453222189999906e+02 2.005606473619999974e+02 -3.413962483750000274e+02
6.500000000000000222e-01 -1.119034737350000069e+04 3.439279708730000038e+03 1.034042830990000039e+04 -2.303122515819999876e+02 2.003548866019999934e+02 -3.406609720860000152e+02
6.500000000000000222e-01 -1.133916078799999923e+04 3.520347038299999895e+03 1.051492440410000017e+04 -2.307297898260000011e+02 2.002331452370000022e+02 -3.405862200849999795e+02
6.500000000000000222e-01 -1.133477743179999925e+04 3.509211133559999780e+03 1.027021571030000086e+04 -2.294995724050000092e+02 2.002132044669999971e+02 -3.409354273550000016e+02
6.500000000000000222e-01 -1.117580958309999914e+04 3.537407155840000087e+03 1.027730683150000004e+04 -2.306109376189999978e+02 2.000375141789999986e+02 -3.414338369810000131e+02
6.500000000000000222e-01 -1.118175287919999937e+04 3.459699143169999843e+03 1.045467848140000024e+04 -2.305998939019999909e+02 2.003967434840000124e+02 -3.410639286399999719e+02
6.500000000000000222e-01 -1.130952095709999958e+04 3.418233649429999787e+03 1.034703552429999945e+04 -2.302534216429999958e+02 2.005962139860000093e+02 -3.408665177500000141e+02
6.500000000000000222e-01 -1.123403272619999916e+04 3.448834050729999944e+03 1.048404589579999993e+04 -2.308007637590000058e+02 2.008169256209999958e+02 -3.404197436329999960e+02
6.500000000000000222e-01 -1.114676958220000051e+04 3.470486576090000199e+03 1.038048057169999993e+04 -2.303708340919999955e+02 2.002086365300000068e+02 -3.416415297579999901e+02
6.500000000000000222e-01 -1.123065259970000079e+04 3.417743593099999998e+03 1.042921634950000043e+04 -2.305222566500000028e+02 2.005118174749999866e+02 -3.409940571469999782e+02
6.500000000000000222e-01 -1.123909881239999959e+04 3.451251716960000067e+03 1.049823189549999915e+04 -2.301798323190000133e+02 1.998190035400000113e+02 -3.409317830370000024e+02
6.500000000000000222e-01 -1.132117515819999971e+04 3.597268375380000180e+03 1.026852119759999914e+04 -2.297578702700000122e+02 1.996769831759999931e+02 -3.409756344959999979e+02
6.500000000000000222e-01 -1.113104513799999950e+04 3.574414632890000121e+03 1.036769342510000024e+04 -2.304522671500000115e+02 1.999367030829999976e+02 -3.416154978280000023e+02
6.500000000000000222e-01 -1.130034557510000013e+04 3.676391803659999823e+03 1.042720895539999947e+04 -2.303533749240000077e+02 1.996777389719999860e+02 -3.399309479710000232e+02
6.500000000000000222e-01 -1.116109360059999926e+04 3.570368370719999803e+03 1.047613032620000013e+04 -2.303927120380000133e+02 2.001329665019999879e+02 -3.411680486879999989e+02
6.500000000000000222e-01 -1.116939214119999997e+04 3.643260086839999985e+03 1.039635510140000042e+04 -2.304188849839999875e+02 1.997715375800000004e+02 -3.407834682129999919e+02
6.500000000000000222e-01 -1.124138778280000042e+04 3.675394865860000209e+03 1.043408572380000078e+04 -2.305462805720000006e+02 1.996983159179999916e+02 -3.401374491799999760e+02
6.500000000000000222e-01 -1.113372147500000028e+04 3.588053535000000011e+03 1.038670091999999931e+04 -2.304085814620000008e+02 1.999284793829999956e+02 -3.415910419859999934e+02
6.500000000000000222e-01 -1.134842981770000006e+04 3.452772780419999890e+03 1.046551742240000021e+04 -2.301547548020000136e+02 2.006106144210000082e+02 -3.399525278570000069e+02
6.500000000000000222e-01 -1.139959964949999994e+04 3.529720297570000184e+03 1.034377604120000069e+04 -2.300747752819999903e+02 2.001032301109999878e+02 -3.402933481819999884e+02
6.500000000000000222e-01 -1.128594846270000016e+04 3.681955997850000131e+03 1.038227259690000028e+04 -2.302538209950000123e+02 1.997632034389999944e+02 -3.400474446680000256e+02
6.500000000000000222e-01 -1.122163290690000031e+04 3.550867202360000192e+03 1.052456968070000039e+04 -2.308923858530000075e+02 2.000175762290000137e+02 -3.405832203749999962e+02
6.500000000000000222e-01 -1.131566588369999954e+04 3.414255845149999914e+03 1.036896644390000074e+04 -2.302537275839999893e+02 2.004502962249999882e+02 -3.403804823300000066e+02
6.500000000000000222e-01 -1.120298758070000076e+04 3.641215620529999796e+03 1.030838020879999931e+04 -2.304647080219999964e+02 1.995839254930000095e+02 -3.413885696849999931e+02
6.500000000000000222e-01 -1.129521054290000029e+04 3.410419757010000012e+03 1.043437545309999950e+04 -2.301239158760000123e+02 2.002031537580000133e+02 -3.407813440749999927e+02
6.500000000000000222e-01 -1.114542188730000089e+04 3.508032352090000131e+03 1.044770695750000050e+04 -2.302828496109999890e+02 2.000937715130000072e+02 -3.414662527190000105e+02
6.500000000000000222e-01 -1.137530160839999917e+04 3.455307362540000213e+03 1.036841600490000019e+04 -2.301571928539999874e+02 2.003863936410000122e+02 -3.405198025469999834e+02
6.500000000000000222e-01 -1.134131316999999945e+04 3.634359940949999782e+03 1.047471537329999956e+04 -2.302138155330000018e+02 1.996646410349999883e+02 -3.399003123819999814e+02
6.500000000000000222e-01 -1.121427220560000023e+04 3.587682396990000143e+03 1.026270378379999966e+04 -2.296073293320000062e+02 2.002335897480000142e+02 -3.406218127039999786e+02
6.500000000000000222e-01 -1.118614401800000087e+04 3.438708046679999825e+03 1.043754171689999930e+04 -2.302547194199999865e+02 2.000915263530000061e+02 -3.414639343790000225e+02
6.500000000000000222e-01 -1.115264363760000015e+04 3.623985222539999995e+03 1.037542323290000058e+04 -2.304240339179999921e+02 1.998227250870000091e+02 -3.415561942530000010e+02
6.500000000000000222e-01 -1.120262281640000037e+04 3.664682077930000105e+03 1.036170330869999998e+04 -2.303298012889999882e+02 1.996306386710000140e+02 -3.413184975390000204e+02
6.500000000000000222e-01 -1.136775388129999919e+04 3.455233799579999868e+03 1.044006491049999931e+04 -2.300818062490000102e+02 2.004272519929999987e+02 -3.399003693450000014e+02
6.500000000000000222e-01 -1.136717973170000005e+04 3.641746959539999807e+03 1.041775988750000033e+04 -2.303868752219999863e+02 1.999928626399999985e+02 -3.410554896570000096e+02
6.500000000000000222e-01 -1.118436519589999989e+04 3.438424457730000086e+03 1.043932496720000017e+04 -2.303775477019999869e+02 2.002837833989999865e+02 -3.405727928050000060e+02
6.500000000000000222e-01 -1.114922215160000087e+04 3.599982988159999877e+03 1.043921835309999915e+04 -2.307064992130000007e+02 1.998476416359999916e+02 -3.402921365889999947e+02
6.500000000000000222e-01 -1.133566855439999927e+04 3.506565447080000013e+03 1.051322953880000023e+04 -2.309626463539999861e+02 2.000392771520000110e+02 -3.407699731530000236e+02
1.190000000000000000e+04 -7.184233336909999707e+03 5.918579159849999996e+03 -1.251564287479999984e+04 -2.614208756279999761e+02 -3.568606063419999685e+01 9.623079768809999734e+01
6.500000000000000222e-01 -7.282535789739999927e+03 6.002055002600000080e+03 -1.248854305349999959e+04 -2.613636659430000009e+02 -3.571429966630000052e+01 9.541981522490000600e+01
6.500000000000000222e-01 -7.247591248789999554e+03 5.897055371550000018e+03 -1.240039590909999970e+04 -2.614536492280000175e+02 -3.597338528889999765e+01 9.610299561850000316e+01
6.500000000000000222e-01 -7.110289459110000280e+03 5.897689568069999950e+03 -1.240317582709999988e+04 -2.615230997049999928e+02 -3.590719422989999998e+01 9.662880121950000500e+01
6.500000000000000222e-01 -7.106477297839999665e+03 5.956280058110000027e+03 -1.261712168349999956e+04 -2.612945377319999807e+02 -3.543276480690000341e+01 9.651389816249999853e+01
6.500000000000000222e-01 -7.086637373790000311e+03 5.984698812179999550e+03 -1.245771895779999977e+04 -2.618381860150000193e+02 -3.604035272699999837e+01 9.683551615960000447e+01
6.500000000000000222e-01 -7.221236735159999625e+03 5.998083609590000378e+03 -1.241689215990000048e+04 -2.611127075439999885e+02 -3.634157124099999692e+01 9.659248634700000480e+01
6.500000000000000222e-01 -7.139095659149999847e+03 5.810109625129999586e+03 -1.256576468670000031e+04 -2.616099421850000226e+02 -3.542391227600000292e+01 9.682387399750000156e+01
6.500000000000000222e-01 -7.225921894320000320e+03 5.801849027639999804e+03 -1.247246208370000022e+04 -2.612627780550000125e+02 -3.526925382440000334e+01 9.685349980130000347e+01
6.500000000000000222e-01 -7.188094873490000282e+03 5.807614708179999980e+03 -1.243382668820000072e+04 -2.609418191390000175e+02 -3.596508769500000113e+01 9.641254105310000000e+01
6.500000000000000222e-01 -7.131244832880000104e+03 6.014121730400000160e+03 -1.244588547239999934e+04 -2.613268519330000004e+02 -3.636381122720000292e+01 9.640022910790000310e+01
6.500000000000000222e-01 -7.057126508190000095e+03 5.910846332350000012e+03 -1.254480892440000025e+04 -2.618294996170000104e+02 -3.569167307669999900e+01 9.596470731670000021e+01
6.500000000000000222e-01 -7.161852574409999761e+03 5.792186403409999912e+03 -1.254787528249999923e+04 -2.613398346779999883e+02 -3.562861175540000147e+01 9.695958529979999696e+01
6.500000000000000222e-01 -7.101311108930000046e+03 5.816448479269999552e+03 -1.253246674569999959e+04 -2.615075129609999749e+02 -3.556007261749999770e+01 9.650105250880000085e+01
6.500000000000000222e-01 -7.179647475710000435e+03 5.830890006239999821e+03 -1.261651439240000036e+04 -2.613374191130000099e+02 -3.591263569529999700e+01 9.655744507900000428e+01
6.500000000000000222e-01 -7.285091863820000071e+03 5.914249471439999979e+03 -1.243175008300000081e+04 -2.612323842540000101e+02 -3.577914311890000221e+01 9.600150517020000507e+01
6.500000000000000222e-01 -7.081391172409999854e+03 5.839130197460000090e+03 -1.253351368109999930e+04 -2.615395048450000104e+02 -3.561878538589999721e+01 9.708036481499999582e+01
6.500000000000000222e-01 -7.127955883130000075e+03 5.881889939030000278e+03 -1.262727166229999966e+04 -2.620109343060000242e+02 -3.518340566949999726e+01 9.609378048179999610e+01
6.500000000000000222e-01 -7.121849281120000342e+03 5.897072055329999785e+03 -1.239706937239999934e+04 -2.609349671489999878e+02 -3.600883472030000121e+01 9.625676098799999636e+01
6.500000000000000222e-01 -7.272530886640000062e+03 5.823891920379999647e+03 -1.253177068270000018e+04 -2.612155986629999802e+02 -3.535053530329999916e+01 9.608730648499999916e+01
6.500000000000000222e-01 -7.239622156970000106e+03 6.023727757390000079e+03 -1.247108789330000036e+04 -2.611129412070000058e+02 -3.613147115019999944e+01 9.602910885229999849e+01
6.500000000000000222e-01 -7.154220924799999921e+03 5.816167320030000155e+03 -1.242867133680000006e+04 -2.612346685480000019e+02 -3.549253937590000163e+01 9.697801837309999939e+01
6.500000000000000222e-01 -7.237921168120000402e+03 5.922418991120000101e+03 -1.264020701750000080e+04 -2.609400595619999876e+02 -3.546851524880000284e+01 9.572299036500000113e+01
6.500000000000000222e-01 -7.266228517489999831e+03 5.950311113060000025e+03 -1.241602589380000063e+04 -2.614691079570000056e+02 -3.568642400870000131e+01 9.595850346979999301e+01
6.500000000000000222e-01 -7.120459199949999856e+03 5.985069367009999951e+03 -1.261177925359999972e+04 -2.619246096670000270e+02 -3.546473804290000231e+01 9.612357118629999775e+01
6.500000000000000222e-01 -7.249925290700000005e+03 5.863741181809999944e+03 -1.261786107559999982e+04 -2.618069809009999744e+02 -3.554688321719999777e+01 9.642989091229999588e+01
6.500000000000000222e-01 -7.202980860749999920e+03 5.847853502599999956e+03 -1.262790740759999971e+04 -2.613256009820000259e+02 -3.579886967339999870e+01 9.631988850870000363e+01
6.500000000000000222e-01 -7.208660612560000118e+03 5.846426228710000032e+03 -1.262308850239999992e+04 -2.617388168869999845e+02 -3.563026862859999966e+01 9.647534305829999823e+01
6.500000000000000222e-01 -7.060208752419999655e+03 5.908206647959999827e+03 -1.255496199449999949e+04 -2.618714991009999835e+02 -3.565738497910000149e+01 9.596458580370000391e+01
6.500000000000000222e-01 -7.164095119900000100e+03 5.871162918889999673e+03 -1.238936707410000054e+04 -2.615001907640000240e+02 -3.527581225899999851e+01 9.677931728240000098e+01
6.500000000000000222e-01 -7.182455628499999875e+03 5.790896290769999723e+03 -1.253865317730000061e+04 -2.614598596519999774e+02 -3.542983676450000274e+01 9.693650904829999604e+01
6.500000000000000222e-01 -7.160796078499999567e+03 5.788258894720000171e+03 -1.250673697189999984e+04 -2.613365788649999786e+02 -3.554559684729999702e+01 9.595496991550000132e+01
6.500000000000000222e-01 -7.123263844719999724e+03 5.878471083639999961e+03 -1.262571800769999936e+04 -2.621008869839999988e+02 -3.517754816770000303e+01 9.587131139790000134e+01
6.500000000000000222e-01 -7.053439445369999703e+03 5.927468457599999965e+03 -1.251343696559999989e+04 -2.616954939029999991e+02 -3.577540237649999710e+01 9.697032000219999759e+01
6.500000000000000222e-01 -7.129654739239999799e+03 5.976868594980000125e+03 -1.262302985420000005e+04 -2.621049477349999961e+02 -3.568378258410000115e+01 9.584554710650000686e+01
6.500000000000000222e-01 -7.186980364670000199e+03 5.790855629519999638e+03 -1.248154014680000000e+04 -2.613184171369999831e+02 -3.533829057940000240e+01 9.707635871029999919e+01
6.500000000000000222e-01 -7.272801578290000180e+03 6.007806442289999723e+03 -1.256935806050000065e+04 -2.616058596029999990e+02 -3.546428514040000124e+01 9.627316215010000633e+01
6.500000000000000222e-01 -7.176857824570000048e+03 5.956557760939999753e+03 -1.238735962289999952e+04 -2.614000387230000229e+02 -3.654677635240000200e+01 9.655366722649999645e+01
6.500000000000000222e-01 -7.125663357030000043e+03 5.908248358329999974e+03 -1.263509230790000038e+04 -2.612479774500000076e+02 -3.560229999279999902e+01 9.636998951920000422e+01
6.500000000000000222e-01 -7.195578251590000036e+03 5.914346456569999646e+03 -1.238114784329999929e+04 -2.606480179330000055e+02 -3.581154744839999893e+01 9.647363958469999545e+01
6.500000000000000222e-01 -7.234496613770000295e+03 5.898992606449999585e+03 -1.239262585589999981e+04 -2.616828239139999823e+02 -3.601718409850000313e+01 9.613762284320000617e+01
