3.450000000000000000e+05 1.967403540889999931e+03 -4.409328908720000072e+03 -7.261125525170000401e+03 -1.345036710779999964e+02 5.602586618149999964e+01 5.057199036810000159e+00
6.500000000000000222e-01 2.113267339500000162e+03 -4.557377274479999869e+03 -7.160325276450000274e+03 -1.368594026950000000e+02 5.829009643580000244e+01 3.136879677330000060e+00
6.500000000000000222e-01 1.842895100949999915e+03 -4.485282100389999869e+03 -7.025505527880000045e+03 -1.328080896110000140e+02 5.918708036600000355e+01 6.676901862730000303e+00
6.500000000000000222e-01 1.800804697990000022e+03 -4.431227913789999548e+03 -7.019030776339999647e+03 -1.329558167229999981e+02 5.967206814509999901e+01 7.838352422879999892e+00
6.500000000000000222e-01 1.909690113200000042e+03 -4.623209869850000359e+03 -7.145875983840000117e+03 -1.335244999589999964e+02 5.952550366039999830e+01 5.790303234879999650e+00
6.500000000000000222e-01 2.039914289829999916e+03 -4.525413936240000112e+03 -7.028602877780000199e+03 -1.357070606119999923e+02 5.851309026269999691e+01 4.697698665719999944e+00
6.500000000000000222e-01 2.003998500870000044e+03 -4.249498703379999824e+03 -7.003171879149999768e+03 -1.360467703429999915e+02 5.901181723679999891e+01 5.975346173560000196e+00
6.500000000000000222e-01 1.818598699690000103e+03 -4.321260110569999597e+03 -6.995055623010000090e+03 -1.363259416219999878e+02 5.878471589349999959e+01 6.669280364429999608e+00
6.500000000000000222e-01 2.019039432790000092e+03 -4.266296517849999873e+03 -7.003869033160000072e+03 -1.367607249780000132e+02 5.877940544789999677e+01 5.930921771490000438e+00
6.500000000000000222e-01 2.111968897490000018e+03 -4.445326517860000422e+03 -7.047506795520000196e+03 -1.363463538999999969e+02 5.726902714970000119e+01 4.020202833259999942e+00
6.500000000000000222e-01 2.041597921029999952e+03 -4.375070756179999989e+03 -6.986156721649999781e+03 -1.347949450700000114e+02 5.831394885440000309e+01 5.333923699299999654e+00
6.500000000000000222e-01 1.858490803189999951e+03 -4.471158033810000234e+03 -7.006158249709999836e+03 -1.328413196699999901e+02 5.993452405949999928e+01 7.204502982020000168e+00
6.500000000000000222e-01 1.727888497370000096e+03 -4.312525599180000427e+03 -7.143138810899999953e+03 -1.331433471439999892e+02 5.711145190199999888e+01 6.980831772980000238e+00
6.500000000000000222e-01 1.891736674279999988e+03 -4.199830768730000273e+03 -7.075680404370000360e+03 -1.348873846689999993e+02 5.588717073400000146e+01 7.303587933790000264e+00
6.500000000000000222e-01 1.736332236859999966e+03 -4.294416698179999912e+03 -7.083745876850000059e+03 -1.352690076819999945e+02 5.830017961659999770e+01 6.169687397959999764e+00
6.500000000000000222e-01 1.759029666220000081e+03 -4.432279800950000208e+03 -7.076339776410000013e+03 -1.329803491810000082e+02 5.842238024889999792e+01 6.744338033640000063e+00
6.500000000000000222e-01 1.874060187170000063e+03 -4.504226397700000234e+03 -7.014711806129999786e+03 -1.361637548870000103e+02 5.752358819919999888e+01 4.621586421299999969e+00
6.500000000000000222e-01 1.833870930979999912e+03 -4.411662855309999941e+03 -6.989058493430000453e+03 -1.328227016369999944e+02 5.956602554709999708e+01 8.040148007379999129e+00
6.500000000000000222e-01 1.919898621940000112e+03 -4.160549587640000027e+03 -7.130283558459999767e+03 -1.353737859649999962e+02 5.579046734549999798e+01 6.385801744490000154e+00
6.500000000000000222e-01 2.138560204649999832e+03 -4.255811120250000386e+03 -7.144824900309999975e+03 -1.371123052789999974e+02 5.632973902469999672e+01 3.928071459019999878e+00
6.500000000000000222e-01 2.010234116800000038e+03 -4.150046512349999830e+03 -7.142376609130000361e+03 -1.373416421770000113e+02 5.610108117480000089e+01 6.301264932449999634e+00
6.500000000000000222e-01 1.882354758250000032e+03 -4.327189435190000040e+03 -6.970700323920000301e+03 -1.343495888109999896e+02 5.708337399989999739e+01 7.846559117560000018e+00
6.500000000000000222e-01 1.847499927520000028e+03 -4.256511588229999688e+03 -7.000307119269999930e+03 -1.366449355029999992e+02 5.916718769020000224e+01 6.761135589800000290e+00
6.500000000000000222e-01 1.844302383859999964e+03 -4.543294041909999578e+03 -7.062756496060000245e+03 -1.348117785530000106e+02 5.764097979230000135e+01 3.981397601139999853e+00
6.500000000000000222e-01 1.792536018580000018e+03 -4.361649134489999597e+03 -7.008263755070000116e+03 -1.352010387900000126e+02 5.875287069419999852e+01 6.816048036809999822e+00
6.500000000000000222e-01 1.798190648810000084e+03 -4.381442478300000403e+03 -7.008545878040000389e+03 -1.338565075060000140e+02 5.877326563409999949e+01 7.451681682320000277e+00
6.500000000000000222e-01 1.952815830770000048e+03 -4.193889263519999986e+03 -7.023518618189999870e+03 -1.369268688669999960e+02 5.896160886639999887e+01 6.423119953119999614e+00
6.500000000000000222e-01 1.849199777269999913e+03 -4.258813807190000261e+03 -7.016371510969999690e+03 -1.339150663169999973e+02 5.586677756030000097e+01 9.222497196329999980e+00
6.500000000000000222e-01 1.923924694860000045e+03 -4.412288160019999850e+03 -6.967325816130000021e+03 -1.339434792430000130e+02 6.018362760120000132e+01 6.755918175509999735e+00
6.500000000000000222e-01 1.921300155019999920e+03 -4.304703565429999799e+03 -6.974695205699999860e+03 -1.356054951780000124e+02 5.751840073179999990e+01 7.062989110360000211e+00
6.500000000000000222e-01 2.047912863699999889e+03 -4.263326599869999882e+03 -7.026423642249999830e+03 -1.384968057529999896e+02 5.535343452739999748e+01 8.162574236990000287e+00
6.500000000000000222e-01 1.854507277359999989e+03 -4.442692954230000396e+03 -6.996487904900000103e+03 -1.355884415939999883e+02 5.963904060240000149e+01 5.946910857109999782e+00
6.500000000000000222e-01 2.031941551930000060e+03 -4.353328658030000042e+03 -6.988305526420000206e+03 -1.390638931599999921e+02 5.677131908009999961e+01 6.963323514039999829e+00
6.500000000000000222e-01 1.959359279259999994e+03 -4.376508947489999628e+03 -6.959292537680000351e+03 -1.339222761339999863e+02 5.894802788890000045e+01 6.660458466679999745e+00
6.500000000000000222e-01 2.157578895690000081e+03 -4.257350186869999561e+03 -7.193439959440000166e+03 -1.367636349869999890e+02 5.479264077349999695e+01 4.019046423579999860e+00
6.500000000000000222e-01 1.964114129470000080e+03 -4.425074379220000083e+03 -6.969491037669999969e+03 -1.355154034990000014e+02 5.694282063490000212e+01 5.881594342619999694e+00
6.500000000000000222e-01 1.951768052679999983e+03 -4.344386071609999817e+03 -6.965551889559999836e+03 -1.360324816179999914e+02 5.773063759219999724e+01 6.617783663720000042e+00
6.500000000000000222e-01 1.949743720440000061e+03 -4.144411017680000441e+03 -7.091332101449999755e+03 -1.374238888680000059e+02 5.687877327110000181e+01 7.334798787609999593e+00
6.500000000000000222e-01 1.826260636510000040e+03 -4.570180823190000410e+03 -7.138191562750000230e+03 -1.343013193559999934e+02 5.944738960950000006e+01 3.913770758980000153e+00
6.500000000000000222e-01 2.098715460809999968e+03 -4.262600914960000409e+03 -7.074141918389999773e+03 -1.364329931039999906e+02 5.563234981749999974e+01 5.566160277999999906e+00
6.500000000000000222e-01 1.890625127250000105e+03 -4.540751464130000386e+03 -7.049562619270000141e+03 -1.339487611650000076e+02 6.074843261080000190e+01 6.392537395209999751e+00
6.500000000000000222e-01 1.853015703329999951e+03 -4.181614242659999945e+03 -7.032233579710000413e+03 -1.363533794820000082e+02 5.702586126589999793e+01 9.152132041079999780e+00
6.500000000000000222e-01 2.074913526490000095e+03 -4.268199757379999937e+03 -7.040108936530000392e+03 -1.364470659899999987e+02 5.813192549539999732e+01 5.030139138030000012e+00
6.500000000000000222e-01 1.849372440589999997e+03 -4.177916949370000111e+03 -7.068156691819999651e+03 -1.361948540530000002e+02 5.810841074820000074e+01 6.622043325419999960e+00
6.500000000000000222e-01 1.912203927060000069e+03 -4.380602647560000150e+03 -6.964978725629999644e+03 -1.354198486749999972e+02 5.870779334339999878e+01 6.537966978750000102e+00
6.500000000000000222e-01 1.972876373029999968e+03 -4.361798047289999886e+03 -6.964409263339999598e+03 -1.381090823049999869e+02 5.645552831340000211e+01 6.955493978229999819e+00
6.500000000000000222e-01 1.940213068840000005e+03 -4.372963303950000409e+03 -6.966137082979999832e+03 -1.365952698709999993e+02 5.921553898330000010e+01 6.239678725030000095e+00
6.500000000000000222e-01 2.138917697240000052e+03 -4.609024565269999584e+03 -7.250185221769999771e+03 -1.353833136739999929e+02 5.680589843580000320e+01 2.942334164989999779e-01
6.500000000000000222e-01 1.943483403760000101e+03 -4.361069506189999629e+03 -6.965196656780000012e+03 -1.362891804189999903e+02 5.920532074220000140e+01 6.328512078290000176e+00
6.500000000000000222e-01 1.903520832760000076e+03 -4.155879527230000349e+03 -7.158561844910000218e+03 -1.351449129959999880e+02 5.542601344860000268e+01 6.405024039349999754e+00
6.500000000000000222e-01 1.724184829069999978e+03 -4.388263262260000374e+03 -7.119406773650000105e+03 -1.330578317929999912e+02 5.803914178509999999e+01 6.734276414800000055e+00
6.500000000000000222e-01 2.050633952579999914e+03 -4.459754429349999555e+03 -7.009842291449999720e+03 -1.373199071139999887e+02 5.848321283580000340e+01 5.313022729130000066e+00
6.500000000000000222e-01 2.214291382729999896e+03 -4.434307253410000158e+03 -7.218189650299999812e+03 -1.371681215510000129e+02 5.564659600699999942e+01 3.285625028640000167e+00
6.500000000000000222e-01 1.984602921489999972e+03 -4.241744363779999730e+03 -7.002306060060000164e+03 -1.378470129439999994e+02 5.802897907220000207e+01 6.885150914729999627e+00
6.500000000000000222e-01 1.925832816489999914e+03 -4.474112847520000287e+03 -6.994299966030000178e+03 -1.362755827210000064e+02 5.797614069090000299e+01 5.031690888450000010e+00
6.500000000000000222e-01 1.983777798090000033e+03 -4.331850141120000444e+03 -6.969018804409999575e+03 -1.353908529619999968e+02 5.969586563469999874e+01 6.220456304309999851e+00
6.500000000000000222e-01 2.001604563189999908e+03 -4.463136337650000314e+03 -6.991642013149999912e+03 -1.361076190969999971e+02 5.883698073219999714e+01 5.316129694179999809e+00
6.500000000000000222e-01 1.920124394330000086e+03 -4.381739629190000414e+03 -6.963762798069999917e+03 -1.349810660779999978e+02 5.908409604949999760e+01 6.593453399510000423e+00
6.500000000000000222e-01 1.930600288189999901e+03 -4.380827204170000186e+03 -6.965541298379999716e+03 -1.364556068470000127e+02 5.855298630939999782e+01 6.280417834049999648e+00
6.500000000000000222e-01 1.827295305009999993e+03 -4.509243918340000164e+03 -7.055949527130000206e+03 -1.352773139550000110e+02 5.956147371689999659e+01 4.832187795480000325e+00
6.500000000000000222e-01 2.160230177679999997e+03 -4.579539625420000448e+03 -7.182653707989999930e+03 -1.353220780800000114e+02 5.645180996060000211e+01 1.455349953060000034e+00
6.500000000000000222e-01 1.861895543159999988e+03 -4.248083247280000251e+03 -7.007464356280000175e+03 -1.342780748600000038e+02 5.564260945640000244e+01 9.695129139860000578e+00
6.500000000000000222e-01 2.046585936530000026e+03 -4.482425724059999993e+03 -7.036576617859999715e+03 -1.363124395149999941e+02 5.820710384969999751e+01 3.831571745469999790e+00
6.500000000000000222e-01 1.954268262589999949e+03 -4.401668329690000064e+03 -6.959899518340000213e+03 -1.353125277720000099e+02 5.648850323959999997e+01 6.533163459679999896e+00
6.500000000000000222e-01 1.966580840099999932e+03 -4.218334430889999567e+03 -7.031706558009999753e+03 -1.359732237970000028e+02 5.451425160520000190e+01 9.077706338909999673e+00
6.500000000000000222e-01 1.902686230719999912e+03 -4.345561149549999755e+03 -6.959258504479999829e+03 -1.352285457369999904e+02 5.807433754350000044e+01 7.277296294570000157e+00
6.500000000000000222e-01 2.032576988940000092e+03 -4.505140574140000354e+03 -7.036873972919999687e+03 -1.357882387820000076e+02 5.772154378329999957e+01 3.592840157129999934e+00
6.500000000000000222e-01 1.867530816839999943e+03 -4.313099210270000185e+03 -6.977405594779999774e+03 -1.339876732879999963e+02 5.675933793019999740e+01 8.390455758110000772e+00
6.500000000000000222e-01 2.076186320299999807e+03 -4.329244319569999789e+03 -7.017734551980000106e+03 -1.383678519970000025e+02 5.583071385760000283e+01 6.931692785950000157e+00
6.500000000000000222e-01 1.783202838039999961e+03 -4.550862900670000272e+03 -7.161708219490000374e+03 -1.319687355359999970e+02 5.861275990080000042e+01 6.917448234820000152e+00
6.500000000000000222e-01 1.851452607899999975e+03 -4.623030084549999629e+03 -7.203662501439999687e+03 -1.323796401189999870e+02 5.844184921259999754e+01 5.187106661149999631e+00
6.500000000000000222e-01 2.015945915479999940e+03 -4.369604823820000092e+03 -6.981453862719999961e+03 -1.380018132650000098e+02 5.730625217570000274e+01 6.276943451120000184e+00
6.500000000000000222e-01 1.955218498559999944e+03 -4.516750521740000295e+03 -7.008441150790000393e+03 -1.346587534779999942e+02 5.812465774169999833e+01 4.863590758309999984e+00
6.500000000000000222e-01 1.981802238900000020e+03 -4.460580099200000404e+03 -7.004772157180000249e+03 -1.373035935990000098e+02 6.046902421309999909e+01 5.442309081140000337e+00
6.500000000000000222e-01 1.926911085519999915e+03 -4.353991605219999656e+03 -6.954975785609999548e+03 -1.347183668140000066e+02 5.651022688439999797e+01 7.594174706709999612e+00
6.500000000000000222e-01 1.995944388760000038e+03 -4.335068292750000182e+03 -6.978307017269999960e+03 -1.370291834450000010e+02 5.834443084950000014e+01 6.150245832599999574e+00
6.500000000000000222e-01 1.973932090479999943e+03 -4.644809639140000399e+03 -7.151284991649999938e+03 -1.337064813620000052e+02 5.880317916450000126e+01 4.856409352130000023e+00
6.500000000000000222e-01 1.887385254219999979e+03 -4.333513016099999732e+03 -6.970164327909999884e+03 -1.359385709199999894e+02 5.841437640619999883e+01 6.857712077919999594e+00
6.500000000000000222e-01 1.931374867519999952e+03 -4.381407437329999993e+03 -6.963081115429999954e+03 -1.386072024309999904e+02 5.843884416139999871e+01 6.465528065099999999e+00
6.500000000000000222e-01 1.937266629490000014e+03 -4.502523819469999580e+03 -7.002356972859999587e+03 -1.343554790340000125e+02 5.872624082990000005e+01 5.342538891870000306e+00
6.500000000000000222e-01 1.852311037400000032e+03 -4.393773246349999681e+03 -6.980019533100000444e+03 -1.361130022549999978e+02 5.862144567720000055e+01 6.325750166239999750e+00
6.500000000000000222e-01 1.723604877680000072e+03 -4.295703550539999924e+03 -7.151062818309999784e+03 -1.338099625160000130e+02 5.730352171119999838e+01 6.071533693310000146e+00
6.500000000000000222e-01 1.792741513859999941e+03 -4.218284878190000200e+03 -7.103518791640000018e+03 -1.336086508410000135e+02 5.574724825989999744e+01 1.035914592209999974e+01
6.500000000000000222e-01 2.197896639170000071e+03 -4.526851844089999759e+03 -7.237957110760000432e+03 -1.360410086169999886e+02 5.624055080549999985e+01 6.878028462320000536e-01
6.500000000000000222e-01 2.048600900269999784e+03 -4.513876697079999758e+03 -7.027691978820000259e+03 -1.350034677959999954e+02 5.692247887970000164e+01 3.746343856040000198e+00
6.500000000000000222e-01 2.004421055810000098e+03 -4.455909444509999958e+03 -6.990489199620000363e+03 -1.364334671860000014e+02 5.894630046999999706e+01 5.413459934119999595e+00
6.500000000000000222e-01 2.161416935660000036e+03 -4.336897900400000253e+03 -7.111643405439999697e+03 -1.377512606759999869e+02 5.544315055580000262e+01 5.497021881160000234e+00
6.500000000000000222e-01 1.744404819820000057e+03 -4.475774359660000300e+03 -7.113207193829999596e+03 -1.342676550429999907e+02 5.865818476079999755e+01 4.743581416419999641e+00
6.500000000000000222e-01 2.174549720179999895e+03 -4.415630594190000011e+03 -7.116035860089999915e+03 -1.359567019449999918e+02 5.671623858200000257e+01 2.537939903139999842e+00
6.500000000000000222e-01 1.879518615510000018e+03 -4.315600776389999737e+03 -6.976583412349999890e+03 -1.345141487589999940e+02 5.701265311230000066e+01 7.800692072880000438e+00
6.500000000000000222e-01 1.937812796799999887e+03 -4.477570213619999777e+03 -6.989725374790000387e+03 -1.352569374089999883e+02 5.793046032579999860e+01 5.265630617770000299e+00
6.500000000000000222e-01 1.891053474370000004e+03 -4.223507704229999945e+03 -7.029814600980000250e+03 -1.355546028210000031e+02 5.739382300030000295e+01 6.914155049569999711e+00
6.500000000000000222e-01 1.985079426550000107e+03 -4.404878710390000379e+03 -6.966212175480000042e+03 -1.344397061679999865e+02 5.738570192160000261e+01 6.073430703639999706e+00
6.500000000000000222e-01 1.936827039949999971e+03 -4.332953964569999698e+03 -6.965121613170000273e+03 -1.355111593919999962e+02 5.689880299730000246e+01 7.126377794409999744e+00
6.500000000000000222e-01 1.868414737900000091e+03 -4.185025176809999721e+03 -7.024509616590000405e+03 -1.365047152509999933e+02 5.681506898659999649e+01 9.250442688690000637e+00
6.500000000000000222e-01 1.787904978600000049e+03 -4.223492577609999898e+03 -7.097287734149999778e+03 -1.349532305769999994e+02 5.732558901609999680e+01 6.630501064989999804e+00
6.500000000000000222e-01 2.011390714330000037e+03 -4.366310215159999643e+03 -6.972463115139999900e+03 -1.345373780029999864e+02 5.877254603509999953e+01 5.878080483249999766e+00
6.500000000000000222e-01 1.972565978180000002e+03 -4.480448574850000114e+03 -6.989717254660000435e+03 -1.354899813989999871e+02 5.665869262369999859e+01 4.920038089070000176e+00
6.500000000000000222e-01 1.820561410340000066e+03 -4.415412515340000027e+03 -7.003071056230000067e+03 -1.329963146210000104e+02 5.899612380760000008e+01 7.608610375349999622e+00
6.500000000000000222e-01 1.930618949559999919e+03 -4.390656335229999968e+03 -6.966737658119999651e+03 -1.363512742130000106e+02 5.852524129110000217e+01 6.191795913260000006e+00
6.500000000000000222e-01 1.933238671500000009e+03 -4.493787321840000004e+03 -6.994893262149999828e+03 -1.357817328140000086e+02 5.694329528349999947e+01 4.892141292749999870e+00
1.390000000000000000e+04 -1.302754453490000014e+04 5.100656180179999865e+03 7.658512624369999685e+03 -2.161024895200000060e+02 1.950269401809999863e+02 -3.524714070520000178e+02
6.500000000000000222e-01 -1.302694661629999973e+04 5.103746625210000275e+03 7.803906724569999824e+03 -2.159798656629999982e+02 1.953425733820000119e+02 -3.523860179490000064e+02
6.500000000000000222e-01 -1.298161627980000048e+04 5.157991077790000418e+03 7.779405116359999738e+03 -2.161986468830000092e+02 1.953059639559999994e+02 -3.528076778020000006e+02
6.500000000000000222e-01 -1.307836073829999987e+04 5.097903296890000092e+03 7.797284877340000094e+03 -2.163446338329999890e+02 1.952343902579999906e+02 -3.521927526549999925e+02
6.500000000000000222e-01 -1.303380556029999934e+04 5.105318024619999960e+03 7.803651755599999888e+03 -2.165734371160000080e+02 1.945872027899999921e+02 -3.524066836220000027e+02
6.500000000000000222e-01 -1.316132877550000012e+04 5.081992399370000385e+03 7.710673771419999866e+03 -2.162814309940000044e+02 1.952610448840000004e+02 -3.523426957639999841e+02
6.500000000000000222e-01 -1.303645231029999923e+04 5.082606333200000336e+03 7.802347060109999802e+03 -2.163473232629999927e+02 1.954144156790000011e+02 -3.523494103900000027e+02
6.500000000000000222e-01 -1.298469663869999931e+04 5.167093474610000158e+03 7.775416681259999677e+03 -2.162244395179999970e+02 1.952388697540000067e+02 -3.528104853759999742e+02
6.500000000000000222e-01 -1.302806518010000036e+04 5.146214103520000208e+03 7.796703903720000199e+03 -2.168068687450000027e+02 1.950527746760000127e+02 -3.523545740389999992e+02
6.500000000000000222e-01 -1.308346614910000062e+04 5.116001198670000122e+03 7.795288985160000266e+03 -2.159390969920000032e+02 1.949483893960000103e+02 -3.519218663460000016e+02
6.500000000000000222e-01 -1.304672338479999962e+04 5.085584920960000090e+03 7.802120569980000255e+03 -2.163986274549999962e+02 1.951332886300000098e+02 -3.523601433169999950e+02
6.500000000000000222e-01 -1.297820673630000056e+04 5.034918721709999772e+03 7.772287146650000068e+03 -2.161264277690000029e+02 1.948576024749999931e+02 -3.529629021210000133e+02
6.500000000000000222e-01 -1.294121530709999934e+04 5.180193229239999710e+03 7.730145798530000320e+03 -2.167266890509999939e+02 1.945744142169999975e+02 -3.521102099789999897e+02
6.500000000000000222e-01 -1.306001496899999984e+04 5.135519913989999623e+03 7.798670000809999692e+03 -2.162173295999999993e+02 1.945922692579999875e+02 -3.520122389229999840e+02
6.500000000000000222e-01 -1.301842064740000023e+04 5.111795026019999568e+03 7.802868810390000363e+03 -2.160642018430000064e+02 1.954873889989999896e+02 -3.524378486219999900e+02
6.500000000000000222e-01 -1.301964715140000044e+04 5.129677232580000236e+03 7.800181266159999723e+03 -2.164061971790000030e+02 1.955605060489999971e+02 -3.524911077940000155e+02
6.500000000000000222e-01 -1.299448058920000040e+04 5.136328991329999553e+03 7.792927134929999738e+03 -2.161918920290000017e+02 1.954340607569999975e+02 -3.526585217339999758e+02
6.500000000000000222e-01 -1.301842411680000077e+04 5.087857998579999730e+03 7.801713100910000321e+03 -2.170175945169999920e+02 1.956545343340000045e+02 -3.523228815379999901e+02
6.500000000000000222e-01 -1.306826132519999919e+04 5.145054294159999699e+03 7.794653212799999892e+03 -2.168700886649999973e+02 1.954097705050000116e+02 -3.523795528420000096e+02
6.500000000000000222e-01 -1.308156270120000045e+04 5.078636288079999758e+03 7.794314459780000107e+03 -2.170274409360000050e+02 1.949769412169999896e+02 -3.524651938559999849e+02
6.500000000000000222e-01 -1.292872820300000058e+04 5.157551112549999743e+03 7.736028606550000404e+03 -2.166771081340000080e+02 1.945816884889999869e+02 -3.522268220610000071e+02
6.500000000000000222e-01 -1.301221424660000048e+04 5.084747448699999950e+03 7.800465047570000024e+03 -2.170034329009999965e+02 1.955639951150000115e+02 -3.523286572239999828e+02
6.500000000000000222e-01 -1.291810987879999993e+04 5.134292183599999589e+03 7.732862797669999964e+03 -2.167632937600000105e+02 1.948538209470000027e+02 -3.523637644799999862e+02
6.500000000000000222e-01 -1.314584748430000036e+04 5.131142529230000036e+03 7.743462993600000118e+03 -2.164785830010000041e+02 1.951879643569999985e+02 -3.522127204060000167e+02
6.500000000000000222e-01 -1.293847981360000085e+04 5.143342876249999790e+03 7.754828601389999676e+03 -2.169137805489999948e+02 1.947155861919999893e+02 -3.522024295279999819e+02
6.500000000000000222e-01 -1.308435006710000016e+04 5.065392357830000037e+03 7.789598460459999842e+03 -2.168537932179999927e+02 1.949397817470000120e+02 -3.524941131659999769e+02
6.500000000000000222e-01 -1.298433299959999931e+04 5.004428443130000232e+03 7.750375715969999874e+03 -2.161537376740000127e+02 1.949488931079999929e+02 -3.530880030440000041e+02
6.500000000000000222e-01 -1.300821890639999947e+04 5.052271707419999984e+03 7.792604648090000410e+03 -2.165278833250000048e+02 1.955494432890000098e+02 -3.523263413529999752e+02
6.500000000000000222e-01 -1.301485787370000071e+04 5.142504934970000249e+03 7.795303891069999736e+03 -2.163435996569999986e+02 1.953106375339999943e+02 -3.525435508059999847e+02
6.500000000000000222e-01 -1.303190671350000048e+04 5.189043571750000410e+03 7.776011654979999548e+03 -2.168711030990000097e+02 1.950141011320000075e+02 -3.522770756290000236e+02
6.500000000000000222e-01 -1.307046737059999941e+04 5.041631831470000179e+03 7.781885068460000184e+03 -2.167434952700000110e+02 1.954455295719999981e+02 -3.524647471679999740e+02
6.500000000000000222e-01 -1.299750765909999973e+04 5.099358972560000439e+03 7.798144632520000414e+03 -2.161430062670000041e+02 1.950959227060000103e+02 -3.525853587940000011e+02
6.500000000000000222e-01 -1.302920942269999978e+04 5.073735769879999680e+03 7.799857231289999618e+03 -2.167079894290000084e+02 1.959045413439999948e+02 -3.522678916780000122e+02
6.500000000000000222e-01 -1.302190247049999925e+04 5.088189003270000285e+03 7.801487477990000116e+03 -2.166438905789999865e+02 1.952577124240000046e+02 -3.524343067159999805e+02
6.500000000000000222e-01 -1.303167862219999915e+04 5.004758098119999886e+03 7.755959630710000056e+03 -2.165152415770000118e+02 1.959910435699999880e+02 -3.521036582059999773e+02
6.500000000000000222e-01 -1.294537234320000061e+04 5.103969325320000280e+03 7.769248623579999730e+03 -2.167814862120000043e+02 1.950417364410000118e+02 -3.525334293330000150e+02
6.500000000000000222e-01 -1.302000693180000053e+04 5.092069609320000382e+03 7.802349597960000210e+03 -2.170805118000000107e+02 1.955564030790000061e+02 -3.523365445979999890e+02
6.500000000000000222e-01 -1.292826591489999919e+04 5.032242441530000178e+03 7.732382455990000381e+03 -2.161239616679999926e+02 1.950146230260000095e+02 -3.530383291080000276e+02
6.500000000000000222e-01 -1.314396392720000040e+04 5.137263643100000081e+03 7.738650688710000395e+03 -2.159686372889999859e+02 1.949346979389999888e+02 -3.515074528289999876e+02
6.500000000000000222e-01 -1.304420407700000032e+04 5.087214628059999995e+03 7.802434452039999996e+03 -2.166168185759999858e+02 1.950269060800000034e+02 -3.523992995439999731e+02
6.500000000000000222e-01 -1.301366664400000082e+04 5.064199141779999991e+03 7.793264485489999970e+03 -2.167143328530000019e+02 1.954491101039999990e+02 -3.525156191620000072e+02
6.500000000000000222e-01 -1.305988967029999912e+04 5.192304911539999921e+03 7.770467089249999844e+03 -2.167956458799999950e+02 1.954272286910000105e+02 -3.525756327920000217e+02
6.500000000000000222e-01 -1.316084698310000022e+04 5.106295145940000111e+03 7.717522541239999555e+03 -2.164637548059999972e+02 1.951739806349999924e+02 -3.525613949460000072e+02
6.500000000000000222e-01 -1.293248187800000051e+04 5.062541512679999869e+03 7.753120961569999963e+03 -2.166186703729999863e+02 1.951634575010000106e+02 -3.524973964569999794e+02
6.500000000000000222e-01 -1.295276289060000090e+04 5.160836349660000451e+03 7.758364677999999913e+03 -2.163714994899999908e+02 1.945792261820000135e+02 -3.525920956250000131e+02
6.500000000000000222e-01 -1.310438346690000071e+04 5.030862075220000406e+03 7.759088860490000116e+03 -2.159121876810000060e+02 1.955568662389999872e+02 -3.517922849789999873e+02
6.500000000000000222e-01 -1.307096246210000027e+04 4.999277418460000263e+03 7.740227505619999647e+03 -2.164341567429999884e+02 1.959100914420000095e+02 -3.521600049850000005e+02
6.500000000000000222e-01 -1.305637941820000015e+04 4.994717289049999636e+03 7.749329584140000406e+03 -2.160340335500000037e+02 1.956724025149999875e+02 -3.519666325470000174e+02
6.500000000000000222e-01 -1.298690070879999985e+04 5.097470955529999628e+03 7.794501970399999664e+03 -2.161510346199999901e+02 1.950765543589999993e+02 -3.526560839790000159e+02
6.500000000000000222e-01 -1.308088179339999988e+04 5.220244945919999736e+03 7.712021575849999863e+03 -2.164285084850000089e+02 1.949331504689999974e+02 -3.527528124039999966e+02
6.500000000000000222e-01 -1.303021332190000066e+04 5.078942551299999650e+03 7.801944396609999785e+03 -2.164760587989999863e+02 1.957160958839999978e+02 -3.522969494239999904e+02
6.500000000000000222e-01 -1.303421120270000029e+04 5.104956285029999890e+03 7.804118547819999549e+03 -2.164877459880000004e+02 1.945716357510000023e+02 -3.523374833889999991e+02
6.500000000000000222e-01 -1.293125341149999986e+04 5.036096909509999932e+03 7.733373084539999581e+03 -2.160748459300000093e+02 1.950146603430000027e+02 -3.533018589210000187e+02
6.500000000000000222e-01 -1.303869831619999968e+04 5.101513998979999997e+03 7.804086877920000006e+03 -2.171820353470000100e+02 1.951267227870000056e+02 -3.523473155390000215e+02
6.500000000000000222e-01 -1.294398160669999925e+04 5.171731174679999640e+03 7.742191231970000445e+03 -2.161828614759999994e+02 1.947613339849999932e+02 -3.529335377900000026e+02
6.500000000000000222e-01 -1.303142167879999943e+04 5.138681499309999708e+03 7.798884379240000271e+03 -2.165528150709999977e+02 1.956270086789999993e+02 -3.524931938459999969e+02
6.500000000000000222e-01 -1.306518019880000065e+04 5.133579301120000309e+03 7.795675350780000372e+03 -2.161104871420000109e+02 1.946244016509999994e+02 -3.520709105839999893e+02
6.500000000000000222e-01 -1.305061383439999918e+04 4.970010027129999798e+03 7.698381599170000300e+03 -2.161501832520000050e+02 1.953040025329999878e+02 -3.530808014090000029e+02
6.500000000000000222e-01 -1.290937369159999980e+04 5.078479627370000344e+03 7.723656138459999966e+03 -2.166542455940000025e+02 1.951340506150000067e+02 -3.524159646539999926e+02
6.500000000000000222e-01 -1.289008858279999913e+04 5.123899418310000328e+03 7.663884504290000223e+03 -2.162319139859999950e+02 1.948613741910000101e+02 -3.534649040250000098e+02
6.500000000000000222e-01 -1.291043267689999993e+04 5.140974337779999587e+03 7.718785448159999760e+03 -2.166522920310000018e+02 1.947378840650000029e+02 -3.522163956969999958e+02
6.500000000000000222e-01 -1.300557972770000015e+04 5.131618266319999748e+03 7.796697637780000150e+03 -2.170481961529999921e+02 1.946221545120000087e+02 -3.522445488760000103e+02
6.500000000000000222e-01 -1.300663690959999985e+04 5.125977528940000411e+03 7.798532837480000126e+03 -2.161946237289999999e+02 1.953797586700000011e+02 -3.525470660899999871e+02
6.500000000000000222e-01 -1.298580420330000015e+04 5.113973602740000388e+03 7.793342840250000336e+03 -2.171148198500000035e+02 1.948667220959999895e+02 -3.523034236999999962e+02
6.500000000000000222e-01 -1.301499718009999924e+04 5.087394668300000376e+03 7.801215372409999873e+03 -2.162325921530000130e+02 1.949051869390000036e+02 -3.525021681140000283e+02
6.500000000000000222e-01 -1.305083596910000051e+04 5.198949235740000404e+03 7.763502101699999912e+03 -2.166698240130000102e+02 1.953553074410000079e+02 -3.526749464320000129e+02
6.500000000000000222e-01 -1.300944178719999945e+04 5.071589139140000043e+03 7.798166879039999912e+03 -2.161864870820000135e+02 1.947267352030000040e+02 -3.525849514579999777e+02
6.500000000000000222e-01 -1.316202265640000041e+04 5.122333761369999593e+03 7.702374889470000198e+03 -2.160366252569999972e+02 1.950608593499999870e+02 -3.517974909480000179e+02
6.500000000000000222e-01 -1.308013740300000063e+04 5.092622446860000309e+03 7.796574590459999854e+03 -2.162999539690000006e+02 1.953208603139999866e+02 -3.521584932900000240e+02
6.500000000000000222e-01 -1.306876068649999979e+04 5.029619369369999731e+03 7.775197574079999868e+03 -2.163605238060000033e+02 1.959702869619999888e+02 -3.519960483919999774e+02
6.500000000000000222e-01 -1.308021023860000059e+04 5.205677505270000438e+03 7.726737369839999701e+03 -2.161003020169999900e+02 1.944612782570000036e+02 -3.520919962550000264e+02
6.500000000000000222e-01 -1.304147906759999933e+04 5.097474754230000144e+03 7.804068457800000033e+03 -2.161911329879999926e+02 1.956234259930000121e+02 -3.522802668919999860e+02
6.500000000000000222e-01 -1.294792008039999928e+04 5.011880391609999606e+03 7.728946119610000096e+03 -2.164820795560000022e+02 1.955247932659999890e+02 -3.522190425759999926e+02
6.500000000000000222e-01 -1.296074242980000054e+04 5.033504711319999842e+03 7.759372038120000070e+03 -2.161244212320000031e+02 1.949623581950000073e+02 -3.530957518779999873e+02
6.500000000000000222e-01 -1.303997597950000090e+04 5.088384164299999611e+03 7.803263511099999960e+03 -2.162035608289999971e+02 1.955349685079999915e+02 -3.522944203669999865e+02
6.500000000000000222e-01 -1.313041141149999930e+04 5.119484486899999865e+03 7.762187656230000357e+03 -2.165483905490000041e+02 1.951238803939999968e+02 -3.523239406590000158e+02
6.500000000000000222e-01 -1.305894513069999994e+04 5.107361303120000230e+03 7.801789447440000004e+03 -2.166566255159999912e+02 1.951891455779999944e+02 -3.523358195679999767e+02
6.500000000000000222e-01 -1.313328769239999929e+04 5.068387684319999607e+03 7.756595181710000361e+03 -2.165564892049999912e+02 1.953590962240000124e+02 -3.523098424030000047e+02
6.500000000000000222e-01 -1.316608606470000086e+04 5.101906486670000049e+03 7.695168976179999845e+03 -2.159767155709999997e+02 1.951619241839999859e+02 -3.514049654049999845e+02
6.500000000000000222e-01 -1.304086309989999972e+04 5.221089902390000134e+03 7.717930850800000371e+03 -2.161999023369999975e+02 1.946005607069999996e+02 -3.526334634780000101e+02
6.500000000000000222e-01 -1.303417696910000086e+04 5.106020305469999585e+03 7.804241134879999663e+03 -2.166093047649999903e+02 1.947274243169999863e+02 -3.522602512619999970e+02
6.500000000000000222e-01 -1.306417640120000033e+04 5.111623504199999843e+03 7.800779475889999958e+03 -2.166555009399999960e+02 1.951988433559999976e+02 -3.523174724589999869e+02
6.500000000000000222e-01 -1.302415051959999983e+04 5.124216364380000414e+03 7.801301792500000374e+03 -2.168808247510000058e+02 1.947940599920000011e+02 -3.523280535499999928e+02
6.500000000000000222e-01 -1.305826991330000055e+04 5.080967830579999827e+03 7.800920554100000118e+03 -2.160603786629999945e+02 1.956759064340000123e+02 -3.521086357099999873e+02
6.500000000000000222e-01 -1.303436215799999991e+04 5.115881508839999697e+03 7.803018362580000030e+03 -2.166079948880000074e+02 1.954736054660000093e+02 -3.524028461049999805e+02
6.500000000000000222e-01 -1.300573889120000058e+04 5.110017238030000044e+03 7.800203333679999560e+03 -2.161407721360000096e+02 1.952320911550000062e+02 -3.525277207109999722e+02
6.500000000000000222e-01 -1.310826510980000057e+04 5.153913201680000384e+03 7.771977680349999900e+03 -2.160826353859999926e+02 1.947679880020000098e+02 -3.516510757770000168e+02
6.500000000000000222e-01 -1.303023987950000082e+04 5.126890570499999740e+03 7.800474557710000227e+03 -2.164246011609999982e+02 1.947154735020000089e+02 -3.523348209530000190e+02
6.500000000000000222e-01 -1.301153139849999934e+04 5.188566932230000020e+03 7.769189197820000118e+03 -2.166744968710000023e+02 1.943586427799999967e+02 -3.519513539870000045e+02
6.500000000000000222e-01 -1.302318575720000081e+04 5.090278754850000041e+03 7.802429281259999698e+03 -2.167850334119999900e+02 1.955587051059999908e+02 -3.523898143330000039e+02
6.500000000000000222e-01 -1.292836326130000089e+04 5.058086890169999606e+03 7.746920559780000076e+03 -2.165729416469999933e+02 1.951653390179999974e+02 -3.525090198670000063e+02
6.500000000000000222e-01 -1.296335293989999991e+04 5.107437957369999822e+03 7.782105464299999767e+03 -2.170254535310000108e+02 1.950273018919999970e+02 -3.523638337040000010e+02
6.500000000000000222e-01 -1.294925914580000062e+04 5.175048640770000020e+03 7.745191903869999805e+03 -2.161716648370000087e+02 1.949978950080000004e+02 -3.530651350439999874e+02
6.500000000000000222e-01 -1.309693658759999926e+04 5.014642643270000008e+03 7.749399780220000139e+03 -2.160136677419999955e+02 1.957441192880000074e+02 -3.517348778260000017e+02
6.500000000000000222e-01 -1.303263145070000064e+04 5.097495508930000142e+03 7.804164271339999686e+03 -2.165402641409999944e+02 1.944902192090000028e+02 -3.523520398050000040e+02
6.500000000000000222e-01 -1.309010966130000088e+04 5.104406936739999765e+03 7.792935367430000042e+03 -2.168869216260000030e+02 1.951867760769999904e+02 -3.523799523139999792e+02
6.500000000000000222e-01 -1.302925900010000078e+04 5.216502847630000360e+03 7.745122903559999941e+03 -2.166958235410000100e+02 1.946440600569999901e+02 -3.519715008719999787e+02
6.500000000000000222e-01 -1.297343446480000057e+04 5.168837390419999792e+03 7.767635600730000078e+03 -2.169619736950000117e+02 1.947787653080000041e+02 -3.522835677400000236e+02
6.500000000000000222e-01 -1.308708270850000008e+04 5.024339548699999796e+03 7.766164660819999881e+03 -2.163144220599999983e+02 1.950088342630000113e+02 -3.525305619119999960e+02
6.500000000000000222e-01 -1.302123028879999947e+04 5.093180809000000409e+03 7.802401256719999765e+03 -2.163333017059999861e+02 1.949865851620000115e+02 -3.524574315689999935e+02
6.500000000000000222e-01 -1.299906621819999964e+04 5.166987414260000151e+03 7.781160754900000029e+03 -2.168870955669999887e+02 1.944755909309999993e+02 -3.520956719199999725e+02
3.690000000000000000e+05 -1.129952884889999950e+03 -2.209252247850000117e+02 6.967524158500000340e+02 -1.822578061019999893e+02 -1.405493849259999877e+02 7.456900357400000701e+01
6.500000000000000222e-01 -1.212364227419999906e+03 -2.926746302270000228e+02 6.452071464890000243e+02 -1.808404370620000066e+02 -1.435660810139999910e+02 5.183938766960000066e+01
6.500000000000000222e-01 -1.090576381469999887e+03 -1.770465065790000097e+02 6.437042742119999730e+02 -1.915686949059999904e+02 -1.470647685039999999e+02 8.058642640249999545e+01
6.500000000000000222e-01 -1.180847306299999900e+03 -2.502342203290000100e+02 6.392995881089999557e+02 -1.796626870460000021e+02 -1.450119790390000105e+02 5.415626571800000022e+01
6.500000000000000222e-01 -1.262326111059999903e+03 -2.645490973870000175e+02 6.976261160010000140e+02 -1.771702570379999884e+02 -1.305379265029999942e+02 4.971934473630000184e+01
6.500000000000000222e-01 -1.282796638569999914e+03 -3.037811046329999840e+02 6.754044446359999938e+02 -1.745793718859999899e+02 -1.329703395299999897e+02 3.786001973780000185e+01
6.500000000000000222e-01 -1.147591046569999889e+03 -1.821201450060000013e+02 6.667848537439999745e+02 -1.963953402649999873e+02 -1.371785469950000049e+02 7.693201744239999584e+01
6.500000000000000222e-01 -1.214255214179999939e+03 -2.923641482749999909e+02 6.582921080989999609e+02 -1.748024093969999910e+02 -1.459613464839999892e+02 5.172693732780000175e+01
6.500000000000000222e-01 -1.184825569029999997e+03 -2.506095781340000030e+02 6.401506289909999623e+02 -1.796319975469999974e+02 -1.449587442419999945e+02 5.372673740359999783e+01
6.500000000000000222e-01 -1.288464969599999904e+03 -3.512953164090000087e+02 6.689251717769999459e+02 -1.748864378289999877e+02 -1.346033578679999891e+02 4.461822701189999663e+01
6.500000000000000222e-01 -1.216677155930000026e+03 -2.428290676670000039e+02 6.899189606950000098e+02 -1.835211988810000037e+02 -1.282768375759999913e+02 5.812420334179999770e+01
6.500000000000000222e-01 -1.170367509100000007e+03 -3.050530364030000214e+02 6.384452175569999781e+02 -1.827066404690000070e+02 -1.461113934180000058e+02 5.203938077640000159e+01
6.500000000000000222e-01 -1.265720159749999993e+03 -3.505525975990000234e+02 7.078704338239999743e+02 -1.664116105589999961e+02 -1.358190491860000009e+02 5.080454961419999904e+01
6.500000000000000222e-01 -1.271833240789999991e+03 -3.450548474359999886e+02 6.636596961010000086e+02 -1.730699933219999878e+02 -1.368604442360000064e+02 4.018108514920000118e+01
6.500000000000000222e-01 -1.161530072309999923e+03 -3.069807027749999975e+02 6.981096569620000309e+02 -1.681121774149999908e+02 -1.468798991419999993e+02 6.229680189289999959e+01
6.500000000000000222e-01 -1.234199907420000045e+03 -3.240292171930000222e+02 6.446804982730000120e+02 -1.798867926140000009e+02 -1.416466116860000000e+02 4.663533666280000034e+01
6.500000000000000222e-01 -1.235209470340000053e+03 -3.261391604809999762e+02 6.397653394860000162e+02 -1.796283024470000100e+02 -1.393515960949999908e+02 4.231104136569999952e+01
6.500000000000000222e-01 -1.238390443880000021e+03 -2.724672659510000017e+02 6.465467124970000441e+02 -1.792024074500000097e+02 -1.412888889719999952e+02 4.677452030109999725e+01
6.500000000000000222e-01 -1.223312161009999954e+03 -2.860168037170000161e+02 6.426910128849999637e+02 -1.822654980259999888e+02 -1.397192422040000110e+02 4.942188770839999989e+01
6.500000000000000222e-01 -1.240975235299999895e+03 -3.419853223889999754e+02 6.795256672420000541e+02 -1.688903463659999886e+02 -1.424194872779999912e+02 4.616098606119999914e+01
6.500000000000000222e-01 -1.257442521089999900e+03 -2.622247373960000232e+02 6.501964598979999437e+02 -1.812902107410000099e+02 -1.386569461290000049e+02 4.696917625590000256e+01
6.500000000000000222e-01 -1.173759111309999980e+03 -1.824364394920000052e+02 6.488589283329999944e+02 -1.882372286149999923e+02 -1.363065597780000076e+02 6.207255551040000086e+01
6.500000000000000222e-01 -1.166920646669999996e+03 -2.891209303389999832e+02 6.492220018689999961e+02 -1.785572109119999880e+02 -1.481401509110000063e+02 5.531565630989999960e+01
6.500000000000000222e-01 -1.188857347699999991e+03 -2.949647739729999785e+02 6.507236462910000228e+02 -1.779371080569999890e+02 -1.472570130750000033e+02 5.317227720449999850e+01
6.500000000000000222e-01 -1.196944963939999980e+03 -3.436394741799999792e+02 6.383534933649999630e+02 -1.801013656389999937e+02 -1.438680945620000102e+02 4.466327919079999731e+01
6.500000000000000222e-01 -1.213820805629999995e+03 -2.766268698160000099e+02 6.341317484429999922e+02 -1.820589219539999988e+02 -1.401585548479999943e+02 4.471413925200000250e+01
6.500000000000000222e-01 -1.114773041950000106e+03 -1.789417604559999972e+02 6.513309467940000559e+02 -1.949183576490000007e+02 -1.405941526389999865e+02 7.936869893889999616e+01
6.500000000000000222e-01 -1.250511957539999912e+03 -3.523938776790000134e+02 6.831308881129999691e+02 -1.687890400340000099e+02 -1.396759185489999879e+02 4.559255532270000089e+01
6.500000000000000222e-01 -1.140988243980000107e+03 -2.847519899160000136e+02 6.404585040059999983e+02 -1.775492682400000035e+02 -1.456030627030000062e+02 5.882252911479999824e+01
6.500000000000000222e-01 -1.224265686530000039e+03 -3.153048310460000039e+02 6.333061474370000496e+02 -1.818695718349999879e+02 -1.386406854379999913e+02 4.204912623719999942e+01
6.500000000000000222e-01 -1.234496234230000027e+03 -2.866741741569999817e+02 6.588373147759999711e+02 -1.842233323209999867e+02 -1.315766736049999963e+02 5.073435498460000304e+01
6.500000000000000222e-01 -1.237589758930000016e+03 -2.797476188350000257e+02 6.524000925799999777e+02 -1.769932409360000065e+02 -1.427733441340000127e+02 4.849333049410000029e+01
6.500000000000000222e-01 -1.151406699630000048e+03 -2.766644727330000251e+02 7.301168720599999915e+02 -1.863121782730000007e+02 -1.463187851440000031e+02 8.199523700759999656e+01
6.500000000000000222e-01 -1.243379020439999977e+03 -3.148474438590000091e+02 6.472332157839999809e+02 -1.818372015269999906e+02 -1.356555686869999988e+02 4.618044898819999844e+01
6.500000000000000222e-01 -1.200927830260000064e+03 -2.800269293299999731e+02 6.321348293869999679e+02 -1.841228662469999904e+02 -1.390244912169999907e+02 4.750767066590000098e+01
6.500000000000000222e-01 -1.214967490969999972e+03 -3.478599101649999739e+02 6.465601452240000526e+02 -1.761083041429999980e+02 -1.447330184099999997e+02 4.097355446470000118e+01
6.500000000000000222e-01 -1.222763345759999993e+03 -2.675991467019999845e+02 6.452236428310000065e+02 -1.837550991539999927e+02 -1.393638837050000063e+02 5.247851330919999668e+01
6.500000000000000222e-01 -1.263384127820000003e+03 -2.843404293489999759e+02 6.587578006510000250e+02 -1.796776168410000025e+02 -1.357416426460000025e+02 4.666768267359999811e+01
6.500000000000000222e-01 -1.276957319379999944e+03 -3.385112447359999805e+02 6.584494011939999609e+02 -1.769594185109999955e+02 -1.369555806820000043e+02 4.469170640280000129e+01
6.500000000000000222e-01 -1.128902785259999973e+03 -1.631919710960000032e+02 6.685875661820000460e+02 -1.778323872290000054e+02 -1.339241924860000097e+02 7.137518244509999477e+01
6.500000000000000222e-01 -1.183409210889999940e+03 -2.093150209370000141e+02 6.735543399050000062e+02 -1.946695331939999960e+02 -1.423419392330000051e+02 7.627468849170000453e+01
6.500000000000000222e-01 -1.217685785420000002e+03 -2.328401442189999955e+02 6.455458555010000055e+02 -1.873818928670000048e+02 -1.375786031990000140e+02 5.430246002599999855e+01
6.500000000000000222e-01 -1.215817681109999967e+03 -2.820152278769999725e+02 6.422667731960000310e+02 -1.800629813239999919e+02 -1.420757852080000134e+02 4.851775289100000066e+01
6.500000000000000222e-01 -1.272888361069999974e+03 -3.329632189629999743e+02 6.701705620159999626e+02 -1.762397123849999900e+02 -1.321222906920000071e+02 4.308576528329999888e+01
6.500000000000000222e-01 -1.159889924540000038e+03 -2.714319322260000149e+02 6.297622057270000369e+02 -1.852793040239999982e+02 -1.422007220179999933e+02 5.770914663810000178e+01
6.500000000000000222e-01 -1.257448524070000076e+03 -3.283788219919999847e+02 6.502023387450000200e+02 -1.791797921570000085e+02 -1.380140080189999878e+02 4.527805205770000185e+01
6.500000000000000222e-01 -1.248248002280000037e+03 -2.749442472229999908e+02 6.496271348020000005e+02 -1.810998651460000133e+02 -1.386408395830000018e+02 4.795154228030000354e+01
6.500000000000000222e-01 -1.271410885949999965e+03 -3.216427712170000177e+02 6.662114407860000256e+02 -1.730910625209999978e+02 -1.403989502039999877e+02 4.631271228199999968e+01
6.500000000000000222e-01 -1.257257500910000090e+03 -2.480604119850000018e+02 6.491947359040000265e+02 -1.831227302300000019e+02 -1.362192087010000137e+02 4.459830282810000313e+01
6.500000000000000222e-01 -1.254715908379999973e+03 -2.636955880489999799e+02 6.632603489719999743e+02 -1.833418471489999888e+02 -1.306874349160000008e+02 4.348225916420000203e+01
6.500000000000000222e-01 -1.182080470330000026e+03 -2.321993763240000135e+02 6.705107972929999960e+02 -1.961597264049999865e+02 -1.450123980479999943e+02 7.405407892850000451e+01
6.500000000000000222e-01 -1.280488655440000002e+03 -3.091918847509999750e+02 6.807134857009999678e+02 -1.737203918859999874e+02 -1.328244403749999947e+02 3.830804447119999878e+01
6.500000000000000222e-01 -1.190090066310000111e+03 -3.421163740119999943e+02 6.505846862570000440e+02 -1.766208191759999977e+02 -1.444308024199999920e+02 4.690557221560000301e+01
6.500000000000000222e-01 -1.202444514759999947e+03 -2.650456393979999916e+02 6.349323188829999935e+02 -1.822120930609999903e+02 -1.413348790789999896e+02 4.826069780680000321e+01
6.500000000000000222e-01 -1.219480547209999941e+03 -2.639126266430000101e+02 6.667576034319999962e+02 -1.855574620650000099e+02 -1.300783250929999895e+02 5.550476428000000340e+01
6.500000000000000222e-01 -1.252559591279999950e+03 -3.119635868110000274e+02 6.707870968339999536e+02 -1.806046625090000077e+02 -1.311980286810000109e+02 5.157574914189999760e+01
6.500000000000000222e-01 -1.166740140359999941e+03 -2.321751334950000114e+02 6.570114192749999802e+02 -1.933088400649999983e+02 -1.447648793399999931e+02 7.253306211119999602e+01
6.500000000000000222e-01 -1.192150586259999955e+03 -2.421127972179999972e+02 6.605523754859999599e+02 -1.871005881490000036e+02 -1.309248165420000021e+02 6.156675055769999716e+01
6.500000000000000222e-01 -1.174210926649999919e+03 -2.114863121649999869e+02 6.676523000519999869e+02 -1.864763422329999969e+02 -1.287414236889999870e+02 6.773242795199999478e+01
6.500000000000000222e-01 -1.224555659350000042e+03 -2.547392009509999866e+02 6.594149720990000105e+02 -1.864452549570000031e+02 -1.310625877010000124e+02 5.206310735310000126e+01
6.500000000000000222e-01 -1.209039539110000078e+03 -3.285991332720000173e+02 6.375983788060000279e+02 -1.819472981819999973e+02 -1.418016601189999903e+02 4.721147286349999916e+01
6.500000000000000222e-01 -1.235559031530000084e+03 -2.992552591009999787e+02 6.452275605099999893e+02 -1.799666647630000114e+02 -1.402598877410000000e+02 4.682893536550000135e+01
6.500000000000000222e-01 -1.215791411780000089e+03 -3.571931477480000012e+02 6.390046452330000193e+02 -1.778188709599999981e+02 -1.426031429280000111e+02 3.952433969570000016e+01
6.500000000000000222e-01 -1.288686541810000108e+03 -3.484456187069999942e+02 6.670097065659999771e+02 -1.746039490329999921e+02 -1.359231687340000008e+02 4.443238567739999922e+01
6.500000000000000222e-01 -1.157801725150000038e+03 -1.975590488230000119e+02 6.645611911449999525e+02 -1.942311809729999936e+02 -1.394197056479999901e+02 7.715443870410000216e+01
6.500000000000000222e-01 -1.174109221760000082e+03 -2.487522651829999916e+02 6.285536386620000258e+02 -1.848811150969999915e+02 -1.389078749500000072e+02 5.353807464820000206e+01
6.500000000000000222e-01 -1.205693252040000061e+03 -3.557915555509999876e+02 6.546714587919999531e+02 -1.745604670369999951e+02 -1.443299972609999884e+02 4.036922997549999792e+01
6.500000000000000222e-01 -1.158449435439999888e+03 -2.619674432109999884e+02 6.552657797040000105e+02 -1.915736533779999888e+02 -1.443521013779999862e+02 6.900187063389999764e+01
6.500000000000000222e-01 -1.235334816000000046e+03 -2.747650521539999886e+02 6.401003167500000473e+02 -1.804368366390000062e+02 -1.396835864939999965e+02 4.309392736819999925e+01
6.500000000000000222e-01 -1.169447232519999943e+03 -2.174764497779999886e+02 6.408259028319999970e+02 -1.852316541330000064e+02 -1.336268629070000031e+02 6.206589512680000098e+01
6.500000000000000222e-01 -1.258635583539999971e+03 -2.929692680329999916e+02 6.518947397110000566e+02 -1.791981567830000017e+02 -1.393190629430000058e+02 4.672236840320000084e+01
6.500000000000000222e-01 -1.264216419359999918e+03 -3.496235268479999831e+02 6.891395625349999818e+02 -1.677779369380000105e+02 -1.389751575109999919e+02 4.709788461689999650e+01
6.500000000000000222e-01 -1.237637783339999942e+03 -3.624505776340000125e+02 6.450258098689999997e+02 -1.744017280140000139e+02 -1.412598408910000103e+02 3.405634229399999668e+01
6.500000000000000222e-01 -1.229104160930000035e+03 -2.854342437909999717e+02 6.342915011449999838e+02 -1.810393291750000060e+02 -1.391797129219999931e+02 4.051145617899999962e+01
6.500000000000000222e-01 -1.199345425709999972e+03 -2.482614761849999923e+02 6.643215089130000024e+02 -1.855724017059999937e+02 -1.315082402269999875e+02 6.173711650980000343e+01
6.500000000000000222e-01 -1.236366615099999990e+03 -2.862488797359999921e+02 6.541713953529999799e+02 -1.763421726569999919e+02 -1.429633693799999890e+02 4.880934261170000354e+01
6.500000000000000222e-01 -1.200708188410000048e+03 -2.664281819440000163e+02 6.401437920339999437e+02 -1.856941654059999962e+02 -1.367186639950000142e+02 5.318986125930000242e+01
6.500000000000000222e-01 -1.243081878420000066e+03 -2.969695891920000008e+02 6.451190969040000027e+02 -1.804992964189999896e+02 -1.382759054169999899e+02 4.504571159190000174e+01
6.500000000000000222e-01 -1.250535152090000111e+03 -3.524187812999999778e+02 6.614187875970000050e+02 -1.715313084059999937e+02 -1.406867964470000061e+02 3.811253263169999883e+01
6.500000000000000222e-01 -1.226055938669999932e+03 -3.046013886160000084e+02 6.334614009749999468e+02 -1.811321989349999910e+02 -1.391417452240000046e+02 4.094915031949999928e+01
6.500000000000000222e-01 -1.253991716570000108e+03 -2.760286189710000144e+02 6.500582519759999514e+02 -1.800443670319999967e+02 -1.393024045500000057e+02 4.682175955369999798e+01
6.500000000000000222e-01 -1.273388230600000043e+03 -3.383350411089999739e+02 6.621575115540000525e+02 -1.738681665359999897e+02 -1.379741586160000111e+02 4.268427381690000288e+01
6.500000000000000222e-01 -1.139729892139999947e+03 -1.958400952030000042e+02 6.557250153459999638e+02 -1.948603086450000035e+02 -1.394974130530000025e+02 7.633259092769999654e+01
6.500000000000000222e-01 -1.261243530449999980e+03 -3.205168327540000064e+02 7.001275618629999826e+02 -1.721546636729999875e+02 -1.327494708549999984e+02 4.083029181799999918e+01
6.500000000000000222e-01 -1.275873512140000003e+03 -3.218464007619999734e+02 6.973287233260000448e+02 -1.704493755409999949e+02 -1.334370766529999912e+02 4.456360944539999736e+01
6.500000000000000222e-01 -1.246096254909999971e+03 -2.905990262029999940e+02 6.825870136380000304e+02 -1.804338779079999995e+02 -1.290012891560000128e+02 5.107897311989999878e+01
6.500000000000000222e-01 -1.065129460090000066e+03 -1.894015865529999871e+02 6.579825592639999741e+02 -1.848407259679999868e+02 -1.518202088369999956e+02 8.740869213279999883e+01
6.500000000000000222e-01 -1.272180725669999902e+03 -3.338920171030000006e+02 6.915467144369999914e+02 -1.698050140080000006e+02 -1.348178887690000067e+02 4.198517521330000335e+01
6.500000000000000222e-01 -1.269183923849999928e+03 -3.036922692100000063e+02 6.559550457349999988e+02 -1.776900895029999958e+02 -1.393256582779999917e+02 4.631484953780000069e+01
6.500000000000000222e-01 -1.221387517110000090e+03 -2.946955141490000187e+02 6.400548433129999921e+02 -1.832916255940000099e+02 -1.376005587600000126e+02 4.767545899520000319e+01
6.500000000000000222e-01 -1.270085582919999979e+03 -3.101276822699999798e+02 7.001309950280000294e+02 -1.745518620949999899e+02 -1.301932580849999965e+02 5.387943047310000111e+01
6.500000000000000222e-01 -1.228379994870000019e+03 -3.227804069489999961e+02 6.603210451889999604e+02 -1.739943400900000086e+02 -1.428859887399999877e+02 4.818596839029999757e+01
6.500000000000000222e-01 -1.206318033819999982e+03 -3.415902006659999870e+02 6.827895873070000334e+02 -1.699192037820000110e+02 -1.443717127120000043e+02 4.618605229359999953e+01
6.500000000000000222e-01 -1.179023278679999976e+03 -2.503314716790000034e+02 6.416243000040000197e+02 -1.789557800199999917e+02 -1.456869007239999974e+02 5.527041531609999936e+01
6.500000000000000222e-01 -1.150378333209999937e+03 -2.731599794979999842e+02 6.336565315819999569e+02 -1.796464596950000043e+02 -1.442654163040000128e+02 5.739123645650000327e+01
6.500000000000000222e-01 -1.165205300760000000e+03 -2.138656521149999890e+02 6.595058267719999776e+02 -1.951674696530000119e+02 -1.438085750440000083e+02 7.342195098729999359e+01
6.500000000000000222e-01 -1.259384594760000027e+03 -3.161026379580000025e+02 6.512103887490000034e+02 -1.796037183299999924e+02 -1.350205734349999886e+02 4.280925794960000275e+01
6.500000000000000222e-01 -1.149427945240000099e+03 -2.204874999609999975e+02 6.234071473389999483e+02 -1.826026139980000096e+02 -1.368003732479999996e+02 6.031936244540000303e+01
6.500000000000000222e-01 -1.226615860760000032e+03 -3.475843583719999970e+02 6.470892440390000502e+02 -1.753462813399999902e+02 -1.438172707379999906e+02 4.009023474170000156e+01
6.500000000000000222e-01 -1.267577405669999962e+03 -3.235699017069999854e+02 6.679815839240000059e+02 -1.780286927200000093e+02 -1.315059686969999859e+02 4.403975309230000335e+01
6.500000000000000222e-01 -1.174111790250000013e+03 -1.787435916489999954e+02 6.704061592100000553e+02 -1.984048573420000139e+02 -1.378479804360000003e+02 7.041359193220000634e+01
