3.450000000000000000e+05 4.203937578490000305e+03 -5.087607637770000110e+03 -6.746337679139999636e+03 -1.105027737829999950e+02 1.887500155180000050e+01 -6.005752597040000040e+01
6.500000000000000222e-01 4.379919487920000392e+03 -5.264689801540000190e+03 -6.623412985429999935e+03 -1.115474786160000065e+02 1.990031375150000059e+01 -6.047695120430000060e+01
6.500000000000000222e-01 4.052327566609999849e+03 -5.199261201520000213e+03 -6.533568028519999643e+03 -1.091493628329999979e+02 1.966910720379999944e+01 -5.905908415270000233e+01
6.500000000000000222e-01 4.014736731710000186e+03 -5.155632010649999756e+03 -6.543000031399999898e+03 -1.094810597259999980e+02 2.032637336279999829e+01 -5.843392487450000061e+01
6.500000000000000222e-01 4.133923889280000367e+03 -5.345241847860000235e+03 -6.653301644739999574e+03 -1.101632963539999963e+02 2.026447353620000058e+01 -5.829602952649999992e+01
6.500000000000000222e-01 4.286830566159999762e+03 -5.229454973320000136e+03 -6.510799883679999766e+03 -1.104476182930000050e+02 1.930918953049999942e+01 -5.987786392019999937e+01
6.500000000000000222e-01 4.253052743090000149e+03 -4.973678300100000342e+03 -6.488595309299999826e+03 -1.102521247460000069e+02 2.096602052589999943e+01 -6.070024712480000062e+01
6.500000000000000222e-01 4.087097694940000110e+03 -5.033789686140000413e+03 -6.490353437220000160e+03 -1.120342409320000030e+02 1.989934945899999974e+01 -6.035998738850000223e+01
6.500000000000000222e-01 4.279975666510000337e+03 -4.986026023469999927e+03 -6.490359672999999930e+03 -1.108523653849999988e+02 2.072329137370000041e+01 -6.053265757220000154e+01
6.500000000000000222e-01 4.363620707879999827e+03 -5.133555681609999738e+03 -6.515467292399999678e+03 -1.103331584820000018e+02 1.880056558980000148e+01 -6.076773920790000005e+01
6.500000000000000222e-01 4.267598055669999667e+03 -5.080133784339999693e+03 -6.468482531249999738e+03 -1.090116865730000058e+02 1.958219319699999872e+01 -6.045423181459999995e+01
6.500000000000000222e-01 4.066565418730000147e+03 -5.198398228480000398e+03 -6.523001264939999601e+03 -1.089818807989999954e+02 2.039169586590000094e+01 -5.857798673610000151e+01
6.500000000000000222e-01 3.952083958889999849e+03 -5.003400062990000151e+03 -6.645006922560000021e+03 -1.103514831589999972e+02 1.911896566749999948e+01 -6.013428256289999752e+01
6.500000000000000222e-01 4.130018696639999689e+03 -4.873799001029999999e+03 -6.579498516749999908e+03 -1.101723134719999990e+02 1.853410711689999957e+01 -6.012916887899999807e+01
6.500000000000000222e-01 3.994575511449999794e+03 -5.003435164810000060e+03 -6.568287207759999546e+03 -1.119393206190000001e+02 1.993609399969999885e+01 -6.114884827120000210e+01
6.500000000000000222e-01 3.978243503979999787e+03 -5.136866825750000316e+03 -6.580741105109999808e+03 -1.100014051800000061e+02 1.935891076260000077e+01 -5.957955222599999701e+01
6.500000000000000222e-01 4.139772768069999984e+03 -5.187339771769999970e+03 -6.487320101930000419e+03 -1.119325395230000026e+02 1.794847311239999854e+01 -6.090556497579999728e+01
6.500000000000000222e-01 4.041552562240000043e+03 -5.133854385599999659e+03 -6.515325650710000446e+03 -1.089326184909999995e+02 2.019901663350000121e+01 -5.835306452159999679e+01
6.500000000000000222e-01 4.165771406380000371e+03 -4.838583614670000316e+03 -6.618104422649999833e+03 -1.105269973040000053e+02 1.905219748869999918e+01 -6.099215141949999719e+01
6.500000000000000222e-01 4.401357617519999621e+03 -4.943589464009999574e+03 -6.603382775240000228e+03 -1.107771003739999998e+02 1.962608604760000119e+01 -6.171536696799999788e+01
6.500000000000000222e-01 4.284712005479999789e+03 -4.836804369260000385e+03 -6.632417439189999641e+03 -1.117507820879999940e+02 1.973711681629999859e+01 -6.060033419970000068e+01
6.500000000000000222e-01 4.110654126360000191e+03 -5.009065031430000090e+03 -6.488242370130000381e+03 -1.096304566299999976e+02 1.825807061969999978e+01 -5.910500438340000073e+01
6.500000000000000222e-01 4.118455324319999818e+03 -4.979898513570000432e+03 -6.494443657210000310e+03 -1.119879071980000020e+02 2.070776088270000059e+01 -6.054542470330000015e+01
6.500000000000000222e-01 4.090736252400000012e+03 -5.228689739729999928e+03 -6.526655297020000035e+03 -1.111734697699999970e+02 1.805536703099999940e+01 -6.129330572429999791e+01
6.500000000000000222e-01 4.044409990720000224e+03 -5.071972773849999612e+03 -6.508245379269999830e+03 -1.113421011100000015e+02 1.968070292120000175e+01 -6.003202830840000104e+01
6.500000000000000222e-01 4.026524857020000127e+03 -5.091404741420000391e+03 -6.521425577920000251e+03 -1.101251099010000019e+02 1.962623625650000037e+01 -5.926215662970000153e+01
6.500000000000000222e-01 4.220766055400000369e+03 -4.920259888589999719e+03 -6.512356212699999560e+03 -1.114140033519999946e+02 2.124726708440000067e+01 -6.076448750240000152e+01
6.500000000000000222e-01 4.072701527520000127e+03 -4.925145021219999762e+03 -6.554643487940000341e+03 -1.095303351069999991e+02 1.775923728740000129e+01 -5.822986424919999848e+01
6.500000000000000222e-01 4.143971908610000355e+03 -5.145540764469999885e+03 -6.473281784220000191e+03 -1.091921999380000017e+02 2.081093703060000166e+01 -5.925875099169999771e+01
6.500000000000000222e-01 4.168567606990000058e+03 -4.996379325859999881e+03 -6.478622505579999597e+03 -1.104604355139999967e+02 1.890164620850000077e+01 -5.979049066559999659e+01
6.500000000000000222e-01 4.338335018579999996e+03 -4.925497533990000193e+03 -6.554759003580000353e+03 -1.123783882240000054e+02 1.788914517350000111e+01 -5.816517966170000165e+01
6.500000000000000222e-01 4.110086875889999646e+03 -5.165206469869999637e+03 -6.488470315509999637e+03 -1.114053943410000045e+02 2.016197211040000070e+01 -6.002843353269999938e+01
6.500000000000000222e-01 4.333860766089999743e+03 -5.033158113020000201e+03 -6.499212022429999706e+03 -1.130694960849999973e+02 1.842027843560000022e+01 -5.887162618010000159e+01
6.500000000000000222e-01 4.175224020050000036e+03 -5.089630239690000053e+03 -6.461610632459999579e+03 -1.087457112040000027e+02 1.983297850889999836e+01 -5.956643237389999967e+01
6.500000000000000222e-01 4.414537937400000374e+03 -4.921108185729999605e+03 -6.655467425230000117e+03 -1.105040424820000027e+02 1.851990752640000082e+01 -6.147130590639999781e+01
6.500000000000000222e-01 4.208735461350000151e+03 -5.100922091159999582e+03 -6.461096780189999663e+03 -1.102979056949999972e+02 1.775329612999999895e+01 -6.000888467859999764e+01
6.500000000000000222e-01 4.204829481149999992e+03 -5.037896043679999821e+03 -6.464998309610000433e+03 -1.106884271670000004e+02 1.890567760469999925e+01 -5.982961650269999865e+01
6.500000000000000222e-01 4.228237478189999820e+03 -4.840854399969999577e+03 -6.595672167529999570e+03 -1.120780059840000007e+02 2.004188258479999973e+01 -6.001638738670000350e+01
6.500000000000000222e-01 4.068639333499999793e+03 -5.290547469860000092e+03 -6.605218889439999657e+03 -1.112762377579999935e+02 2.009132590859999823e+01 -6.090014987699999693e+01
6.500000000000000222e-01 4.350187208749999627e+03 -4.932754380119999951e+03 -6.558490517999999611e+03 -1.101801610950000025e+02 1.841748218820000105e+01 -6.049313940700000103e+01
6.500000000000000222e-01 4.118987478060000285e+03 -5.282340433479999774e+03 -6.559621613090000210e+03 -1.101451249349999983e+02 2.118123283319999928e+01 -5.852286864399999899e+01
4.560000000000000000e+04 5.844133821540000099e+03 2.728800333300000148e+03 1.701460133750000023e+04 2.074742250820000038e+02 -5.963647418269999889e+01 2.104422950139999955e+02
6.500000000000000222e-01 5.785098578459999771e+03 2.881629511619999903e+03 1.714206696169999850e+04 2.072622932060000096e+02 -5.956250151569999929e+01 2.108414400149999892e+02
6.500000000000000222e-01 5.932904261910000059e+03 2.803657492230000116e+03 1.718421728639999856e+04 2.079259530969999901e+02 -5.905519731900000124e+01 2.101051021700000092e+02
6.500000000000000222e-01 5.781262380170000142e+03 2.867214670450000085e+03 1.715255076529999860e+04 2.072849461989999895e+02 -5.908324980140000093e+01 2.098170989609999992e+02
6.500000000000000222e-01 5.811754599449999660e+03 2.726665003359999901e+03 1.721742587690000073e+04 2.077574431980000043e+02 -5.959067780310000018e+01 2.105619519340000068e+02
6.500000000000000222e-01 5.889406103880000046e+03 2.770283104839999851e+03 1.721091638310000053e+04 2.069619789219999859e+02 -6.028852618410000019e+01 2.108692760380000095e+02
6.500000000000000222e-01 5.846818658670000332e+03 2.723839838670000063e+03 1.722003613780000160e+04 2.073959741120000047e+02 -5.929861003469999758e+01 2.105592640410000058e+02
6.500000000000000222e-01 5.971613115440000001e+03 2.581787845500000003e+03 1.707713554129999829e+04 2.075510639930000139e+02 -5.967822362559999760e+01 2.095986681619999956e+02
6.500000000000000222e-01 5.844319325849999586e+03 2.732018044190000182e+03 1.722010316099999909e+04 2.075476762620000102e+02 -5.927980816259999841e+01 2.105475550259999977e+02
6.500000000000000222e-01 5.804025522390000333e+03 2.914294995140000083e+03 1.708781151300000056e+04 2.076969840060000081e+02 -5.970555917650000310e+01 2.098091096409999921e+02
6.500000000000000222e-01 5.660205049700000018e+03 2.725690793149999990e+03 1.710422456320000128e+04 2.075741146560000061e+02 -5.963328394039999836e+01 2.102586050440000065e+02
6.500000000000000222e-01 5.932233956449999823e+03 2.671421376350000173e+03 1.719204788529999860e+04 2.072352352759999974e+02 -5.945262894380000063e+01 2.108690984620000108e+02
6.500000000000000222e-01 6.042751897969999845e+03 2.715618110840000099e+03 1.706342959020000126e+04 2.073762173099999870e+02 -5.961683216339999802e+01 2.104987662519999958e+02
6.500000000000000222e-01 5.892510329110000384e+03 2.826205007869999918e+03 1.718962219529999857e+04 2.071620750810000118e+02 -5.922950489469999980e+01 2.105348756170000115e+02
6.500000000000000222e-01 5.835305893630000355e+03 2.672551803349999773e+03 1.721166651149999961e+04 2.072864546899999993e+02 -5.999539332279999826e+01 2.103550738799999920e+02
6.500000000000000222e-01 5.857417868270000326e+03 2.743824190700000145e+03 1.721924372149999908e+04 2.080704013929999974e+02 -5.896015314960000353e+01 2.104968493730000034e+02
6.500000000000000222e-01 5.882314225559999613e+03 2.666160396570000103e+03 1.720730817050000041e+04 2.075982004120000113e+02 -5.949471634119999663e+01 2.106793730589999996e+02
6.500000000000000222e-01 5.810676623850000396e+03 2.720427908980000211e+03 1.721712865239999883e+04 2.079489379480000082e+02 -5.943869034229999926e+01 2.106095990970000003e+02
6.500000000000000222e-01 5.838589259499999571e+03 2.728327500760000021e+03 1.722002710289999959e+04 2.074201675680000108e+02 -5.960728725759999946e+01 2.105430582479999941e+02
6.500000000000000222e-01 5.759469180039999628e+03 2.624382760349999899e+03 1.716894219119999980e+04 2.070693307640000000e+02 -5.937871350639999690e+01 2.102357062069999927e+02
6.500000000000000222e-01 5.982374935859999823e+03 2.609615756889999830e+03 1.711129959349999990e+04 2.078481777840000007e+02 -5.991833742149999864e+01 2.099685595669999998e+02
6.500000000000000222e-01 5.761638845600000423e+03 2.857864944269999796e+03 1.714915232299999843e+04 2.080802806780000083e+02 -6.036543618219999985e+01 2.111807010480000031e+02
6.500000000000000222e-01 5.915968832870000369e+03 2.659453134649999811e+03 1.719288550419999956e+04 2.075753073250000114e+02 -5.961155985330000107e+01 2.102945642139999904e+02
6.500000000000000222e-01 5.837670842270000321e+03 2.744030200489999970e+03 1.721952324579999913e+04 2.079726643690000003e+02 -6.049455424620000343e+01 2.106553108539999926e+02
6.500000000000000222e-01 5.854426701780000258e+03 2.890679795099999865e+03 1.713812807619999876e+04 2.077822928649999881e+02 -6.047139781589999785e+01 2.111824840730000119e+02
6.500000000000000222e-01 5.801963848280000093e+03 2.759803249210000104e+03 1.721352998700000171e+04 2.078689266979999957e+02 -5.978626571910000109e+01 2.106730858310000087e+02
6.500000000000000222e-01 5.899674292929999865e+03 2.651536351660000037e+03 1.719574958160000097e+04 2.077164989380000009e+02 -5.990306299449999727e+01 2.101890046350000034e+02
6.500000000000000222e-01 5.761251327709999714e+03 2.800045686089999890e+03 1.718699187320000055e+04 2.082253087279999875e+02 -6.022320344389999747e+01 2.108575651609999966e+02
6.500000000000000222e-01 5.961762423430000126e+03 2.796073938149999776e+03 1.716941322700000092e+04 2.071017564979999861e+02 -6.008679142140000096e+01 2.111166576089999865e+02
6.500000000000000222e-01 5.687654171289999795e+03 2.604409563199999866e+03 1.705835417249999955e+04 2.077836385649999897e+02 -5.951042109309999972e+01 2.111441403940000043e+02
6.500000000000000222e-01 5.740208690299999944e+03 2.555183586180000020e+03 1.704671684530000130e+04 2.076896135380000032e+02 -5.953109867309999714e+01 2.108919006220000085e+02
6.500000000000000222e-01 5.916720968620000349e+03 2.751125593549999849e+03 1.720583469659999901e+04 2.070868934050000121e+02 -5.984949010660000113e+01 2.107923884059999864e+02
6.500000000000000222e-01 5.832588344669999969e+03 2.640484884450000209e+03 1.720040898240000024e+04 2.079105650799999978e+02 -5.996503973770000329e+01 2.104814464890000067e+02
6.500000000000000222e-01 5.887080888870000308e+03 2.643808385929999986e+03 1.719516769260000001e+04 2.069782465360000003e+02 -5.877479725229999730e+01 2.108179733450000128e+02
6.500000000000000222e-01 5.810387413989999914e+03 2.776441390009999850e+03 1.721137579009999899e+04 2.081732563660000039e+02 -6.041865183790000060e+01 2.108212729779999961e+02
6.500000000000000222e-01 5.889037519309999880e+03 2.760184195979999913e+03 1.721271582639999906e+04 2.074601963629999943e+02 -5.942546876400000144e+01 2.105449798100000010e+02
6.500000000000000222e-01 5.838084133010000187e+03 2.535761958890000187e+03 1.708557011680000141e+04 2.076901474009999902e+02 -5.940281531349999966e+01 2.111569956140000102e+02
6.500000000000000222e-01 5.802232874160000392e+03 2.762708377810000002e+03 1.721245200539999860e+04 2.075300535460000049e+02 -5.960801687229999857e+01 2.104650257490000058e+02
6.500000000000000222e-01 5.869865034020000166e+03 2.729378711050000220e+03 1.721864149420000103e+04 2.065699561879999919e+02 -5.960496224340000282e+01 2.107094302309999989e+02
6.500000000000000222e-01 5.816213525090000076e+03 2.641958554150000055e+03 1.719907819799999925e+04 2.079805036200000075e+02 -5.972900421669999815e+01 2.105909287489999997e+02
6.500000000000000222e-01 5.783198205530000450e+03 2.719248005370000101e+03 1.721036341929999980e+04 2.072239226430000087e+02 -5.968870318919999818e+01 2.103925164549999920e+02
1.390000000000000000e+04 -8.849358722760000092e+03 1.488027191209999955e+03 1.376169786930000009e+04 -2.447858113849999881e+02 2.037102982810000071e+02 -3.218690941290000183e+02
6.500000000000000222e-01 -8.971181192860000010e+03 1.535611337249999906e+03 1.381884960870000032e+04 -2.449319473829999936e+02 2.037167643989999988e+02 -3.222659930109999777e+02
6.500000000000000222e-01 -8.943333121129999199e+03 1.587754701079999904e+03 1.380072392249999939e+04 -2.446157846280000001e+02 2.034746776199999942e+02 -3.212193187500000136e+02
6.500000000000000222e-01 -8.728420342620000156e+03 1.429499632589999919e+03 1.380923365729999932e+04 -2.447009527710000043e+02 2.036839154589999907e+02 -3.225200010410000004e+02
6.500000000000000222e-01 -8.811773864740000135e+03 1.438293845980000015e+03 1.389092377359999955e+04 -2.444952876590000130e+02 2.032800941939999859e+02 -3.220416373159999921e+02
6.500000000000000222e-01 -8.818695332260000214e+03 1.446507426979999991e+03 1.389559721170000012e+04 -2.449071663800000067e+02 2.038348355319999996e+02 -3.217217849229999729e+02
6.500000000000000222e-01 -8.732861647769999763e+03 1.530705989170000066e+03 1.383266208050000023e+04 -2.449062984390000111e+02 2.035451696050000123e+02 -3.217257379440000022e+02
6.500000000000000222e-01 -8.955716017819999252e+03 1.438863267259999930e+03 1.384430046360000051e+04 -2.451292535219999991e+02 2.037278293120000114e+02 -3.221588337989999786e+02
6.500000000000000222e-01 -8.744243732729999465e+03 1.481464808649999895e+03 1.385803497889999926e+04 -2.444648129210000036e+02 2.036935607309999909e+02 -3.223594124559999727e+02
6.500000000000000222e-01 -8.896998411720000149e+03 1.533977915369999891e+03 1.388793184099999962e+04 -2.445315519339999923e+02 2.033712990809999894e+02 -3.216798677059999818e+02
6.500000000000000222e-01 -8.860729698089999147e+03 1.447757224870000073e+03 1.389883776550000039e+04 -2.447568703050000067e+02 2.034346768450000127e+02 -3.218560222790000012e+02
6.500000000000000222e-01 -8.881268143100000088e+03 1.571046708470000112e+03 1.387243355189999966e+04 -2.447519459400000130e+02 2.037464693400000044e+02 -3.220647059039999931e+02
6.500000000000000222e-01 -8.848978926859999774e+03 1.487652323600000045e+03 1.390495333980000032e+04 -2.443266150199999913e+02 2.033844538769999986e+02 -3.217941078800000128e+02
6.500000000000000222e-01 -8.861035803419999866e+03 1.526748773159999928e+03 1.389869095229999948e+04 -2.446474713439999960e+02 2.033419829579999885e+02 -3.217437202599999750e+02
6.500000000000000222e-01 -8.882362353430000439e+03 1.595058212520000097e+03 1.385302873530000033e+04 -2.450296623119999992e+02 2.036780653780000137e+02 -3.215369832910000127e+02
6.500000000000000222e-01 -8.932628664879999633e+03 1.570464515769999934e+03 1.384257389259999945e+04 -2.449324717259999886e+02 2.037796029110000120e+02 -3.222370445490000179e+02
6.500000000000000222e-01 -8.836291145609999148e+03 1.491092612489999965e+03 1.390427084900000045e+04 -2.442777615589999982e+02 2.038543656349999935e+02 -3.218598444020000215e+02
6.500000000000000222e-01 -8.842711590920000162e+03 1.458923999390000063e+03 1.390178281140000036e+04 -2.447174249999999915e+02 2.031147503189999952e+02 -3.219319740230000093e+02
6.500000000000000222e-01 -8.936902921589999096e+03 1.466755197140000064e+03 1.387292024759999913e+04 -2.444460237399999869e+02 2.037564702219999901e+02 -3.215001486830000204e+02
6.500000000000000222e-01 -8.854542501199999606e+03 1.483278264990000025e+03 1.390474021309999989e+04 -2.449546635359999982e+02 2.036888437300000021e+02 -3.218103221700000063e+02
6.500000000000000222e-01 -8.857334568149999541e+03 1.450065241109999988e+03 1.389966579400000046e+04 -2.449098472409999943e+02 2.031486462270000004e+02 -3.219456334110000171e+02
6.500000000000000222e-01 -8.854468947940000362e+03 1.486448033319999922e+03 1.390487097630000062e+04 -2.442863646769999946e+02 2.039240912809999884e+02 -3.217660883269999772e+02
6.500000000000000222e-01 -8.805181532270000389e+03 1.539565114880000010e+03 1.388755605330000071e+04 -2.444946475559999897e+02 2.040769235710000089e+02 -3.221298832879999736e+02
6.500000000000000222e-01 -8.898987505859999146e+03 1.483126639500000010e+03 1.389611081689999992e+04 -2.446993231140000091e+02 2.037644454590000009e+02 -3.217167174379999892e+02
6.500000000000000222e-01 -8.851676892550000048e+03 1.502068562509999992e+03 1.390426331700000082e+04 -2.448417530639999882e+02 2.031827941640000006e+02 -3.217377148339999735e+02
6.500000000000000222e-01 -8.980849645840000449e+03 1.467180974769999921e+03 1.381434705310000027e+04 -2.449049530990000108e+02 2.037482990590000043e+02 -3.220691750909999769e+02
6.500000000000000222e-01 -8.857076158850000866e+03 1.464681487950000019e+03 1.390285228459999962e+04 -2.446784856730000115e+02 2.039228020209999954e+02 -3.217521538629999895e+02
6.500000000000000222e-01 -8.807780700190000061e+03 1.549638084400000025e+03 1.388377858569999989e+04 -2.445247779149999872e+02 2.040372964690000117e+02 -3.221475934609999854e+02
6.500000000000000222e-01 -8.840851772919999348e+03 1.533093040890000111e+03 1.389757697410000037e+04 -2.450954938689999949e+02 2.037565476970000020e+02 -3.217765600750000203e+02
6.500000000000000222e-01 -8.911473480410000775e+03 1.505956534010000041e+03 1.388957075710000026e+04 -2.442957036859999960e+02 2.035302616769999986e+02 -3.214833654739999815e+02
6.500000000000000222e-01 -8.866703018739999607e+03 1.472868223969999917e+03 1.390307278849999966e+04 -2.447954632960000083e+02 2.036737933409999926e+02 -3.217984142079999970e+02
6.500000000000000222e-01 -8.801875039990000005e+03 1.427390702700000020e+03 1.388223164960000031e+04 -2.445283172340000135e+02 2.033152979410000114e+02 -3.221850537070000087e+02
6.500000000000000222e-01 -8.754297226560000126e+03 1.573501453330000004e+03 1.382504610110000067e+04 -2.451199982690000070e+02 2.035017727059999970e+02 -3.213321319030000041e+02
6.500000000000000222e-01 -8.883357171999999991e+03 1.531199054200000091e+03 1.389416439240000000e+04 -2.445273425809999992e+02 2.032530490409999970e+02 -3.215282848200000103e+02
6.500000000000000222e-01 -8.844461370180000813e+03 1.491710699089999935e+03 1.390480437890000030e+04 -2.443628919059999873e+02 2.040865595969999902e+02 -3.218223174240000048e+02
6.500000000000000222e-01 -8.839665638549999130e+03 1.507863786290000007e+03 1.390319728369999939e+04 -2.446908939120000070e+02 2.042046644959999924e+02 -3.218835291180000127e+02
6.500000000000000222e-01 -8.818260524609999266e+03 1.516340794469999992e+03 1.389847941670000000e+04 -2.444791987959999915e+02 2.041241549300000031e+02 -3.219972432289999915e+02
6.500000000000000222e-01 -8.827020380149999255e+03 1.465356933629999958e+03 1.390124377789999926e+04 -2.453333985570000095e+02 2.041861495400000024e+02 -3.216656376330000171e+02
6.500000000000000222e-01 -8.879758751359999223e+03 1.525915733950000003e+03 1.389689186700000027e+04 -2.451888805119999972e+02 2.040695702149999988e+02 -3.218975717440000039e+02
6.500000000000000222e-01 -8.889691684819999864e+03 1.468922592319999922e+03 1.389790829379999923e+04 -2.453937958349999917e+02 2.034627732939999873e+02 -3.219697682379999719e+02
6.500000000000000222e-01 -8.742676948829999674e+03 1.551222461289999956e+03 1.383253499340000053e+04 -2.450643940410000141e+02 2.034514036319999946e+02 -3.213996328090000247e+02
