3.450000000000000000e+05 3.102749170640000102e+03 -4.822631271119999838e+03 -7.162913949910000156e+03 -1.243635752450000069e+02 3.768085313960000349e+01 -2.870527010700000048e+01
6.500000000000000222e-01 3.015288569410000036e+03 -4.732339476860000104e+03 -6.898269069990000389e+03 -1.247838979250000051e+02 3.849289790120000276e+01 -2.754552587839999944e+01
6.500000000000000222e-01 2.930126192419999825e+03 -4.942699187459999848e+03 -7.345971331720000308e+03 -1.236525495430000063e+02 3.764399512509999823e+01 -2.801526845689999945e+01
6.500000000000000222e-01 3.291719977969999945e+03 -4.747821172269999806e+03 -6.975205256010000085e+03 -1.248895907389999991e+02 3.816787928450000322e+01 -3.009423432059999826e+01
6.500000000000000222e-01 3.086240864360000160e+03 -4.942149863290000212e+03 -7.432135489989999769e+03 -1.233847748339999981e+02 3.455158782259999839e+01 -2.891643273580000084e+01
6.500000000000000222e-01 3.214585147560000223e+03 -5.022173626150000018e+03 -7.328047666329999629e+03 -1.243622822290000016e+02 3.773952950270000173e+01 -2.964394797239999946e+01
6.500000000000000222e-01 3.197378780510000070e+03 -4.608011555279999811e+03 -7.302365597699999853e+03 -1.254158895999999999e+02 3.510799094789999941e+01 -3.023859657159999870e+01
6.500000000000000222e-01 2.884611635329999899e+03 -4.719844964930000060e+03 -7.295843879840000227e+03 -1.224475359249999968e+02 3.706739856890000340e+01 -2.900952809160000001e+01
6.500000000000000222e-01 3.264150636599999871e+03 -4.653012096170000405e+03 -7.302392372280000018e+03 -1.250596885679999986e+02 3.483353862570000103e+01 -3.003632941380000076e+01
6.500000000000000222e-01 2.880697102560000076e+03 -4.746394190240000171e+03 -6.978867829759999950e+03 -1.239467606040000049e+02 3.908266770489999686e+01 -2.650377282259999845e+01
6.500000000000000222e-01 2.839167466830000194e+03 -4.837952047159999893e+03 -7.067893687429999773e+03 -1.227105527500000051e+02 3.888537128680000166e+01 -2.542156211229999840e+01
6.500000000000000222e-01 2.929679007060000004e+03 -4.965329841460000353e+03 -7.328157049059999736e+03 -1.237565602800000022e+02 3.716135825629999800e+01 -2.743773226789999953e+01
6.500000000000000222e-01 3.174544545979999839e+03 -4.838428320310000345e+03 -6.894625476789999993e+03 -1.268393343099999981e+02 3.944846668830000169e+01 -2.852960123609999954e+01
6.500000000000000222e-01 3.041807790989999830e+03 -4.672265863710000303e+03 -7.395170271439999851e+03 -1.241756935949999985e+02 3.622899710709999965e+01 -2.859275184570000050e+01
6.500000000000000222e-01 2.966441255639999781e+03 -4.771563729120000062e+03 -7.396084545769999750e+03 -1.211576163390000005e+02 3.600265779840000135e+01 -2.961413035460000032e+01
6.500000000000000222e-01 3.245889511349999793e+03 -4.778835323129999779e+03 -6.932392193749999933e+03 -1.263959570359999987e+02 3.859006818400000327e+01 -2.889762071099999829e+01
6.500000000000000222e-01 2.986527322609999828e+03 -5.033396676420000404e+03 -7.308511216330000025e+03 -1.221102716810000004e+02 3.885365431759999666e+01 -3.162168931280000095e+01
6.500000000000000222e-01 2.886201533509999990e+03 -4.894307531890000064e+03 -7.313086695209999561e+03 -1.236569936820000066e+02 3.715628084819999799e+01 -2.671167104650000113e+01
6.500000000000000222e-01 3.104692258099999890e+03 -4.909949975749999794e+03 -6.902151968940000188e+03 -1.260303135070000025e+02 4.162171426620000148e+01 -2.814069273550000005e+01
6.500000000000000222e-01 3.001212768299999880e+03 -4.885876131420000092e+03 -6.903153656030000093e+03 -1.229530862950000056e+02 4.028140982120000047e+01 -2.722066074589999829e+01
6.500000000000000222e-01 3.153572445899999821e+03 -4.750146538879999753e+03 -7.429220145659999616e+03 -1.233466156970000043e+02 3.422843727429999916e+01 -2.926134132359999995e+01
6.500000000000000222e-01 2.903039615799999865e+03 -4.652396005360000345e+03 -7.266439183290000074e+03 -1.241314120119999984e+02 3.769241243870000346e+01 -2.624602818849999863e+01
6.500000000000000222e-01 2.956240310069999850e+03 -4.638974704549999842e+03 -7.306848352400000294e+03 -1.230503102020000057e+02 3.596573316330000125e+01 -2.926733360160000075e+01
6.500000000000000222e-01 3.213303550470000118e+03 -4.656674641880000308e+03 -6.961369826060000378e+03 -1.274546088870000062e+02 3.703285115740000322e+01 -2.644544958070000007e+01
6.500000000000000222e-01 3.322637397219999912e+03 -4.841353621250000288e+03 -7.005748183929999868e+03 -1.264849405270000062e+02 3.792083107380000229e+01 -2.896910009120000140e+01
6.500000000000000222e-01 3.315894342139999935e+03 -4.813374240269999973e+03 -6.996103319789999659e+03 -1.258449884270000041e+02 3.795300635470000117e+01 -2.983199001870000089e+01
6.500000000000000222e-01 3.081365068319999864e+03 -5.036140378389999569e+03 -6.988704411249999794e+03 -1.236992253340000048e+02 4.017079631280000029e+01 -2.786045939179999920e+01
6.500000000000000222e-01 2.975088428040000053e+03 -4.667505725140000322e+03 -7.359730295129999831e+03 -1.246020875659999945e+02 3.782067381849999776e+01 -2.682934158240000144e+01
6.500000000000000222e-01 2.914294890579999901e+03 -5.008811574649999784e+03 -7.230861750770000071e+03 -1.232391969899999964e+02 3.818392259169999647e+01 -2.706808241539999926e+01
6.500000000000000222e-01 2.994925691620000180e+03 -4.575402468649999719e+03 -7.254490029829999912e+03 -1.246750939989999978e+02 3.697351199149999701e+01 -2.741150221899999906e+01
6.500000000000000222e-01 2.971027387759999783e+03 -4.966849399359999552e+03 -6.963813084260000323e+03 -1.251762569299999939e+02 3.824560512610000274e+01 -3.007215524440000110e+01
6.500000000000000222e-01 3.284650447170000007e+03 -4.661217071109999779e+03 -7.037654276729999765e+03 -1.257651961990000018e+02 3.646979275319999658e+01 -2.830168040390000073e+01
6.500000000000000222e-01 2.869066771270000118e+03 -4.906379543060000287e+03 -7.032664422840000043e+03 -1.246113297630000005e+02 3.891854764459999672e+01 -2.993596855739999896e+01
6.500000000000000222e-01 2.831105342379999911e+03 -4.857483297019999554e+03 -7.162323436100000436e+03 -1.229992611790000012e+02 3.838453525690000134e+01 -2.557890654150000032e+01
6.500000000000000222e-01 3.163056493059999866e+03 -4.782113245169999573e+03 -7.441197972779999873e+03 -1.251782901389999978e+02 3.538527492930000307e+01 -2.967357547699999998e+01
6.500000000000000222e-01 2.989282964730000003e+03 -4.566549018939999769e+03 -7.113761388629999601e+03 -1.244940788950000012e+02 3.694417408080000342e+01 -2.489182334550000064e+01
6.500000000000000222e-01 3.093587970669999777e+03 -4.546592738659999668e+03 -7.202081776099999843e+03 -1.252569355650000062e+02 3.666440350700000295e+01 -2.723221660140000111e+01
6.500000000000000222e-01 3.141496824549999928e+03 -4.709054637580000417e+03 -7.406742036089999601e+03 -1.229283526340000066e+02 3.434461621110000351e+01 -2.882343504649999844e+01
6.500000000000000222e-01 3.172257583959999920e+03 -4.715682459669999844e+03 -6.906812889539999560e+03 -1.257228720690000046e+02 3.694986308939999731e+01 -2.761009132890000117e+01
6.500000000000000222e-01 2.969263936310000190e+03 -4.930001420739999958e+03 -6.942253847390000374e+03 -1.246441563169999966e+02 4.091729677600000059e+01 -2.801481628399999835e+01
6.500000000000000222e-01 3.171482605010000043e+03 -4.637004590700000335e+03 -6.953564327230000345e+03 -1.252067773360000018e+02 3.926086369419999755e+01 -2.910811333479999874e+01
4.560000000000000000e+04 7.695663976169999842e+03 2.179210762170000180e+03 1.884544540160000179e+04 2.017285321269999940e+02 -6.173220300140000205e+01 1.944529985290000127e+02
6.500000000000000222e-01 7.748230462460000126e+03 2.053728086080000139e+03 1.900556987200000003e+04 2.023094550829999889e+02 -6.213872372050000337e+01 1.943758028299999978e+02
6.500000000000000222e-01 7.822139866339999571e+03 2.280550333510000200e+03 1.872295586560000083e+04 2.011805669080000030e+02 -6.239116209520000211e+01 1.937688430549999907e+02
6.500000000000000222e-01 7.750635506829999940e+03 2.061870307789999970e+03 1.900512190810000175e+04 2.014981621700000005e+02 -6.081064403770000126e+01 1.952962997529999996e+02
6.500000000000000222e-01 7.495541973149999649e+03 2.165524438699999791e+03 1.881226137970000127e+04 2.019783262189999959e+02 -6.174129683860000029e+01 1.943833770260000051e+02
6.500000000000000222e-01 7.837315519339999810e+03 2.314108824259999892e+03 1.879307735909999974e+04 2.016099627840000039e+02 -6.171014151589999841e+01 1.954548515570000120e+02
6.500000000000000222e-01 7.606502379900000051e+03 2.359837398600000142e+03 1.884892412400000103e+04 2.019314687419999927e+02 -6.210150673529999921e+01 1.941702032899999892e+02
6.500000000000000222e-01 7.662987546080000357e+03 2.219395836270000018e+03 1.904548253599999953e+04 2.026272628799999893e+02 -6.246810189250000178e+01 1.949612669910000022e+02
6.500000000000000222e-01 7.693704681670000355e+03 2.381268178329999955e+03 1.884039791530000002e+04 2.017640831960000014e+02 -6.211632353539999940e+01 1.942331173089999936e+02
6.500000000000000222e-01 7.676806708080000135e+03 2.245669933889999811e+03 1.864946305399999983e+04 2.015163379560000010e+02 -6.242449269960000180e+01 1.939724184460000060e+02
6.500000000000000222e-01 7.607066665080000348e+03 2.177017578150000190e+03 1.865782403580000027e+04 2.018388740849999863e+02 -6.181540551919999871e+01 1.940824406309999972e+02
6.500000000000000222e-01 7.840845990859999802e+03 2.085197835469999973e+03 1.874621576270000151e+04 2.014542152889999898e+02 -6.156247232140000136e+01 1.949592513439999948e+02
6.500000000000000222e-01 7.649559955830000035e+03 2.183274030109999785e+03 1.904635919600000125e+04 2.020288502079999944e+02 -6.164697959280000106e+01 1.946348193659999879e+02
6.500000000000000222e-01 7.621292815449999580e+03 2.022136057899999969e+03 1.895359408690000055e+04 2.023387446540000099e+02 -6.175868716490000310e+01 1.944923463080000090e+02
6.500000000000000222e-01 7.671489924319999773e+03 1.985674007099999926e+03 1.878003225620000012e+04 2.018899122560000023e+02 -6.140923403309999884e+01 1.936445097170000054e+02
6.500000000000000222e-01 7.561676302339999893e+03 2.029348185990000047e+03 1.887126513820000037e+04 2.020116404480000085e+02 -6.144573254449999666e+01 1.951004903580000018e+02
6.500000000000000222e-01 7.788592091939999591e+03 2.018963171879999891e+03 1.877679039719999855e+04 2.012924389759999997e+02 -6.130264137390000201e+01 1.947566845169999965e+02
6.500000000000000222e-01 7.890432076410000263e+03 2.229661045029999968e+03 1.887828302260000055e+04 2.015790060950000111e+02 -6.180195067990000268e+01 1.942819808289999912e+02
6.500000000000000222e-01 7.897043233880000116e+03 2.200537205850000191e+03 1.885428533990000142e+04 2.014127322250000134e+02 -6.173731004569999925e+01 1.948134701390000032e+02
6.500000000000000222e-01 7.608003370059999725e+03 2.054636136229999920e+03 1.870529226840000047e+04 2.022203765339999961e+02 -6.174765637400000173e+01 1.938898108509999929e+02
6.500000000000000222e-01 7.625635103939999681e+03 2.241750431290000051e+03 1.903070852309999827e+04 2.022412954479999883e+02 -6.193520763850000321e+01 1.949160840080000128e+02
6.500000000000000222e-01 7.616727985159999662e+03 2.297710153949999949e+03 1.869372355149999930e+04 2.011629756590000113e+02 -6.127470570719999898e+01 1.948128297599999996e+02
6.500000000000000222e-01 7.822826041950000217e+03 2.054727571549999993e+03 1.873870289119999870e+04 2.014682637779999936e+02 -6.159449723569999691e+01 1.939564630190000116e+02
6.500000000000000222e-01 7.778488271639999766e+03 1.994904765120000093e+03 1.885362177539999902e+04 2.016114151989999925e+02 -6.144879419810000343e+01 1.935187682060000043e+02
6.500000000000000222e-01 7.696855132179999600e+03 2.309771912640000210e+03 1.868442191290000119e+04 2.013332803369999908e+02 -6.112391549480000208e+01 1.947879703069999948e+02
6.500000000000000222e-01 7.857781114139999772e+03 2.062329274000000169e+03 1.889368454500000007e+04 2.017459431499999880e+02 -6.167910707320000085e+01 1.941173893499999963e+02
6.500000000000000222e-01 7.597149516729999959e+03 2.318619635940000080e+03 1.894945732019999923e+04 2.024076477520000026e+02 -6.244906864739999719e+01 1.952188467199999877e+02
6.500000000000000222e-01 7.824190608689999863e+03 2.070736246949999895e+03 1.895409001680000074e+04 2.016489760789999934e+02 -6.145731898479999700e+01 1.941418470039999988e+02
6.500000000000000222e-01 7.828235586099999637e+03 2.260211074119999921e+03 1.871551382820000072e+04 2.017106293850000043e+02 -6.150439898749999657e+01 1.950531721309999966e+02
6.500000000000000222e-01 7.653536851949999800e+03 2.148223808470000222e+03 1.864412288080000144e+04 2.009098015579999981e+02 -6.218615497710000284e+01 1.943339876690000096e+02
6.500000000000000222e-01 7.673660216909999690e+03 2.148667956459999914e+03 1.864137558409999838e+04 2.011859212269999944e+02 -6.211448451070000232e+01 1.942734450300000049e+02
6.500000000000000222e-01 7.513407798539999931e+03 2.123316950169999927e+03 1.891535769129999971e+04 2.017905801290000056e+02 -6.160024311739999803e+01 1.938127333950000093e+02
6.500000000000000222e-01 7.720361808730000121e+03 2.365422506360000170e+03 1.893531599750000169e+04 2.014232161729999859e+02 -6.168863169120000123e+01 1.947280958329999976e+02
6.500000000000000222e-01 7.618807028199999877e+03 2.335297600110000076e+03 1.893984192160000021e+04 2.021445544590000054e+02 -6.203999083930000324e+01 1.940491448829999968e+02
6.500000000000000222e-01 7.809145474140000260e+03 2.021840374639999936e+03 1.889805557029999909e+04 2.016489389099999983e+02 -6.152755463100000100e+01 1.937168711649999864e+02
6.500000000000000222e-01 7.859630256970000119e+03 2.285144569709999814e+03 1.879098064159999922e+04 2.015481649559999937e+02 -6.208322400920000206e+01 1.945160566689999939e+02
6.500000000000000222e-01 7.697233463120000124e+03 2.259272676009999941e+03 1.903777317250000124e+04 2.017626931720000130e+02 -6.087029201069999829e+01 1.944454432199999872e+02
6.500000000000000222e-01 7.845018192069999714e+03 2.060125744370000120e+03 1.890445053940000071e+04 2.013214563239999961e+02 -6.126725973770000166e+01 1.948716909510000050e+02
6.500000000000000222e-01 7.493498696059999929e+03 2.175729432699999961e+03 1.886099438880000162e+04 2.019255641839999953e+02 -6.174600099490000105e+01 1.933171587399999964e+02
6.500000000000000222e-01 7.752695953899999949e+03 2.356787828269999864e+03 1.893610619949999818e+04 2.014169897460000129e+02 -6.156393572550000215e+01 1.945182321039999920e+02
6.500000000000000222e-01 7.885253934590000426e+03 2.209390571129999898e+03 1.891357866880000074e+04 2.013321217929999989e+02 -6.171420071250000206e+01 1.951352909299999965e+02
1.390000000000000000e+04 -1.101465417100000013e+04 3.322761826439999822e+03 1.076731806859999961e+04 -2.320421281049999891e+02 2.005944256150000058e+02 -3.387640887690000113e+02
6.500000000000000222e-01 -1.096894271760000083e+04 3.304915270609999880e+03 1.090085600429999977e+04 -2.328632580819999873e+02 2.009073558389999903e+02 -3.385420432270000219e+02
6.500000000000000222e-01 -1.104339824439999938e+04 3.354746926799999983e+03 1.063040495740000006e+04 -2.321878172399999869e+02 2.009416486730000031e+02 -3.386535482099999967e+02
6.500000000000000222e-01 -1.105390074730000015e+04 3.340897798619999776e+03 1.090577062470000055e+04 -2.317158502389999910e+02 2.003345152109999958e+02 -3.383524511470000107e+02
6.500000000000000222e-01 -1.093958811579999929e+04 3.224661617230000047e+03 1.070010993410000083e+04 -2.322200427790000106e+02 2.010701781049999965e+02 -3.394390798160000031e+02
6.500000000000000222e-01 -1.093690132660000017e+04 3.218239565719999973e+03 1.071777294980000079e+04 -2.320842070969999895e+02 2.008624904030000096e+02 -3.387030050440000082e+02
6.500000000000000222e-01 -1.108527019060000021e+04 3.299460955940000076e+03 1.089215290429999914e+04 -2.324740910559999918e+02 2.007398563719999913e+02 -3.386576115230000141e+02
6.500000000000000222e-01 -1.108225135220000084e+04 3.288336203570000180e+03 1.064786978500000077e+04 -2.312847560730000112e+02 2.007297382890000108e+02 -3.390048861359999819e+02
6.500000000000000222e-01 -1.092203550840000025e+04 3.316722960600000079e+03 1.065551721480000015e+04 -2.323885032439999918e+02 2.005660938419999866e+02 -3.394777105329999927e+02
6.500000000000000222e-01 -1.092798421339999913e+04 3.238619015610000133e+03 1.083244565800000055e+04 -2.323513251530000048e+02 2.009027143280000018e+02 -3.391059870579999824e+02
6.500000000000000222e-01 -1.105615362869999990e+04 3.196929868900000201e+03 1.072459897749999982e+04 -2.320291537770000048e+02 2.010943611149999981e+02 -3.389275593620000109e+02
6.500000000000000222e-01 -1.098004942080000001e+04 3.227291941339999994e+03 1.086109862009999961e+04 -2.325498838530000114e+02 2.013172301460000142e+02 -3.384699454299999957e+02
6.500000000000000222e-01 -1.089325022460000037e+04 3.249610685839999860e+03 1.075889694430000054e+04 -2.321330695979999916e+02 2.007218743569999901e+02 -3.396781295729999783e+02
6.500000000000000222e-01 -1.097697530910000023e+04 3.196533556920000137e+03 1.080690799270000025e+04 -2.322816080890000023e+02 2.010094696109999859e+02 -3.390421653760000140e+02
6.500000000000000222e-01 -1.098579964250000012e+04 3.230812904999999773e+03 1.087584247420000065e+04 -2.319267831120000096e+02 2.003194284239999945e+02 -3.389836010149999765e+02
6.500000000000000222e-01 -1.106836551619999955e+04 3.376993068899999798e+03 1.064622434199999952e+04 -2.315386811090000094e+02 2.002094439800000032e+02 -3.390469583940000007e+02
6.500000000000000222e-01 -1.087743820880000021e+04 3.353847086159999890e+03 1.074608854050000082e+04 -2.322112787039999944e+02 2.004692875659999913e+02 -3.396544863610000107e+02
6.500000000000000222e-01 -1.104687605269999949e+04 3.456128061249999973e+03 1.080374064510000062e+04 -2.321038369100000125e+02 2.002168283430000031e+02 -3.380029278650000037e+02
6.500000000000000222e-01 -1.090755395259999932e+04 3.349589159879999897e+03 1.085401229389999935e+04 -2.321349837950000108e+02 2.006580689339999992e+02 -3.392123650909999810e+02
6.500000000000000222e-01 -1.091583099740000034e+04 3.422883647789999941e+03 1.077383252250000078e+04 -2.321713015569999925e+02 2.003127880520000019e+02 -3.388322896920000176e+02
6.500000000000000222e-01 -1.098769696719999956e+04 3.455106370699999843e+03 1.081084563800000069e+04 -2.322936122250000039e+02 2.002396830730000090e+02 -3.381997692389999770e+02
6.500000000000000222e-01 -1.088016307740000047e+04 3.367497139099999913e+03 1.076506586889999926e+04 -2.321638475160000041e+02 2.004623487199999943e+02 -3.396312768820000088e+02
6.500000000000000222e-01 -1.109517605700000058e+04 3.231462299090000215e+03 1.084205484040000010e+04 -2.319107330779999927e+02 2.011076773359999947e+02 -3.380218747200000280e+02
6.500000000000000222e-01 -1.114644695619999948e+04 3.308974031820000164e+03 1.072071105130000069e+04 -2.318489222340000140e+02 2.006168155830000046e+02 -3.383744196399999851e+02
6.500000000000000222e-01 -1.103258846590000030e+04 3.461596026369999890e+03 1.075894115319999946e+04 -2.320109001909999904e+02 2.003062519810000026e+02 -3.381172483280000165e+02
6.500000000000000222e-01 -1.096754882299999917e+04 3.330217949349999799e+03 1.090179905130000043e+04 -2.326298856559999990e+02 2.005342700479999962e+02 -3.386367598379999890e+02
6.500000000000000222e-01 -1.106229948789999980e+04 3.193114023680000173e+03 1.074599178960000063e+04 -2.320262896909999881e+02 2.009465403739999942e+02 -3.384423017029999983e+02
6.500000000000000222e-01 -1.094938143370000034e+04 3.421044071710000026e+03 1.068653744510000070e+04 -2.322329059079999922e+02 2.001275747519999868e+02 -3.394425129040000115e+02
6.500000000000000222e-01 -1.104198130069999934e+04 3.189552531110000018e+03 1.081182889090000026e+04 -2.318850313769999900e+02 2.006969111120000093e+02 -3.388399948979999863e+02
6.500000000000000222e-01 -1.089199926899999991e+04 3.287289361090000057e+03 1.082591948459999912e+04 -2.320320721569999876e+02 2.006102790209999966e+02 -3.395048433439999940e+02
6.500000000000000222e-01 -1.112205055600000014e+04 3.234241873800000121e+03 1.074559336780000012e+04 -2.319298285090000036e+02 2.008871392839999999e+02 -3.385934345320000034e+02
6.500000000000000222e-01 -1.108799972890000026e+04 3.414110300360000110e+03 1.085120101729999988e+04 -2.319598025509999957e+02 2.001923229139999876e+02 -3.379771866799999884e+02
6.500000000000000222e-01 -1.096161559909999960e+04 3.366786963300000025e+03 1.064002322239999921e+04 -2.313864602300000115e+02 2.007696072870000137e+02 -3.386746468339999865e+02
6.500000000000000222e-01 -1.093275519770000028e+04 3.217962638080000033e+03 1.081574956319999910e+04 -2.320107325010000068e+02 2.005948654000000033e+02 -3.395062489939999750e+02
6.500000000000000222e-01 -1.089907244290000017e+04 3.403549072750000050e+03 1.075375280080000084e+04 -2.321801290299999891e+02 2.003624565549999943e+02 -3.396013123719999953e+02
6.500000000000000222e-01 -1.094916475019999962e+04 3.444463064959999883e+03 1.073977393830000074e+04 -2.320879786120000006e+02 2.001757301199999972e+02 -3.393738723590000177e+02
6.500000000000000222e-01 -1.111458422919999975e+04 3.234125770709999870e+03 1.081654894190000050e+04 -2.318424955360000013e+02 2.009250765220000119e+02 -3.379728812490000109e+02
6.500000000000000222e-01 -1.111367764429999988e+04 3.421134102189999794e+03 1.079552405390000058e+04 -2.321423877560000051e+02 2.005233231729999943e+02 -3.391368391249999945e+02
6.500000000000000222e-01 -1.093084343110000009e+04 3.217466633389999970e+03 1.081655425560000003e+04 -2.321325206630000082e+02 2.007869187930000123e+02 -3.386140128779999827e+02
6.500000000000000222e-01 -1.089533933149999939e+04 3.379519632680000086e+03 1.081614820460000010e+04 -2.324532154020000121e+02 2.003802801880000004e+02 -3.383355251799999905e+02
6.500000000000000222e-01 -1.108151960320000035e+04 3.285892168559999845e+03 1.089066034589999981e+04 -2.327076494199999956e+02 2.005439459279999994e+02 -3.388401164210000047e+02
3.690000000000000000e+05 9.151624049969999533e+02 7.263114462649999723e+02 -6.166015173939999841e+02 -2.163299531460000082e+02 -4.215004268650000085e+01 1.144093610670000061e+02
6.500000000000000222e-01 7.982970495759999494e+02 7.493628988369999888e+02 -5.798234029230000033e+02 -2.149580752610000047e+02 -5.279939103649999765e+01 1.178139482760000050e+02
6.500000000000000222e-01 7.456195434210000030e+02 6.634388262359999544e+02 -4.698319988509999803e+02 -2.280316382229999874e+02 -4.941267547609999866e+01 1.218110020660000004e+02
6.500000000000000222e-01 9.288023943550000467e+02 7.104002252100000305e+02 -5.453818021480000198e+02 -2.259786197070000071e+02 -4.185131009770000077e+01 1.086360852979999976e+02
6.500000000000000222e-01 1.100649688400000059e+03 7.992652680649999866e+02 -7.615292562399999952e+02 -2.049951494329999946e+02 -3.651305680429999967e+01 1.048809203510000003e+02
6.500000000000000222e-01 9.980623089729999720e+02 7.720877786999999444e+02 -5.986802101700000094e+02 -2.202657564040000011e+02 -4.570113434280000320e+01 1.065741292529999953e+02
6.500000000000000222e-01 8.385248477149999644e+02 7.191941364299999577e+02 -4.849687334660000033e+02 -2.219438352850000058e+02 -5.505587720999999846e+01 1.176311369520000056e+02
6.500000000000000222e-01 9.672938036479999937e+02 6.848125210790000210e+02 -6.508180122909999454e+02 -2.172015914959999918e+02 -3.075410624059999876e+01 1.158905923599999994e+02
6.500000000000000222e-01 8.074970251949999920e+02 6.541022966040000028e+02 -4.958720771359999731e+02 -2.250169860100000108e+02 -3.751913623859999802e+01 1.251706728249999969e+02
6.500000000000000222e-01 8.548059633139999960e+02 6.297835570160000316e+02 -5.191066284930000165e+02 -2.254180017029999874e+02 -3.830139360900000156e+01 1.184776741409999943e+02
6.500000000000000222e-01 9.694010271690000309e+02 7.609700504239999646e+02 -5.897597264290000112e+02 -2.184767301830000008e+02 -5.054748449729999749e+01 1.069893411259999993e+02
6.500000000000000222e-01 1.081853062449999925e+03 7.599908570390000477e+02 -7.526131618519999620e+02 -2.126542505740000024e+02 -3.471429684980000019e+01 9.995994225830000346e+01
6.500000000000000222e-01 9.363801467470000262e+02 6.540908588649999729e+02 -6.075480029630000445e+02 -2.186886674879999930e+02 -3.160134101859999944e+01 1.190981504110000060e+02
6.500000000000000222e-01 1.006848332150000033e+03 6.886321471590000556e+02 -6.684934971120000000e+02 -2.175544608620000133e+02 -3.090074701209999830e+01 1.097828295869999948e+02
6.500000000000000222e-01 9.681486116900000525e+02 6.651471881930000336e+02 -6.911981358440000349e+02 -2.115564859870000021e+02 -3.372720287189999766e+01 1.173847209439999943e+02
6.500000000000000222e-01 7.339999356770000531e+02 6.772424192680000488e+02 -4.770778045829999883e+02 -2.242957974249999893e+02 -5.059795826039999866e+01 1.244431412370000061e+02
6.500000000000000222e-01 1.034902968719999990e+03 7.035325769830000127e+02 -6.476442611969999916e+02 -2.176205379460000131e+02 -3.237446517610000285e+01 1.103947821430000005e+02
6.500000000000000222e-01 1.020238221849999945e+03 7.549777864400000453e+02 -7.750836723390000316e+02 -2.093668391379999889e+02 -3.222686776249999951e+01 1.076894567660000064e+02
6.500000000000000222e-01 9.453225119789999553e+02 7.035025689349999993e+02 -5.588257662969999728e+02 -2.235465993809999929e+02 -4.173103786099999724e+01 1.068079658129999956e+02
6.500000000000000222e-01 7.974517671739999969e+02 6.591988459399999556e+02 -5.673831184609999809e+02 -2.183430751550000082e+02 -3.846546238039999821e+01 1.253654941439999959e+02
6.500000000000000222e-01 8.615283313469999484e+02 7.494033316049999485e+02 -5.600831068539999933e+02 -2.151337966540000082e+02 -5.462211032769999974e+01 1.153520090030000063e+02
6.500000000000000222e-01 8.809613177679999581e+02 6.683090528479999648e+02 -5.056474315319999846e+02 -2.266640616640000019e+02 -3.678817307069999742e+01 1.172914704519999987e+02
6.500000000000000222e-01 9.573559347479999815e+02 7.417787891039999977e+02 -7.378367932410000094e+02 -2.038145878519999883e+02 -3.886674192550000129e+01 1.147119611570000046e+02
6.500000000000000222e-01 7.468727509000000282e+02 7.100482035060000499e+02 -4.850648832699999957e+02 -2.243922158080000031e+02 -5.230731018480000216e+01 1.210409028419999942e+02
6.500000000000000222e-01 1.049876930579999907e+03 8.139791369529999656e+02 -7.710654831189999641e+02 -2.069996424869999885e+02 -3.920871065379999720e+01 1.044898978190000065e+02
6.500000000000000222e-01 8.592097697409999455e+02 6.883580008430000134e+02 -6.488019478500000332e+02 -2.124752699979999875e+02 -3.808108537129999860e+01 1.242128417840000054e+02
6.500000000000000222e-01 9.508198452149999866e+02 6.788148407480000515e+02 -7.025371978059999947e+02 -2.098565861360000042e+02 -3.485115429060000025e+01 1.178864487870000062e+02
6.500000000000000222e-01 9.153395680410000068e+02 6.843496736089999786e+02 -6.805012574380000387e+02 -2.122662071590000039e+02 -3.498840608439999755e+01 1.204850314419999933e+02
6.500000000000000222e-01 1.080970991890000050e+03 7.599034693359999437e+02 -7.602281177720000187e+02 -2.121722201590000054e+02 -3.431621145140000095e+01 1.002669398799999954e+02
6.500000000000000222e-01 8.423748614119999729e+02 7.089518363539999655e+02 -4.831951467889999776e+02 -2.284510679560000028e+02 -4.187828427329999670e+01 1.156186285280000021e+02
6.500000000000000222e-01 8.962051960759999929e+02 6.586163451370000530e+02 -5.846466405959999975e+02 -2.199396187709999992e+02 -3.213768286009999997e+01 1.212118362949999977e+02
6.500000000000000222e-01 9.162226345039999842e+02 6.572862464969999792e+02 -6.340462695219999887e+02 -2.197502982590000045e+02 -3.107528975920000036e+01 1.137821151990000033e+02
6.500000000000000222e-01 1.020924180910000018e+03 7.545374151370000391e+02 -7.912047179109999888e+02 -2.094104537970000024e+02 -3.167869642979999867e+01 1.060523574869999948e+02
6.500000000000000222e-01 1.073343166749999909e+03 7.621521812900000441e+02 -6.607474131999999827e+02 -2.160614630320000060e+02 -3.773819257849999786e+01 1.050641712540000015e+02
6.500000000000000222e-01 1.032728675979999934e+03 7.947732761989999517e+02 -7.920431685820000212e+02 -2.070768979139999999e+02 -3.942857139550000056e+01 1.044052663960000018e+02
6.500000000000000222e-01 8.596909918720000405e+02 6.554742453559999831e+02 -5.191869736700000431e+02 -2.244228971260000094e+02 -3.466812137160000162e+01 1.223240274660000040e+02
6.500000000000000222e-01 8.477242750689999866e+02 7.764136465159999716e+02 -6.104214628040000434e+02 -2.104719249789999935e+02 -5.024758923030000091e+01 1.209066983919999956e+02
6.500000000000000222e-01 8.506840714669999670e+02 6.913608918339999718e+02 -4.905483351510000034e+02 -2.262935410599999955e+02 -5.178430409090000097e+01 1.144446341320000045e+02
6.500000000000000222e-01 1.077626796479999939e+03 7.519297908620000044e+02 -7.713700607990000435e+02 -2.052342366549999895e+02 -3.448737952359999781e+01 1.071794381410000057e+02
6.500000000000000222e-01 8.560723739510000314e+02 6.999370761059999495e+02 -4.788252042729999971e+02 -2.244454215540000064e+02 -4.702966456899999770e+01 1.150018685390000002e+02
6.500000000000000222e-01 7.453554766600000221e+02 6.650303202620000320e+02 -4.704398546250000095e+02 -2.293713444869999876e+02 -4.951602667539999914e+01 1.208974177169999962e+02
