3.450000000000000000e+05 2.333222135779999917e+03 -4.554825124830000277e+03 -7.258604960890000257e+03 -1.318520006720000026e+02 5.045270627370000227e+01 -5.605452449390000425e+00
6.500000000000000222e-01 2.242427482059999875e+03 -4.457858356460000323e+03 -6.984735619310000402e+03 -1.324809810989999903e+02 5.181149996370000110e+01 -3.728462367010000111e+00
6.500000000000000222e-01 2.167435747529999844e+03 -4.675358904519999669e+03 -7.438373604299999897e+03 -1.303662321109999880e+02 5.033921372630000235e+01 -5.193468533229999906e+00
6.500000000000000222e-01 2.516306899109999904e+03 -4.476655022930000086e+03 -7.078842474740000398e+03 -1.332064277650000008e+02 5.107896858459999834e+01 -6.859878249030000319e+00
6.500000000000000222e-01 2.324227323780000006e+03 -4.694312946869999905e+03 -7.531006509099999676e+03 -1.303978881129999934e+02 4.694532029129999984e+01 -6.435399222230000049e+00
6.500000000000000222e-01 2.445465571530000034e+03 -4.754439789129999554e+03 -7.431982755250000082e+03 -1.317702564040000084e+02 5.039864340769999984e+01 -7.346376128630000224e+00
6.500000000000000222e-01 2.420885278449999987e+03 -4.358174319040000228e+03 -7.406632689920000303e+03 -1.331077430180000079e+02 4.708351362709999677e+01 -6.972212532340000379e+00
6.500000000000000222e-01 2.128736607679999906e+03 -4.456766543499999898e+03 -7.392090023800000381e+03 -1.292489244969999902e+02 4.948935083090000120e+01 -5.564581450690000430e+00
6.500000000000000222e-01 2.489344735950000086e+03 -4.404703381209999861e+03 -7.406109155510000164e+03 -1.328989263949999895e+02 4.685190117169999979e+01 -6.964869536460000177e+00
6.500000000000000222e-01 2.114427321829999983e+03 -4.468584090239999568e+03 -7.058910116379999636e+03 -1.311631512650000104e+02 5.233443448660000286e+01 -2.641633160940000113e+00
6.500000000000000222e-01 2.081359776700000111e+03 -4.561402684030000273e+03 -7.142452044480000040e+03 -1.296169836939999982e+02 5.211773489269999970e+01 -1.870473189339999953e+00
6.500000000000000222e-01 2.166351061840000057e+03 -4.700603130079999573e+03 -7.417211163089999900e+03 -1.304754721680000102e+02 4.994380400650000240e+01 -4.646078450560000128e+00
6.500000000000000222e-01 2.388361645160000080e+03 -4.558085250969999834e+03 -6.988696016040000359e+03 -1.348730309309999882e+02 5.282997495680000100e+01 -5.215552909660000402e+00
6.500000000000000222e-01 2.274612995699999829e+03 -4.415586962940000376e+03 -7.489740527719999591e+03 -1.313001402470000016e+02 4.824605813699999857e+01 -5.381607441059999886e+00
6.500000000000000222e-01 2.218126248109999779e+03 -4.515471903120000206e+03 -7.497116367270000410e+03 -1.280294363330000067e+02 4.824305626919999668e+01 -6.532452481300000002e+00
6.500000000000000222e-01 2.461750190300000213e+03 -4.504485898240000097e+03 -7.028721539070000290e+03 -1.346213546010000073e+02 5.170895365349999651e+01 -5.605276137509999757e+00
6.500000000000000222e-01 2.232616757719999896e+03 -4.758221671909999714e+03 -7.423243465409999772e+03 -1.289626332990000037e+02 5.172008833820000007e+01 -9.043055303310000070e+00
6.500000000000000222e-01 2.123616900559999976e+03 -4.629781783999999789e+03 -7.397004056550000314e+03 -1.303198815920000015e+02 4.988271499230000217e+01 -3.678080671440000060e+00
6.500000000000000222e-01 2.324185215420000077e+03 -4.616076661840000270e+03 -6.994153967019999982e+03 -1.338141286919999970e+02 5.516434970409999750e+01 -4.902812524029999786e+00
6.500000000000000222e-01 2.239869055019999905e+03 -4.599843514379999760e+03 -6.988913507899999786e+03 -1.304967732099999864e+02 5.386513619600000169e+01 -3.778149090439999913e+00
6.500000000000000222e-01 2.390755023600000186e+03 -4.505459988779999549e+03 -7.529009963180000341e+03 -1.306649406479999982e+02 4.624638701090000126e+01 -6.427613257630000021e+00
6.500000000000000222e-01 2.136644419910000124e+03 -4.385800681009999607e+03 -7.345631589329999770e+03 -1.310715882640000132e+02 5.006061341360000227e+01 -2.614953296449999964e+00
6.500000000000000222e-01 2.195998462519999975e+03 -4.383229252539999834e+03 -7.404405910679999579e+03 -1.300831692659999987e+02 4.816176497720000071e+01 -5.750861814210000311e+00
6.500000000000000222e-01 2.422935609399999976e+03 -4.392459985610000331e+03 -7.042003328050000164e+03 -1.356401570110000137e+02 4.990737144980000295e+01 -2.832222583640000124e+00
6.500000000000000222e-01 2.537872157740000148e+03 -4.571423766810000416e+03 -7.103682466760000352e+03 -1.347619047409999951e+02 5.092332031899999834e+01 -6.036500582899999579e+00
6.500000000000000222e-01 2.534866879539999900e+03 -4.543330571829999826e+03 -7.098906874680000328e+03 -1.341429602039999907e+02 5.092333811339999983e+01 -6.817510585199999973e+00
6.500000000000000222e-01 2.315742750039999919e+03 -4.750830830750000132e+03 -7.080261034129999643e+03 -1.312139125399999955e+02 5.375273169919999816e+01 -5.018957916589999790e+00
6.500000000000000222e-01 2.205740879290000066e+03 -4.400936598190000041e+03 -7.443258611989999736e+03 -1.316013900030000059e+02 4.995289449349999700e+01 -3.453473587710000015e+00
6.500000000000000222e-01 2.153885496259999854e+03 -4.736943096619999778e+03 -7.317591907799999717e+03 -1.300056763309999894e+02 5.128141817520000245e+01 -4.233551816740000362e+00
6.500000000000000222e-01 2.224241388460000053e+03 -4.313711125879999599e+03 -7.340448660469999595e+03 -1.319287134369999990e+02 4.915603625650000197e+01 -3.717261269929999834e+00
6.500000000000000222e-01 2.197234051169999930e+03 -4.692916635990000032e+03 -7.067404527599999710e+03 -1.324535449439999866e+02 5.184638228010000205e+01 -6.894004155750000251e+00
6.500000000000000222e-01 2.504140198279999822e+03 -4.401173431119999805e+03 -7.130134576069999639e+03 -1.340402573009999969e+02 4.909103508369999957e+01 -4.934345446470000063e+00
6.500000000000000222e-01 2.099687108550000175e+03 -4.629055475490000390e+03 -7.134738164970000071e+03 -1.315667746400000055e+02 5.231379582169999765e+01 -6.556201576960000388e+00
6.500000000000000222e-01 2.072162152620000143e+03 -4.584537860319999709e+03 -7.238342350689999876e+03 -1.297324714789999973e+02 5.143328045030000339e+01 -2.193999280129999896e+00
6.500000000000000222e-01 2.389386074250000092e+03 -4.530447692249999818e+03 -7.543793464160000440e+03 -1.324684093729999859e+02 4.742537056869999645e+01 -6.935391315160000403e+00
6.500000000000000222e-01 2.219010813559999860e+03 -4.303974396380000144e+03 -7.183927521309999975e+03 -1.319439661620000095e+02 4.945997682579999832e+01 -9.563825773840000100e-01
6.500000000000000222e-01 2.318264532570000028e+03 -4.286809930039999927e+03 -7.286998773620000065e+03 -1.328662888510000073e+02 4.883511206010000194e+01 -3.532606184560000084e+00
6.500000000000000222e-01 2.381056375969999863e+03 -4.463741925950000223e+03 -7.503437089959999867e+03 -1.302806202589999884e+02 4.633882304339999791e+01 -5.841546066230000278e+00
6.500000000000000222e-01 2.392450031790000139e+03 -4.451047910469999806e+03 -6.994417428859999745e+03 -1.338383663140000124e+02 5.009402078400000136e+01 -4.012115909770000322e+00
6.500000000000000222e-01 2.198450050030000057e+03 -4.640152598740000030e+03 -7.033145060109999577e+03 -1.319911132469999870e+02 5.450517300749999805e+01 -4.691348352820000400e+00
6.500000000000000222e-01 2.394774970639999992e+03 -4.359436016300000119e+03 -7.049669652049999968e+03 -1.333169417340000109e+02 5.212133542309999967e+01 -5.372796719510000152e+00
9.810000000000000000e+05 8.273437623650000023e+04 8.506736793049999790e+01 3.445994327850000263e+04 -1.257856833730000012e+01 2.648047948159999976e+01 -5.395144938029999793e+01
6.500000000000000222e-01 8.327954748259999906e+04 -1.334993999399999893e+03 3.639584422880000056e+04 -1.174015862060000082e+01 2.563675452409999878e+01 -5.434084467809999808e+01
6.500000000000000222e-01 8.431335238569999638e+04 1.384339088039999979e+03 3.310537495140000101e+04 -1.287806402440000042e+01 2.581034315630000009e+01 -5.478408448070000247e+01
6.500000000000000222e-01 8.343225015959999291e+04 -1.442032387259999950e+03 3.624910757469999953e+04 -1.279719104690000009e+01 2.742238257229999832e+01 -5.308518298229999743e+01
6.500000000000000222e-01 8.031705296780000208e+04 -7.781364898479999681e+01 3.405817119929999899e+04 -1.280917233449999948e+01 2.650557750169999949e+01 -5.385118231509999731e+01
6.500000000000000222e-01 8.443213767330000701e+04 1.678866838950000101e+03 3.368947756330000266e+04 -1.232151363260000032e+01 2.673736627930000154e+01 -5.265660601950000341e+01
6.500000000000000222e-01 8.164615497750000213e+04 2.279677951820000089e+03 3.454324482770000031e+04 -1.260253463729999979e+01 2.628798124189999896e+01 -5.439958794449999857e+01
6.500000000000000222e-01 8.222186986109999998e+04 6.776524091310000131e+02 3.678258879760000127e+04 -1.161315901490000080e+01 2.545514941560000111e+01 -5.366692875220000047e+01
6.500000000000000222e-01 8.270706055350000679e+04 2.536289771759999894e+03 3.443760272339999938e+04 -1.257032315690000068e+01 2.629296918769999891e+01 -5.436256788189999867e+01
6.500000000000000222e-01 8.253025934309999866e+04 9.736212130039999693e+02 3.218031951130000016e+04 -1.280207126440000032e+01 2.578227281119999859e+01 -5.423126167179999868e+01
6.500000000000000222e-01 8.165241926599999715e+04 6.710249426480000068e+01 3.225730254920000152e+04 -1.257513397900000029e+01 2.649468652570000060e+01 -5.400802591600000113e+01
6.500000000000000222e-01 8.449298499430000084e+04 -1.055026947130000053e+03 3.319842491950000112e+04 -1.243800609500000043e+01 2.658343218010000086e+01 -5.310436235520000281e+01
6.500000000000000222e-01 8.215414264229999389e+04 1.240205708379999976e+02 3.684184285609999642e+04 -1.242982985869999979e+01 2.649336432109999961e+01 -5.408009072250000315e+01
6.500000000000000222e-01 8.176357001640000090e+04 -1.769097546199999897e+03 3.574433453290000034e+04 -1.201980465349999960e+01 2.614866599269999980e+01 -5.398139710819999948e+01
6.500000000000000222e-01 8.241690211100000306e+04 -2.257421175559999938e+03 3.379301742489999742e+04 -1.235485990219999941e+01 2.663997241079999867e+01 -5.478819460009999887e+01
6.500000000000000222e-01 8.110010134369999287e+04 -1.733663396319999947e+03 3.465805356600000232e+04 -1.257667739520000083e+01 2.663944219800000113e+01 -5.295286237989999734e+01
6.500000000000000222e-01 8.389890203949999704e+04 -1.878639279640000041e+03 3.359188988300000346e+04 -1.280586509779999993e+01 2.681143106440000068e+01 -5.336618755779999645e+01
6.500000000000000222e-01 8.507336688849999337e+04 6.954026661450000120e+02 3.489496854010000243e+04 -1.225733011009999984e+01 2.641088136629999994e+01 -5.440851775000000146e+01
6.500000000000000222e-01 8.517532056530000409e+04 3.401059754610000141e+02 3.452485329970000021e+04 -1.243428585070000025e+01 2.646492515970000170e+01 -5.362565219439999709e+01
6.500000000000000222e-01 8.160740058859999408e+04 -1.391111903709999979e+03 3.285444420700000046e+04 -1.207552293740000060e+01 2.636001222510000019e+01 -5.429819991760000164e+01
6.500000000000000222e-01 8.183665266370000609e+04 8.601713789819999647e+02 3.661026134569999704e+04 -1.221970688010000039e+01 2.621518887239999884e+01 -5.368962285570000148e+01
6.500000000000000222e-01 8.187411165960000653e+04 1.414058619379999982e+03 3.257961657610000111e+04 -1.347726050700000044e+01 2.738663673940000010e+01 -5.316604579869999725e+01
6.500000000000000222e-01 8.427667876999999862e+04 -1.411293837550000035e+03 3.326050648740000179e+04 -1.246419652460000016e+01 2.649664091360000029e+01 -5.442127462749999722e+01
6.500000000000000222e-01 8.373558106290000433e+04 -2.139738246349999827e+03 3.470382069780000165e+04 -1.246375739119999970e+01 2.653237714859999841e+01 -5.518564930170000338e+01
6.500000000000000222e-01 8.279910807830000704e+04 1.534214579429999958e+03 3.247744885509999949e+04 -1.301589426059999965e+01 2.759853706730000056e+01 -5.323977979339999678e+01
6.500000000000000222e-01 8.465980450030000065e+04 -1.304905813070000022e+03 3.509952136330000212e+04 -1.210642226530000087e+01 2.630029740950000061e+01 -5.454373716709999798e+01
6.500000000000000222e-01 8.146807179550000001e+04 1.846928176509999957e+03 3.558739741289999802e+04 -1.205416484719999914e+01 2.570704314190000161e+01 -5.314508652519999998e+01
6.500000000000000222e-01 8.427967451820000133e+04 -1.238207276979999961e+03 3.581893512919999921e+04 -1.236528425240000040e+01 2.658010835529999838e+01 -5.460855012369999884e+01
6.500000000000000222e-01 8.430317438900000707e+04 1.007378996489999963e+03 3.281800085679999756e+04 -1.215234000679999937e+01 2.697073210159999945e+01 -5.300721702589999751e+01
6.500000000000000222e-01 8.234572976560000097e+04 -2.169204602769999894e+02 3.205692654359999869e+04 -1.364354847130000081e+01 2.595251152350000012e+01 -5.365158336260000027e+01
6.500000000000000222e-01 8.254215481469999941e+04 -2.225469708210000022e+02 3.203456656049999947e+04 -1.321992127939999939e+01 2.604645995519999957e+01 -5.374180992590000017e+01
6.500000000000000222e-01 8.056489536860000226e+04 -5.967510080040000275e+02 3.538469067709999945e+04 -1.304886175420000072e+01 2.655937381709999912e+01 -5.482559099049999674e+01
6.500000000000000222e-01 8.308209955109999282e+04 2.285761272679999820e+03 3.550286620859999675e+04 -1.299662408140000025e+01 2.677524882250000005e+01 -5.388361736049999706e+01
6.500000000000000222e-01 8.176557986929999606e+04 1.981734281909999936e+03 3.565383000980000361e+04 -1.233476493070000046e+01 2.627611246560000069e+01 -5.473736166930000024e+01
6.500000000000000222e-01 8.409704032879999431e+04 -1.807625218630000063e+03 3.520952406219999830e+04 -1.236221015379999955e+01 2.643976386519999977e+01 -5.504026468120000004e+01
6.500000000000000222e-01 8.470662757229999988e+04 1.393311898200000087e+03 3.380974717429999873e+04 -1.233471682190000074e+01 2.618485266700000125e+01 -5.393049713820000335e+01
6.500000000000000222e-01 8.276129125939999358e+04 9.052834528329999557e+02 3.677276247149999836e+04 -1.265475144430000043e+01 2.764335817619999958e+01 -5.438910961669999722e+01
6.500000000000000222e-01 8.457363675720000174e+04 -1.393859199949999947e+03 3.511179586320000089e+04 -1.270263343519999921e+01 2.684272740830000004e+01 -5.352557306469999787e+01
6.500000000000000222e-01 8.030466561939999519e+04 4.486962082360000181e+01 3.480776748619999853e+04 -1.291147959169999915e+01 2.648081783210000140e+01 -5.540963631489999841e+01
6.500000000000000222e-01 8.346715998349999427e+04 2.164668975579999824e+03 3.554660185099999944e+04 -1.291335604680000060e+01 2.692166534729999938e+01 -5.418465376420000013e+01
6.500000000000000222e-01 8.505168957770000270e+04 4.425536701949999951e+02 3.518672535010000138e+04 -1.261470970409999914e+01 2.647930050220000098e+01 -5.330065840599999660e+01
4.560000000000000000e+04 8.932592682209999111e+03 1.792618740390000085e+03 2.001590529160000006e+04 1.977460768949999874e+02 -6.271370630839999905e+01 1.846670548390000022e+02
6.500000000000000222e-01 8.996822707710000032e+03 1.770911777100000108e+03 2.021379834679999840e+04 1.970663036169999884e+02 -6.218784897009999924e+01 1.853570922320000136e+02
6.500000000000000222e-01 8.881847080130000904e+03 1.841751904689999947e+03 1.981803462600000057e+04 1.969130966870000066e+02 -6.223873294900000275e+01 1.845764388409999981e+02
6.500000000000000222e-01 8.888522075130000303e+03 1.816112380179999946e+03 2.021732577820000006e+04 1.989583054779999998e+02 -6.310985992820000234e+01 1.852136708189999865e+02
6.500000000000000222e-01 9.032958945430000313e+03 1.656523317720000023e+03 1.991637217809999856e+04 1.969960708339999940e+02 -6.194819506430000189e+01 1.839492870370000048e+02
6.500000000000000222e-01 9.038917902659999527e+03 1.645108096669999895e+03 1.994967661779999980e+04 1.972596742179999865e+02 -6.225647745580000247e+01 1.850854550470000106e+02
6.500000000000000222e-01 8.834798394960000223e+03 1.760371237040000096e+03 2.019283288209999955e+04 1.977700437229999864e+02 -6.251641445730000157e+01 1.846034671689999982e+02
6.500000000000000222e-01 8.836898655040000449e+03 1.743445312379999905e+03 1.983644754749999993e+04 1.983866450570000097e+02 -6.257723649489999929e+01 1.838302368260000037e+02
6.500000000000000222e-01 9.054163803420000477e+03 1.784083673690000069e+03 1.985318300689999887e+04 1.965630433469999900e+02 -6.270917436079999874e+01 1.839620206509999889e+02
6.500000000000000222e-01 9.056218827360000432e+03 1.675338110030000053e+03 2.011135981119999997e+04 1.974290332749999948e+02 -6.217399509970000082e+01 1.846204598029999886e+02
6.500000000000000222e-01 8.870109960120000324e+03 1.615917040620000080e+03 1.994964511720000155e+04 1.975367048589999968e+02 -6.198341664910000048e+01 1.841556556310000019e+02
6.500000000000000222e-01 8.981270337469999504e+03 1.663009205430000065e+03 2.015621506729999965e+04 1.973098305549999907e+02 -6.157959011490000023e+01 1.853547197899999901e+02
6.500000000000000222e-01 9.103875788699999248e+03 1.689386093229999915e+03 2.000145938079999905e+04 1.973807351160000110e+02 -6.243558043640000221e+01 1.838654997040000012e+02
6.500000000000000222e-01 8.985259066149999853e+03 1.615303121859999919e+03 2.007208974820000003e+04 1.974472368490000065e+02 -6.204436792250000110e+01 1.844488424399999928e+02
6.500000000000000222e-01 8.980924281519999568e+03 1.657609935579999956e+03 2.017146233950000169e+04 1.983520664600000032e+02 -6.308592219759999864e+01 1.845514782140000136e+02
6.500000000000000222e-01 8.854636345779999829e+03 1.865992732590000060e+03 1.983492996309999944e+04 1.980389198009999916e+02 -6.335738340700000037e+01 1.838596988429999897e+02
6.500000000000000222e-01 9.125622224599999754e+03 1.837253429950000054e+03 1.998456393340000068e+04 1.972500194829999884e+02 -6.281157022170000204e+01 1.839881705649999901e+02
6.500000000000000222e-01 8.889035898090000046e+03 1.980865775600000006e+03 2.007489302379999936e+04 1.979456666959999893e+02 -6.330949529410000309e+01 1.857188628389999963e+02
6.500000000000000222e-01 9.089887961910000740e+03 1.833112523629999941e+03 2.014274561380000159e+04 1.979144995819999906e+02 -6.253174604489999666e+01 1.845891343590000133e+02
6.500000000000000222e-01 9.073239064339999459e+03 1.934963487299999997e+03 2.003099181229999886e+04 1.975219777439999973e+02 -6.307366884070000168e+01 1.850738563040000031e+02
6.500000000000000222e-01 8.971801641939999172e+03 1.980177198509999926e+03 2.008674206670000058e+04 1.976167764289999980e+02 -6.322939714200000338e+01 1.857191550350000000e+02
6.500000000000000222e-01 9.123521669559999282e+03 1.856907298750000109e+03 2.001198124299999836e+04 1.974276235160000113e+02 -6.282144403720000270e+01 1.840249349979999920e+02
6.500000000000000222e-01 8.822831875149999178e+03 1.665877268069999900e+03 2.012621055029999843e+04 1.983362657929999955e+02 -6.197370981539999946e+01 1.854427226889999929e+02
6.500000000000000222e-01 8.743947697640000115e+03 1.771752963980000004e+03 1.994457448980000117e+04 1.979809953810000138e+02 -6.277717005790000115e+01 1.845607270570000082e+02
6.500000000000000222e-01 8.907734975659999691e+03 1.989672832030000109e+03 2.000994860659999904e+04 1.978578142449999859e+02 -6.317516234080000004e+01 1.855748344780000139e+02
6.500000000000000222e-01 9.001607366500000353e+03 1.803519729009999992e+03 2.021421365720000176e+04 1.974427451519999863e+02 -6.274899694289999985e+01 1.852198252149999860e+02
6.500000000000000222e-01 8.862449357519999467e+03 1.608858535430000074e+03 1.998522138600000108e+04 1.976382878679999919e+02 -6.220646911939999768e+01 1.848776895260000117e+02
6.500000000000000222e-01 9.019704881600000590e+03 1.929861303989999897e+03 1.989677416499999890e+04 1.970635992109999961e+02 -6.339026686679999756e+01 1.839188731989999894e+02
6.500000000000000222e-01 8.897085891540000375e+03 1.601455566309999995e+03 2.007714076070000010e+04 1.981520087810000064e+02 -6.255892462069999738e+01 1.844310980360000087e+02
6.500000000000000222e-01 9.111080397559999255e+03 1.742758086510000112e+03 2.009994163309999931e+04 1.978804951939999910e+02 -6.259558565270000230e+01 1.841881613689999995e+02
6.500000000000000222e-01 8.778826431130000856e+03 1.667102115079999976e+03 1.997946181609999985e+04 1.978995047170000134e+02 -6.233965743329999754e+01 1.843609569650000140e+02
6.500000000000000222e-01 8.834533934940000108e+03 1.919788927240000021e+03 2.014090329149999889e+04 1.984176181279999867e+02 -6.336305078870000074e+01 1.855894545479999920e+02
6.500000000000000222e-01 9.007486127919999490e+03 1.857978846250000061e+03 1.983645131570000012e+04 1.980682885420000048e+02 -6.244232201629999679e+01 1.849426217500000007e+02
6.500000000000000222e-01 9.052064085980000527e+03 1.642226484260000007e+03 2.008260806890000094e+04 1.978692477339999982e+02 -6.264303034190000119e+01 1.839696368209999946e+02
6.500000000000000222e-01 9.096000822070000140e+03 1.907700572759999886e+03 1.999494701569999961e+04 1.973969318700000031e+02 -6.298835448949999716e+01 1.839750986759999876e+02
6.500000000000000222e-01 9.025008778159999565e+03 1.964304711989999987e+03 1.997420023489999949e+04 1.975576040050000017e+02 -6.331068577629999794e+01 1.840667983689999971e+02
6.500000000000000222e-01 8.794401021739999123e+03 1.667578244459999951e+03 2.008875028649999877e+04 1.983462660840000069e+02 -6.226551446780000276e+01 1.853986143859999913e+02
6.500000000000000222e-01 8.793302502320000713e+03 1.933073242590000064e+03 2.004696425069999896e+04 1.979493173939999906e+02 -6.289257763709999693e+01 1.836698216560000105e+02
6.500000000000000222e-01 9.053119686379999621e+03 1.643489806909999970e+03 2.009330885249999847e+04 1.976637246239999968e+02 -6.235637720199999734e+01 1.853286843799999986e+02
6.500000000000000222e-01 9.101431305019999854e+03 1.873372937489999913e+03 2.009844971200000145e+04 1.972309241389999954e+02 -6.294817913370000184e+01 1.859587330960000031e+02
6.500000000000000222e-01 8.837563666539999758e+03 1.738785591869999962e+03 2.018906980470000053e+04 1.974014202619999878e+02 -6.280679940579999965e+01 1.843490259499999979e+02
1.390000000000000000e+04 -1.242112945659999968e+04 4.557394855520000419e+03 8.629519027169999390e+03 -2.212790596220000054e+02 1.969960463989999937e+02 -3.487369319549999886e+02
6.500000000000000222e-01 -1.252899605569999949e+04 4.646649900329999582e+03 8.661589458489999743e+03 -2.214900721760000124e+02 1.969465638529999865e+02 -3.489447828620000109e+02
6.500000000000000222e-01 -1.249575630690000071e+04 4.536341106120000404e+03 8.754079602769999838e+03 -2.219165587370000026e+02 1.970183777919999955e+02 -3.487080427110000187e+02
6.500000000000000222e-01 -1.234659331340000062e+04 4.537596900960000312e+03 8.747109843120000733e+03 -2.217932333900000117e+02 1.970680290749999983e+02 -3.487817091599999912e+02
6.500000000000000222e-01 -1.233099877480000032e+04 4.595825255730000208e+03 8.520189912919999188e+03 -2.205871731480000051e+02 1.969425452659999962e+02 -3.486355022870000084e+02
6.500000000000000222e-01 -1.231942659559999993e+04 4.627760072420000142e+03 8.691441624560000491e+03 -2.218427258570000049e+02 1.966710006380000095e+02 -3.484189082629999916e+02
6.500000000000000222e-01 -1.246415300550000029e+04 4.641340035250000255e+03 8.740929385190000175e+03 -2.214458358450000048e+02 1.964548364599999957e+02 -3.480317821599999775e+02
6.500000000000000222e-01 -1.237069420759999957e+04 4.441991109519999554e+03 8.573586692310000217e+03 -2.211693843360000074e+02 1.972761957200000040e+02 -3.485693699249999895e+02
6.500000000000000222e-01 -1.246788334790000044e+04 4.436380487569999787e+03 8.677118658199999118e+03 -2.213434948500000132e+02 1.976825345910000067e+02 -3.482189655000000243e+02
6.500000000000000222e-01 -1.242727162200000021e+04 4.440433489130000453e+03 8.714737961689999793e+03 -2.211505923820000135e+02 1.970478246529999922e+02 -3.488444873500000085e+02
6.500000000000000222e-01 -1.236607797670000036e+04 4.657735311379999985e+03 8.705212455790000604e+03 -2.214328907750000042e+02 1.963333883539999931e+02 -3.485857598220000000e+02
6.500000000000000222e-01 -1.228376889510000001e+04 4.548766967040000054e+03 8.590666667620000226e+03 -2.214193943479999973e+02 1.969233427169999970e+02 -3.496043152770000120e+02
6.500000000000000222e-01 -1.239498361239999940e+04 4.422335426480000024e+03 8.594054190779999772e+03 -2.209946336040000006e+02 1.971273770500000069e+02 -3.483692662409999912e+02
6.500000000000000222e-01 -1.233088941840000007e+04 4.449224365709999802e+03 8.605896760190000350e+03 -2.211770635309999875e+02 1.972105991889999927e+02 -3.490816426119999960e+02
6.500000000000000222e-01 -1.241101004169999942e+04 4.460102864450000197e+03 8.521028509460000350e+03 -2.207115780089999930e+02 1.966157981839999991e+02 -3.485633103740000251e+02
6.500000000000000222e-01 -1.253393164780000006e+04 4.554533810869999797e+03 8.722541263639999670e+03 -2.215965150510000115e+02 1.971229880550000075e+02 -3.485779149599999869e+02
6.500000000000000222e-01 -1.230904013119999945e+04 4.472900990379999712e+03 8.607348730809999324e+03 -2.211669231390000050e+02 1.971056857590000106e+02 -3.485086071889999744e+02
6.500000000000000222e-01 -1.235762975310000002e+04 4.517866996509999808e+03 8.505783414350000385e+03 -2.213131502090000140e+02 1.972896254949999957e+02 -3.491812538089999975e+02
6.500000000000000222e-01 -1.235680188009999983e+04 4.536660062760000073e+03 8.752581972669999232e+03 -2.212356204390000016e+02 1.969830583479999859e+02 -3.491073881959999881e+02
6.500000000000000222e-01 -1.251566018620000068e+04 4.457727342119999776e+03 8.613127442029999656e+03 -2.211022439930000019e+02 1.974362460279999993e+02 -3.487101905679999732e+02
6.500000000000000222e-01 -1.248169005610000022e+04 4.668084923110000091e+03 8.682004858750000494e+03 -2.212398279600000137e+02 1.965116043319999903e+02 -3.484435567859999878e+02
6.500000000000000222e-01 -1.239186870549999912e+04 4.451993962190000275e+03 8.721385752700000012e+03 -2.214221169790000090e+02 1.975357678290000081e+02 -3.484051805049999757e+02
6.500000000000000222e-01 -1.247134816110000065e+04 4.558846042549999765e+03 8.497197620290000486e+03 -2.202938556899999867e+02 1.969168148999999914e+02 -3.489222418250000146e+02
6.500000000000000222e-01 -1.251521613380000053e+04 4.593880220889999691e+03 8.739112500159999399e+03 -2.218917890570000111e+02 1.972162842550000050e+02 -3.486347240250000254e+02
6.500000000000000222e-01 -1.234951548480000019e+04 4.626480202409999947e+03 8.525228487570000652e+03 -2.212943140289999917e+02 1.968930530549999958e+02 -3.489255351529999984e+02
6.500000000000000222e-01 -1.248945915210000021e+04 4.496608298140000443e+03 8.523015513739999733e+03 -2.212848610259999873e+02 1.969609615299999916e+02 -3.483100187329999926e+02
6.500000000000000222e-01 -1.243579431699999986e+04 4.478349420440000358e+03 8.509314074179999807e+03 -2.206840470299999879e+02 1.966901464499999861e+02 -3.486567383170000198e+02
6.500000000000000222e-01 -1.244410432469999978e+04 4.477763067910000245e+03 8.515230997290000232e+03 -2.211369039100000009e+02 1.968797446789999981e+02 -3.484876837020000266e+02
6.500000000000000222e-01 -1.228683714359999976e+04 4.545823508110000148e+03 8.579890785089999554e+03 -2.214200230669999883e+02 1.969372361190000049e+02 -3.495924877570000149e+02
6.500000000000000222e-01 -1.240564226629999939e+04 4.512712411170000451e+03 8.764169119899999714e+03 -2.218947652159999961e+02 1.977962974959999940e+02 -3.484667862559999776e+02
6.500000000000000222e-01 -1.241839985540000089e+04 4.422163117209999655e+03 8.604612817639999776e+03 -2.211878839100000107e+02 1.973628511320000030e+02 -3.483146924010000021e+02
6.500000000000000222e-01 -1.239625099279999995e+04 4.420048401369999738e+03 8.632707495790000394e+03 -2.212049486610000031e+02 1.973392711539999880e+02 -3.494644232350000266e+02
6.500000000000000222e-01 -1.235313854340000034e+04 4.514387988819999919e+03 8.505976942260000214e+03 -2.214131293169999992e+02 1.973079545569999880e+02 -3.494480364629999940e+02
6.500000000000000222e-01 -1.228016303379999954e+04 4.566667775699999765e+03 8.629442307539999092e+03 -2.213946126129999925e+02 1.968758544499999914e+02 -3.485409459559999732e+02
6.500000000000000222e-01 -1.235994722209999964e+04 4.616411602529999982e+03 8.512053117359999305e+03 -2.214467496279999921e+02 1.966523834490000127e+02 -3.491895350539999754e+02
6.500000000000000222e-01 -1.242535105440000007e+04 4.424172274900000048e+03 8.666355696529999477e+03 -2.213050990510000133e+02 1.975977168310000138e+02 -3.481847770109999942e+02
6.500000000000000222e-01 -1.251531592090000049e+04 4.651383726930000194e+03 8.579259059329999218e+03 -2.213404272919999869e+02 1.969798481679999895e+02 -3.480389214570000149e+02
6.500000000000000222e-01 -1.241886794580000060e+04 4.597257351250000283e+03 8.768762163780000265e+03 -2.218201524300000074e+02 1.963677071859999899e+02 -3.484024301169999944e+02
6.500000000000000222e-01 -1.235093085720000090e+04 4.543446691559999636e+03 8.499909233090000271e+03 -2.204789245549999919e+02 1.967887555609999879e+02 -3.488050054509999995e+02
6.500000000000000222e-01 -1.243614409979999982e+04 4.556141487359999701e+03 8.774716916269999274e+03 -2.210964383429999884e+02 1.972053049330000078e+02 -3.485066149919999816e+02
6.500000000000000222e-01 -1.248296673949999968e+04 4.538462950940000155e+03 8.761868714570000520e+03 -2.221714867809999987e+02 1.969897524120000014e+02 -3.487366182740000227e+02
1.190000000000000000e+04 -8.504316076409999368e+03 5.725224825700000110e+03 -1.199888299689999985e+04 -2.555777545779999969e+02 -4.002403503010000207e+01 1.061179753950000020e+02
6.500000000000000222e-01 -8.586822731640000711e+03 5.633493290159999560e+03 -1.195684426510000048e+04 -2.552869532070000105e+02 -4.002001959279999710e+01 1.056673592490000004e+02
6.500000000000000222e-01 -8.591307197219999580e+03 5.635716376499999569e+03 -1.196466945429999942e+04 -2.551740431110000031e+02 -3.965040887159999983e+01 1.066733994629999955e+02
6.500000000000000222e-01 -8.389349092730000848e+03 5.760485999610000363e+03 -1.204572490479999942e+04 -2.558067150580000089e+02 -4.000754986220000120e+01 1.067231041539999978e+02
6.500000000000000222e-01 -8.404829840099999274e+03 5.642664314040000136e+03 -1.201670484690000012e+04 -2.558283305919999862e+02 -3.984604735850000168e+01 1.060308979339999951e+02
6.500000000000000222e-01 -8.521180420660000891e+03 5.818050486369999817e+03 -1.209655795790000047e+04 -2.556617307079999932e+02 -4.051547226009999747e+01 1.052727613590000004e+02
6.500000000000000222e-01 -8.581290319870000530e+03 5.826372889340000256e+03 -1.196853129679999984e+04 -2.553769956159999879e+02 -4.032586411489999989e+01 1.063120383060000052e+02
6.500000000000000222e-01 -8.468548229109999738e+03 5.716736804289999782e+03 -1.186693884190000063e+04 -2.552315829329999985e+02 -4.033146786150000196e+01 1.063449069050000020e+02
6.500000000000000222e-01 -8.622348162259999299e+03 5.699002010359999986e+03 -1.204738268050000079e+04 -2.553674627359999931e+02 -3.980678199719999810e+01 1.060908728200000013e+02
6.500000000000000222e-01 -8.543003986870000517e+03 5.629761574070000279e+03 -1.208072951660000035e+04 -2.555514614070000050e+02 -4.002625966269999935e+01 1.065018592849999948e+02
6.500000000000000222e-01 -8.480649006809999264e+03 5.674218946719999622e+03 -1.187574217160000080e+04 -2.555354748180000115e+02 -4.002980786799999890e+01 1.064162926559999960e+02
6.500000000000000222e-01 -8.601297456820000662e+03 5.640955457680000109e+03 -1.200884472690000075e+04 -2.553037109409999914e+02 -3.975748237700000232e+01 1.066374519759999941e+02
6.500000000000000222e-01 -8.463121121349999157e+03 5.679415470050000295e+03 -1.211527833400000054e+04 -2.555422592090000080e+02 -4.006747641630000345e+01 1.063711283899999955e+02
6.500000000000000222e-01 -8.569339496689999578e+03 5.788837425149999945e+03 -1.190710880340000040e+04 -2.549734590609999998e+02 -4.062639306749999690e+01 1.064344265139999948e+02
6.500000000000000222e-01 -8.430764761750000616e+03 5.830155286709999928e+03 -1.198414512730000024e+04 -2.558555339030000084e+02 -4.028816624600000296e+01 1.056190080289999997e+02
6.500000000000000222e-01 -8.415659276189999218e+03 5.706373355329999868e+03 -1.189855977420000090e+04 -2.558965998470000045e+02 -4.017098073089999843e+01 1.067192145460000035e+02
6.500000000000000222e-01 -8.629067124490000424e+03 5.751297730209999827e+03 -1.202695617280000079e+04 -2.552641405470000109e+02 -3.995389116199999791e+01 1.056842788250000069e+02
6.500000000000000222e-01 -8.421239543890000277e+03 5.749514624510000431e+03 -1.189537491570000020e+04 -2.557006833030000053e+02 -4.055288226519999739e+01 1.065329956100000004e+02
6.500000000000000222e-01 -8.474613136690000829e+03 5.721763992459999827e+03 -1.186490580249999948e+04 -2.547898980699999925e+02 -4.033354418150000242e+01 1.062958783960000062e+02
6.500000000000000222e-01 -8.499719837090000510e+03 5.674539936019999914e+03 -1.187286016380000001e+04 -2.555396929290000116e+02 -3.962103404310000343e+01 1.065950042089999954e+02
6.500000000000000222e-01 -8.502458030670000880e+03 5.854484403669999665e+03 -1.200636451789999956e+04 -2.556717340309999997e+02 -4.036068276799999666e+01 1.062452311170000030e+02
6.500000000000000222e-01 -8.382099576590000652e+03 5.686793852210000296e+03 -1.196506313029999910e+04 -2.558112934829999858e+02 -4.012515959360000295e+01 1.065721638579999961e+02
6.500000000000000222e-01 -8.561009400709999682e+03 5.610157687730000362e+03 -1.197324988929999927e+04 -2.552030375779999929e+02 -3.989813366269999761e+01 1.059114490209999957e+02
6.500000000000000222e-01 -8.408768549180000264e+03 5.805755007120000300e+03 -1.196497049660000084e+04 -2.556622993949999909e+02 -4.029480990070000246e+01 1.056099890410000057e+02
6.500000000000000222e-01 -8.485546539880000637e+03 5.597345246869999755e+03 -1.198186601069999961e+04 -2.555169469180000021e+02 -3.967004545460000031e+01 1.068226018619999991e+02
6.500000000000000222e-01 -8.624346974419999242e+03 5.685238050099999782e+03 -1.197414146090000031e+04 -2.551230847610000012e+02 -3.981476599709999675e+01 1.064277984000000004e+02
6.500000000000000222e-01 -8.585930340389999401e+03 5.783231469010000183e+03 -1.209211820880000050e+04 -2.559346047960000021e+02 -3.967637574079999752e+01 1.061221101569999945e+02
6.500000000000000222e-01 -8.501596940879999238e+03 5.600725399500000094e+03 -1.196667582609999954e+04 -2.555513208769999949e+02 -3.964814936439999826e+01 1.062753668099999942e+02
6.500000000000000222e-01 -8.483514612040000429e+03 5.822677702609999869e+03 -1.209043013470000005e+04 -2.557704245930000013e+02 -3.967988761179999813e+01 1.062450444739999966e+02
6.500000000000000222e-01 -8.582180654820000200e+03 5.830952107369999794e+03 -1.198872125249999954e+04 -2.555300516499999901e+02 -4.015686392970000185e+01 1.052842414139999931e+02
6.500000000000000222e-01 -8.580499392580000858e+03 5.756772800529999586e+03 -1.189573210920000020e+04 -2.555461534430000086e+02 -4.007064450360000052e+01 1.058402594979999947e+02
6.500000000000000222e-01 -8.614449703980000777e+03 5.714117772849999710e+03 -1.193236604869999974e+04 -2.553836472090000029e+02 -4.009477840040000274e+01 1.056144892500000054e+02
6.500000000000000222e-01 -8.560930424180000045e+03 5.669007197289999567e+03 -1.189129712319999999e+04 -2.549056400910000093e+02 -3.966585212639999725e+01 1.066780152430000044e+02
6.500000000000000222e-01 -8.455613297890000467e+03 5.785299826129999929e+03 -1.189047996369999964e+04 -2.552255591900000127e+02 -4.003419841209999674e+01 1.059207048429999958e+02
6.500000000000000222e-01 -8.512333033099999739e+03 5.855768234170000142e+03 -1.200015898329999982e+04 -2.556899823329999890e+02 -4.030400112750000119e+01 1.064181351010000043e+02
6.500000000000000222e-01 -8.623671910779999962e+03 5.733030109919999632e+03 -1.205625589919999948e+04 -2.552147613889999889e+02 -3.982698405739999714e+01 1.053990115189999983e+02
6.500000000000000222e-01 -8.497925514889999249e+03 5.799859066029999667e+03 -1.211092003579999982e+04 -2.556530921709999973e+02 -3.982087340430000211e+01 1.060374045079999945e+02
6.500000000000000222e-01 -8.434481660019999254e+03 5.794605855009999686e+03 -1.208777625529999932e+04 -2.556418393680000065e+02 -4.004332014380000260e+01 1.062575978120000002e+02
6.500000000000000222e-01 -8.569560176520000823e+03 5.658176261849999719e+03 -1.209055282889999944e+04 -2.555647638140000026e+02 -3.921189339189999856e+01 1.057502629309999946e+02
6.500000000000000222e-01 -8.400985780380000506e+03 5.646245151279999845e+03 -1.200868069959999957e+04 -2.558185074870000051e+02 -3.988330891820000090e+01 1.061810683620000049e+02
6.500000000000000222e-01 -8.453630850339999597e+03 5.822544560420000380e+03 -1.207372043119999944e+04 -2.557119330740000009e+02 -3.989522723999999698e+01 1.063695078540000054e+02
