3.450000000000000000e+05 2.731939348580000114e+03 -4.699763776910000161e+03 -7.223621436759999597e+03 -1.284227818999999897e+02 4.418520709260000245e+01 -1.717241607560000105e+01
6.500000000000000222e-01 2.642945025389999955e+03 -4.606542961670000295e+03 -6.954924457070000244e+03 -1.289648402969999950e+02 4.527334533930000049e+01 -1.566560790850000018e+01
6.500000000000000222e-01 2.562180019549999997e+03 -4.820013199969999732e+03 -7.404893158369999583e+03 -1.273156175900000022e+02 4.411195813610000016e+01 -1.660822385750000052e+01
6.500000000000000222e-01 2.918548069689999920e+03 -4.623401966839999659e+03 -7.039882306819999940e+03 -1.293690270390000023e+02 4.474059125649999658e+01 -1.850913541290000097e+01
6.500000000000000222e-01 2.718825297049999790e+03 -4.828790806650000377e+03 -7.493995529269999679e+03 -1.271908556289999979e+02 4.086216859620000008e+01 -1.767440492740000124e+01
6.500000000000000222e-01 2.843963329019999946e+03 -4.899292924800000037e+03 -7.392289484009999796e+03 -1.283653610739999920e+02 4.418358521039999687e+01 -1.851022015670000087e+01
6.500000000000000222e-01 2.823297129569999925e+03 -4.493402663589999975e+03 -7.367347436740000376e+03 -1.295792412039999988e+02 4.121281900460000003e+01 -1.861640967059999952e+01
6.500000000000000222e-01 2.520011120010000013e+03 -4.599041487190000225e+03 -7.357002295960000083e+03 -1.261647758860000010e+02 4.340603223240000119e+01 -1.728608422639999986e+01
6.500000000000000222e-01 2.890994108479999795e+03 -4.539182240170000114e+03 -7.366991664029999811e+03 -1.292917922709999914e+02 4.095614019530000149e+01 -1.851399206239999984e+01
6.500000000000000222e-01 2.511269928390000132e+03 -4.618929171179999685e+03 -7.032410822849999931e+03 -1.278834265179999932e+02 4.583336323649999855e+01 -1.459265039930000007e+01
6.500000000000000222e-01 2.473687138570000116e+03 -4.711096292100000028e+03 -7.118568431229999987e+03 -1.264833433010000050e+02 4.562483923389999774e+01 -1.365900628210000001e+01
6.500000000000000222e-01 2.561426010579999911e+03 -4.843974857530000008e+03 -7.385429667090000294e+03 -1.274222718329999964e+02 4.367072207399999684e+01 -1.604614860079999872e+01
6.500000000000000222e-01 2.795940733909999835e+03 -4.709833344810000199e+03 -6.954699289490000410e+03 -1.311849147339999888e+02 4.625611592730000154e+01 -1.691033774730000161e+01
6.500000000000000222e-01 2.671912408400000004e+03 -4.554348722290000296e+03 -7.455385370670000157e+03 -1.280493716560000053e+02 4.235677373219999708e+01 -1.699047477310000076e+01
6.500000000000000222e-01 2.605588459279999825e+03 -4.654060977430000094e+03 -7.459350878150000426e+03 -1.248985260369999963e+02 4.224630246209999740e+01 -1.806898569910000063e+01
6.500000000000000222e-01 2.868405316779999794e+03 -4.652998911960000441e+03 -6.993551518790000046e+03 -1.308344862760000069e+02 4.526475099310000161e+01 -1.728744675600000136e+01
6.500000000000000222e-01 2.622947401100000206e+03 -4.906989132929999869e+03 -7.378158393959999557e+03 -1.258388180289999951e+02 4.541479379169999930e+01 -2.033655144760000155e+01
6.500000000000000222e-01 2.518266513219999979e+03 -4.773010767679999844e+03 -7.368002260950000164e+03 -1.272988549629999966e+02 4.363845067180000115e+01 -1.519853288660000068e+01
6.500000000000000222e-01 2.728705061910000040e+03 -4.774860054249999848e+03 -6.961172859420000350e+03 -1.302469551050000121e+02 4.851438885529999823e+01 -1.655995954540000170e+01
6.500000000000000222e-01 2.634405470960000002e+03 -4.754619352599999729e+03 -6.959237554430000273e+03 -1.270464261359999938e+02 4.719666229690000137e+01 -1.552844445350000058e+01
6.500000000000000222e-01 2.785945169009999972e+03 -4.638083748199999718e+03 -7.491746089180000126e+03 -1.273097701479999984e+02 4.035030866759999668e+01 -1.784560318329999973e+01
6.500000000000000222e-01 2.533401571760000024e+03 -4.529856500490000144e+03 -7.319419965150000280e+03 -1.279211343489999990e+02 4.399903976160000241e+01 -1.443711160850000041e+01
6.500000000000000222e-01 2.589653880989999834e+03 -4.521606317689999742e+03 -7.368691174659999888e+03 -1.268850694759999982e+02 4.218881526940000271e+01 -1.750886315860000053e+01
6.500000000000000222e-01 2.832752241929999855e+03 -4.535630069949999779e+03 -7.015080611829999725e+03 -1.318784015509999961e+02 4.357916748019999886e+01 -1.467454486669999980e+01
6.500000000000000222e-01 2.944900355579999996e+03 -4.717610917279999740e+03 -7.067472418139999718e+03 -1.309402024389999895e+02 4.453257939000000221e+01 -1.753712489649999995e+01
6.500000000000000222e-01 2.939985442480000074e+03 -4.689548608709999826e+03 -7.060244646180000018e+03 -1.303120218189999946e+02 4.455182107849999795e+01 -1.835750055609999976e+01
6.500000000000000222e-01 2.712480510719999984e+03 -4.905253383360000043e+03 -7.047251308799999606e+03 -1.277690044649999948e+02 4.707955425990000009e+01 -1.646709467330000010e+01
6.500000000000000222e-01 2.604064152689999901e+03 -4.544840709580000293e+03 -7.414674266259999968e+03 -1.284156095600000071e+02 4.400751486779999766e+01 -1.514871317010000062e+01
6.500000000000000222e-01 2.547488948010000058e+03 -4.884170665999999983e+03 -7.287031315430000177e+03 -1.269307022189999969e+02 4.485140276999999998e+01 -1.565962327249999930e+01
6.500000000000000222e-01 2.623388314350000201e+03 -4.455136953979999817e+03 -7.310808012520000375e+03 -1.286242417359999877e+02 4.318630228749999844e+01 -1.557305485210000029e+01
6.500000000000000222e-01 2.597980394849999811e+03 -4.841498172779999550e+03 -7.028409844130000238e+03 -1.291423378759999991e+02 4.517025661320000296e+01 -1.850178060640000055e+01
6.500000000000000222e-01 2.908969619819999934e+03 -4.542043833310000082e+03 -7.096976457280000432e+03 -1.302247804419999966e+02 4.289237794739999998e+01 -1.664691730610000064e+01
6.500000000000000222e-01 2.497965153160000227e+03 -4.779237673399999949e+03 -7.096636051819999921e+03 -1.284168592970000020e+02 4.574602452890000137e+01 -1.825835872900000112e+01
6.500000000000000222e-01 2.464971653319999859e+03 -4.732274244829999589e+03 -7.213605848490000426e+03 -1.266829860320000023e+02 4.503107056460000024e+01 -1.389466418800000014e+01
6.500000000000000222e-01 2.790126444999999876e+03 -4.666667757569999594e+03 -7.505041664029999993e+03 -1.291295296689999930e+02 4.151914182390000008e+01 -1.830884928909999942e+01
6.500000000000000222e-01 2.618060692829999880e+03 -4.446063537140000335e+03 -7.162540747199999714e+03 -1.285449282749999895e+02 4.331815324379999765e+01 -1.294078128820000018e+01
6.500000000000000222e-01 2.720012400220000018e+03 -4.427255001350000384e+03 -7.257906001549999928e+03 -1.293851695300000131e+02 4.286788261750000117e+01 -1.539780226419999920e+01
6.500000000000000222e-01 2.775044862709999961e+03 -4.596668301190000420e+03 -7.467851169659999869e+03 -1.269093322760000007e+02 4.045536787120000355e+01 -1.733506810489999950e+01
6.500000000000000222e-01 2.796800495959999807e+03 -4.594590403920000426e+03 -6.963898321200000282e+03 -1.301112439919999986e+02 4.363510567939999873e+01 -1.584368115000000010e+01
6.500000000000000222e-01 2.597720282430000225e+03 -4.796889740480000000e+03 -7.000767375340000399e+03 -1.286418405260000100e+02 4.783648349559999957e+01 -1.638053033459999952e+01
6.500000000000000222e-01 2.797531557429999793e+03 -4.509422428550000404e+03 -7.014877065540000331e+03 -1.295920912470000133e+02 4.581246441590000273e+01 -1.727324698210000165e+01
9.810000000000000000e+05 8.277169021479999356e+04 3.957932979969999820e+00 3.462468254560000059e+04 -1.178639192240000000e+01 2.648090576159999898e+01 -5.361719224059999789e+01
6.500000000000000222e-01 8.331432549930000096e+04 -1.413497108100000105e+03 3.656176329740000074e+04 -1.096890901389999939e+01 2.562280856150000119e+01 -5.399817441700000131e+01
6.500000000000000222e-01 8.435158948419999797e+04 1.305261942240000053e+03 3.327269859100000031e+04 -1.208964702149999937e+01 2.582403259530000028e+01 -5.447204713029999823e+01
6.500000000000000222e-01 8.347026599800000258e+04 -1.526003136080000104e+03 3.641118400809999730e+04 -1.202605525429999922e+01 2.740734276859999952e+01 -5.274474321750000172e+01
6.500000000000000222e-01 8.035503361290000612e+04 -1.589972487329999922e+02 3.422257606040000246e+04 -1.199111919009999916e+01 2.650422664110000071e+01 -5.349910196670000317e+01
6.500000000000000222e-01 8.446867875469999854e+04 1.596945874839999988e+03 3.385027998949999892e+04 -1.153874749470000083e+01 2.675391496630000177e+01 -5.234141912180000134e+01
6.500000000000000222e-01 8.168352919549999933e+04 2.199122145660000115e+03 3.470934224979999999e+04 -1.180176348590000046e+01 2.631189251380000016e+01 -5.405587500400000067e+01
6.500000000000000222e-01 8.225624986359999457e+04 5.996741295240000227e+02 3.694642613600000186e+04 -1.083601911829999942e+01 2.546170960219999913e+01 -5.331279818619999844e+01
6.500000000000000222e-01 8.274434975789999589e+04 2.455715426329999900e+03 3.460360159810000187e+04 -1.177845427489999963e+01 2.631901263940000035e+01 -5.402854683879999698e+01
6.500000000000000222e-01 8.256822663659999671e+04 8.946357268430000431e+02 3.234593862240000090e+04 -1.198947916330000041e+01 2.579224737479999874e+01 -5.391186869359999889e+01
6.500000000000000222e-01 8.168967913600000611e+04 -1.405019835659999927e+01 3.242222590750000018e+04 -1.175450322390000046e+01 2.649493781500000011e+01 -5.368080382840000198e+01
6.500000000000000222e-01 8.452987765229999786e+04 -1.136433936169999924e+03 3.336060472339999978e+04 -1.165183202899999948e+01 2.657225316390000103e+01 -5.279303922620000122e+01
6.500000000000000222e-01 8.219102391119999811e+04 4.287106283989999866e+01 3.700694419539999944e+04 -1.165259193840000052e+01 2.649418838460000103e+01 -5.372498624890000229e+01
6.500000000000000222e-01 8.179917636260000290e+04 -1.849160725080000020e+03 3.590913978810000117e+04 -1.123014559970000015e+01 2.612956066870000171e+01 -5.363034102419999982e+01
6.500000000000000222e-01 8.245351896460000717e+04 -2.338981170049999946e+03 3.396032318729999679e+04 -1.155491513469999987e+01 2.661561935039999938e+01 -5.445626958220000091e+01
6.500000000000000222e-01 8.113738978729999508e+04 -1.815229614330000004e+03 3.481971114430000307e+04 -1.177162488829999987e+01 2.662020818170000069e+01 -5.260355528779999901e+01
6.500000000000000222e-01 8.393691829719999805e+04 -1.960731494440000006e+03 3.375486048979999759e+04 -1.201765300709999984e+01 2.679168327360000035e+01 -5.304758337500000209e+01
6.500000000000000222e-01 8.510973385859999689e+04 6.144972228410000525e+02 3.506113176229999954e+04 -1.148924830870000058e+01 2.641731055529999850e+01 -5.408991551750000326e+01
6.500000000000000222e-01 8.521222648189999745e+04 2.590403687200000036e+02 3.468862362600000051e+04 -1.166420290309999963e+01 2.646784855610000164e+01 -5.331030858910000347e+01
6.500000000000000222e-01 8.164313753589999396e+04 -1.471827785429999949e+03 3.302024904889999743e+04 -1.125970556040000048e+01 2.634439833940000142e+01 -5.396620975849999979e+01
6.500000000000000222e-01 8.187288324189999548e+04 7.798621233229999916e+02 3.677416488840000238e+04 -1.143783521359999966e+01 2.622370661340000098e+01 -5.333333396569999962e+01
6.500000000000000222e-01 8.191414249179999752e+04 1.330151575130000083e+03 3.274196024720000059e+04 -1.266170882629999994e+01 2.740146972149999982e+01 -5.283834976880000056e+01
6.500000000000000222e-01 8.431364958149999438e+04 -1.492429381769999964e+03 3.342671673020000162e+04 -1.167668049249999918e+01 2.648180177869999952e+01 -5.410785361599999987e+01
6.500000000000000222e-01 8.377256093659999897e+04 -2.220971891099999993e+03 3.487235046570000122e+04 -1.168304776919999988e+01 2.651012530530000078e+01 -5.485805209000000104e+01
6.500000000000000222e-01 8.283773817989999952e+04 1.449657003560000021e+03 3.264003113270000176e+04 -1.220843857889999917e+01 2.761434454440000152e+01 -5.292041480240000340e+01
6.500000000000000222e-01 8.469570646560000023e+04 -1.385442145900000014e+03 3.526609185889999935e+04 -1.133653372730000086e+01 2.628688589740000126e+01 -5.422063319989999997e+01
6.500000000000000222e-01 8.150377732259999902e+04 1.768159002930000042e+03 3.574963880359999894e+04 -1.126053409470000055e+01 2.572623024789999846e+01 -5.279253827480000183e+01
6.500000000000000222e-01 8.431637301670000306e+04 -1.319601611869999942e+03 3.598569225420000294e+04 -1.159778416380000010e+01 2.656731778529999843e+01 -5.427768805760000248e+01
6.500000000000000222e-01 8.433918490239999664e+04 9.247534952700000304e+02 3.297988501520000136e+04 -1.136148247769999919e+01 2.698058602440000087e+01 -5.269713295169999867e+01
6.500000000000000222e-01 8.238627003749999858e+04 -2.964078023260000236e+02 3.222076922259999992e+04 -1.282807054649999934e+01 2.594970572349999927e+01 -5.333160741169999852e+01
6.500000000000000222e-01 8.258140018139999302e+04 -3.023219958909999718e+02 3.219868828980000035e+04 -1.240616823450000084e+01 2.604360396590000093e+01 -5.342358844259999984e+01
6.500000000000000222e-01 8.060363188129999617e+04 -6.780907713660000127e+02 3.555206912610000290e+04 -1.224498903839999997e+01 2.655240449829999960e+01 -5.446634649410000151e+01
6.500000000000000222e-01 8.312071279580000555e+04 2.203714433709999867e+03 3.566739158480000333e+04 -1.221670181600000049e+01 2.679821946079999861e+01 -5.354536749270000229e+01
6.500000000000000222e-01 8.180214990669999679e+04 1.901220111350000025e+03 3.582095173110000178e+04 -1.154443307600000068e+01 2.629657761960000073e+01 -5.438693794579999974e+01
6.500000000000000222e-01 8.413371992390000378e+04 -1.888580729340000062e+03 3.537760759729999700e+04 -1.158851935759999918e+01 2.642112785409999987e+01 -5.471206618339999750e+01
6.500000000000000222e-01 8.474321413779999421e+04 1.313087834859999930e+03 3.397445335409999825e+04 -1.155524778390000051e+01 2.619841893719999959e+01 -5.361653426419999846e+01
6.500000000000000222e-01 8.279886855729999661e+04 8.205993824189999941e+02 3.693881895419999637e+04 -1.188214695749999983e+01 2.765212791209999921e+01 -5.403963945289999771e+01
6.500000000000000222e-01 8.461136391189999995e+04 -1.476055545380000012e+03 3.527524663429999782e+04 -1.193210506730000020e+01 2.682838163979999990e+01 -5.320173675209999686e+01
6.500000000000000222e-01 8.034296970570000121e+04 -3.624022233769999701e+01 3.497693741479999881e+04 -1.210001469080000014e+01 2.648082660289999879e+01 -5.505206419360000325e+01
6.500000000000000222e-01 8.350552375009999378e+04 2.082175864400000137e+03 3.571205361170000106e+04 -1.213706795579999920e+01 2.694320348009999933e+01 -5.384922575699999925e+01
6.500000000000000222e-01 8.508915428109999630e+04 3.614425014270000247e+02 3.534949201409999660e+04 -1.184864701729999936e+01 2.648322354660000144e+01 -5.297995303969999981e+01
4.560000000000000000e+04 8.323900462879999395e+03 1.984068815690000065e+03 1.944317357840000113e+04 1.997081628830000000e+02 -6.228385042699999730e+01 1.893405769119999889e+02
6.500000000000000222e-01 8.390242086669999480e+03 1.960773282070000050e+03 1.963900516559999960e+04 1.990092684249999877e+02 -6.177284200380000101e+01 1.899960119950000035e+02
6.500000000000000222e-01 8.275671336839999640e+03 2.031713030639999943e+03 1.924553233520000140e+04 1.988981148439999913e+02 -6.178625253919999949e+01 1.892818663639999954e+02
6.500000000000000222e-01 8.276185010850000253e+03 2.008775534590000007e+03 1.964294619900000180e+04 2.008754409519999911e+02 -6.267989702900000282e+01 1.898695340890000125e+02
6.500000000000000222e-01 8.426498757819999810e+03 1.845688768640000035e+03 1.934584202789999836e+04 1.990011814270000059e+02 -6.155793947869999982e+01 1.886211022409999885e+02
6.500000000000000222e-01 8.431656184690000373e+03 1.835225438369999893e+03 1.937567300579999937e+04 1.992609845819999919e+02 -6.187118364250000013e+01 1.897529735870000138e+02
6.500000000000000222e-01 8.226111541030000808e+03 1.951238959889999933e+03 1.962030064140000104e+04 1.996802494599999989e+02 -6.210118665390000103e+01 1.892735296539999865e+02
6.500000000000000222e-01 8.226228095079999548e+03 1.934486939840000105e+03 1.926621659519999957e+04 2.003591597639999975e+02 -6.215350258800000205e+01 1.885451743490000069e+02
6.500000000000000222e-01 8.449009677129999545e+03 1.975517516220000061e+03 1.928261432989999957e+04 1.985815406039999971e+02 -6.227766743950000006e+01 1.886334448940000073e+02
6.500000000000000222e-01 8.448476388779999979e+03 1.865197232790000044e+03 1.953881270009999935e+04 1.994053163400000130e+02 -6.178524503069999696e+01 1.892663151630000016e+02
6.500000000000000222e-01 8.262059456389999468e+03 1.805206528310000067e+03 1.937844231850000142e+04 1.994984920900000134e+02 -6.160377384619999930e+01 1.888541268099999968e+02
6.500000000000000222e-01 8.373930762829999367e+03 1.851053875809999909e+03 1.958140627289999975e+04 1.992613326270000016e+02 -6.119502469919999754e+01 1.900088651229999925e+02
6.500000000000000222e-01 8.496237483860000793e+03 1.880034314660000064e+03 1.943122041280000121e+04 1.993858048360000055e+02 -6.203874996199999714e+01 1.885143711579999888e+02
6.500000000000000222e-01 8.377474108239999623e+03 1.804789944950000063e+03 1.950003999599999952e+04 1.994147518249999962e+02 -6.167182442699999712e+01 1.891134437990000094e+02
6.500000000000000222e-01 8.370398038440000164e+03 1.850268058760000031e+03 1.959911925329999940e+04 2.002996697559999859e+02 -6.270096074770000172e+01 1.892021143030000019e+02
6.500000000000000222e-01 8.245027193980000447e+03 2.059369293690000177e+03 1.926462023630000112e+04 2.000138626659999943e+02 -6.289753737560000246e+01 1.885669205060000024e+02
6.500000000000000222e-01 8.518375787959999798e+03 2.028985984930000086e+03 1.941396032550000018e+04 1.992606768869999883e+02 -6.237038210579999742e+01 1.886296205730000111e+02
6.500000000000000222e-01 8.279767284989999098e+03 2.174058269969999856e+03 1.949894949970000016e+04 1.998847422739999899e+02 -6.282530412820000265e+01 1.903856448960000023e+02
6.500000000000000222e-01 8.480661499030000414e+03 2.023998308630000110e+03 1.957031886630000008e+04 1.998888385660000040e+02 -6.209751077500000349e+01 1.892187901949999969e+02
6.500000000000000222e-01 8.465192141190000257e+03 2.127456087340000067e+03 1.945706213339999886e+04 1.995112442209999983e+02 -6.260431580350000047e+01 1.897156079920000025e+02
6.500000000000000222e-01 8.363515066280000610e+03 2.173128197250000085e+03 1.951082162729999982e+04 1.995726435630000140e+02 -6.274776948969999779e+01 1.903701356429999976e+02
6.500000000000000222e-01 8.515740073799999664e+03 2.048662832800000160e+03 1.944127012729999842e+04 1.994324568320000139e+02 -6.237549743329999785e+01 1.886629632890000039e+02
6.500000000000000222e-01 8.212396112790000188e+03 1.855121840880000036e+03 1.955108641889999853e+04 2.002561023849999913e+02 -6.158421682950000076e+01 1.901271190719999993e+02
6.500000000000000222e-01 8.134582117799999651e+03 1.963398350980000032e+03 1.937210445759999857e+04 1.999124588960000040e+02 -6.234778123689999774e+01 1.892764999329999966e+02
6.500000000000000222e-01 8.298712336250000590e+03 2.182445416070000192e+03 1.943444033330000093e+04 1.998120982920000017e+02 -6.268539750170000246e+01 1.902456248919999950e+02
6.500000000000000222e-01 8.393873273589999371e+03 1.995085735939999950e+03 1.963984426460000032e+04 1.993859416640000006e+02 -6.232450490650000319e+01 1.898565279290000092e+02
6.500000000000000222e-01 8.254099516430000222e+03 1.798835882220000030e+03 1.941181068819999928e+04 1.995923626039999874e+02 -6.182987258819999710e+01 1.895737243810000052e+02
6.500000000000000222e-01 8.413044708460000038e+03 2.123316598469999917e+03 1.932634484539999903e+04 1.990640916330000039e+02 -6.291610129690000264e+01 1.885853440019999994e+02
6.500000000000000222e-01 8.287174524399999427e+03 1.792519634810000071e+03 1.950512320380000165e+04 2.000981440920000125e+02 -6.218712597369999884e+01 1.891103328009999984e+02
6.500000000000000222e-01 8.501937120329999743e+03 1.933877441610000005e+03 1.952873592529999951e+04 1.998686175189999972e+02 -6.218635778889999699e+01 1.888226445960000035e+02
6.500000000000000222e-01 8.169705328930000178e+03 1.857457992959999956e+03 1.940761363989999882e+04 1.998344235559999902e+02 -6.194367451040000105e+01 1.890702035600000102e+02
6.500000000000000222e-01 8.223854180529999212e+03 2.113175653520000196e+03 1.956535009980000177e+04 2.003339564899999914e+02 -6.289876410120000116e+01 1.902601573039999892e+02
6.500000000000000222e-01 8.397735197329999210e+03 2.048560006260000137e+03 1.926286665279999943e+04 2.000776189640000098e+02 -6.198752511650000230e+01 1.896223772479999923e+02
6.500000000000000222e-01 8.442968408450000425e+03 1.833533702429999948e+03 1.951204804850000073e+04 1.998486594489999959e+02 -6.226176742100000183e+01 1.886197663639999860e+02
6.500000000000000222e-01 8.488319192700000713e+03 2.099942718010000135e+03 1.942438134089999949e+04 1.993977937509999947e+02 -6.252615334749999931e+01 1.886178382960000022e+02
6.500000000000000222e-01 8.416855066109999825e+03 2.157505009609999888e+03 1.940333472669999901e+04 1.995451718959999994e+02 -6.282922898300000014e+01 1.887220009419999940e+02
6.500000000000000222e-01 8.183935000409999702e+03 1.857713236249999909e+03 1.951374724599999900e+04 2.002658217780000030e+02 -6.187371102579999871e+01 1.900922965499999862e+02
6.500000000000000222e-01 8.184048302070000318e+03 2.125005984020000142e+03 1.947726424920000136e+04 1.998713105500000040e+02 -6.241980008480000208e+01 1.883580179129999976e+02
6.500000000000000222e-01 8.444656141400000706e+03 1.833918290280000065e+03 1.951858822829999917e+04 1.996415843970000026e+02 -6.197467913580000243e+01 1.899775236410000048e+02
6.500000000000000222e-01 8.494283139990000564e+03 2.065513900389999890e+03 1.952182526359999974e+04 1.992156130980000057e+02 -6.250042770320000329e+01 1.905902099479999947e+02
6.500000000000000222e-01 8.230003430470000239e+03 1.930552108390000058e+03 1.961731593960000100e+04 1.993132715840000060e+02 -6.239769442370000263e+01 1.890197019899999873e+02
1.390000000000000000e+04 -1.173482901339999989e+04 3.950956568420000167e+03 9.690648600910000823e+03 -2.267964040360000126e+02 1.989394236900000124e+02 -3.440641520159999800e+02
6.500000000000000222e-01 -1.184210256769999978e+04 4.040342397419999998e+03 9.723446637490000285e+03 -2.269741432010000040e+02 1.989045139840000047e+02 -3.443319545730000186e+02
6.500000000000000222e-01 -1.180758695099999932e+04 3.929901284189999842e+03 9.815144422720000875e+03 -2.273795423139999912e+02 1.989187178450000033e+02 -3.440524089450000247e+02
6.500000000000000222e-01 -1.165879274500000065e+04 3.930959246139999777e+03 9.808296592849999797e+03 -2.272605545309999968e+02 1.989972757040000033e+02 -3.440579496909999762e+02
6.500000000000000222e-01 -1.164674772970000049e+04 3.989469530599999871e+03 9.580975837289999617e+03 -2.261497443119999957e+02 1.989383754639999893e+02 -3.439396444220000149e+02
6.500000000000000222e-01 -1.163146179219999976e+04 4.022253104989999883e+03 9.751531079050000699e+03 -2.273188085669999907e+02 1.986561248639999917e+02 -3.437033685129999867e+02
6.500000000000000222e-01 -1.177744553239999914e+04 4.036542621009999948e+03 9.799929764300000897e+03 -2.268961878949999971e+02 1.984100790050000001e+02 -3.433804626379999831e+02
6.500000000000000222e-01 -1.168465409560000080e+04 3.834747438870000224e+03 9.634149823829999150e+03 -2.267350579970000126e+02 1.991843746490000058e+02 -3.438611321000000203e+02
6.500000000000000222e-01 -1.178138430960000005e+04 3.827950077510000028e+03 9.736655089620000581e+03 -2.268613922449999905e+02 1.995536454349999929e+02 -3.435427293100000270e+02
6.500000000000000222e-01 -1.174139059099999940e+04 3.833939980050000031e+03 9.776156754659999933e+03 -2.266500769230000003e+02 1.989234964439999942e+02 -3.441467530720000241e+02
6.500000000000000222e-01 -1.167938832170000023e+04 4.053258909860000131e+03 9.765850858879999578e+03 -2.268965755950000016e+02 1.983212405179999962e+02 -3.438953509930000223e+02
6.500000000000000222e-01 -1.159700423760000012e+04 3.942506284909999977e+03 9.654360569489999762e+03 -2.269575792910000018e+02 1.988951473170000099e+02 -3.448702408710000213e+02
6.500000000000000222e-01 -1.170948801409999942e+04 3.815572490070000185e+03 9.654012610100000529e+03 -2.265543612090000067e+02 1.990194483850000040e+02 -3.436668154569999842e+02
6.500000000000000222e-01 -1.164484925479999947e+04 3.842171703450000223e+03 9.667995540399999300e+03 -2.267268111569999860e+02 1.991250146010000037e+02 -3.443518817350000063e+02
6.500000000000000222e-01 -1.172634155810000084e+04 3.854866066030000184e+03 9.581615832030000092e+03 -2.262978709649999871e+02 1.985346859100000074e+02 -3.438825743109999848e+02
6.500000000000000222e-01 -1.184672746740000002e+04 3.947764777389999836e+03 9.783244162009999854e+03 -2.270699938239999938e+02 1.990292810290000034e+02 -3.439459754459999772e+02
6.500000000000000222e-01 -1.162303808120000031e+04 3.866146824599999945e+03 9.667682558329999665e+03 -2.267121142659999862e+02 1.990350185609999869e+02 -3.437724238939999850e+02
6.500000000000000222e-01 -1.167112248580000050e+04 3.910506608870000036e+03 9.568242522340000505e+03 -2.268967084219999890e+02 1.992471341320000136e+02 -3.444861900579999769e+02
6.500000000000000222e-01 -1.167071319740000035e+04 3.930287894579999829e+03 9.814772420710000006e+03 -2.267003686429999902e+02 1.989089113679999912e+02 -3.443878783519999729e+02
6.500000000000000222e-01 -1.182986351850000028e+04 3.850034602839999934e+03 9.674220165059999999e+03 -2.266446754600000020e+02 1.993185326999999916e+02 -3.440670289049999724e+02
6.500000000000000222e-01 -1.179558066879999933e+04 4.063084244499999841e+03 9.742295245510000314e+03 -2.267120622740000044e+02 1.984860497349999946e+02 -3.438103468190000171e+02
6.500000000000000222e-01 -1.170516233300000022e+04 3.843989890079999896e+03 9.781435104930000307e+03 -2.269173076870000045e+02 1.994216616900000076e+02 -3.436917601449999893e+02
6.500000000000000222e-01 -1.178797502910000003e+04 3.952631635939999796e+03 9.558957613630000196e+03 -2.258710510850000048e+02 1.988725434609999922e+02 -3.442891373300000168e+02
6.500000000000000222e-01 -1.182713008520000039e+04 3.986797695620000013e+03 9.799983358179999414e+03 -2.273505556789999957e+02 1.991407131649999940e+02 -3.439988526760000127e+02
6.500000000000000222e-01 -1.166311292259999937e+04 4.020261488229999941e+03 9.586922786830000405e+03 -2.268477782919999868e+02 1.988986757860000125e+02 -3.442426368640000192e+02
6.500000000000000222e-01 -1.180305034209999940e+04 3.890313541380000061e+03 9.582891908969999349e+03 -2.268620813400000031e+02 1.988809572289999892e+02 -3.436716857010000012e+02
6.500000000000000222e-01 -1.175120874650000042e+04 3.872876983999999993e+03 9.570212365080000382e+03 -2.262716583630000002e+02 1.986143817090000141e+02 -3.439920874019999815e+02
6.500000000000000222e-01 -1.175813557389999914e+04 3.871714764289999948e+03 9.575616304020000825e+03 -2.267220924149999917e+02 1.988008785650000050e+02 -3.438261460400000260e+02
6.500000000000000222e-01 -1.160006185659999937e+04 3.939520526580000023e+03 9.643552043850000700e+03 -2.269639332939999861e+02 1.989088672620000011e+02 -3.448606245359999889e+02
6.500000000000000222e-01 -1.171753620840000076e+04 3.903883071239999936e+03 9.824423597389999486e+03 -2.273590204440000093e+02 1.997002875679999931e+02 -3.437644489929999736e+02
6.500000000000000222e-01 -1.173232065800000055e+04 3.814689875590000156e+03 9.664418686760000128e+03 -2.267424247429999866e+02 1.992479356839999980e+02 -3.436219173630000228e+02
6.500000000000000222e-01 -1.171013892540000052e+04 3.812648969939999915e+03 9.696012862170000517e+03 -2.267462240030000089e+02 1.992231187099999943e+02 -3.447575019579999775e+02
6.500000000000000222e-01 -1.166632437890000074e+04 3.906972876079999878e+03 9.569248260970000047e+03 -2.269969888830000002e+02 1.992644861279999873e+02 -3.447497102529999893e+02
6.500000000000000222e-01 -1.159350689919999968e+04 3.960548655040000085e+03 9.689874252800000249e+03 -2.269117465939999931e+02 1.988503830079999943e+02 -3.438041956440000035e+02
6.500000000000000222e-01 -1.167306588799999918e+04 4.010936793490000127e+03 9.574563185880000674e+03 -2.270079586569999890e+02 1.986536722680000082e+02 -3.445111547669999936e+02
6.500000000000000222e-01 -1.173895721629999935e+04 3.815995249550000153e+03 9.725756665580000117e+03 -2.268306213859999900e+02 1.994727167860000066e+02 -3.434882432879999783e+02
6.500000000000000222e-01 -1.182882389379999950e+04 4.044946030659999906e+03 9.638349924599999213e+03 -2.268619880310000099e+02 1.989561092669999880e+02 -3.434304856350000250e+02
6.500000000000000222e-01 -1.173101901109999926e+04 3.992749985290000041e+03 9.828849895069999548e+03 -2.272662926659999982e+02 1.983074539410000057e+02 -3.437200181040000189e+02
6.500000000000000222e-01 -1.166698185910000029e+04 3.937598990070000127e+03 9.561218782440000723e+03 -2.260606400599999972e+02 1.987603861139999992e+02 -3.441119531370000004e+02
6.500000000000000222e-01 -1.175050440290000006e+04 3.949103839899999912e+03 9.835125033039999835e+03 -2.265474119639999913e+02 1.991217689670000084e+02 -3.438253036319999865e+02
6.500000000000000222e-01 -1.179402222660000007e+04 3.932107463419999931e+03 9.823011233459999858e+03 -2.276306151690000092e+02 1.988922384839999893e+02 -3.440745680289999768e+02
1.190000000000000000e+04 -7.715882501819999561e+03 5.843892512149999675e+03 -1.231498815710000054e+04 -2.591892239169999925e+02 -3.744784585770000263e+01 1.002526126479999959e+02
6.500000000000000222e-01 -7.799196823950000180e+03 5.752208840070000406e+03 -1.227157392310000068e+04 -2.589531057219999752e+02 -3.748276956710000007e+01 9.980428499469999792e+01
6.500000000000000222e-01 -7.804030557709999812e+03 5.753303545009999652e+03 -1.228248527560000002e+04 -2.588378613869999754e+02 -3.711583344000000295e+01 1.008134849470000063e+02
6.500000000000000222e-01 -7.600300726829999803e+03 5.879072013240000160e+03 -1.236363896380000006e+04 -2.593609585250000009e+02 -3.741141185019999682e+01 1.008294198079999973e+02
6.500000000000000222e-01 -7.615661338099999739e+03 5.760820020870000008e+03 -1.233245432029999938e+04 -2.594177420890000008e+02 -3.729168241269999839e+01 1.001075690600000030e+02
6.500000000000000222e-01 -7.732561753429999953e+03 5.938211327160000110e+03 -1.241013817779999954e+04 -2.592267933269999958e+02 -3.793144220330000138e+01 9.944992393190000257e+01
6.500000000000000222e-01 -7.793447262110000338e+03 5.945910827179999615e+03 -1.228531227469999976e+04 -2.590049682459999758e+02 -3.771410645230000114e+01 1.004997821989999949e+02
6.500000000000000222e-01 -7.681110509670000283e+03 5.836288011790000382e+03 -1.218369197639999948e+04 -2.588844023880000123e+02 -3.771697539769999707e+01 1.004482012419999961e+02
6.500000000000000222e-01 -7.834530180990000190e+03 5.817069554720000269e+03 -1.236347038959999918e+04 -2.589985731730000111e+02 -3.727324007690000229e+01 1.002681829590000007e+02
6.500000000000000222e-01 -7.754658538390000103e+03 5.748537082949999785e+03 -1.239800818210000034e+04 -2.591583113919999732e+02 -3.751620549279999750e+01 1.006351369230000046e+02
6.500000000000000222e-01 -7.692269752270000026e+03 5.792878919449999557e+03 -1.219270521740000004e+04 -2.591953198159999943e+02 -3.743673856889999740e+01 1.005136650620000012e+02
6.500000000000000222e-01 -7.813646642589999828e+03 5.758887521550000201e+03 -1.232656531419999919e+04 -2.589527132570000276e+02 -3.723403933069999994e+01 1.007875064339999938e+02
6.500000000000000222e-01 -7.674869870870000341e+03 5.798280964730000051e+03 -1.243213611719999972e+04 -2.591056467480000265e+02 -3.753396629779999927e+01 1.004916660589999964e+02
6.500000000000000222e-01 -7.782691871949999950e+03 5.909290122579999661e+03 -1.222423376020000069e+04 -2.586276047129999824e+02 -3.801068626779999704e+01 1.006016491700000017e+02
6.500000000000000222e-01 -7.641530262250000305e+03 5.949542610800000148e+03 -1.229872002280000015e+04 -2.594340414609999925e+02 -3.765361613919999684e+01 9.975278160300000252e+01
6.500000000000000222e-01 -7.626223483490000035e+03 5.825438826550000158e+03 -1.221642946379999921e+04 -2.595235746600000084e+02 -3.756050281990000173e+01 1.008031759189999974e+02
6.500000000000000222e-01 -7.841563893630000166e+03 5.869777354470000319e+03 -1.234182021300000088e+04 -2.588965154890000235e+02 -3.739508624590000352e+01 9.987578038670000069e+01
6.500000000000000222e-01 -7.632410621770000034e+03 5.869723471450000034e+03 -1.221269519930000024e+04 -2.593233666610000228e+02 -3.792509283049999880e+01 1.006308150229999967e+02
6.500000000000000222e-01 -7.688525330899999972e+03 5.841319123279999985e+03 -1.218151435060000040e+04 -2.584447625280000125e+02 -3.771748430609999758e+01 1.004028823929999987e+02
6.500000000000000222e-01 -7.711317984340000294e+03 5.791951643030000014e+03 -1.219038126639999973e+04 -2.592059956990000273e+02 -3.703051203809999947e+01 1.006992185520000049e+02
6.500000000000000222e-01 -7.713774756849999903e+03 5.974106946760000028e+03 -1.232291244890000053e+04 -2.592584292899999809e+02 -3.773474455899999924e+01 1.004149408109999939e+02
6.500000000000000222e-01 -7.592973998149999716e+03 5.805750084960000095e+03 -1.228246662859999924e+04 -2.594063355320000142e+02 -3.753522512119999988e+01 1.006462796370000063e+02
6.500000000000000222e-01 -7.773655287579999822e+03 5.728514511510000375e+03 -1.228870513980000032e+04 -2.588593558179999832e+02 -3.737056191909999825e+01 1.000341220499999935e+02
6.500000000000000222e-01 -7.620118046429999595e+03 5.925164132609999797e+03 -1.227949195709999913e+04 -2.592457166820000225e+02 -3.766117495350000155e+01 9.972682468380000387e+01
6.500000000000000222e-01 -7.697265510969999923e+03 5.714996558480000203e+03 -1.230006381490000058e+04 -2.591499484629999870e+02 -3.713825715339999789e+01 1.009139940480000064e+02
6.500000000000000222e-01 -7.837230345050000324e+03 5.803310048680000364e+03 -1.229124587529999917e+04 -2.587847146560000056e+02 -3.726799879229999846e+01 1.005946780809999979e+02
6.500000000000000222e-01 -7.796438545130000421e+03 5.900858007740000176e+03 -1.240832198649999918e+04 -2.595243264310000200e+02 -3.711587492289999801e+01 1.003132151519999979e+02
6.500000000000000222e-01 -7.713195304210000359e+03 5.718305723200000102e+03 -1.228320579910000015e+04 -2.591944982910000022e+02 -3.711365074390000274e+01 1.003720031539999979e+02
6.500000000000000222e-01 -7.694576807090000329e+03 5.940265375840000161e+03 -1.240696749300000010e+04 -2.593260678120000193e+02 -3.708718326190000170e+01 1.004085819179999959e+02
6.500000000000000222e-01 -7.793880838850000146e+03 5.949977953210000123e+03 -1.230235912470000039e+04 -2.591504231069999946e+02 -3.754865667709999855e+01 9.947526552230000618e+01
6.500000000000000222e-01 -7.792078214850000222e+03 5.875541298469999674e+03 -1.221102751859999989e+04 -2.592130511230000138e+02 -3.746661606850000226e+01 1.000007698820000002e+02
6.500000000000000222e-01 -7.826521781110000120e+03 5.833009736809999595e+03 -1.224697871920000034e+04 -2.590538296999999943e+02 -3.752311278140000184e+01 9.978074857439999334e+01
6.500000000000000222e-01 -7.774454433330000029e+03 5.786583184430000074e+03 -1.220911043360000076e+04 -2.585831250749999981e+02 -3.709297140740000032e+01 1.008070213470000027e+02
6.500000000000000222e-01 -7.668230921909999779e+03 5.903905153370000335e+03 -1.220595941809999931e+04 -2.588544882479999956e+02 -3.739674366420000240e+01 1.000410314260000035e+02
6.500000000000000222e-01 -7.723586342569999942e+03 5.975216840459999730e+03 -1.231724186899999950e+04 -2.592816127080000115e+02 -3.767784589010000218e+01 1.005912743340000048e+02
6.500000000000000222e-01 -7.836334862710000380e+03 5.851142455660000451e+03 -1.237024039599999924e+04 -2.588374976640000114e+02 -3.728224531720000101e+01 9.958685050069999534e+01
6.500000000000000222e-01 -7.709346927560000040e+03 5.917903750669999681e+03 -1.242682376819999990e+04 -2.592090271000000143e+02 -3.724458845550000063e+01 1.002025214599999998e+02
6.500000000000000222e-01 -7.645950263120000272e+03 5.913309496339999896e+03 -1.240431194060000053e+04 -2.591888747469999998e+02 -3.745244826830000306e+01 1.003950962269999962e+02
6.500000000000000222e-01 -7.781174747719999687e+03 5.774450766459999613e+03 -1.240555703440000070e+04 -2.591715814859999796e+02 -3.669757608199999765e+01 9.990148221970000009e+01
6.500000000000000222e-01 -7.611845483090000016e+03 5.764508484709999721e+03 -1.232488825809999980e+04 -2.594090671910000196e+02 -3.732469516809999988e+01 1.002565019660000019e+02
6.500000000000000222e-01 -7.664875561959999686e+03 5.940777048279999690e+03 -1.239061884649999956e+04 -2.592650854039999899e+02 -3.729287778970000033e+01 1.005199359759999993e+02
