3.450000000000000000e+05 4.371868932309999764e+03 -5.113563382479999746e+03 -6.648604876770000374e+03 -1.078218720120000000e+02 1.567031191370000087e+01 -6.510452728840000702e+01
6.500000000000000222e-01 4.286159124400000110e+03 -5.027228291970000100e+03 -6.391212574590000258e+03 -1.076821082790000048e+02 1.559004934560000066e+01 -6.488512404899999808e+01
6.500000000000000222e-01 4.198935976040000241e+03 -5.233667427370000041e+03 -6.840634781779999685e+03 -1.084812290899999994e+02 1.570247161130000002e+01 -6.419452297889999670e+01
6.500000000000000222e-01 4.558825454910000190e+03 -5.042994781370000055e+03 -6.445687730859999647e+03 -1.069299072259999974e+02 1.597175230270000057e+01 -6.645803027450000400e+01
6.500000000000000222e-01 4.349793808720000015e+03 -5.202513835490000019e+03 -6.919583232259999932e+03 -1.078051916229999989e+02 1.319187170280000032e+01 -6.464037379890000068e+01
6.500000000000000222e-01 4.485313535639999827e+03 -5.314825265870000294e+03 -6.810293728999999985e+03 -1.081621399579999974e+02 1.593459199009999949e+01 -6.482217820969999877e+01
6.500000000000000222e-01 4.475905298149999908e+03 -4.878164818750000450e+03 -6.769427498279999782e+03 -1.084865044879999942e+02 1.442066261789999970e+01 -6.700251907300000198e+01
6.500000000000000222e-01 4.138882547289999820e+03 -5.006632821760000297e+03 -6.773948856879999767e+03 -1.069858458500000040e+02 1.548671409529999998e+01 -6.623929511100000411e+01
6.500000000000000222e-01 4.537774983059999613e+03 -4.919990046930000062e+03 -6.773501512869999715e+03 -1.079609406090000050e+02 1.412226651039999936e+01 -6.646127852290000249e+01
6.500000000000000222e-01 4.146982283860000280e+03 -5.048035169939999832e+03 -6.482146263110000291e+03 -1.076770878699999940e+02 1.622578244179999984e+01 -6.405488812490000328e+01
6.500000000000000222e-01 4.095298268980000103e+03 -5.137633305149999615e+03 -6.585167877019999651e+03 -1.070679866530000055e+02 1.606490379130000079e+01 -6.259830533270000075e+01
6.500000000000000222e-01 4.199580932529999700e+03 -5.250400104010000177e+03 -6.829406168460000117e+03 -1.085784943209999938e+02 1.511074775710000040e+01 -6.356359606979999910e+01
6.500000000000000222e-01 4.465019905699999981e+03 -5.143394688739999765e+03 -6.381868889829999716e+03 -1.092495252249999993e+02 1.650122239730000118e+01 -6.492777985450000244e+01
6.500000000000000222e-01 4.312287639819999640e+03 -4.954049075150000135e+03 -6.880073829169999954e+03 -1.082556326130000031e+02 1.542522984170000022e+01 -6.540110451069999442e+01
6.500000000000000222e-01 4.206680671099999927e+03 -5.048549458299999969e+03 -6.870488076810000166e+03 -1.057300284060000024e+02 1.475693603500000073e+01 -6.633439974409999706e+01
6.500000000000000222e-01 4.529972015639999881e+03 -5.076899182170000131e+03 -6.415682766439999796e+03 -1.085296199670000021e+02 1.609178346490000067e+01 -6.529083169730000691e+01
6.500000000000000222e-01 4.237489607489999798e+03 -5.335487500619999992e+03 -6.766102713719999883e+03 -1.067564964479999929e+02 1.651386442209999927e+01 -6.739264245290000588e+01
6.500000000000000222e-01 4.155292052609999701e+03 -5.179812143199999809e+03 -6.820087731659999918e+03 -1.085173336900000010e+02 1.519247119739999974e+01 -6.323126465459999679e+01
6.500000000000000222e-01 4.388857690030000413e+03 -5.236834650210000291e+03 -6.394312310579999576e+03 -1.089082094559999945e+02 1.834028275460000046e+01 -6.441618738370000585e+01
6.500000000000000222e-01 4.254197127170000385e+03 -5.197652811580000161e+03 -6.402910387040000387e+03 -1.062598974969999972e+02 1.689704166430000143e+01 -6.397000487510000255e+01
6.500000000000000222e-01 4.413700285990000339e+03 -5.010466654630000448e+03 -6.909979912380000314e+03 -1.072073720420000029e+02 1.350187350789999918e+01 -6.550774575069999628e+01
6.500000000000000222e-01 4.174276697270000113e+03 -4.946858115070000167e+03 -6.773515283269999600e+03 -1.084178868909999949e+02 1.628816164910000097e+01 -6.365987095679999896e+01
6.500000000000000222e-01 4.214875010609999663e+03 -4.915979990840000028e+03 -6.781562686479999684e+03 -1.071823489439999975e+02 1.479799369500000061e+01 -6.659942135449999512e+01
6.500000000000000222e-01 4.508984300340000118e+03 -4.940398274870000023e+03 -6.468483821169999828e+03 -1.095867016440000015e+02 1.503093970529999979e+01 -6.336808436849999993e+01
6.500000000000000222e-01 4.607730178650000198e+03 -5.133394084939999630e+03 -6.491257008329999735e+03 -1.086503740219999941e+02 1.566538556969999973e+01 -6.482492894639999292e+01
6.500000000000000222e-01 4.593740605799999685e+03 -5.105867327900000419e+03 -6.471409251349999977e+03 -1.079547694099999973e+02 1.570635058370000081e+01 -6.583667718680000291e+01
6.500000000000000222e-01 4.343249430349999784e+03 -5.346964124799999809e+03 -6.486625541139999768e+03 -1.071734196470000029e+02 1.684678467150000003e+01 -6.368137217419999985e+01
6.500000000000000222e-01 4.251244198950000282e+03 -4.965538139450000017e+03 -6.862665576999999757e+03 -1.088672650510000040e+02 1.681556933250000085e+01 -6.384072721319999744e+01
6.500000000000000222e-01 4.178058699520000118e+03 -5.302176068669999950e+03 -6.736110817830000087e+03 -1.079679841869999990e+02 1.561385402770000042e+01 -6.318557924520000313e+01
6.500000000000000222e-01 4.269090965579999647e+03 -4.863788589390000197e+03 -6.748472647139999935e+03 -1.084086387779999967e+02 1.589306766710000041e+01 -6.488812278150000168e+01
6.500000000000000222e-01 4.250160147970000253e+03 -5.256197096269999747e+03 -6.434226657639999758e+03 -1.088073301329999936e+02 1.481512304730000018e+01 -6.652773738470000353e+01
6.500000000000000222e-01 4.561601245980000385e+03 -4.940840131029999611e+03 -6.526241679939999813e+03 -1.078581439940000024e+02 1.482665306510000036e+01 -6.493556899860000442e+01
6.500000000000000222e-01 4.144896885039999688e+03 -5.204542472129999624e+03 -6.502340255740000430e+03 -1.087558700249999930e+02 1.573907544649999934e+01 -6.681355851109999833e+01
6.500000000000000222e-01 4.092061276800000087e+03 -5.153372317379999913e+03 -6.678981515370000125e+03 -1.076681075909999947e+02 1.586864918730000085e+01 -6.257047629440000236e+01
6.500000000000000222e-01 4.443254850780000197e+03 -5.054775258509999730e+03 -6.918535037669999838e+03 -1.090553822730000064e+02 1.461051088169999979e+01 -6.571253848509999784e+01
6.500000000000000222e-01 4.259579230199999984e+03 -4.852039046169999892e+03 -6.633640229689999614e+03 -1.078786028810000062e+02 1.541175353530000081e+01 -6.263076393240000073e+01
6.500000000000000222e-01 4.370849765099999786e+03 -4.831969845050000004e+03 -6.698429414639999777e+03 -1.084015394390000040e+02 1.566115289729999915e+01 -6.461358882160000405e+01
6.500000000000000222e-01 4.396724535499999547e+03 -4.970829233510000449e+03 -6.891055976419999752e+03 -1.067244014369999974e+02 1.364963162819999987e+01 -6.528805837800000234e+01
6.500000000000000222e-01 4.449710224639999979e+03 -4.995823356769999918e+03 -6.401214251329999570e+03 -1.079676910550000031e+02 1.444760000740000017e+01 -6.454646127700000591e+01
6.500000000000000222e-01 4.242245222769999600e+03 -5.248534782220000125e+03 -6.434326452960000097e+03 -1.082279791090000032e+02 1.749826312189999911e+01 -6.458712025660000222e+01
6.500000000000000222e-01 4.443376320819999819e+03 -4.944334878140000001e+03 -6.430449889169999551e+03 -1.074633154100000070e+02 1.709702681930000168e+01 -6.625661752470000465e+01
4.560000000000000000e+04 5.506677957249999963e+03 2.824918307490000188e+03 1.666992197210000086e+04 2.084202870350000012e+02 -5.918431945559999718e+01 2.133702497269999867e+02
6.500000000000000222e-01 5.553307871300000443e+03 2.704780785999999807e+03 1.683145962480000162e+04 2.089541516989999934e+02 -5.978342286110000003e+01 2.131819938220000097e+02
6.500000000000000222e-01 5.637926763159999609e+03 2.932519270589999905e+03 1.655492925610000020e+04 2.080753180439999994e+02 -5.969560800589999872e+01 2.126494582040000125e+02
6.500000000000000222e-01 5.564320309470000211e+03 2.698736922919999870e+03 1.682119092209999872e+04 2.081541787259999978e+02 -5.845432996480000298e+01 2.141028802799999937e+02
6.500000000000000222e-01 5.304848685619999742e+03 2.811284217750000153e+03 1.663662478239999837e+04 2.084851602169999865e+02 -5.918377904599999795e+01 2.134608116729999949e+02
6.500000000000000222e-01 5.648699167179999677e+03 2.958701579000000038e+03 1.660736826740000106e+04 2.084731137709999871e+02 -5.899541220519999740e+01 2.142785800730000005e+02
6.500000000000000222e-01 5.415936648590000004e+03 3.008267494149999948e+03 1.667635135950000040e+04 2.085101836139999989e+02 -5.932306157179999673e+01 2.130955987540000081e+02
6.500000000000000222e-01 5.465329346079999596e+03 2.872914839080000093e+03 1.686514578610000171e+04 2.091466731499999980e+02 -5.991399413820000319e+01 2.137600148459999900e+02
6.500000000000000222e-01 5.504432143299999552e+03 3.029750318540000080e+03 1.666746871760000067e+04 2.084372667369999874e+02 -5.931790987669999993e+01 2.130998689779999893e+02
6.500000000000000222e-01 5.489502020439999797e+03 2.898053921499999888e+03 1.647840753409999888e+04 2.083149107239999864e+02 -5.973806753270000058e+01 2.130152488429999948e+02
6.500000000000000222e-01 5.416696999849999884e+03 2.823342551790000016e+03 1.648526732479999919e+04 2.085650967969999954e+02 -5.921310657410000289e+01 2.131879681309999910e+02
6.500000000000000222e-01 5.653587465040000097e+03 2.729654447270000219e+03 1.656536740560000180e+04 2.083745910600000002e+02 -5.911921909880000214e+01 2.138678231510000103e+02
6.500000000000000222e-01 5.458334468729999571e+03 2.828279824539999936e+03 1.686942304670000158e+04 2.085398177570000087e+02 -5.914136253299999879e+01 2.134488721710000050e+02
6.500000000000000222e-01 5.426523127469999963e+03 2.669237772779999887e+03 1.677755786879999869e+04 2.088929200320000064e+02 -5.942222612279999794e+01 2.134272931239999878e+02
6.500000000000000222e-01 5.480600908129999880e+03 2.629110156730000199e+03 1.661258608079999976e+04 2.086142820990000075e+02 -5.908326755960000298e+01 2.126687995320000084e+02
6.500000000000000222e-01 5.370412805339999977e+03 2.672950413990000015e+03 1.668824053120000099e+04 2.085619916089999890e+02 -5.907769439909999676e+01 2.141310876009999902e+02
6.500000000000000222e-01 5.603419526419999784e+03 2.661110113360000014e+03 1.659793785249999928e+04 2.081446686969999860e+02 -5.894742115220000045e+01 2.136960678320000113e+02
6.500000000000000222e-01 5.702157140209999852e+03 2.875919649399999798e+03 1.670547262780000165e+04 2.084411285260000000e+02 -5.921870204239999680e+01 2.130319427459999986e+02
6.500000000000000222e-01 5.710392266200000449e+03 2.846264490739999928e+03 1.667570636739999827e+04 2.083037889310000139e+02 -5.918353745520000331e+01 2.135833753880000074e+02
6.500000000000000222e-01 5.413688082769999710e+03 2.701102022959999886e+03 1.653480610180000076e+04 2.089232906599999922e+02 -5.930975686069999853e+01 2.129938570630000072e+02
6.500000000000000222e-01 5.432239907549999771e+03 2.889421779660000084e+03 1.685070700779999970e+04 2.087330484430000013e+02 -5.935112233129999737e+01 2.137418598799999927e+02
6.500000000000000222e-01 5.433680869759999950e+03 2.937545230820000143e+03 1.651369396730000153e+04 2.078703263159999892e+02 -5.853729608599999779e+01 2.138558404940000059e+02
6.500000000000000222e-01 5.635502148200000192e+03 2.699698739930000102e+03 1.656842470959999991e+04 2.083718652519999921e+02 -5.918450957400000334e+01 2.128882883439999887e+02
6.500000000000000222e-01 5.590268820240000423e+03 2.638845034320000195e+03 1.668818192289999934e+04 2.083956240969999953e+02 -5.913951944859999799e+01 2.124167972559999953e+02
6.500000000000000222e-01 5.511539644039999985e+03 2.947949275670000134e+03 1.650493411660000129e+04 2.081269408549999866e+02 -5.837765397380000110e+01 2.137799668469999972e+02
6.500000000000000222e-01 5.667885020239999903e+03 2.708356527190000179e+03 1.672235669290000078e+04 2.085778015779999919e+02 -5.930025669369999974e+01 2.129210455470000056e+02
6.500000000000000222e-01 5.401890869709999606e+03 2.971136265520000052e+03 1.676592904350000026e+04 2.089146984889999885e+02 -5.974252848870000321e+01 2.141002488659999869e+02
6.500000000000000222e-01 5.635713963369999874e+03 2.714415884640000058e+03 1.678258447430000160e+04 2.084081596739999895e+02 -5.908299492100000094e+01 2.129279239130000008e+02
6.500000000000000222e-01 5.638287533130000156e+03 2.902857981279999876e+03 1.653372642419999829e+04 2.086210614649999968e+02 -5.883595657899999765e+01 2.139477138359999913e+02
6.500000000000000222e-01 5.472743416780000189e+03 2.798687330140000086e+03 1.646897759800000131e+04 2.077019968650000123e+02 -5.961775890279999857e+01 2.134219650130000048e+02
6.500000000000000222e-01 5.489809113409999554e+03 2.798371567430000141e+03 1.646693961080000008e+04 2.079990823139999918e+02 -5.954711917110000030e+01 2.133500312459999861e+02
6.500000000000000222e-01 5.324972260810000080e+03 2.767992453200000000e+03 1.674619295469999997e+04 2.082508872250000138e+02 -5.912442732360000264e+01 2.128158229869999900e+02
6.500000000000000222e-01 5.534904200869999841e+03 3.009609706300000198e+03 1.675750247769999987e+04 2.080655184910000060e+02 -5.894254343560000109e+01 2.135193393490000062e+02
6.500000000000000222e-01 5.426223559650000425e+03 2.983351688430000195e+03 1.676887386440000046e+04 2.086760690860000125e+02 -5.931636710240000099e+01 2.129141109900000117e+02
6.500000000000000222e-01 5.620532789689999845e+03 2.666511627440000211e+03 1.673079239020000023e+04 2.084327713819999985e+02 -5.919810876340000050e+01 2.125593164349999995e+02
6.500000000000000222e-01 5.671546475449999889e+03 2.933909754809999868e+03 1.661533942620000016e+04 2.084347703329999888e+02 -5.940453622430000280e+01 2.133295331209999972e+02
6.500000000000000222e-01 5.508596666759999607e+03 2.895542937570000049e+03 1.686309887330000129e+04 2.083218766420000065e+02 -5.828122428089999829e+01 2.132135462480000001e+02
6.500000000000000222e-01 5.659724308320000091e+03 2.701798236019999877e+03 1.672505013229999895e+04 2.081404333339999937e+02 -5.889619411049999798e+01 2.136801401209999938e+02
6.500000000000000222e-01 5.303572148019999986e+03 2.821540644010000051e+03 1.669692736670000158e+04 2.083936012650000009e+02 -5.918998445649999951e+01 2.123555376909999950e+02
6.500000000000000222e-01 5.567136433589999797e+03 2.999717962000000171e+03 1.676063935409999976e+04 2.080914923960000067e+02 -5.883220171429999823e+01 2.132894682339999974e+02
6.500000000000000222e-01 5.699741310770000382e+03 2.854883223889999954e+03 1.673172823300000164e+04 2.081716594970000074e+02 -5.916348139480000157e+01 2.138734684149999907e+02
1.390000000000000000e+04 -8.457414758749999237e+03 1.163066346130000056e+03 1.427161934880000081e+04 -2.465324370820000013e+02 2.039856333969999866e+02 -3.188796438929999795e+02
6.500000000000000222e-01 -8.404165214250000645e+03 1.142253485210000008e+03 1.440256565950000004e+04 -2.471329715859999965e+02 2.042343210500000055e+02 -3.186305654720000007e+02
6.500000000000000222e-01 -8.483425431120000212e+03 1.190828875059999973e+03 1.413361309330000040e+04 -2.468910734600000012e+02 2.044223935859999983e+02 -3.187679041520000283e+02
6.500000000000000222e-01 -8.501190800869999293e+03 1.184160687119999920e+03 1.440628332589999991e+04 -2.460273585779999905e+02 2.037004118780000113e+02 -3.185878690389999974e+02
6.500000000000000222e-01 -8.379959620199999335e+03 1.060534086319999915e+03 1.421065656269999999e+04 -2.467827856350000104e+02 2.043367265200000134e+02 -3.193832596940000030e+02
6.500000000000000222e-01 -8.378846992169999794e+03 1.056408670519999987e+03 1.422046485260000009e+04 -2.466259870469999953e+02 2.041154501910000079e+02 -3.186474009419999902e+02
6.500000000000000222e-01 -8.524225682959999176e+03 1.138800687689999904e+03 1.439604684490000000e+04 -2.468301500690000125e+02 2.040332734469999991e+02 -3.189140801649999730e+02
6.500000000000000222e-01 -8.531829763350000576e+03 1.127379642529999956e+03 1.415507225289999951e+04 -2.460033230839999874e+02 2.040855900660000088e+02 -3.191695734610000272e+02
6.500000000000000222e-01 -8.360438492920000499e+03 1.156986733420000064e+03 1.416643895230000089e+04 -2.469829567520000069e+02 2.040096674389999976e+02 -3.194075432320000232e+02
6.500000000000000222e-01 -8.368125963279999269e+03 1.076402746019999995e+03 1.433958428830000048e+04 -2.467080924859999982e+02 2.041524478480000084e+02 -3.190886446320000118e+02
6.500000000000000222e-01 -8.498368161840000539e+03 1.033039396240000087e+03 1.423066265179999937e+04 -2.466392314500000111e+02 2.042782273560000021e+02 -3.190460991759999843e+02
6.500000000000000222e-01 -8.418118770869999935e+03 1.060910399209999923e+03 1.436190264279999974e+04 -2.469053423830000042e+02 2.045239391700000056e+02 -3.185332494680000082e+02
6.500000000000000222e-01 -8.335229036869999618e+03 1.089003566899999896e+03 1.427175697650000075e+04 -2.465713123449999955e+02 2.040244533180000133e+02 -3.195870529189999729e+02
6.500000000000000222e-01 -8.417426644900000611e+03 1.033591605909999998e+03 1.431364998530000048e+04 -2.467186870520000070e+02 2.041853770460000135e+02 -3.190734324449999804e+02
6.500000000000000222e-01 -8.430629227870000250e+03 1.075036588879999954e+03 1.438224341040000036e+04 -2.462618009619999953e+02 2.035347039970000083e+02 -3.190717013359999896e+02
6.500000000000000222e-01 -8.515423745269999927e+03 1.220740497600000026e+03 1.415393803479999951e+04 -2.462259944740000037e+02 2.037192794100000128e+02 -3.192194346740000128e+02
6.500000000000000222e-01 -8.318700238920000629e+03 1.194926941389999911e+03 1.425876501129999997e+04 -2.466313718929999936e+02 2.039541088679999916e+02 -3.195705885859999853e+02
6.500000000000000222e-01 -8.489400093300000663e+03 1.299388055429999895e+03 1.430053687060000084e+04 -2.465305214249999892e+02 2.038074009780000040e+02 -3.182248578289999728e+02
6.500000000000000222e-01 -8.350422980839999582e+03 1.188983800539999947e+03 1.436239963220000027e+04 -2.464198686009999903e+02 2.040894373890000111e+02 -3.192145572709999897e+02
6.500000000000000222e-01 -8.357736313069999596e+03 1.265126705740000034e+03 1.427826154209999913e+04 -2.465623732560000008e+02 2.038934697690000064e+02 -3.188396013409999910e+02
6.500000000000000222e-01 -8.428433792300000277e+03 1.298044996600000104e+03 1.430925498300000072e+04 -2.466713932590000127e+02 2.038415341079999905e+02 -3.183366425789999994e+02
6.500000000000000222e-01 -8.322105519180000556e+03 1.208573629790000041e+03 1.427758157229999961e+04 -2.465542248799999925e+02 2.039622642170000120e+02 -3.195643345400000044e+02
6.500000000000000222e-01 -8.539555781970000680e+03 1.067409118869999929e+03 1.433903927429999931e+04 -2.463697174239999867e+02 2.043024775949999992e+02 -3.182525415910000106e+02
6.500000000000000222e-01 -8.590469969679999849e+03 1.149287124469999981e+03 1.422186337099999946e+04 -2.464951175500000033e+02 2.039678084360000128e+02 -3.186628434020000213e+02
6.500000000000000222e-01 -8.475783236740000575e+03 1.303729963620000035e+03 1.425678355369999917e+04 -2.464925729640000043e+02 2.039251868579999893e+02 -3.183040769140000066e+02
6.500000000000000222e-01 -8.405313761609999347e+03 1.171297545720000016e+03 1.440457290699999976e+04 -2.468909087149999948e+02 2.039049674119999906e+02 -3.187349024069999928e+02
6.500000000000000222e-01 -8.504687501680000423e+03 1.030877849610000112e+03 1.424695542899999964e+04 -2.466127607360000127e+02 2.041178744020000124e+02 -3.185756753680000202e+02
6.500000000000000222e-01 -8.389812537170000724e+03 1.265143631800000094e+03 1.419760895809999965e+04 -2.467702140359999987e+02 2.037279542260000085e+02 -3.194652718369999889e+02
6.500000000000000222e-01 -8.486491473179999957e+03 1.030095779949999951e+03 1.431696978839999974e+04 -2.463597824880000076e+02 2.038488761239999860e+02 -3.189703141019999748e+02
6.500000000000000222e-01 -8.335680993140000282e+03 1.127667965650000042e+03 1.433711931960000038e+04 -2.463621618809999916e+02 2.039532859059999907e+02 -3.194528019670000276e+02
6.500000000000000222e-01 -8.565368850009999733e+03 1.072362331949999998e+03 1.424875640469999962e+04 -2.465418126060000077e+02 2.041118293000000108e+02 -3.188296380099999965e+02
6.500000000000000222e-01 -8.532260561060000327e+03 1.258179417629999989e+03 1.434805057409999972e+04 -2.463540963000000090e+02 2.036874139509999964e+02 -3.182634477839999931e+02
6.500000000000000222e-01 -8.410506521440000142e+03 1.204470791870000085e+03 1.414282694199999969e+04 -2.460251732719999893e+02 2.042890244879999955e+02 -3.186805189259999906e+02
6.500000000000000222e-01 -8.376326279220000288e+03 1.059168857489999937e+03 1.432714073110000027e+04 -2.464011763679999945e+02 2.038185636910000085e+02 -3.194864315030000057e+02
6.500000000000000222e-01 -8.340752713399999266e+03 1.245370301030000064e+03 1.426616880560000027e+04 -2.465898106749999954e+02 2.039213977059999934e+02 -3.195706716220000203e+02
6.500000000000000222e-01 -8.391628325890000269e+03 1.287956212699999924e+03 1.425025613340000018e+04 -2.465407602150000059e+02 2.037952025289999938e+02 -3.194269522530000245e+02
6.500000000000000222e-01 -8.559427865060000840e+03 1.071970078300000068e+03 1.431314004100000056e+04 -2.463503697509999881e+02 2.041291463219999969e+02 -3.182237367989999939e+02
6.500000000000000222e-01 -8.555505778950000604e+03 1.261552381140000080e+03 1.430487773639999978e+04 -2.466228833350000116e+02 2.040383493760000135e+02 -3.194428600910000000e+02
6.500000000000000222e-01 -8.373129518289999396e+03 1.056636440109999967e+03 1.431841579599999932e+04 -2.465239166069999897e+02 2.040089687859999970e+02 -3.185898032549999925e+02
6.500000000000000222e-01 -8.334567825030000677e+03 1.221487754190000032e+03 1.431507253320000018e+04 -2.467830060800000069e+02 2.038809239779999984e+02 -3.183107709590000240e+02
6.500000000000000222e-01 -8.517970905559999665e+03 1.127425814440000067e+03 1.439643427800000063e+04 -2.470644960280000078e+02 2.038183267439999895e+02 -3.190850581959999772e+02
1.190000000000000000e+04 -4.046691660510000020e+03 6.276287178390000008e+03 -1.350520330719999947e+04 -2.712383734449999793e+02 -2.501974016360000164e+01 7.171896402640000190e+01
6.500000000000000222e-01 -4.144866179540000303e+03 6.359457217569999557e+03 -1.346970135649999975e+04 -2.713274068289999832e+02 -2.493407307149999852e+01 7.109179803630000549e+01
6.500000000000000222e-01 -4.108238099850000253e+03 6.257711748380000245e+03 -1.338824201259999973e+04 -2.715077515830000152e+02 -2.522650745179999987e+01 7.154102780159999497e+01
6.500000000000000222e-01 -3.971343948860000182e+03 6.257172168320000310e+03 -1.339624349439999969e+04 -2.713568421179999746e+02 -2.510000432500000045e+01 7.191643350180000027e+01
6.500000000000000222e-01 -3.971906295740000132e+03 6.311166766999999709e+03 -1.361019172869999966e+04 -2.708639856429999782e+02 -2.480107354560000132e+01 7.204785627069999521e+01
6.500000000000000222e-01 -3.944868592899999840e+03 6.345293195479999667e+03 -1.345392393179999999e+04 -2.715271281770000087e+02 -2.515958426650000135e+01 7.225174107639999477e+01
6.500000000000000222e-01 -4.086555276980000144e+03 6.362223355340000126e+03 -1.341111867399999937e+04 -2.710575290699999869e+02 -2.545404522249999957e+01 7.214550419159999706e+01
6.500000000000000222e-01 -3.999772354409999934e+03 6.165936677849999796e+03 -1.356145957060000001e+04 -2.713477565310000159e+02 -2.496538040069999909e+01 7.217399655500000222e+01
6.500000000000000222e-01 -4.089226629320000029e+03 6.155551933609999651e+03 -1.346864822850000019e+04 -2.712473864450000178e+02 -2.475385307599999862e+01 7.221319059980000077e+01
6.500000000000000222e-01 -4.055229342229999929e+03 6.169018304989999706e+03 -1.342442729789999976e+04 -2.709122680529999911e+02 -2.536553960950000075e+01 7.170656951569999649e+01
6.500000000000000222e-01 -3.995083252450000145e+03 6.378294542960000399e+03 -1.343745451990000038e+04 -2.710908430540000040e+02 -2.544147324289999901e+01 7.189542508040000257e+01
6.500000000000000222e-01 -3.916077097240000057e+03 6.268497366659999898e+03 -1.353041833450000013e+04 -2.714178713580000135e+02 -2.500902899880000163e+01 7.132498209509999754e+01
6.500000000000000222e-01 -4.025320789800000057e+03 6.150511389139999665e+03 -1.354514265320000050e+04 -2.711430762879999747e+02 -2.518419281359999928e+01 7.230293179160000250e+01
6.500000000000000222e-01 -3.963289990870000111e+03 6.173453704919999836e+03 -1.352399592200000006e+04 -2.712236929210000085e+02 -2.502942749669999856e+01 7.178910468050000304e+01
6.500000000000000222e-01 -4.043577435430000151e+03 6.192708582369999931e+03 -1.360975785279999945e+04 -2.710763026320000222e+02 -2.549439168529999833e+01 7.202516541849999498e+01
6.500000000000000222e-01 -4.148281252939999831e+03 6.272810907050000424e+03 -1.341893130340000062e+04 -2.713040112499999736e+02 -2.506471277740000048e+01 7.152865708369999709e+01
6.500000000000000222e-01 -3.943263131530000010e+03 6.196589515820000088e+03 -1.353188967930000035e+04 -2.712083245680000232e+02 -2.505022295059999848e+01 7.237792394459999912e+01
6.500000000000000222e-01 -3.984638469299999997e+03 6.234613501490000090e+03 -1.361504193689999920e+04 -2.716330662770000117e+02 -2.468024478199999905e+01 7.156116249570000321e+01
6.500000000000000222e-01 -3.989644843890000175e+03 6.257740753709999808e+03 -1.338582408220000070e+04 -2.708016216240000062e+02 -2.519858626910000154e+01 7.155397916660000135e+01
6.500000000000000222e-01 -4.136456388669999797e+03 6.178877715480000006e+03 -1.351968211259999953e+04 -2.711999985470000070e+02 -2.488887255239999874e+01 7.157214828790000638e+01
6.500000000000000222e-01 -4.105216158899999755e+03 6.385586914460000116e+03 -1.345922180119999939e+04 -2.710184413569999720e+02 -2.527720035289999956e+01 7.167419684470000618e+01
6.500000000000000222e-01 -4.018211406989999887e+03 6.171828788949999762e+03 -1.342570656840000083e+04 -2.711494330900000023e+02 -2.486542090960000095e+01 7.223767402769999535e+01
6.500000000000000222e-01 -4.106423515960000259e+03 6.278545624999999745e+03 -1.362475173150000046e+04 -2.707092284240000026e+02 -2.496969754050000034e+01 7.137733812300000125e+01
6.500000000000000222e-01 -4.126804952319999757e+03 6.307297605099999600e+03 -1.340273558650000086e+04 -2.715095595160000244e+02 -2.489028547350000053e+01 7.149236972469999785e+01
6.500000000000000222e-01 -3.978419508349999887e+03 6.340068027100000108e+03 -1.360050634309999987e+04 -2.715040995470000098e+02 -2.478632419539999887e+01 7.169717933469999593e+01
6.500000000000000222e-01 -4.107848299080000288e+03 6.221191736830000082e+03 -1.361029549740000039e+04 -2.716339253140000096e+02 -2.511561188350000151e+01 7.200826792809999688e+01
6.500000000000000222e-01 -4.066974546519999876e+03 6.208326155390000167e+03 -1.361867508740000085e+04 -2.710812512520000155e+02 -2.537853883660000065e+01 7.184009785920000013e+01
6.500000000000000222e-01 -4.067717685980000169e+03 6.204926390800000263e+03 -1.361568107840000084e+04 -2.715058708299999921e+02 -2.521217311190000032e+01 7.199376108149999709e+01
6.500000000000000222e-01 -3.918701251009999851e+03 6.265558977779999623e+03 -1.354061418930000036e+04 -2.714546935820000044e+02 -2.499271552260000107e+01 7.133263335019999829e+01
6.500000000000000222e-01 -4.024768066180000005e+03 6.223547917990000315e+03 -1.338432349450000038e+04 -2.714470953129999771e+02 -2.452385339639999984e+01 7.207932883290000348e+01
6.500000000000000222e-01 -4.044266412030000083e+03 6.146907076499999675e+03 -1.353573262729999988e+04 -2.713054111820000003e+02 -2.498856395540000008e+01 7.229083816029999809e+01
6.500000000000000222e-01 -4.023982609929999853e+03 6.145332372230000146e+03 -1.349194268569999986e+04 -2.711920660389999966e+02 -2.505096514579999933e+01 7.125101360809999562e+01
6.500000000000000222e-01 -3.978910167510000065e+03 6.231127423549999548e+03 -1.361081087429999934e+04 -2.717187978200000202e+02 -2.467411076830000027e+01 7.132777471420000381e+01
6.500000000000000222e-01 -3.913850642110000081e+03 6.285754762509999637e+03 -1.351084509369999978e+04 -2.712998066389999963e+02 -2.503524703849999966e+01 7.232677515359999632e+01
6.500000000000000222e-01 -3.985467582029999903e+03 6.334603424480000285e+03 -1.360854034820000015e+04 -2.716899731969999721e+02 -2.503098678930000176e+01 7.142760179690000655e+01
6.500000000000000222e-01 -4.050008455380000214e+03 6.145413877619999766e+03 -1.348003943629999958e+04 -2.712354757840000161e+02 -2.483226130410000110e+01 7.238801057749999757e+01
6.500000000000000222e-01 -4.132984879519999595e+03 6.362784071209999638e+03 -1.356087850520000029e+04 -2.714549335780000092e+02 -2.477694993520000111e+01 7.200801840949999644e+01
6.500000000000000222e-01 -4.038854056910000054e+03 6.323117770630000450e+03 -1.338038574309999967e+04 -2.713263056509999842e+02 -2.565968248889999970e+01 7.198075525580000544e+01
6.500000000000000222e-01 -3.991452588090000063e+03 6.265715680579999571e+03 -1.362635702409999976e+04 -2.708507600969999771e+02 -2.506874590840000039e+01 7.188324177849999330e+01
6.500000000000000222e-01 -4.066044504219999908e+03 6.272675457749999623e+03 -1.337303508709999915e+04 -2.706406130889999986e+02 -2.499618674070000068e+01 7.186306790410000644e+01
6.500000000000000222e-01 -4.092523028959999920e+03 6.260048330980000173e+03 -1.338075798729999951e+04 -2.717216680270000211e+02 -2.525071714990000160e+01 7.155553369810000675e+01
