3.450000000000000000e+05 3.423978098680000130e+03 3.521673087390000092e+03 8.033120349929999975e+03 1.215702632739999984e+02 -1.597999255829999932e+01 -1.006208289769999986e+01
6.500000000000000222e-01 3.721729643600000145e+03 3.369515714900000148e+03 7.713499946199999613e+03 1.194798240700000065e+02 -1.601700832670000096e+01 -1.942113062980000038e+01
6.500000000000000222e-01 3.750582155040000089e+03 3.567952154080000128e+03 7.738255997150000439e+03 1.147421094190000019e+02 -2.005882121100000148e+01 -2.202640045909999955e+01
6.500000000000000222e-01 3.802463963270000022e+03 3.520910423620000074e+03 7.717210116620000008e+03 1.138541781189999966e+02 -2.081739688149999878e+01 -2.416154778980000017e+01
6.500000000000000222e-01 3.515020791859999918e+03 3.610371923979999792e+03 7.860802963869999985e+03 1.184046917900000011e+02 -1.989929567929999976e+01 -1.384872873219999967e+01
6.500000000000000222e-01 3.405619866240000192e+03 3.673574032030000126e+03 7.939180994309999733e+03 1.171947666679999998e+02 -1.876236881000000167e+01 -1.480382387839999936e+01
6.500000000000000222e-01 3.483261021759999949e+03 3.389705144139999902e+03 7.930588104059999750e+03 1.134059507569999994e+02 -2.025274525969999928e+01 -2.105000119170000161e+01
6.500000000000000222e-01 3.664384526629999982e+03 3.464864706079999905e+03 7.736729782219999834e+03 1.160408215690000020e+02 -2.121930442849999920e+01 -2.408646480350000019e+01
6.500000000000000222e-01 3.432415653279999788e+03 3.441552632249999988e+03 7.946269326440000441e+03 1.131911282890000052e+02 -1.888547807200000150e+01 -1.992798465350000114e+01
6.500000000000000222e-01 3.323839032909999787e+03 3.574836279000000104e+03 7.955814394449999782e+03 1.189809281879999929e+02 -1.990307209659999899e+01 -1.479131683740000014e+01
6.500000000000000222e-01 3.502664777320000212e+03 3.530045632740000201e+03 7.897920854799999688e+03 1.130858381769999994e+02 -1.943389395450000023e+01 -1.971442493440000021e+01
6.500000000000000222e-01 3.743573538439999993e+03 3.563197380220000014e+03 7.769586204750000434e+03 1.135717812009999932e+02 -2.036391366899999866e+01 -2.241632042239999834e+01
6.500000000000000222e-01 3.818870048159999897e+03 3.341140050819999942e+03 7.652392585970000255e+03 1.174940814950000032e+02 -2.090895127550000154e+01 -2.409418719669999831e+01
6.500000000000000222e-01 3.676844915319999927e+03 3.359179397469999913e+03 7.748592514420000043e+03 1.150595242100000064e+02 -1.965612554020000147e+01 -2.486739999779999977e+01
6.500000000000000222e-01 3.717270739460000186e+03 3.346252880540000206e+03 7.699107463319999624e+03 1.181007824710000023e+02 -2.187494475449999953e+01 -2.346692349579999970e+01
6.500000000000000222e-01 3.806939414980000038e+03 3.480018522620000113e+03 7.671210014950000186e+03 1.164774051950000029e+02 -2.064349916589999978e+01 -2.312767160809999822e+01
6.500000000000000222e-01 3.577984424629999921e+03 3.645244809920000080e+03 7.727008688109999639e+03 1.188478268119999939e+02 -1.918711698219999917e+01 -1.951025822969999979e+01
6.500000000000000222e-01 3.803354732350000177e+03 3.523512392009999985e+03 7.710992308249999951e+03 1.124470876440000069e+02 -2.082835860349999990e+01 -2.542252829539999937e+01
6.500000000000000222e-01 3.578534082550000221e+03 3.287231292639999992e+03 7.826321883620000335e+03 1.166450225469999964e+02 -1.947582905699999856e+01 -2.204914546359999861e+01
6.500000000000000222e-01 3.273855027569999947e+03 3.414467436930000076e+03 7.980993717430000288e+03 1.209021381120000029e+02 -1.698777682720000115e+01 -1.542643151350000075e+01
6.500000000000000222e-01 3.396208045679999941e+03 3.345018882930000018e+03 7.961960247670000172e+03 1.178125942119999934e+02 -1.745649771180000087e+01 -1.872012440849999848e+01
6.500000000000000222e-01 3.759283964799999922e+03 3.531756991979999839e+03 7.664373219619999873e+03 1.128202909649999981e+02 -1.975902077849999827e+01 -2.728815718959999970e+01
6.500000000000000222e-01 3.617639529630000197e+03 3.389775589899999886e+03 7.794459911050000301e+03 1.153849353140000034e+02 -2.170345781549999842e+01 -2.388036865839999834e+01
6.500000000000000222e-01 3.613936631800000214e+03 3.576265459900000224e+03 7.674229321539999546e+03 1.194680116589999983e+02 -2.011840655290000157e+01 -1.926042689390000007e+01
6.500000000000000222e-01 3.728427937120000024e+03 3.481315794350000033e+03 7.700252937330000350e+03 1.159256864879999966e+02 -2.110776911399999989e+01 -2.438020025819999859e+01
6.500000000000000222e-01 3.789410071209999842e+03 3.493943328129999827e+03 7.681697206140000162e+03 1.144566570249999984e+02 -2.090409607879999854e+01 -2.530429948999999823e+01
6.500000000000000222e-01 3.492821885209999891e+03 3.334442789440000070e+03 7.918436548679999760e+03 1.146671845679999961e+02 -2.085370767179999874e+01 -2.173209094579999956e+01
6.500000000000000222e-01 3.822983910599999945e+03 3.481658980610000071e+03 7.625447474759999750e+03 1.125601644869999944e+02 -1.936502001899999925e+01 -2.905585860289999900e+01
6.500000000000000222e-01 3.655771355389999826e+03 3.529123856629999864e+03 7.824483917290000136e+03 1.126756106330000051e+02 -2.076859464600000038e+01 -2.251278428150000011e+01
6.500000000000000222e-01 3.649428746210000099e+03 3.505805560790000072e+03 7.751383533909999642e+03 1.137905787379999936e+02 -1.988787683299999998e+01 -2.495037247349999987e+01
6.500000000000000222e-01 3.425533492260000003e+03 3.614853116629999931e+03 7.906490251879999960e+03 1.151744315889999939e+02 -1.753501936170000164e+01 -2.061591367029999944e+01
6.500000000000000222e-01 3.625450898109999798e+03 3.563203192099999796e+03 7.788745284480000009e+03 1.163191688189999979e+02 -2.058832102459999902e+01 -2.085948065259999851e+01
6.500000000000000222e-01 3.398108344369999941e+03 3.680847187289999965e+03 7.911622318779999659e+03 1.168397928050000019e+02 -1.777665699779999997e+01 -1.915576350679999962e+01
6.500000000000000222e-01 3.653135665599999811e+03 3.525183391900000061e+03 7.799410940020000453e+03 1.121412205870000065e+02 -2.022182931280000062e+01 -2.365115702900000016e+01
6.500000000000000222e-01 3.331505900740000016e+03 3.441855392309999843e+03 7.850934573450000244e+03 1.227404331559999946e+02 -1.594471547330000050e+01 -1.614595205910000075e+01
6.500000000000000222e-01 3.597860284939999929e+03 3.648639941209999961e+03 7.758924299919999612e+03 1.151331993759999932e+02 -1.837943185669999835e+01 -2.210905242349999966e+01
6.500000000000000222e-01 3.594934447520000049e+03 3.559563800500000070e+03 7.788419365939999807e+03 1.141749852629999964e+02 -1.946455775660000143e+01 -2.329163857900000068e+01
6.500000000000000222e-01 3.483803474670000014e+03 3.341648099699999875e+03 7.914794072149999920e+03 1.161026559740000010e+02 -1.905949955370000026e+01 -2.130631383149999891e+01
6.500000000000000222e-01 3.631250265940000190e+03 3.373442923380000138e+03 7.663517173879999973e+03 1.199856071450000030e+02 -2.262468457170000136e+01 -1.876945200289999960e+01
6.500000000000000222e-01 3.340172085159999824e+03 3.598994665289999830e+03 7.994949262430000090e+03 1.153347551909999993e+02 -8.761919047979999320e+00 -1.157558661819999912e+01
6.500000000000000222e-01 3.599890500219999922e+03 3.613502921029999925e+03 7.890250441410000349e+03 1.159156241459999990e+02 -1.989269805929999890e+01 -1.700622692920000034e+01
6.500000000000000222e-01 3.689663310389999879e+03 3.400503253760000007e+03 7.751450863340000069e+03 1.142124003549999998e+02 -2.018046911049999892e+01 -2.664728611110000145e+01
6.500000000000000222e-01 3.368667942779999976e+03 3.443988872139999785e+03 7.976744505910000044e+03 1.154046572830000059e+02 -1.648349836479999908e+01 -1.915950763489999886e+01
6.500000000000000222e-01 3.608288120220000110e+03 3.278539447269999982e+03 7.814733085159999973e+03 1.162213270630000039e+02 -2.156756992360000069e+01 -2.334244121829999941e+01
6.500000000000000222e-01 3.636213036640000155e+03 3.552992215320000014e+03 7.775599060450000252e+03 1.142310629140000060e+02 -2.014759898959999873e+01 -2.323614427180000064e+01
6.500000000000000222e-01 3.515368180290000055e+03 3.677654742489999990e+03 7.798842280539999592e+03 1.160382866719999981e+02 -1.785809758930000157e+01 -2.206648553839999849e+01
6.500000000000000222e-01 3.542629848260000017e+03 3.555426354660000015e+03 7.848398596879999786e+03 1.147673098190000047e+02 -2.025156904880000042e+01 -2.120530211490000028e+01
6.500000000000000222e-01 3.071081130709999798e+03 3.708717241500000000e+03 8.258326759190000303e+03 1.249358573490000026e+02 -1.381065346859999998e+01 1.846680527800000027e+00
6.500000000000000222e-01 3.556200563859999875e+03 3.537773378410000078e+03 7.844749052989999655e+03 1.143149236299999956e+02 -2.032807819259999960e+01 -2.169867642590000045e+01
6.500000000000000222e-01 3.591785113360000196e+03 3.271100538380000216e+03 7.812179182570000194e+03 1.172719574890000018e+02 -1.933252922819999853e+01 -2.188060009120000160e+01
6.500000000000000222e-01 3.815692120929999874e+03 3.407940855169999850e+03 7.659277864390000104e+03 1.175129330970000012e+02 -2.098485980670000117e+01 -2.315939619379999925e+01
6.500000000000000222e-01 3.368744574939999893e+03 3.666700273070000094e+03 7.967877567630000158e+03 1.173983140969999965e+02 -1.878845377709999909e+01 -1.563479396570000013e+01
6.500000000000000222e-01 2.979875439530000222e+03 3.907559488479999800e+03 8.773010814530000061e+03 1.223645948989999965e+02 -8.417716174369999749e+00 9.393102942809999689e+00
6.500000000000000222e-01 3.452006742340000073e+03 3.469949027149999893e+03 7.909810623450000094e+03 1.137652547259999949e+02 -1.921620149290000157e+01 -2.091775562660000176e+01
6.500000000000000222e-01 3.542294205130000137e+03 3.643541068179999911e+03 7.791811666960000366e+03 1.173607458900000040e+02 -1.912672209890000019e+01 -1.932224319750000063e+01
6.500000000000000222e-01 3.541892976120000185e+03 3.472985792460000084e+03 7.892352079680000315e+03 1.127794142690000001e+02 -2.066360058480000106e+01 -2.152249641099999877e+01
6.500000000000000222e-01 3.468193509029999859e+03 3.636553498390000186e+03 7.902295198230000096e+03 1.158031007860000017e+02 -1.931141861549999916e+01 -1.759281388579999827e+01
6.500000000000000222e-01 3.641223336519999975e+03 3.538738656580000224e+03 7.789681539760000305e+03 1.136254258679999936e+02 -2.036442843689999904e+01 -2.320443204229999878e+01
6.500000000000000222e-01 3.572279023260000031e+03 3.578046350099999927e+03 7.807953889549999985e+03 1.150680986609999934e+02 -1.982431031289999979e+01 -2.195897748280000172e+01
6.500000000000000222e-01 3.594904077300000154e+03 3.551125815160000002e+03 7.782806402840000374e+03 1.186527826370000014e+02 -2.076199999419999997e+01 -1.804434656809999993e+01
6.500000000000000222e-01 3.121471394480000072e+03 3.774992844140000216e+03 8.311119108150000102e+03 1.227960549440000051e+02 -1.301426560670000043e+01 4.535436719759999846e-01
6.500000000000000222e-01 3.814028654350000124e+03 3.504298601240000153e+03 7.627687119999999595e+03 1.122077999859999977e+02 -1.904081143839999868e+01 -2.948396595390000030e+01
6.500000000000000222e-01 3.363925696239999979e+03 3.565568642790000013e+03 7.925449785509999856e+03 1.187581689499999982e+02 -2.102677270990000125e+01 -1.429009176549999971e+01
6.500000000000000222e-01 3.644989271429999917e+03 3.649887913879999815e+03 7.718334675760000209e+03 1.143566820639999975e+02 -1.824610896440000118e+01 -2.397041755360000082e+01
6.500000000000000222e-01 3.644036473929999829e+03 3.537541005300000052e+03 7.752006887589999678e+03 1.135553000980000036e+02 -1.734473604489999943e+01 -2.588860331889999955e+01
6.500000000000000222e-01 3.684211818799999946e+03 3.542774349469999834e+03 7.731112523259999762e+03 1.134394187059999979e+02 -2.003463574070000064e+01 -2.531580901259999905e+01
6.500000000000000222e-01 3.389377539669999805e+03 3.585163699050000105e+03 7.879203928320000159e+03 1.182179161530000044e+02 -2.023215617070000150e+01 -1.495905560899999998e+01
6.500000000000000222e-01 3.797749663539999801e+03 3.523921706460000223e+03 7.636341209449999951e+03 1.123825314190000029e+02 -1.969795001880000029e+01 -2.834959112820000016e+01
6.500000000000000222e-01 3.381447011870000097e+03 3.652375056219999806e+03 7.929442247560000396e+03 1.164573023229999933e+02 -1.751256287149999835e+01 -1.878860733979999864e+01
6.500000000000000222e-01 3.763957374199999776e+03 3.543850641059999816e+03 7.724676814489999742e+03 1.177664465449999938e+02 -1.965699154909999891e+01 -1.888504101930000090e+01
6.500000000000000222e-01 3.140969557259999874e+03 3.617556136010000046e+03 8.153684630609999658e+03 1.227132186670000067e+02 -1.674515965220000169e+01 -5.460302453749999785e+00
6.500000000000000222e-01 3.437099119540000174e+03 3.640034608160000062e+03 7.886663721449999684e+03 1.160636196650000045e+02 -1.865721354680000132e+01 -1.944698035660000102e+01
6.500000000000000222e-01 3.560346359359999951e+03 3.652935149920000185e+03 7.810684036810000180e+03 1.164369382320000028e+02 -1.879475896430000148e+01 -1.844760291300000077e+01
6.500000000000000222e-01 3.400419398860000001e+03 3.603877860000000055e+03 7.978429497789999914e+03 1.171822731470000036e+02 -2.128037603050000115e+01 -1.561751400880000062e+01
6.500000000000000222e-01 3.718804695530000117e+03 3.602583975519999967e+03 7.675429594440000074e+03 1.128806082389999972e+02 -1.880870246419999958e+01 -2.660504602239999983e+01
6.500000000000000222e-01 3.475695502879999822e+03 3.543960287670000071e+03 7.889158995580000010e+03 1.142841255879999949e+02 -1.979953842890000004e+01 -2.026334108840000070e+01
6.500000000000000222e-01 3.365740380339999774e+03 3.560235327500000039e+03 7.869762215749999996e+03 1.201899929930000042e+02 -2.077531081820000125e+01 -1.223819262139999964e+01
6.500000000000000222e-01 3.647775136239999938e+03 3.513800472710000122e+03 7.755535205010000027e+03 1.145089900680000028e+02 -2.043821340679999921e+01 -2.429296881850000034e+01
6.500000000000000222e-01 3.484350676170000042e+03 3.636017636550000134e+03 7.845648059590000230e+03 1.168038316629999969e+02 -1.950934918999999823e+01 -2.043120525519999831e+01
6.500000000000000222e-01 3.595568265590000010e+03 3.629919539739999891e+03 7.812304209140000239e+03 1.156714384320000022e+02 -1.922253004819999944e+01 -1.926891540149999926e+01
6.500000000000000222e-01 3.647522102909999830e+03 3.559185645879999811e+03 7.740707465690000390e+03 1.160650943610000070e+02 -2.032450070330000003e+01 -2.296581556110000122e+01
6.500000000000000222e-01 3.766260148790000130e+03 3.298198057409999819e+03 7.664467978409999887e+03 1.186356963169999972e+02 -2.147599641729999931e+01 -2.322870492479999882e+01
6.500000000000000222e-01 3.850638174510000226e+03 3.411834107170000152e+03 7.659966237759999785e+03 1.137991759779999938e+02 -1.922517117949999843e+01 -2.790970713000000103e+01
6.500000000000000222e-01 3.012499178900000061e+03 3.684303489370000079e+03 8.324780948859999626e+03 1.239342114559999999e+02 -1.331773669670000082e+01 1.747537944879999916e+00
6.500000000000000222e-01 3.425593709230000059e+03 3.648382946489999995e+03 7.860194988309999644e+03 1.171404057750000050e+02 -1.852819946760000036e+01 -1.599886409900000039e+01
6.500000000000000222e-01 3.453518344909999996e+03 3.635917252849999841e+03 7.914579484480000247e+03 1.158936294930000059e+02 -1.944212695390000079e+01 -1.743686776490000057e+01
6.500000000000000222e-01 3.261000668010000027e+03 3.590769069779999882e+03 8.008423116740000296e+03 1.201274999070000007e+02 -1.638300330879999933e+01 -1.481820431509999914e+01
6.500000000000000222e-01 3.694756456049999997e+03 3.444004685309999786e+03 7.669509773179999684e+03 1.197248373909999941e+02 -2.147345656390000102e+01 -2.024128868189999864e+01
6.500000000000000222e-01 3.364428502809999827e+03 3.407727661209999951e+03 7.862533352729999933e+03 1.233543078670000028e+02 -1.873885572289999857e+01 -1.472738039989999947e+01
6.500000000000000222e-01 3.752644811810000192e+03 3.517877370589999828e+03 7.668637756019999870e+03 1.130721896409999943e+02 -1.981046158870000085e+01 -2.718156239460000023e+01
6.500000000000000222e-01 3.583466733780000141e+03 3.643251895890000014e+03 7.783043399889999819e+03 1.162036844330000065e+02 -1.892744428299999981e+01 -2.009456556270000149e+01
6.500000000000000222e-01 3.644395871889999853e+03 3.370393710649999775e+03 7.774456116340000335e+03 1.147134251199999966e+02 -2.062900523220000082e+01 -2.459761854539999959e+01
6.500000000000000222e-01 3.620867059090000112e+03 3.601518711100000019e+03 7.776753485960000035e+03 1.134839956029999968e+02 -1.882536167239999969e+01 -2.274905644140000049e+01
6.500000000000000222e-01 3.656724011530000098e+03 3.566733070350000162e+03 7.728945161440000447e+03 1.137088024370000028e+02 -1.912665456799999930e+01 -2.513859191499999923e+01
6.500000000000000222e-01 3.680132950040000196e+03 3.423982323329999872e+03 7.753029352229999859e+03 1.140123838439999986e+02 -1.986090434569999985e+01 -2.670754063789999933e+01
6.500000000000000222e-01 3.710455543319999833e+03 3.297047627989999910e+03 7.722247250149999672e+03 1.169705815629999961e+02 -2.135807254099999852e+01 -2.422928713050000127e+01
6.500000000000000222e-01 3.557856170170000041e+03 3.516118123329999889e+03 7.869516711420000320e+03 1.126715930489999948e+02 -1.986501506440000142e+01 -2.135612647669999831e+01
6.500000000000000222e-01 3.555811563610000121e+03 3.681968676829999822e+03 7.766739472709999973e+03 1.166240517110000070e+02 -1.797231513939999914e+01 -1.995398299620000060e+01
6.500000000000000222e-01 3.803485945729999912e+03 3.523987327410000034e+03 7.691248930189999555e+03 1.134828674890000002e+02 -2.061563674789999823e+01 -2.508929222229999922e+01
6.500000000000000222e-01 3.574133526399999937e+03 3.585290347459999794e+03 7.805735715449999589e+03 1.151653287369999958e+02 -1.975458072280000010e+01 -2.179434481099999843e+01
6.500000000000000222e-01 3.570829177479999998e+03 3.680999332679999952e+03 7.746054739979999795e+03 1.174494727229999995e+02 -1.830177792510000145e+01 -1.995153455670000042e+01
1.390000000000000000e+04 -2.874099058309999964e+04 2.245135993610000151e+04 -3.183533074480000141e+04 -9.742587591420000592e+01 1.261543965510000049e+02 -3.247031613350000043e+02
6.500000000000000222e-01 -2.874188241360000029e+04 2.248562046310000005e+04 -3.176339469230000032e+04 -9.735571488450000288e+01 1.262435500299999944e+02 -3.258170673949999809e+02
6.500000000000000222e-01 -2.873856141260000004e+04 2.249037634009999965e+04 -3.182621589930000118e+04 -9.794195836609999617e+01 1.252812053039999967e+02 -3.261851572190000184e+02
6.500000000000000222e-01 -2.883733795459999965e+04 2.249429067639999994e+04 -3.173751136989999941e+04 -9.766543276589999323e+01 1.265379115169999977e+02 -3.254386323940000239e+02
6.500000000000000222e-01 -2.880410217510000075e+04 2.241932620440000028e+04 -3.175801561790000051e+04 -9.769519647830000508e+01 1.258855504379999957e+02 -3.257238603330000046e+02
6.500000000000000222e-01 -2.891894911800000045e+04 2.251810580290000144e+04 -3.179395390110000153e+04 -9.775549730039999474e+01 1.270662503789999960e+02 -3.250895019540000135e+02
6.500000000000000222e-01 -2.878551786720000018e+04 2.248889640209999925e+04 -3.176070653479999964e+04 -9.756686620349999828e+01 1.265455476829999952e+02 -3.257530717920000143e+02
6.500000000000000222e-01 -2.874580590460000167e+04 2.248869862550000107e+04 -3.182810860010000033e+04 -9.790068062449999786e+01 1.251340404500000005e+02 -3.261676168390000043e+02
6.500000000000000222e-01 -2.884879732589999912e+04 2.249207283889999962e+04 -3.175922852630000125e+04 -9.825022148280000067e+01 1.260136804520000027e+02 -3.256353954919999865e+02
6.500000000000000222e-01 -2.880147909409999920e+04 2.247434043549999842e+04 -3.170964441810000062e+04 -9.731929201959999887e+01 1.261697604029999980e+02 -3.251801816849999796e+02
6.500000000000000222e-01 -2.880441050579999865e+04 2.247016717459999927e+04 -3.176217600450000100e+04 -9.761007684240000515e+01 1.264222256590000057e+02 -3.257473986019999757e+02
6.500000000000000222e-01 -2.867792976909999925e+04 2.238676109240000005e+04 -3.183769052359999841e+04 -9.734001072149999345e+01 1.263572154170000061e+02 -3.258249596559999759e+02
6.500000000000000222e-01 -2.875132626299999902e+04 2.242192534140000134e+04 -3.179037808299999961e+04 -9.833735982960000399e+01 1.250931140499999970e+02 -3.256311332559999983e+02
6.500000000000000222e-01 -2.881022906560000047e+04 2.244382092850000117e+04 -3.171943767899999875e+04 -9.758893013659999838e+01 1.257387242749999956e+02 -3.252974193709999895e+02
6.500000000000000222e-01 -2.874610335209999903e+04 2.250242027640000015e+04 -3.176999926209999830e+04 -9.748766103239999836e+01 1.262656198269999948e+02 -3.258471387960000243e+02
6.500000000000000222e-01 -2.879275413570000092e+04 2.252517287710000164e+04 -3.177597691169999962e+04 -9.786755296260000136e+01 1.263312915390000057e+02 -3.258292434040000103e+02
6.500000000000000222e-01 -2.874316093579999870e+04 2.250056707950000055e+04 -3.180216332530000000e+04 -9.774429130590000625e+01 1.258526230599999991e+02 -3.260874896390000117e+02
6.500000000000000222e-01 -2.884636846520000108e+04 2.251702628310000000e+04 -3.176166552280000178e+04 -9.828809968500000593e+01 1.267624491130000024e+02 -3.257095737729999883e+02
6.500000000000000222e-01 -2.890938139479999882e+04 2.254651481689999855e+04 -3.176013868390000061e+04 -9.851586419359999525e+01 1.265669396640000031e+02 -3.256360417810000172e+02
6.500000000000000222e-01 -2.891338840580000033e+04 2.246487285239999983e+04 -3.176874041950000174e+04 -9.830778929730000470e+01 1.265744487049999947e+02 -3.256659383740000067e+02
6.500000000000000222e-01 -2.872796222199999829e+04 2.240891228350000165e+04 -3.179522215929999948e+04 -9.838057752070000106e+01 1.252893036870000003e+02 -3.255238733670000215e+02
6.500000000000000222e-01 -2.883334477809999953e+04 2.250316879870000048e+04 -3.175924992600000041e+04 -9.820363646369999344e+01 1.266700592619999952e+02 -3.256770338100000117e+02
6.500000000000000222e-01 -2.872556946650000100e+04 2.242144329339999967e+04 -3.181259193239999877e+04 -9.868201700180000557e+01 1.257305668559999958e+02 -3.257194060339999737e+02
6.500000000000000222e-01 -2.894637978640000074e+04 2.253950917720000143e+04 -3.176376558880000084e+04 -9.818595426589999420e+01 1.267581762049999980e+02 -3.251895354060000045e+02
6.500000000000000222e-01 -2.875661807250000129e+04 2.242025629729999855e+04 -3.178746756150000147e+04 -9.830266666939999709e+01 1.254903717969999946e+02 -3.257484008019999919e+02
6.500000000000000222e-01 -2.888998024739999892e+04 2.245211574299999847e+04 -3.177407877809999991e+04 -9.804495990739999911e+01 1.265942668560000044e+02 -3.256534277100000168e+02
6.500000000000000222e-01 -2.867511673000000155e+04 2.238095084869999846e+04 -3.185754297740000038e+04 -9.722333197390000237e+01 1.266222692799999976e+02 -3.256899960090000263e+02
6.500000000000000222e-01 -2.876294120290000137e+04 2.247487349049999830e+04 -3.177029684629999974e+04 -9.760121321809999984e+01 1.267019121299999966e+02 -3.258231324299999869e+02
6.500000000000000222e-01 -2.878193566149999970e+04 2.250330460319999838e+04 -3.178573488889999862e+04 -9.779393598219999717e+01 1.259817923899999954e+02 -3.259146521499999949e+02
6.500000000000000222e-01 -2.887569421140000122e+04 2.251726103430000148e+04 -3.176196330479999961e+04 -9.853491122319999818e+01 1.258362766740000040e+02 -3.254591680519999954e+02
6.500000000000000222e-01 -2.885310205629999837e+04 2.248343297309999980e+04 -3.178031042019999950e+04 -9.780765931930000079e+01 1.270316635730000030e+02 -3.256568714769999815e+02
6.500000000000000222e-01 -2.872619442409999829e+04 2.244976922829999967e+04 -3.179618647430000055e+04 -9.763086147159999939e+01 1.260582618810000071e+02 -3.263129270449999808e+02
6.500000000000000222e-01 -2.881980497900000046e+04 2.253383295359999829e+04 -3.175355976290000035e+04 -9.796964912340000353e+01 1.270096192089999931e+02 -3.256196843299999841e+02
6.500000000000000222e-01 -2.880267563220000011e+04 2.247400483349999922e+04 -3.177169274270000096e+04 -9.780530354139999361e+01 1.263932508259999992e+02 -3.258443300420000242e+02
6.500000000000000222e-01 -2.876889676559999862e+04 2.250115095379999912e+04 -3.177080906790000154e+04 -9.740348967959999982e+01 1.273925623810000047e+02 -3.254751862140000185e+02
6.500000000000000222e-01 -2.874530660870000065e+04 2.243817696530000103e+04 -3.182381266039999900e+04 -9.825832924510000055e+01 1.266137755430000027e+02 -3.270536070719999771e+02
6.500000000000000222e-01 -2.885330500570000004e+04 2.250939335159999973e+04 -3.176236285230000067e+04 -9.832024314379999907e+01 1.266726093030000015e+02 -3.257143003219999855e+02
6.500000000000000222e-01 -2.861397562630000175e+04 2.237504363400000148e+04 -3.186042133810000087e+04 -9.716343364630000679e+01 1.260774420430000049e+02 -3.254631040709999752e+02
6.500000000000000222e-01 -2.888076582689999850e+04 2.250874546189999819e+04 -3.169224137630000041e+04 -9.755667893819999392e+01 1.263637494129999936e+02 -3.245100706160000072e+02
6.500000000000000222e-01 -2.881938055180000083e+04 2.245375332429999980e+04 -3.176016665030000149e+04 -9.774360019249999709e+01 1.262994328630000069e+02 -3.257009503940000172e+02
6.500000000000000222e-01 -2.879194961490000060e+04 2.247607629860000088e+04 -3.179160196690000157e+04 -9.771159139629999402e+01 1.266161939389999986e+02 -3.260213126279999756e+02
6.500000000000000222e-01 -2.890759244359999866e+04 2.257525717079999959e+04 -3.179290312600000107e+04 -9.866470805390000010e+01 1.263560832630000021e+02 -3.256831225340000060e+02
6.500000000000000222e-01 -2.895099674170000071e+04 2.252729563290000078e+04 -3.181272555460000149e+04 -9.809822396609999373e+01 1.269412532999999996e+02 -3.253337116569999807e+02
6.500000000000000222e-01 -2.869531305680000150e+04 2.241791847509999934e+04 -3.180853574650000155e+04 -9.803756809370000269e+01 1.262794373920000055e+02 -3.255604775200000063e+02
6.500000000000000222e-01 -2.872943402520000018e+04 2.241942493770000146e+04 -3.182512337760000082e+04 -9.848661741739999798e+01 1.256371476839999985e+02 -3.262316150479999806e+02
6.500000000000000222e-01 -2.879168306160000066e+04 2.249048975250000149e+04 -3.171872792539999864e+04 -9.699215830570000207e+01 1.271474232110000031e+02 -3.249181958070000178e+02
6.500000000000000222e-01 -2.879734311420000085e+04 2.250364632189999975e+04 -3.177790077229999952e+04 -9.724133569280000700e+01 1.275481523960000061e+02 -3.253181054620000054e+02
6.500000000000000222e-01 -2.873675367859999824e+04 2.246696711069999947e+04 -3.175119987730000139e+04 -9.694359863850000636e+01 1.272930562020000025e+02 -3.251852963889999728e+02
6.500000000000000222e-01 -2.871750758850000057e+04 2.244389527829999861e+04 -3.180725050429999828e+04 -9.782528131550000694e+01 1.260927968860000021e+02 -3.263898390109999923e+02
6.500000000000000222e-01 -2.888915771400000085e+04 2.254180863519999912e+04 -3.183822484519999853e+04 -9.833741616330000568e+01 1.258257967269999966e+02 -3.254625490679999871e+02
6.500000000000000222e-01 -2.879556109529999958e+04 2.251562487179999880e+04 -3.175638863770000171e+04 -9.773889971689999356e+01 1.267860936269999996e+02 -3.256817426520000254e+02
6.500000000000000222e-01 -2.880494647199999963e+04 2.241948019510000086e+04 -3.175889685760000066e+04 -9.772062404140000069e+01 1.258513736790000053e+02 -3.256686817539999765e+02
6.500000000000000222e-01 -2.861583690990000105e+04 2.237944011129999853e+04 -3.188590872790000140e+04 -9.718397420690000388e+01 1.260930781039999999e+02 -3.256712533099999973e+02
6.500000000000000222e-01 -2.888927197380000143e+04 2.247986338850000175e+04 -3.175632082330000048e+04 -9.847548112660000186e+01 1.264083458289999982e+02 -3.256661180859999831e+02
6.500000000000000222e-01 -2.871341342230000009e+04 2.243222524780000094e+04 -3.185264087400000062e+04 -9.885784814759999506e+01 1.252594096849999943e+02 -3.255999525400000039e+02
6.500000000000000222e-01 -2.882749152719999984e+04 2.254454775979999977e+04 -3.177656061820000104e+04 -9.809532905940000092e+01 1.264725910850000048e+02 -3.258033535650000090e+02
6.500000000000000222e-01 -2.880281520860000091e+04 2.244685214840000117e+04 -3.172656933270000081e+04 -9.748064679019999801e+01 1.257822569759999993e+02 -3.253359782410000207e+02
6.500000000000000222e-01 -2.873072476340000139e+04 2.243533928989999913e+04 -3.187171100590000060e+04 -9.707527707369999348e+01 1.279520817810000040e+02 -3.249104520120000075e+02
6.500000000000000222e-01 -2.867709735899999941e+04 2.241330303920000006e+04 -3.181135510520000025e+04 -9.808678039180000496e+01 1.260005869889999985e+02 -3.251638050199999839e+02
6.500000000000000222e-01 -2.860901972549999846e+04 2.239917267519999950e+04 -3.193582277289999911e+04 -9.759275041819999785e+01 1.253619076380000052e+02 -3.253823776649999786e+02
6.500000000000000222e-01 -2.869835749610000130e+04 2.240752995899999951e+04 -3.179585584870000093e+04 -9.831558161869999424e+01 1.253496519530000057e+02 -3.251213158400000225e+02
6.500000000000000222e-01 -2.884002101229999971e+04 2.243190041019999990e+04 -3.175287071139999898e+04 -9.829917395180000028e+01 1.256834378749999956e+02 -3.255719825229999742e+02
6.500000000000000222e-01 -2.875185228320000169e+04 2.249549881680000180e+04 -3.178642680720000135e+04 -9.764385453910000479e+01 1.260143010129999936e+02 -3.260069777850000037e+02
6.500000000000000222e-01 -2.881995548810000037e+04 2.243943889019999915e+04 -3.176664914660000068e+04 -9.827363040720000242e+01 1.258936405780000030e+02 -3.256998303699999724e+02
6.500000000000000222e-01 -2.874835707170000023e+04 2.243118494719999944e+04 -3.178238827400000082e+04 -9.744610124129999917e+01 1.261497442350000000e+02 -3.260655790310000270e+02
6.500000000000000222e-01 -2.888287236249999842e+04 2.256558782950000023e+04 -3.180730661609999879e+04 -9.852320009909999499e+01 1.261757498900000058e+02 -3.257195774790000087e+02
6.500000000000000222e-01 -2.872867276000000129e+04 2.240428477510000084e+04 -3.178923150090000127e+04 -9.737479916179999861e+01 1.261612580599999944e+02 -3.259576151699999969e+02
6.500000000000000222e-01 -2.890228465230000074e+04 2.251939134669999839e+04 -3.174135491589999947e+04 -9.761422451389999821e+01 1.266519655200000045e+02 -3.245803660579999814e+02
6.500000000000000222e-01 -2.883578856660000019e+04 2.250208759990000181e+04 -3.173778793360000054e+04 -9.766025530860000003e+01 1.266438053760000031e+02 -3.254575436370000148e+02
6.500000000000000222e-01 -2.880679719739999928e+04 2.252426336789999914e+04 -3.173735213160000058e+04 -9.746330435059999786e+01 1.273994610769999980e+02 -3.252481393329999833e+02
6.500000000000000222e-01 -2.883604025620000175e+04 2.247578300840000156e+04 -3.176562179130000004e+04 -9.771217980020000482e+01 1.253382847790000056e+02 -3.250308208659999991e+02
6.500000000000000222e-01 -2.878165590510000038e+04 2.251832678769999984e+04 -3.175006326529999933e+04 -9.754789421930000515e+01 1.266186096309999982e+02 -3.256394777610000233e+02
6.500000000000000222e-01 -2.867622709899999973e+04 2.242801988269999856e+04 -3.178928447700000106e+04 -9.761497445739999534e+01 1.267859216089999990e+02 -3.250896424919999959e+02
6.500000000000000222e-01 -2.865907158870000058e+04 2.238918807620000007e+04 -3.185604462399999829e+04 -9.735316993659999696e+01 1.263231265229999991e+02 -3.257719522969999844e+02
6.500000000000000222e-01 -2.877697231649999958e+04 2.250320564979999835e+04 -3.175458928499999820e+04 -9.749807724090000249e+01 1.265829156869999963e+02 -3.256958599110000137e+02
6.500000000000000222e-01 -2.893177198109999881e+04 2.252016131559999849e+04 -3.176654325500000050e+04 -9.815090542410000296e+01 1.266834841929999982e+02 -3.253773543330000280e+02
6.500000000000000222e-01 -2.885558871889999864e+04 2.249249443429999883e+04 -3.175371883420000086e+04 -9.801094805370000529e+01 1.264329939130000042e+02 -3.256292076060000227e+02
6.500000000000000222e-01 -2.891773145239999940e+04 2.251222883659999934e+04 -3.176901080799999909e+04 -9.794764077749999842e+01 1.271043796839999942e+02 -3.253249931380000248e+02
6.500000000000000222e-01 -2.889176002860000153e+04 2.251670770629999970e+04 -3.170493567020000046e+04 -9.745360334730000318e+01 1.268098201770000060e+02 -3.241990835139999945e+02
6.500000000000000222e-01 -2.880604755619999924e+04 2.247640152989999842e+04 -3.182907138869999835e+04 -9.768305028529999845e+01 1.249737713680000013e+02 -3.254568839589999811e+02
6.500000000000000222e-01 -2.881408752090000053e+04 2.243200908469999922e+04 -3.174864415419999932e+04 -9.780225135039999884e+01 1.259401650030000042e+02 -3.256128005539999890e+02
6.500000000000000222e-01 -2.886313546249999854e+04 2.249788444990000062e+04 -3.175151288859999840e+04 -9.804184414910000100e+01 1.264423061539999935e+02 -3.256020946859999867e+02
6.500000000000000222e-01 -2.884122289079999973e+04 2.245083590620000177e+04 -3.175743987299999935e+04 -9.814704804139999794e+01 1.259084193869999950e+02 -3.256586994460000142e+02
6.500000000000000222e-01 -2.877990036559999862e+04 2.251908670360000178e+04 -3.173186865749999924e+04 -9.736960529990000168e+01 1.268115037740000020e+02 -3.254390632579999760e+02
6.500000000000000222e-01 -2.882655174690000058e+04 2.251625371029999951e+04 -3.176375339059999897e+04 -9.799829495759999531e+01 1.264695200940000035e+02 -3.257410782300000278e+02
6.500000000000000222e-01 -2.873826873590000105e+04 2.247090379449999818e+04 -3.178591072500000155e+04 -9.755278948400000161e+01 1.260123816189999957e+02 -3.261266387669999745e+02
6.500000000000000222e-01 -2.885901103779999903e+04 2.249075296549999985e+04 -3.169063717959999849e+04 -9.766024988229999337e+01 1.260035864070000002e+02 -3.248030368409999937e+02
6.500000000000000222e-01 -2.879684314950000044e+04 2.244117645590000029e+04 -3.175842982340000162e+04 -9.770585401740000009e+01 1.257863899139999972e+02 -3.257069735649999984e+02
6.500000000000000222e-01 -2.881983193849999952e+04 2.243619425269999920e+04 -3.173544580929999938e+04 -9.813314418150000051e+01 1.251314812509999967e+02 -3.251773198440000101e+02
6.500000000000000222e-01 -2.882492143410000062e+04 2.250515573159999985e+04 -3.176322577979999915e+04 -9.804651487440000324e+01 1.266188516060000069e+02 -3.257293288629999779e+02
6.500000000000000222e-01 -2.868253958920000150e+04 2.241281230700000015e+04 -3.180995038909999857e+04 -9.792281899779999321e+01 1.262397825860000040e+02 -3.254237524280000002e+02
6.500000000000000222e-01 -2.878350923110000076e+04 2.244232011630000125e+04 -3.178775195689999964e+04 -9.812701072160000138e+01 1.259615563689999931e+02 -3.259534966229999782e+02
6.500000000000000222e-01 -2.871856985110000096e+04 2.245252691019999838e+04 -3.186108544110000003e+04 -9.882228515549999770e+01 1.249513131599999980e+02 -3.254891991040000221e+02
6.500000000000000222e-01 -2.878871777659999861e+04 2.249801640590000170e+04 -3.172010737670000162e+04 -9.702725099059999536e+01 1.273578113500000057e+02 -3.248384604569999965e+02
6.500000000000000222e-01 -2.880029458430000159e+04 2.240474796319999950e+04 -3.175676750190000166e+04 -9.767724142730000381e+01 1.258344909980000068e+02 -3.256626315969999723e+02
6.500000000000000222e-01 -2.891952824849999888e+04 2.250521120259999952e+04 -3.175974201249999896e+04 -9.834617692960000568e+01 1.266543493020000000e+02 -3.256023687680000194e+02
6.500000000000000222e-01 -2.885488585360000070e+04 2.249053854460000002e+04 -3.174659793329999957e+04 -9.836806245050000541e+01 1.253272039790000036e+02 -3.250334592319999842e+02
6.500000000000000222e-01 -2.880568169729999863e+04 2.245265396170000167e+04 -3.178138421789999848e+04 -9.829111827869999729e+01 1.253776471190000024e+02 -3.256660844310000016e+02
6.500000000000000222e-01 -2.881024210730000050e+04 2.243196491809999861e+04 -3.179219813050000084e+04 -9.718593919959999994e+01 1.268646050279999997e+02 -3.256047025400000052e+02
6.500000000000000222e-01 -2.876838592659999995e+04 2.244475469810000141e+04 -3.177405251940000016e+04 -9.751735308599999996e+01 1.261429509560000071e+02 -3.259558935680000218e+02
6.500000000000000222e-01 -2.882413617929999964e+04 2.243316307500000039e+04 -3.174641146189999927e+04 -9.825238552359999744e+01 1.253212001929999957e+02 -3.253884169140000040e+02
3.690000000000000000e+05 -1.023333440170000017e+02 -2.672590071390000048e+03 -7.197399145790000148e+02 4.862092841460000159e+01 1.113525597889999972e+02 3.833361127730000106e+01
6.500000000000000222e-01 -2.003387095319999958e+02 -2.314552429700000175e+03 3.123002452979999930e+02 6.435579404739999632e+01 1.471150984909999977e+02 8.392620056420000196e+01
6.500000000000000222e-01 -3.048574379149999913e+02 -3.153891630480000003e+03 -8.268591427310000199e+02 4.445326537470000261e+01 6.897747641140000496e+01 2.917174181469999739e-01
6.500000000000000222e-01 -3.341697083980000116e+01 -2.157262356520000139e+03 3.347163023100000032e+02 6.038152709170000065e+01 1.623641184989999999e+02 8.074547629650000147e+01
6.500000000000000222e-01 -6.842961996770000610e+01 -1.955525205429999914e+03 1.965098567230000128e+02 6.698359972539999774e+01 1.782927647049999962e+02 9.805630636489999574e+01
6.500000000000000222e-01 -1.033243786579999934e+01 -1.673159505119999949e+03 4.737025471970000012e+02 7.156829340790000060e+01 1.968519636830000081e+02 4.806354281790000016e+01
6.500000000000000222e-01 -5.238150243820000469e+02 -3.157048070899999857e+03 -7.299280145080000466e+02 4.956483547900000275e+01 5.457937546229999981e+01 3.064126986140000142e+01
6.500000000000000222e-01 -1.203777161370000037e+01 -2.183237233070000002e+03 2.752423170229999982e+02 5.789533816830000035e+01 1.620417164829999876e+02 8.861011971679999988e+01
6.500000000000000222e-01 -3.442291435719999981e+01 -2.169097149319999971e+03 3.315300097200000096e+02 6.034472553309999654e+01 1.613944744979999939e+02 8.135292597260000491e+01
6.500000000000000222e-01 -1.579548329879999926e+02 -1.938175102299999935e+03 4.083211508699999968e+02 7.240881328250000593e+01 1.776809849159999999e+02 6.381006727999999839e+01
6.500000000000000222e-01 -2.132522531840000113e+02 -2.151077988819999973e+03 2.286488976540000095e+01 6.885110570989999701e+01 1.593309517870000036e+02 1.091079515259999937e+02
6.500000000000000222e-01 -2.920007444799999803e+02 -2.329759811100000206e+03 3.467149719739999796e+02 6.593797901320000676e+01 1.436162526859999957e+02 7.985427393950000408e+01
6.500000000000000222e-01 1.008684349239999989e+02 -1.660798173290000022e+03 1.974981280840000011e+02 5.538295751390000277e+01 2.043235606670000095e+02 9.970925172569999972e+01
6.500000000000000222e-01 -3.668056435679999794e+01 -1.726802126379999891e+03 4.874408860629999936e+02 7.027142781579999564e+01 1.931944455759999926e+02 4.456239645059999788e+01
6.500000000000000222e-01 1.373271169509999936e+02 -2.040002422170000045e+03 -1.519428046980000033e+02 4.503171373290000190e+01 1.723180683269999918e+02 1.119751332590000032e+02
6.500000000000000222e-01 -2.162739906120000057e+02 -2.204269870759999776e+03 4.017569104259999904e+02 6.792889126219999696e+01 1.550318044869999881e+02 7.071195905999999809e+01
6.500000000000000222e-01 -1.648122031800000116e+02 -1.972722697460000063e+03 4.981244499709999900e+02 7.196439884320000147e+01 1.716078722640000080e+02 4.989864669840000033e+01
6.500000000000000222e-01 -7.126282014119999531e+01 -2.140339183510000112e+03 3.856173346250000122e+02 6.415446489069999814e+01 1.624641412770000102e+02 7.348080648149999661e+01
6.500000000000000222e-01 -2.000565329689999885e+02 -2.205253580470000088e+03 3.769617693420000251e+02 6.817433776830000625e+01 1.548962954609999940e+02 7.446331070909999994e+01
6.500000000000000222e-01 5.846475938529999894e+01 -1.822272945180000079e+03 3.667331623590000049e+02 5.864663675439999935e+01 1.913660026729999970e+02 7.211631689329999517e+01
6.500000000000000222e-01 -1.346011498990000064e+02 -2.245387568589999773e+03 3.384373826789999953e+02 6.591085375870000007e+01 1.528703407849999962e+02 8.115054673570000432e+01
6.500000000000000222e-01 -1.436159174510000014e+02 -2.432620082379999985e+03 3.663903029370000297e+01 6.285135060049999822e+01 1.348557774600000130e+02 1.076188477010000071e+02
6.500000000000000222e-01 -1.302950011720000134e+02 -2.310133588260000124e+03 2.477269196229999864e+02 5.979626536960000038e+01 1.495936542050000071e+02 9.163183596320000390e+01
6.500000000000000222e-01 -1.191505251929999929e+02 -2.301510123529999873e+03 2.657122284359999753e+02 6.007767168809999703e+01 1.504374828230000105e+02 8.977870910270000593e+01
6.500000000000000222e-01 -2.326105299630000047e+02 -2.103651947270000164e+03 4.693515645210000002e+02 7.001365675110000097e+01 1.612162542359999975e+02 5.875668011209999975e+01
6.500000000000000222e-01 -1.187645067469999987e+02 -2.027585251830000061e+03 4.766084020889999806e+02 6.898715274580000312e+01 1.682560718420000114e+02 5.632972832059999746e+01
6.500000000000000222e-01 -3.614803234880000105e+02 -3.125863709589999871e+03 -7.245101611630000207e+02 4.970104580430000141e+01 6.138589809599999825e+01 3.303427711049999971e+01
6.500000000000000222e-01 4.031456041399999890e+01 -1.726248085140000057e+03 3.875521019839999894e+02 6.171048703350000153e+01 1.980101564050000036e+02 6.618879727799999557e+01
6.500000000000000222e-01 -5.524206319280000343e+01 -1.999508231159999923e+03 3.515651380429999904e+02 6.183335092050000270e+01 1.756697322489999920e+02 7.483686471149999875e+01
6.500000000000000222e-01 -1.901119809850000024e+02 -1.968094272320000073e+03 5.160779162269999460e+02 7.374750319490000550e+01 1.703011620750000077e+02 4.653907556389999911e+01
6.500000000000000222e-01 -3.152667048389999991e+02 -2.119555286509999860e+03 3.421649530710000136e+02 7.614615446279999844e+01 1.593644860160000007e+02 7.693915242810000166e+01
6.500000000000000222e-01 -3.581638950189999804e+01 -2.150512198840000110e+03 3.429808133810000186e+02 6.143909955659999866e+01 1.632095656060000124e+02 7.967923041539999929e+01
6.500000000000000222e-01 -2.922864488600000072e+02 -3.264341329440000209e+03 -6.105716116920000331e+02 3.960285879060000269e+01 4.593640888230000030e+01 -7.433877310520000492e+01
6.500000000000000222e-01 -2.561946578540000132e+02 -2.071276152869999805e+03 4.352834064659999740e+02 7.447060545899999795e+01 1.634000002399999971e+02 6.248675761039999799e+01
6.500000000000000222e-01 -1.984133617459999925e+02 -2.075877446259999942e+03 4.609186846160000073e+02 7.150714698320000196e+01 1.631259257400000138e+02 5.943279292009999892e+01
6.500000000000000222e-01 -1.101429222269999997e+02 -1.990540572840000095e+03 4.842534513310000079e+02 6.685433132010000179e+01 1.724733928839999919e+02 5.421713172220000132e+01
6.500000000000000222e-01 -2.104389308449999874e+02 -2.323008691319999798e+03 2.940815087440000184e+02 6.636060757609999428e+01 1.451660739300000103e+02 8.642840735629999926e+01
6.500000000000000222e-01 -1.471806806250000079e+02 -2.097457017499999893e+03 3.669952555120000284e+02 6.931127961410000182e+01 1.649066111429999921e+02 7.470169044050000196e+01
6.500000000000000222e-01 -1.811515270740000005e+02 -2.060970140460000039e+03 4.092304556209999760e+02 7.067263702149999460e+01 1.674735386119999987e+02 6.646117557620000582e+01
6.500000000000000222e-01 2.088829040859999964e+02 -1.810493201819999967e+03 -1.646974606219999941e+02 4.717521173730000328e+01 1.851549846720000119e+02 1.173494340470000026e+02
6.500000000000000222e-01 -5.536912019970000074e+02 -3.296619683249999980e+03 -7.751029511829999592e+02 4.579923816790000046e+01 3.655269065190000077e+01 1.783688217859999980e+01
6.500000000000000222e-01 -2.440289943710000102e+02 -2.494563540520000060e+03 1.528972005669999987e+02 6.523672982669999953e+01 1.294567507040000010e+02 1.004899006219999933e+02
6.500000000000000222e-01 -1.110904561100000052e+02 -2.134411448199999995e+03 3.977901668609999888e+02 6.535769468700000573e+01 1.622444758700000023e+02 7.100801731679999307e+01
6.500000000000000222e-01 -1.355909282860000076e+02 -1.770877820539999902e+03 4.528197282200000018e+02 7.644988509360000251e+01 1.884415612059999887e+02 5.206092363020000136e+01
6.500000000000000222e-01 -2.486154616199999907e+02 -2.253469111129999874e+03 3.490032317719999924e+02 6.757468145059999642e+01 1.497949289729999975e+02 7.815914567599999430e+01
6.500000000000000222e-01 -2.102153968350000071e+02 -2.106917921799999931e+03 4.207585473130000082e+02 7.088886882799999967e+01 1.626264769889999968e+02 6.570342904780000026e+01
6.500000000000000222e-01 -1.552191932430000065e+02 -2.211903677929999958e+03 3.511427634479999824e+02 6.690742201579999460e+01 1.554699933040000133e+02 7.860346025980000206e+01
6.500000000000000222e-01 -2.965180841580000148e+01 -2.033399540999999999e+03 3.547661310060000233e+02 6.266128842530000043e+01 1.735441473930000029e+02 7.596376967419999460e+01
6.500000000000000222e-01 -1.501836126460000003e+02 -2.191465177109999786e+03 3.761538136170000257e+02 6.868478053149999596e+01 1.559647777229999974e+02 7.584225566729999457e+01
6.500000000000000222e-01 -2.157604881789999922e+02 -2.000596576059999961e+03 4.106555945919999999e+02 7.653302539950000494e+01 1.688820095600000002e+02 6.690706248790000643e+01
6.500000000000000222e-01 -7.039468712670000059e+02 -3.351021610690000216e+03 -7.542348605749999706e+02 4.294297061830000217e+01 2.331149092349999918e+01 2.512605524599999995e+01
6.500000000000000222e-01 -1.776489753529999938e+00 -1.640631623739999895e+03 4.638285640340000100e+02 7.121755679909999515e+01 1.997606571039999892e+02 4.933899806099999807e+01
6.500000000000000222e-01 -1.417406369089999885e+02 -2.006831565199999886e+03 4.392282270590000053e+02 6.734253114050000022e+01 1.719705321550000008e+02 6.134966183280000251e+01
6.500000000000000222e-01 -1.149962418439999965e+02 -2.100685696959999859e+03 4.310068457290000197e+02 6.680660761580000440e+01 1.636985600010000041e+02 6.551102507829999411e+01
6.500000000000000222e-01 -3.293174111729999822e+02 -2.193980583349999961e+03 2.165590088330000071e+02 7.409649930780000204e+01 1.540920896670000104e+02 9.289223937769999395e+01
6.500000000000000222e-01 -2.761969085339999879e+02 -2.066400877460000174e+03 3.047893591789999732e+02 7.503616254749999825e+01 1.659079337039999871e+02 8.094200314100000071e+01
6.500000000000000222e-01 -5.620632226599999512e+02 -3.180891044720000082e+03 -6.200439067109999769e+02 4.883294698649999788e+01 5.178126833299999987e+01 5.163986395749999758e+01
6.500000000000000222e-01 -3.078800388139999882e+02 -2.277151350980000188e+03 9.671554778899999860e+01 7.017288350619999449e+01 1.478104200829999968e+02 1.031538317830000011e+02
6.500000000000000222e-01 -1.727935887140000091e+02 -2.234848801730000105e+03 -1.427713868019999950e+02 6.410838453179999874e+01 1.512104824959999974e+02 1.077444279649999999e+02
6.500000000000000222e-01 -3.220682342279999943e+02 -2.203844276440000158e+03 2.850324869350000085e+02 7.447432385170000657e+01 1.524485650770000120e+02 8.588395571030000042e+01
6.500000000000000222e-01 -2.716620545170000014e+02 -2.182773043499999858e+03 4.348314901030000215e+02 7.034843910509999887e+01 1.545504915760000131e+02 6.538525635509999745e+01
6.500000000000000222e-01 -1.546129761489999908e+02 -2.133693232990000070e+03 4.080170088859999851e+02 6.768184757909999405e+01 1.614830863900000111e+02 6.900104637779999450e+01
6.500000000000000222e-01 -1.568132261199999959e+02 -1.916984891020000077e+03 5.285329819360000556e+02 7.153477551359999609e+01 1.752633877579999933e+02 4.293513992190000295e+01
6.500000000000000222e-01 -1.405672565609999936e+02 -1.973770162779999964e+03 4.038471698289999949e+02 7.050184549159999392e+01 1.755028704700000048e+02 6.560413389350000557e+01
6.500000000000000222e-01 -4.330804525280000234e+02 -3.144965176759999849e+03 -7.378060152020000260e+02 4.943555844480000161e+01 5.874144793060000325e+01 2.902108532109999928e+01
6.500000000000000222e-01 -1.554597271169999999e+02 -2.056270954739999979e+03 4.255863526740000111e+02 6.983127401710000015e+01 1.662167005640000070e+02 6.446294795549999890e+01
6.500000000000000222e-01 -8.406981848889999753e+01 -1.873942621570000028e+03 4.931006998490000228e+02 6.760482203940000545e+01 1.815375301859999979e+02 4.942911731480000270e+01
6.500000000000000222e-01 -6.086540101890000187e+02 -3.050126210389999869e+03 -4.514660141659999795e+02 5.220283366059999963e+01 6.742815506830000061e+01 7.370497656199999881e+01
6.500000000000000222e-01 -7.790245436159999315e+01 -2.016449202349999950e+03 4.673573390070000073e+02 6.759536738490000118e+01 1.702123036989999889e+02 5.809242790380000088e+01
6.500000000000000222e-01 -1.341193390759999886e+02 -2.050396668049999789e+03 2.714239558890000126e+02 6.866666754460000277e+01 1.691051066590000005e+02 8.674239620970000431e+01
6.500000000000000222e-01 -1.401509365409999930e+02 -2.185568442880000021e+03 3.639528881049999995e+02 6.641993759230000194e+01 1.582493749060000141e+02 7.637375097819999326e+01
6.500000000000000222e-01 6.327788567160000355e+01 -1.753065295310000010e+03 3.333771357429999966e+02 5.919567664240000227e+01 1.971571207259999881e+02 7.696871704900000566e+01
6.500000000000000222e-01 -3.979484539250000097e+01 -1.680670605159999923e+03 5.612427274310000485e+02 7.087454114419999485e+01 1.929411520849999988e+02 2.668130605420000023e+01
6.500000000000000222e-01 -8.776289410729999929e+01 -1.923064505399999916e+03 5.181619618140000512e+02 7.017654607960000135e+01 1.755037528640000062e+02 4.588299293890000286e+01
6.500000000000000222e-01 -2.700369521819999932e+02 -2.267053589069999816e+03 7.244077646499999901e+01 6.862775012109999295e+01 1.496099674719999939e+02 1.048316938440000001e+02
6.500000000000000222e-01 -3.328764971780000081e+01 -2.136835448440000164e+03 3.394890428539999903e+02 6.121101350909999894e+01 1.646044319780000080e+02 7.989103639450000571e+01
6.500000000000000222e-01 -2.645449012650000213e+02 -2.211914673889999904e+03 3.493486060710000061e+02 7.110443653689999621e+01 1.528566866859999891e+02 7.775831315189999771e+01
6.500000000000000222e-01 -1.576185729899999899e+02 -2.069463460639999994e+03 4.381858561519999853e+02 6.996259438869999769e+01 1.656433659459999888e+02 6.307043119240000095e+01
6.500000000000000222e-01 1.452002344940000000e+01 -1.687427127749999954e+03 5.079648554539999736e+02 6.654414578230000643e+01 1.963658533690000070e+02 3.987199642089999685e+01
6.500000000000000222e-01 -1.340420979399999908e+02 -1.928901976950000062e+03 5.228891798820000076e+02 7.204721765339999706e+01 1.741655225659999928e+02 4.446519512830000309e+01
6.500000000000000222e-01 -1.226567657399999973e+02 -2.191892972910000026e+03 3.617447326960000282e+02 6.592456823089999318e+01 1.576722350779999999e+02 7.717932249070000239e+01
6.500000000000000222e-01 -6.501713943180000399e+01 -1.882702858710000100e+03 4.463388182209999968e+02 6.831752045769999881e+01 1.826852153060000035e+02 5.719145811130000112e+01
6.500000000000000222e-01 -4.438811443170000075e+02 -3.099633059929999945e+03 -6.724437342019999733e+02 5.073075762340000239e+01 6.370334117560000209e+01 4.283132324489999831e+01
6.500000000000000222e-01 4.261705996349999803e-01 -1.612876631220000036e+03 4.009262494619999870e+02 6.952052897139999743e+01 2.037759619939999993e+02 6.266742543019999800e+01
6.500000000000000222e-01 4.054031355109999879e+01 -1.653306536229999892e+03 3.543933623519999969e+02 6.472655736650000335e+01 2.028038611389999915e+02 7.270000476670000467e+01
6.500000000000000222e-01 -2.196936672680000129e+02 -1.959630352690000109e+03 2.872719909269999903e+02 7.545414811809999378e+01 1.749911465490000069e+02 8.352104900780000207e+01
6.500000000000000222e-01 -1.872758650199999977e+02 -3.114541885279999860e+03 -8.121473228549999703e+02 4.305014625729999977e+01 6.670803221420000284e+01 -3.813680799250000142e+00
6.500000000000000222e-01 4.898673204610000198e+01 -1.593197919219999903e+03 4.145542289239999718e+02 6.556872876040000619e+01 2.063138473490000138e+02 5.909121938519999873e+01
6.500000000000000222e-01 -1.267112051510000015e+02 -2.171914593810000042e+03 3.568589176369999905e+02 6.589329884529999504e+01 1.600534772970000006e+02 7.707655326059999368e+01
6.500000000000000222e-01 -2.369371100699999886e+02 -2.117829423659999975e+03 4.295899592289999873e+02 7.224135920969999347e+01 1.600197734129999958e+02 6.489189832860000706e+01
6.500000000000000222e-01 -7.864935422409999433e+01 -1.920403068309999981e+03 1.246056937289999951e+02 6.577540349010000398e+01 1.817629049109999926e+02 1.047801768879999997e+02
6.500000000000000222e-01 -4.197336919970000224e+01 -2.009501738969999906e+03 3.757683440760000053e+02 6.264189524849999913e+01 1.749749686600000018e+02 7.220766813560000230e+01
6.500000000000000222e-01 2.613252817160000063e+01 -1.858257750770000030e+03 3.584027890039999988e+02 5.928498497089999830e+01 1.882487269330000004e+02 7.414197606630000337e+01
6.500000000000000222e-01 -2.088471490099999883e+01 -2.177320261209999899e+03 3.040120107789999793e+02 5.907953779500000024e+01 1.613214137330000142e+02 8.497065408909999462e+01
6.500000000000000222e-01 -7.574188387930000488e+01 -2.015554162310000038e+03 3.853798695699999826e+02 6.388096128349999958e+01 1.730414251820000118e+02 6.985899973409999575e+01
6.500000000000000222e-01 -5.770633412879999469e+02 -3.229822497449999901e+03 -6.740366576630000282e+02 4.780970772239999889e+01 4.413669524190000004e+01 4.300615293660000304e+01
6.500000000000000222e-01 -1.770245784580000077e+02 -1.939270712660000072e+03 4.713728035820000173e+02 7.459326053329999695e+01 1.743483335390000093e+02 5.358324053009999943e+01
6.500000000000000222e-01 -6.428792699869999794e+00 -1.760186014169999908e+03 4.323499840650000010e+02 6.740120118020000461e+01 1.914203124059999936e+02 5.640710012929999806e+01
6.500000000000000222e-01 -8.138035375970000018e+01 -1.935282986610000080e+03 4.962001419420000161e+02 6.687281597909999675e+01 1.768881118170000093e+02 5.035318312110000250e+01
6.500000000000000222e-01 -1.753687105449999990e+02 -1.827707635120000077e+03 4.433031866289999812e+02 7.756218280689999744e+01 1.833985831390000101e+02 5.532428790360000193e+01
6.500000000000000222e-01 -6.790262946819999570e+02 -3.211059517019999930e+03 -6.696694746179999811e+02 4.914501347289999700e+01 4.152603724120000095e+01 4.519112591220000041e+01
