3.450000000000000000e+05 4.076384467089999816e+03 -5.064775197760000083e+03 -6.813187883110000257e+03 -1.122390085579999948e+02 2.100388702000000052e+01 -5.666352636389999731e+01
6.500000000000000222e-01 4.251133392190000450e+03 -5.240649142770000253e+03 -6.690802331660000164e+03 -1.133478742049999966e+02 2.208884576690000046e+01 -5.718564412629999794e+01
6.500000000000000222e-01 3.926331992710000122e+03 -5.175442474800000127e+03 -6.599262506189999840e+03 -1.108724082909999993e+02 2.193255113069999851e+01 -5.564349090540000020e+01
6.500000000000000222e-01 3.888365838820000135e+03 -5.131065270439999949e+03 -6.607963254070000403e+03 -1.111960595510000047e+02 2.258146379780000146e+01 -5.499153677649999850e+01
6.500000000000000222e-01 4.006784876449999956e+03 -5.320752721369999563e+03 -6.718170924189999823e+03 -1.118553788520000012e+02 2.250789798379999951e+01 -5.496595635740000318e+01
6.500000000000000222e-01 4.159300364339999760e+03 -5.206064593740000419e+03 -6.577475840920000337e+03 -1.122544683520000035e+02 2.154455148899999983e+01 -5.653869545469999736e+01
6.500000000000000222e-01 4.125721249229999557e+03 -4.948422302840000157e+03 -6.556153537250000227e+03 -1.121028971439999964e+02 2.314523671750000133e+01 -5.725639048269999876e+01
6.500000000000000222e-01 3.957765993930000150e+03 -5.009727688680000028e+03 -6.557505785700000160e+03 -1.138131718690000014e+02 2.212703180660000157e+01 -5.688788754699999828e+01
6.500000000000000222e-01 4.151953051860000414e+03 -4.961049291479999738e+03 -6.557733354369999688e+03 -1.127095707330000067e+02 2.290034172589999883e+01 -5.710173848830000054e+01
6.500000000000000222e-01 4.236196860109999761e+03 -5.110771781479999845e+03 -6.583156367519999549e+03 -1.121833393510000008e+02 2.099396921119999959e+01 -5.741792707369999960e+01
6.500000000000000222e-01 4.141692471929999556e+03 -5.056442957489999571e+03 -6.535782996850000018e+03 -1.108534084810000024e+02 2.179604204390000177e+01 -5.705258552989999998e+01
6.500000000000000222e-01 3.940756750000000011e+03 -5.173751368670000375e+03 -6.588146279780000441e+03 -1.107135963239999938e+02 2.265611396790000143e+01 -5.516501492319999755e+01
6.500000000000000222e-01 3.824730831079999916e+03 -4.980255438500000309e+03 -6.711880888259999665e+03 -1.120405146380000048e+02 2.130511063000000149e+01 -5.662784441769999688e+01
6.500000000000000222e-01 4.002808960110000044e+03 -4.851350760739999714e+03 -6.646366055290000077e+03 -1.119697061760000025e+02 2.067390454490000096e+01 -5.662147210949999732e+01
6.500000000000000222e-01 3.865381862069999897e+03 -4.979342750650000198e+03 -6.636325244370000291e+03 -1.136667462270000044e+02 2.214317279930000026e+01 -5.764578198830000133e+01
6.500000000000000222e-01 3.851288893729999927e+03 -5.113415204779999840e+03 -6.647008652900000016e+03 -1.116948204480000015e+02 2.160153135359999865e+01 -5.612370554849999849e+01
6.500000000000000222e-01 4.010563040600000022e+03 -5.165493088659999557e+03 -6.555139055329999792e+03 -1.137019318100000049e+02 2.020959279070000036e+01 -5.750682154590000295e+01
6.500000000000000222e-01 3.915797227500000190e+03 -5.109433832079999775e+03 -6.580194647199999963e+03 -1.106696772869999990e+02 2.245356318669999851e+01 -5.490779118489999888e+01
6.500000000000000222e-01 4.038151124120000077e+03 -4.815559682959999918e+03 -6.685961411260000204e+03 -1.123319699160000056e+02 2.116096250240000032e+01 -5.748633283089999679e+01
6.500000000000000222e-01 4.273412585000000036e+03 -4.919912536099999670e+03 -6.672129505580000114e+03 -1.126495298889999930e+02 2.172747115250000149e+01 -5.831705893699999876e+01
6.500000000000000222e-01 4.155668594519999715e+03 -4.813011126299999887e+03 -6.699846595779999916e+03 -1.135935967340000019e+02 2.181949118200000015e+01 -5.713100088809999733e+01
6.500000000000000222e-01 3.984067373509999925e+03 -4.986888792740000099e+03 -6.553956474089999574e+03 -1.114237467490000029e+02 2.047533009050000175e+01 -5.563146583000000334e+01
6.500000000000000222e-01 3.989165010939999775e+03 -4.954923660059999747e+03 -6.561802440909999859e+03 -1.137873184540000011e+02 2.291260778750000071e+01 -5.706281591340000148e+01
6.500000000000000222e-01 3.962416886099999829e+03 -5.206717430290000266e+03 -6.594920836319999580e+03 -1.129060952560000004e+02 2.032199568029999881e+01 -5.789911506339999647e+01
6.500000000000000222e-01 3.915886941490000027e+03 -5.048154326810000384e+03 -6.575023988060000192e+03 -1.130931370200000003e+02 2.192038287389999951e+01 -5.656333345080000186e+01
6.500000000000000222e-01 3.899403553720000218e+03 -5.067646504420000383e+03 -6.587324447560000408e+03 -1.118623638170000021e+02 2.186971273400000015e+01 -5.579705561570000327e+01
6.500000000000000222e-01 4.092108798939999815e+03 -4.894691793639999560e+03 -6.579972158939999645e+03 -1.132560018220000018e+02 2.340892471840000155e+01 -5.729280042890000146e+01
6.500000000000000222e-01 3.946239863629999945e+03 -4.903563876299999720e+03 -6.619334956570000031e+03 -1.113053382920000018e+02 1.993483240830000014e+01 -5.472082255010000296e+01
6.500000000000000222e-01 4.017892418209999960e+03 -5.120419803249999859e+03 -6.539205678710000029e+03 -1.109763739269999974e+02 2.306476675149999878e+01 -5.584417932889999747e+01
6.500000000000000222e-01 4.041015409409999847e+03 -4.973472423479999634e+03 -6.545128499739999825e+03 -1.122797687980000063e+02 2.110765125540000042e+01 -5.632874800780000157e+01
6.500000000000000222e-01 4.208557899690000340e+03 -4.903795834309999918e+03 -6.619422509439999885e+03 -1.142474412170000022e+02 2.001553506830000018e+01 -5.473664402610000224e+01
6.500000000000000222e-01 3.981484551600000032e+03 -5.140825179790000220e+03 -6.555274878879999960e+03 -1.131684522240000064e+02 2.242210713860000126e+01 -5.661238704269999999e+01
6.500000000000000222e-01 4.203295072140000229e+03 -5.010818781240000135e+03 -6.564703009400000155e+03 -1.149333569639999979e+02 2.059804778590000041e+01 -5.547522530220000192e+01
6.500000000000000222e-01 4.049641415290000168e+03 -5.065639006960000188e+03 -6.527879885319999630e+03 -1.105552248489999982e+02 2.206989476360000069e+01 -5.613954750140000272e+01
6.500000000000000222e-01 4.286909824839999601e+03 -4.898713437319999684e+03 -6.723935065450000366e+03 -1.123691642769999959e+02 2.059456566829999957e+01 -5.807389452830000209e+01
6.500000000000000222e-01 4.081369758379999894e+03 -5.079314359209999566e+03 -6.527881046950000382e+03 -1.121167040400000019e+02 1.998747469019999912e+01 -5.659654350649999799e+01
6.500000000000000222e-01 4.077010993320000125e+03 -5.014978912370000216e+03 -6.531563375759999872e+03 -1.125168712349999964e+02 2.112155555009999830e+01 -5.639282781010000178e+01
6.500000000000000222e-01 4.098824490169999990e+03 -4.816697656940000343e+03 -6.662420999529999790e+03 -1.139116499330000067e+02 2.214960869180000103e+01 -5.652676585319999703e+01
6.500000000000000222e-01 3.940226084750000155e+03 -5.266248105190000388e+03 -6.673047112070000367e+03 -1.129672594179999976e+02 2.234958143209999903e+01 -5.752873850630000163e+01
6.500000000000000222e-01 4.222926747030000115e+03 -4.910448780800000350e+03 -6.625824196509999638e+03 -1.120509685069999932e+02 2.054154344590000036e+01 -5.707166160170000069e+01
6.500000000000000222e-01 3.991850814020000144e+03 -5.256789810719999878e+03 -6.624731385559999580e+03 -1.118694569820000027e+02 2.344483373690000150e+01 -5.515874625869999903e+01
4.560000000000000000e+04 6.072941749110000274e+03 2.662763212920000115e+03 1.724595299159999922e+04 2.068403874589999987e+02 -5.992356111550000008e+01 2.085243342450000057e+02
6.500000000000000222e-01 6.013681704270000409e+03 2.815665134949999810e+03 1.737386538189999919e+04 2.066447683060000031e+02 -5.986541189230000271e+01 2.089336113180000041e+02
6.500000000000000222e-01 6.162212459749999653e+03 2.738260502789999919e+03 1.741520815539999967e+04 2.072943659029999992e+02 -5.934576488599999777e+01 2.082073818769999889e+02
6.500000000000000222e-01 6.009871083689999978e+03 2.801780763400000069e+03 1.738321769140000106e+04 2.066683910840000067e+02 -5.938423874800000135e+01 2.079091683419999868e+02
6.500000000000000222e-01 6.040884916590000103e+03 2.660681870419999996e+03 1.744891692859999966e+04 2.071403767330000107e+02 -5.987185447280000261e+01 2.086564298540000095e+02
6.500000000000000222e-01 6.117653025870000420e+03 2.703526417170000059e+03 1.744275023339999825e+04 2.063365622110000004e+02 -6.057451046450000121e+01 2.089696015490000036e+02
6.500000000000000222e-01 6.075547616240000025e+03 2.658179817220000132e+03 1.745152557280000110e+04 2.067752285020000045e+02 -5.957890511339999762e+01 2.086561098230000084e+02
6.500000000000000222e-01 6.200499553239999841e+03 2.515716978739999831e+03 1.730756033499999830e+04 2.069060170529999994e+02 -5.994356969649999911e+01 2.076893944530000056e+02
6.500000000000000222e-01 6.073216044570000122e+03 2.666378128970000034e+03 1.745157971239999824e+04 2.069272734230000026e+02 -5.956127120040000023e+01 2.086444874709999908e+02
6.500000000000000222e-01 6.033085822080000071e+03 2.848169257949999974e+03 1.731846859580000091e+04 2.070742270480000116e+02 -6.001435415609999779e+01 2.078994553370000062e+02
6.500000000000000222e-01 5.889138187790000302e+03 2.659657950639999854e+03 1.733537018869999883e+04 2.069664309000000060e+02 -5.991906344699999920e+01 2.083350386070000013e+02
6.500000000000000222e-01 6.160778845560000264e+03 2.605594904460000180e+03 1.742388072779999857e+04 2.066030328319999967e+02 -5.972645187100000186e+01 2.089680586149999897e+02
6.500000000000000222e-01 6.271441089509999983e+03 2.649605598180000015e+03 1.729485299669999949e+04 2.067239324059999888e+02 -5.989883061929999997e+01 2.085971933369999931e+02
6.500000000000000222e-01 6.120977604519999659e+03 2.760613769810000122e+03 1.742108690049999859e+04 2.065354816189999951e+02 -5.952308489539999670e+01 2.086356036029999927e+02
6.500000000000000222e-01 6.063914027840000017e+03 2.606125565379999898e+03 1.744292875529999947e+04 2.066659751710000137e+02 -6.026964160979999718e+01 2.084490407899999980e+02
6.500000000000000222e-01 6.086891201440000259e+03 2.678536586709999938e+03 1.745066492600000129e+04 2.074486362979999967e+02 -5.924297518009999663e+01 2.085949459379999951e+02
6.500000000000000222e-01 6.111263620110000375e+03 2.600287794370000029e+03 1.743893013069999870e+04 2.069722977940000135e+02 -5.976790987870000293e+01 2.087760048549999965e+02
6.500000000000000222e-01 6.040018489979999686e+03 2.654613170409999839e+03 1.744867218620000131e+04 2.073319237510000050e+02 -5.971895736009999922e+01 2.087038246330000106e+02
6.500000000000000222e-01 6.067345538749999832e+03 2.662326151209999807e+03 1.745149840739999854e+04 2.068004765009999915e+02 -5.988823553959999657e+01 2.086394977310000058e+02
6.500000000000000222e-01 5.987840371690000211e+03 2.558640013199999885e+03 1.740006719739999971e+04 2.064539437450000037e+02 -5.964885050120000187e+01 2.083202831639999886e+02
6.500000000000000222e-01 6.211590406659999644e+03 2.543278231220000180e+03 1.734213527500000055e+04 2.072046249189999969e+02 -6.018622854499999875e+01 2.080633147080000072e+02
6.500000000000000222e-01 5.991127116169999681e+03 2.791015277569999853e+03 1.738132439069999964e+04 2.074656094439999947e+02 -6.066551598849999749e+01 2.092709596980000128e+02
6.500000000000000222e-01 6.144890269470000021e+03 2.593451921599999878e+03 1.742408289050000167e+04 2.069447020050000106e+02 -5.988395460169999751e+01 2.083920304620000081e+02
6.500000000000000222e-01 6.067037462469999809e+03 2.677047667180000190e+03 1.745111875929999951e+04 2.073530896320000068e+02 -6.077749406019999867e+01 2.087521341640000117e+02
6.500000000000000222e-01 6.083579832860000352e+03 2.823711083400000007e+03 1.737030566829999952e+04 2.071570789410000089e+02 -6.077500923179999859e+01 2.092789795310000045e+02
6.500000000000000222e-01 6.031217958580000413e+03 2.693601808030000029e+03 1.744514379120000012e+04 2.072529994509999938e+02 -6.007142748769999940e+01 2.087675559850000013e+02
6.500000000000000222e-01 6.128752750419999757e+03 2.585213683039999978e+03 1.742682975929999884e+04 2.070877653770000109e+02 -6.017452151469999677e+01 2.082853974919999871e+02
6.500000000000000222e-01 5.990900862170000437e+03 2.733357914589999837e+03 1.741880755359999966e+04 2.076125132649999898e+02 -6.051486606059999929e+01 2.089487348670000131e+02
6.500000000000000222e-01 6.190157918519999839e+03 2.729537968090000049e+03 1.740152177200000006e+04 2.064661064969999984e+02 -6.037648396280000185e+01 2.092195665680000047e+02
6.500000000000000222e-01 5.916814668930000153e+03 2.538520581350000157e+03 1.729047493929999837e+04 2.071688127730000133e+02 -5.978182989590000318e+01 2.092154369220000092e+02
6.500000000000000222e-01 5.969261312329999782e+03 2.489275418660000014e+03 1.727855964559999848e+04 2.070677212900000086e+02 -5.979607527579999982e+01 2.089643592730000137e+02
6.500000000000000222e-01 6.145103895919999559e+03 2.684855279070000051e+03 1.743758410240000012e+04 2.064580094289999863e+02 -6.013296431260000219e+01 2.088935746090000123e+02
6.500000000000000222e-01 6.061885410210000373e+03 2.574094246359999943e+03 1.743180976599999849e+04 2.072893087639999976e+02 -6.023563480650000201e+01 2.085736118220000037e+02
6.500000000000000222e-01 6.115344646120000107e+03 2.578732421570000042e+03 1.742694197550000172e+04 2.063508496020000109e+02 -5.904546045090000206e+01 2.089132646729999863e+02
6.500000000000000222e-01 6.039977148150000176e+03 2.709540112659999977e+03 1.744315382659999887e+04 2.075564000530000044e+02 -6.070613392900000349e+01 2.089167090120000125e+02
6.500000000000000222e-01 6.117834771830000136e+03 2.694381562340000073e+03 1.744419135449999885e+04 2.068347993579999979e+02 -5.971014425509999768e+01 2.086451062620000130e+02
6.500000000000000222e-01 6.067132576560000416e+03 2.469997999019999952e+03 1.731771076900000116e+04 2.070598626359999912e+02 -5.966340053310000258e+01 2.092382525440000052e+02
6.500000000000000222e-01 6.031112633519999690e+03 2.696703279459999976e+03 1.744383609649999926e+04 2.069140650539999911e+02 -5.989414210129999816e+01 2.085596734599999991e+02
6.500000000000000222e-01 6.097680198050000399e+03 2.663379986819999885e+03 1.745029767910000010e+04 2.059467566950000048e+02 -5.988581329379999829e+01 2.088078154739999945e+02
6.500000000000000222e-01 6.045588824120000027e+03 2.575828416480000215e+03 1.743059927049999897e+04 2.073609758960000136e+02 -5.999998132559999675e+01 2.086819723810000085e+02
6.500000000000000222e-01 6.011740700770000331e+03 2.653156893219999802e+03 1.744166584009999860e+04 2.066094797629999960e+02 -5.996934980780000046e+01 2.084844023439999887e+02
1.390000000000000000e+04 -9.087315651630000502e+03 1.686415137530000038e+03 1.344718966480000017e+04 -2.435663795559999869e+02 2.034937121220000051e+02 -3.238480669609999723e+02
6.500000000000000222e-01 -9.209279763320000711e+03 1.734003601169999911e+03 1.350396368450000045e+04 -2.437112284270000089e+02 2.034959573920000082e+02 -3.242249447500000201e+02
6.500000000000000222e-01 -9.181123926410000422e+03 1.785907118330000003e+03 1.348685629660000086e+04 -2.433956693039999948e+02 2.032451583449999930e+02 -3.231816241469999795e+02
6.500000000000000222e-01 -8.966301407380000455e+03 1.627865735540000060e+03 1.349408489969999937e+04 -2.434962732490000121e+02 2.034757467130000066e+02 -3.245131128269999863e+02
6.500000000000000222e-01 -9.049456245019999187e+03 1.636267162879999887e+03 1.357624820069999987e+04 -2.432946600360000105e+02 2.030735276569999996e+02 -3.240189624899999785e+02
6.500000000000000222e-01 -9.056779083119999996e+03 1.645020748099999992e+03 1.358123389130000032e+04 -2.437067019280000011e+02 2.036271634750000032e+02 -3.236977378400000021e+02
6.500000000000000222e-01 -8.970944590970000718e+03 1.728930075819999956e+03 1.351828913749999992e+04 -2.437056968390000122e+02 2.033220762679999893e+02 -3.237144921679999925e+02
6.500000000000000222e-01 -9.194008272970000689e+03 1.637273162149999962e+03 1.352951775989999987e+04 -2.439116507919999890e+02 2.035220268820000058e+02 -3.241204613659999723e+02
6.500000000000000222e-01 -8.981897256370000832e+03 1.679837242220000007e+03 1.354304543720000038e+04 -2.432658553159999997e+02 2.034787251699999899e+02 -3.243463880520000089e+02
6.500000000000000222e-01 -9.134713444139999410e+03 1.732033938099999887e+03 1.357361447849999968e+04 -2.433252658049999866e+02 2.031513012890000027e+02 -3.236444203660000198e+02
6.500000000000000222e-01 -9.098665615980000439e+03 1.645880909609999890e+03 1.358434616339999957e+04 -2.435534381669999959e+02 2.032275935680000032e+02 -3.238264019879999864e+02
6.500000000000000222e-01 -9.119197820519999368e+03 1.769465440219999891e+03 1.355774029850000079e+04 -2.435454068459999917e+02 2.035202334559999997e+02 -3.240313013940000246e+02
6.500000000000000222e-01 -9.086496743679999781e+03 1.685724258100000043e+03 1.359052190949999931e+04 -2.431256375129999867e+02 2.031712120850000076e+02 -3.237648167739999963e+02
6.500000000000000222e-01 -9.098865651590000198e+03 1.724776623270000073e+03 1.358430953229999977e+04 -2.434452285149999966e+02 2.031228289910000058e+02 -3.237123688919999722e+02
6.500000000000000222e-01 -9.120561648110000533e+03 1.793408494909999945e+03 1.353884954239999934e+04 -2.438209806339999943e+02 2.034478747340000098e+02 -3.235038350280000259e+02
6.500000000000000222e-01 -9.170730683539999518e+03 1.768915590759999986e+03 1.352771490909999920e+04 -2.437181825430000117e+02 2.035535040299999991e+02 -3.241987855400000171e+02
6.500000000000000222e-01 -9.073761808029999884e+03 1.689622066030000042e+03 1.358977466509999977e+04 -2.430777346650000084e+02 2.036403663030000075e+02 -3.238321168809999904e+02
6.500000000000000222e-01 -9.080610033330000078e+03 1.656735078669999893e+03 1.358721633780000047e+04 -2.435160611739999865e+02 2.029057290970000054e+02 -3.239042789129999846e+02
6.500000000000000222e-01 -9.174531960329999492e+03 1.665191239309999901e+03 1.355877923480000027e+04 -2.432339206659999888e+02 2.035468289460000051e+02 -3.234619735919999925e+02
6.500000000000000222e-01 -9.092671935559999838e+03 1.681647241870000016e+03 1.359029327279999961e+04 -2.437529933529999937e+02 2.034765812070000095e+02 -3.237803767749999793e+02
6.500000000000000222e-01 -9.095419845500000520e+03 1.647909987400000091e+03 1.358508669879999979e+04 -2.437070707260000120e+02 2.029410376269999858e+02 -3.239164088929999821e+02
6.500000000000000222e-01 -9.091947263530000782e+03 1.685045745729999908e+03 1.359046714480000082e+04 -2.430847912549999990e+02 2.037108301270000084e+02 -3.237361329479999767e+02
6.500000000000000222e-01 -9.042863943399999698e+03 1.738307700970000042e+03 1.357279502940000020e+04 -2.432954961579999917e+02 2.038547525850000000e+02 -3.241059782440000276e+02
6.500000000000000222e-01 -9.136866103219999786e+03 1.681569322750000083e+03 1.358175738830000046e+04 -2.434932380710000075e+02 2.035523268400000063e+02 -3.236816473200000246e+02
6.500000000000000222e-01 -9.089696528029999172e+03 1.699943004669999937e+03 1.358988712569999916e+04 -2.436405624459999899e+02 2.029673584159999962e+02 -3.237077543429999764e+02
6.500000000000000222e-01 -9.218920915500000774e+03 1.665608713690000059e+03 1.349965266469999915e+04 -2.436820182289999934e+02 2.035378899380000064e+02 -3.240286730519999878e+02
6.500000000000000222e-01 -9.094936234130000230e+03 1.663279562039999973e+03 1.358846192490000067e+04 -2.434762267780000116e+02 2.037130602029999977e+02 -3.237224333450000131e+02
6.500000000000000222e-01 -9.045492213940000511e+03 1.748341319879999901e+03 1.356900046499999917e+04 -2.433250723090000065e+02 2.038135074049999957e+02 -3.241233320580000168e+02
6.500000000000000222e-01 -9.079118847780000578e+03 1.731524240039999995e+03 1.358316246829999909e+04 -2.438947438939999870e+02 2.035361032620000117e+02 -3.237476150780000239e+02
6.500000000000000222e-01 -9.148958143059999202e+03 1.704169484300000022e+03 1.357544545599999947e+04 -2.430881819479999990e+02 2.033147417760000053e+02 -3.234465985900000078e+02
6.500000000000000222e-01 -9.104676765629999863e+03 1.671223172640000030e+03 1.358863799199999994e+04 -2.435925584940000022e+02 2.034629575840000086e+02 -3.237672738890000232e+02
6.500000000000000222e-01 -9.039589400720000413e+03 1.625398938799999996e+03 1.356741542610000033e+04 -2.433272038910000106e+02 2.031100718259999951e+02 -3.241644166949999999e+02
6.500000000000000222e-01 -8.992587434339999163e+03 1.771680313379999916e+03 1.351105815120000079e+04 -2.439173684980000019e+02 2.032722484120000104e+02 -3.233175532660000044e+02
6.500000000000000222e-01 -9.121068934200000513e+03 1.729140022880000060e+03 1.357999410820000048e+04 -2.433228641430000039e+02 2.030334055010000043e+02 -3.234942056959999945e+02
6.500000000000000222e-01 -9.082014704810000694e+03 1.690466367279999986e+03 1.359034524609999971e+04 -2.431622822230000054e+02 2.038725165669999910e+02 -3.237935030759999790e+02
6.500000000000000222e-01 -9.077538716839999324e+03 1.706733376989999897e+03 1.358867836360000001e+04 -2.434906256689999964e+02 2.039880910210000025e+02 -3.238550249900000040e+02
6.500000000000000222e-01 -9.055927894149999702e+03 1.715131191649999892e+03 1.358384843290000026e+04 -2.432801038789999950e+02 2.039059228300000086e+02 -3.239715601689999858e+02
6.500000000000000222e-01 -9.065519567889999962e+03 1.664211349729999938e+03 1.358693597389999923e+04 -2.441332746420000035e+02 2.039758401320000019e+02 -3.236397670050000102e+02
6.500000000000000222e-01 -9.118115344760000880e+03 1.724652672980000034e+03 1.358236157859999912e+04 -2.439849674239999899e+02 2.038507782780000070e+02 -3.238639069789999780e+02
6.500000000000000222e-01 -9.128247273270000733e+03 1.667072301559999914e+03 1.358330769270000019e+04 -2.441884118959999910e+02 2.032527552409999885e+02 -3.239360569610000198e+02
6.500000000000000222e-01 -8.980913695060000464e+03 1.749353812000000062e+03 1.351848056820000056e+04 -2.438633110510000108e+02 2.032253097349999962e+02 -3.233866355679999742e+02
