3.450000000000000000e+05 3.231210272010000153e+03 -4.860823766100000284e+03 -7.131537481559999833e+03 -1.229864436229999995e+02 3.558109431390000310e+01 -3.236495992289999890e+01
6.500000000000000222e-01 3.144168130919999840e+03 -4.771337227019999773e+03 -6.868052058070000385e+03 -1.233642660739999997e+02 3.630576947619999828e+01 -3.130935443379999938e+01
6.500000000000000222e-01 3.057906670339999891e+03 -4.980857016939999994e+03 -7.315324933220000275e+03 -1.224051933819999931e+02 3.555404052349999944e+01 -3.164060413700000041e+01
6.500000000000000222e-01 3.420666492519999792e+03 -4.786510553510000136e+03 -6.942383804090000012e+03 -1.233756436339999993e+02 3.604754409520000280e+01 -3.376435221770000084e+01
6.500000000000000222e-01 3.213722881380000217e+03 -4.977121208149999802e+03 -7.400575517360000049e+03 -1.220923966210000060e+02 3.251356791919999978e+01 -3.249163686400000017e+01
6.500000000000000222e-01 3.343053095430000212e+03 -5.060433632629999920e+03 -7.295750123050000184e+03 -1.230061179140000007e+02 3.565783176619999750e+01 -3.317940631030000276e+01
6.500000000000000222e-01 3.326916274180000073e+03 -4.643591626370000085e+03 -7.269383584629999859e+03 -1.240040574690000028e+02 3.313755465559999891e+01 -3.392966156800000022e+01
6.500000000000000222e-01 3.011133716830000139e+03 -4.757423840129999917e+03 -7.264122224099999585e+03 -1.211807343020000047e+02 3.501872632620000303e+01 -3.273591964429999734e+01
6.500000000000000222e-01 3.393308820520000154e+03 -4.688304830500000207e+03 -7.269634227110000211e+03 -1.236267390090000049e+02 3.285804112339999961e+01 -3.369510436990000102e+01
6.500000000000000222e-01 3.008743169599999874e+03 -4.786007488639999792e+03 -6.949725788009999633e+03 -1.226069323709999992e+02 3.690375677480000149e+01 -3.028084352280000147e+01
6.500000000000000222e-01 2.965954882940000061e+03 -4.877361471920000440e+03 -7.039893668910000088e+03 -1.214257174950000007e+02 3.670956616520000182e+01 -2.915432819959999833e+01
6.500000000000000222e-01 3.057567056100000173e+03 -5.002981136780000270e+03 -7.298112303910000264e+03 -1.225083631069999939e+02 3.505867678519999941e+01 -3.105790679400000087e+01
6.500000000000000222e-01 3.305533108210000137e+03 -4.878413295080000353e+03 -6.863424334369999997e+03 -1.253667463430000026e+02 3.725273439880000126e+01 -3.220823224059999745e+01
6.500000000000000222e-01 3.170100439129999813e+03 -4.709004985970000234e+03 -7.363897309050000331e+03 -1.228589579589999943e+02 3.424988570050000192e+01 -3.228049436519999915e+01
6.500000000000000222e-01 3.091621897139999874e+03 -4.808050705859999653e+03 -7.363758622950000245e+03 -1.198857467859999986e+02 3.398479186029999966e+01 -3.328591407940000124e+01
6.500000000000000222e-01 3.376404726310000115e+03 -4.817948645649999889e+03 -6.900809898489999796e+03 -1.248939955080000033e+02 3.643759640439999714e+01 -3.257419134709999753e+01
6.500000000000000222e-01 3.112698202649999985e+03 -5.072795280870000170e+03 -7.274139696350000122e+03 -1.208427388300000018e+02 3.673116782470000174e+01 -3.520771580489999764e+01
6.500000000000000222e-01 3.013989663310000196e+03 -4.931957917239999915e+03 -7.283778684050000265e+03 -1.224157100209999953e+02 3.506269242660000174e+01 -3.037044991009999961e+01
6.500000000000000222e-01 3.234860180000000128e+03 -4.952177181549999659e+03 -6.871359730320000381e+03 -1.246004399170000028e+02 3.939696215970000281e+01 -3.180705249469999885e+01
6.500000000000000222e-01 3.128205854599999839e+03 -4.926709547299999940e+03 -6.873299651780000204e+03 -1.215644467279999930e+02 3.804932174169999826e+01 -3.092499344939999872e+01
6.500000000000000222e-01 3.280992124129999866e+03 -4.784810448770000221e+03 -7.397278399539999555e+03 -1.220025426029999949e+02 3.225235647659999927e+01 -3.289096899070000291e+01
6.500000000000000222e-01 3.031298395100000107e+03 -4.690628968089999944e+03 -7.237574573089999831e+03 -1.228403862260000068e+02 3.565585225910000133e+01 -2.999720008899999968e+01
6.500000000000000222e-01 3.083370776180000121e+03 -4.675427400149999812e+03 -7.274854313689999799e+03 -1.217450081230000052e+02 3.395526173750000254e+01 -3.300472881409999815e+01
6.500000000000000222e-01 3.344919225310000002e+03 -4.694191532200000438e+03 -6.932309531400000196e+03 -1.259562091829999986e+02 3.492401599090000275e+01 -3.017355214399999852e+01
6.500000000000000222e-01 3.453242695809999987e+03 -4.879780953659999795e+03 -6.974115311389999988e+03 -1.249793406750000031e+02 3.578898730129999706e+01 -3.259040292329999744e+01
6.500000000000000222e-01 3.445833900059999905e+03 -4.851836730510000052e+03 -6.963569137690000389e+03 -1.243354142040000028e+02 3.582469847739999835e+01 -3.346705154160000006e+01
6.500000000000000222e-01 3.209135792529999890e+03 -5.076858871569999792e+03 -6.958226673680000204e+03 -1.223196819220000009e+02 3.794078991920000021e+01 -3.147135845689999911e+01
6.500000000000000222e-01 3.103832224929999938e+03 -4.705888301879999744e+03 -7.330277153510000062e+03 -1.233043700260000008e+02 3.582241979209999982e+01 -3.054057530129999876e+01
6.500000000000000222e-01 3.041642551989999902e+03 -5.047501636959999814e+03 -7.201199718030000440e+03 -1.219824904019999963e+02 3.603043505589999995e+01 -3.069138731350000171e+01
6.500000000000000222e-01 3.123725496779999958e+03 -4.612903152120000414e+03 -7.224412302400000044e+03 -1.233318534109999973e+02 3.496770728410000117e+01 -3.117129019089999886e+01
6.500000000000000222e-01 3.100344698630000039e+03 -5.005568022350000319e+03 -6.931015284740000425e+03 -1.238265248170000064e+02 3.600953498300000177e+01 -3.374116322609999941e+01
6.500000000000000222e-01 3.414508212199999889e+03 -4.698166495980000036e+03 -7.006682407690000218e+03 -1.242572513799999996e+02 3.439944236750000073e+01 -3.199545263370000114e+01
6.500000000000000222e-01 2.997820957850000013e+03 -4.945809904380000262e+03 -6.999991806310000356e+03 -1.233134574030000010e+02 3.671233208139999959e+01 -3.364144477220000340e+01
6.500000000000000222e-01 2.958205071710000084e+03 -4.896385689980000279e+03 -7.134169452479999563e+03 -1.217434542499999992e+02 3.623830586190000247e+01 -2.928912228169999921e+01
6.500000000000000222e-01 3.292378201940000054e+03 -4.817975483580000400e+03 -7.408835807829999794e+03 -1.238371784200000008e+02 3.340472934459999976e+01 -3.328619485629999986e+01
6.500000000000000222e-01 3.117880645799999911e+03 -4.603997796960000414e+03 -7.086285033549999753e+03 -1.231177332729999989e+02 3.488898091859999795e+01 -2.868382468289999920e+01
6.500000000000000222e-01 3.222965816739999809e+03 -4.583774714340000173e+03 -7.172191823789999944e+03 -1.238556131790000023e+02 3.466288377229999895e+01 -3.098839802299999846e+01
6.500000000000000222e-01 3.268480032800000117e+03 -4.743841065419999723e+03 -7.375244908110000324e+03 -1.215785230200000058e+02 3.237231046109999966e+01 -3.247558544270000169e+01
6.500000000000000222e-01 3.302081615739999961e+03 -4.753093120200000158e+03 -6.876544893880000018e+03 -1.242363348989999992e+02 3.479532576209999917e+01 -3.133697315890000112e+01
6.500000000000000222e-01 3.098025066350000088e+03 -4.971493457829999898e+03 -6.911583256629999596e+03 -1.232853120160000060e+02 3.868294009419999924e+01 -3.170155782930000044e+01
6.500000000000000222e-01 3.300771569869999894e+03 -4.676831644859999869e+03 -6.921731954169999881e+03 -1.237213466580000016e+02 3.714709443139999934e+01 -3.285705551750000097e+01
4.560000000000000000e+04 7.507516599679999672e+03 2.236606264680000095e+03 1.866359489889999895e+04 2.023817917439999974e+02 -6.154244070789999910e+01 1.961372714800000097e+02
6.500000000000000222e-01 7.559544344289999572e+03 2.111509570019999956e+03 1.882379578649999894e+04 2.029580057629999885e+02 -6.196502094979999953e+01 1.960502982010000039e+02
6.500000000000000222e-01 7.634494622279999930e+03 2.338553833099999792e+03 1.854174396889999844e+04 2.018513101069999891e+02 -6.218930207030000190e+01 1.954498021679999908e+02
6.500000000000000222e-01 7.562704697629999828e+03 2.118414797060000183e+03 1.882249071019999974e+04 2.021470421250000129e+02 -6.063624912539999912e+01 1.969707448119999924e+02
6.500000000000000222e-01 7.307168872719999854e+03 2.222928177130000222e+03 1.863046906200000012e+04 2.026167337130000021e+02 -6.155102028689999827e+01 1.960819574489999866e+02
6.500000000000000222e-01 7.649271984189999785e+03 2.371477186680000159e+03 1.861029791610000029e+04 2.022773936659999947e+02 -6.150616161060000309e+01 1.971306265419999875e+02
6.500000000000000222e-01 7.418170238050000080e+03 2.417567620209999859e+03 1.866733604460000060e+04 2.025756475659999865e+02 -6.189199485350000174e+01 1.958563842110000053e+02
6.500000000000000222e-01 7.474010329230000025e+03 2.277476170569999795e+03 1.886316310620000149e+04 2.032653860050000105e+02 -6.227746467690000287e+01 1.966361106329999870e+02
6.500000000000000222e-01 7.505524805770000057e+03 2.439011386770000172e+03 1.865875371689999884e+04 2.024160270289999914e+02 -6.190506810809999649e+01 1.959139952650000112e+02
6.500000000000000222e-01 7.488852192160000413e+03 2.303705108090000067e+03 1.846805510890000005e+04 2.021797529099999906e+02 -6.222398391250000316e+01 1.956673643670000047e+02
6.500000000000000222e-01 7.418814543620000222e+03 2.234488812520000010e+03 1.847631123360000129e+04 2.024963968890000103e+02 -6.162184960209999929e+01 1.957825854090000064e+02
6.500000000000000222e-01 7.652945163399999728e+03 2.142439627119999841e+03 1.856389493790000051e+04 2.021266431829999988e+02 -6.138204203600000142e+01 1.966412529010000014e+02
6.500000000000000222e-01 7.461140385800000331e+03 2.240591471300000194e+03 1.886434309099999882e+04 2.026660641119999866e+02 -6.146004207509999873e+01 1.963110635070000001e+02
6.500000000000000222e-01 7.432582712110000102e+03 2.079564513710000028e+03 1.877170626849999826e+04 2.029801889670000037e+02 -6.158680315830000040e+01 1.961780738610000014e+02
6.500000000000000222e-01 7.483190745029999562e+03 2.042777659330000006e+03 1.859893072880000182e+04 2.025464555430000075e+02 -6.123861797619999692e+01 1.953371457249999992e+02
6.500000000000000222e-01 7.373270835860000261e+03 2.086484119440000086e+03 1.868880733179999879e+04 2.026529771179999955e+02 -6.127144536950000031e+01 1.967942190610000068e+02
6.500000000000000222e-01 7.600844617630000357e+03 2.075966454349999822e+03 1.859465690349999932e+04 2.019590214490000051e+02 -6.112962161330000299e+01 1.964414646840000103e+02
6.500000000000000222e-01 7.702417552689999866e+03 2.287119931759999872e+03 1.869659856900000159e+04 2.022460432830000059e+02 -6.160883584860000184e+01 1.959515938600000027e+02
6.500000000000000222e-01 7.709182459980000203e+03 2.257937138159999904e+03 1.867210536000000138e+04 2.020821019480000018e+02 -6.154685544659999863e+01 1.964844382150000115e+02
6.500000000000000222e-01 7.419396975069999826e+03 2.112050715479999781e+03 1.852395909269999902e+04 2.028758142549999945e+02 -6.156796736750000321e+01 1.955894169990000080e+02
6.500000000000000222e-01 7.437018362079999861e+03 2.299333259380000072e+03 1.884842997710000054e+04 2.028771002880000083e+02 -6.174179228420000243e+01 1.965934820859999945e+02
6.500000000000000222e-01 7.429106288160000076e+03 2.354672337299999981e+03 1.851153287139999884e+04 2.018182571760000030e+02 -6.106916468010000187e+01 1.965081304120000141e+02
6.500000000000000222e-01 7.634912683450000259e+03 2.112000446460000148e+03 1.855731476399999883e+04 2.021394953049999970e+02 -6.141679213390000314e+01 1.956407497820000003e+02
6.500000000000000222e-01 7.590446405300000151e+03 2.052045764489999783e+03 1.867264233130000139e+04 2.022723235729999942e+02 -6.127929063500000240e+01 1.952006222169999887e+02
6.500000000000000222e-01 7.509071530139999595e+03 2.366593277380000018e+03 1.850225659369999994e+04 2.019957312109999918e+02 -6.091750105250000047e+01 1.964785155989999907e+02
6.500000000000000222e-01 7.669612346019999677e+03 2.119681899570000041e+03 1.871215146349999850e+04 2.024103915039999890e+02 -6.150350461539999714e+01 1.957910962310000116e+02
6.500000000000000222e-01 7.408377057329999843e+03 2.376676328279999780e+03 1.876689455910000106e+04 2.030451975450000077e+02 -6.224566422230000029e+01 1.969011873709999918e+02
6.500000000000000222e-01 7.636115062990000297e+03 2.127882395780000024e+03 1.877253463750000083e+04 2.023071117599999980e+02 -6.128182435859999799e+01 1.958145047049999903e+02
6.500000000000000222e-01 7.640096224789999724e+03 2.317389812590000020e+03 1.853310583050000059e+04 2.023825477729999989e+02 -6.130462519160000312e+01 1.967345444919999977e+02
6.500000000000000222e-01 7.466147537320000083e+03 2.206041720969999915e+03 1.846237660260000121e+04 2.015723370400000078e+02 -6.199571306320000019e+01 1.960325057830000048e+02
6.500000000000000222e-01 7.486012929190000250e+03 2.206419154900000194e+03 1.845968621669999993e+04 2.018503072370000098e+02 -6.192409395199999977e+01 1.959708158889999936e+02
6.500000000000000222e-01 7.325211602309999762e+03 2.180592327800000021e+03 1.873409949540000162e+04 2.024245161640000106e+02 -6.141641817250000202e+01 1.955053440629999955e+02
6.500000000000000222e-01 7.532500952610000240e+03 2.422769331469999997e+03 1.875321385880000162e+04 2.020717061139999942e+02 -6.148142215669999899e+01 1.964025662189999935e+02
6.500000000000000222e-01 7.430278509349999695e+03 2.392972499699999844e+03 1.875836884859999918e+04 2.027843440400000077e+02 -6.183472022809999658e+01 1.957303918739999915e+02
6.500000000000000222e-01 7.621068816959999822e+03 2.079053840919999857e+03 1.871689380289999826e+04 2.023095329349999929e+02 -6.135617793360000150e+01 1.953940951399999904e+02
6.500000000000000222e-01 7.671643256489999658e+03 2.342861812250000185e+03 1.860907572609999988e+04 2.022177630140000133e+02 -6.188242506510000140e+01 1.961910650819999944e+02
6.500000000000000222e-01 7.509059903250000389e+03 2.315863360400000147e+03 1.885593520359999820e+04 2.024038486929999863e+02 -6.067576245960000136e+01 1.961178132469999866e+02
6.500000000000000222e-01 7.657245349939999869e+03 2.117095127579999826e+03 1.872221489780000047e+04 2.019844992060000095e+02 -6.109221390599999779e+01 1.965457848030000036e+02
6.500000000000000222e-01 7.305176239880000139e+03 2.233137448720000066e+03 1.868019616099999985e+04 2.025607025939999914e+02 -6.155551561400000082e+01 1.950129880970000045e+02
6.500000000000000222e-01 7.564839657049999914e+03 2.414019051289999879e+03 1.875420032709999941e+04 2.020681514009999944e+02 -6.135783163039999977e+01 1.961908775910000031e+02
6.500000000000000222e-01 7.697470433509999566e+03 2.266769003110000085e+03 1.873110015790000034e+04 2.019967384519999882e+02 -6.152379440960000068e+01 1.968037923249999892e+02
1.390000000000000000e+04 -1.077463609469999938e+04 3.115767604570000003e+03 1.111549900759999946e+04 -2.336709473690000038e+02 2.010761061880000113e+02 -3.369753052539999771e+02
6.500000000000000222e-01 -1.072808977659999982e+04 3.097602320410000175e+03 1.124880425380000088e+04 -2.344706651749999935e+02 2.013819611449999911e+02 -3.367461249479999879e+02
6.500000000000000222e-01 -1.080321887210000023e+04 3.147389403529999981e+03 1.097847486820000086e+04 -2.338375680219999992e+02 2.014335255070000130e+02 -3.368700783439999782e+02
6.500000000000000222e-01 -1.081423012750000089e+04 3.134174195309999959e+03 1.125353145760000007e+04 -2.333238332820000096e+02 2.008111410760000126e+02 -3.365714807269999937e+02
6.500000000000000222e-01 -1.069938008950000039e+04 3.017182140679999975e+03 1.104897765090000030e+04 -2.338609618689999934e+02 2.015422039270000027e+02 -3.376336864890000129e+02
6.500000000000000222e-01 -1.069683469250000053e+04 3.010975083629999972e+03 1.106588173649999953e+04 -2.337225189449999903e+02 2.013327456789999985e+02 -3.368970184770000174e+02
6.500000000000000222e-01 -1.084481563319999987e+04 3.092323378030000185e+03 1.124022973769999953e+04 -2.340867540140000074e+02 2.012093896609999888e+02 -3.368794297370000095e+02
6.500000000000000222e-01 -1.084300205190000088e+04 3.081204028780000044e+03 1.099630350440000075e+04 -2.329357126360000052e+02 2.012085677569999973e+02 -3.372246885729999804e+02
6.500000000000000222e-01 -1.068165236560000085e+04 3.109753548350000074e+03 1.100442533120000007e+04 -2.340322496139999942e+02 2.010558812049999915e+02 -3.376733513799999855e+02
6.500000000000000222e-01 -1.068765256849999969e+04 3.031313978409999891e+03 1.118096978189999936e+04 -2.339703888040000095e+02 2.013713382390000106e+02 -3.373000928260000251e+02
6.500000000000000222e-01 -1.081614191820000087e+04 2.989431040500000108e+03 1.107294872530000066e+04 -2.336710783659999890e+02 2.015560194679999881e+02 -3.371394147510000039e+02
6.500000000000000222e-01 -1.073951432220000061e+04 3.019562478970000029e+03 1.120897137950000069e+04 -2.341668509470000004e+02 2.017806827189999979e+02 -3.366718129500000032e+02
6.500000000000000222e-01 -1.065313808919999974e+04 3.042488422679999985e+03 1.110800790229999984e+04 -2.337622080319999895e+02 2.011972011080000016e+02 -3.378669242089999898e+02
6.500000000000000222e-01 -1.073671159919999991e+04 2.989122559710000132e+03 1.115536936229999992e+04 -2.339080692530000078e+02 2.014704678770000044e+02 -3.372419206779999854e+02
6.500000000000000222e-01 -1.074590787989999990e+04 3.024111792749999950e+03 1.122424539729999924e+04 -2.335415738140000030e+02 2.007829036569999914e+02 -3.371869784479999907e+02
6.500000000000000222e-01 -1.082885663460000069e+04 3.170389242780000131e+03 1.099470241309999983e+04 -2.331857018110000013e+02 2.007030948930000136e+02 -3.372685820809999768e+02
6.500000000000000222e-01 -1.063724699870000040e+04 3.146975569079999786e+03 1.109517638269999952e+04 -2.338375921260000041e+02 2.009626208640000016e+02 -3.378455786540000076e+02
6.500000000000000222e-01 -1.080679987880000044e+04 3.249513454469999942e+03 1.115114320880000014e+04 -2.337225295579999909e+02 2.007165411519999907e+02 -3.362255019840000045e+02
6.500000000000000222e-01 -1.066744980170000053e+04 3.142526848689999952e+03 1.120264723260000028e+04 -2.337456028729999957e+02 2.011444074510000064e+02 -3.374086662980000142e+02
6.500000000000000222e-01 -1.067568425740000021e+04 3.216169128210000054e+03 1.112207807150000008e+04 -2.337916390770000135e+02 2.008142672330000096e+02 -3.370328573150000011e+02
6.500000000000000222e-01 -1.074742674009999973e+04 3.248467116389999774e+03 1.115844618540000010e+04 -2.339093225649999965e+02 2.007414040950000071e+02 -3.364132108809999977e+02
6.500000000000000222e-01 -1.064002262279999923e+04 3.160632154420000006e+03 1.111413043149999976e+04 -2.337866736409999930e+02 2.009568622529999971e+02 -3.378235750100000132e+02
6.500000000000000222e-01 -1.085529631420000078e+04 3.023950359429999935e+03 1.118947548800000004e+04 -2.335342186180000112e+02 2.015682969609999873e+02 -3.362418410050000261e+02
6.500000000000000222e-01 -1.090662177329999940e+04 3.101959698279999884e+03 1.106850093080000079e+04 -2.334896446319999939e+02 2.010930058550000012e+02 -3.366053259959999764e+02
6.500000000000000222e-01 -1.079260473479999928e+04 3.254887281880000046e+03 1.110646042230000057e+04 -2.336358122510000044e+02 2.008096441479999896e+02 -3.363377123999999867e+02
6.500000000000000222e-01 -1.072693705149999914e+04 3.123287367540000105e+03 1.124984544869999991e+04 -2.342360786899999994e+02 2.010129054740000072e+02 -3.368418393069999865e+02
6.500000000000000222e-01 -1.082229233159999967e+04 2.985768485799999780e+03 1.109384187489999931e+04 -2.336652383839999914e+02 2.014064455159999909e+02 -3.366550077719999763e+02
6.500000000000000222e-01 -1.070916329589999987e+04 3.214519163980000030e+03 1.103541440730000068e+04 -2.338680812290000119e+02 2.006314207709999948e+02 -3.376477265539999735e+02
6.500000000000000222e-01 -1.080212549209999997e+04 2.982465586020000046e+03 1.116008723250000003e+04 -2.335131425010000044e+02 2.011543544650000115e+02 -3.370497387400000093e+02
6.500000000000000222e-01 -1.065199773599999935e+04 3.080280544140000075e+03 1.117485291259999940e+04 -2.336490547379999896e+02 2.010885972830000128e+02 -3.376956518680000272e+02
6.500000000000000222e-01 -1.088214278500000000e+04 3.026955316839999796e+03 1.109360516540000026e+04 -2.335689666629999977e+02 2.013513123349999887e+02 -3.368172664319999967e+02
6.500000000000000222e-01 -1.084807430700000077e+04 3.207526602240000102e+03 1.119857949879999978e+04 -2.335742290420000131e+02 2.006814553970000077e+02 -3.362043827350000242e+02
6.500000000000000222e-01 -1.072226439700000083e+04 3.159604089920000206e+03 1.098810830910000004e+04 -2.330317877290000013e+02 2.012664171239999860e+02 -3.368789143320000221e+02
6.500000000000000222e-01 -1.069277225360000011e+04 3.010976149659999919e+03 1.116468620109999938e+04 -2.336341433670000072e+02 2.010610978310000121e+02 -3.377003275590000158e+02
6.500000000000000222e-01 -1.065891477069999928e+04 3.196784121239999877e+03 1.110278895779999948e+04 -2.338038333629999954e+02 2.008624747869999965e+02 -3.377982232179999755e+02
6.500000000000000222e-01 -1.070910099919999993e+04 3.237887873629999831e+03 1.108858089959999961e+04 -2.337137740089999909e+02 2.006808415819999993e+02 -3.375805010290000041e+02
6.500000000000000222e-01 -1.087477246109999942e+04 3.026801614949999930e+03 1.116392069959999935e+04 -2.334704186900000025e+02 2.013864661199999944e+02 -3.361958332300000052e+02
6.500000000000000222e-01 -1.087355925910000042e+04 3.214207869989999836e+03 1.114409981940000034e+04 -2.337657986870000002e+02 2.010150703179999994e+02 -3.373679930929999955e+02
6.500000000000000222e-01 -1.069073562390000006e+04 3.010282368529999985e+03 1.116457103479999932e+04 -2.337546822179999992e+02 2.012528332900000123e+02 -3.368075826799999959e+02
6.500000000000000222e-01 -1.065490492020000056e+04 3.172739834550000069e+03 1.116387908559999960e+04 -2.340681283240000141e+02 2.008737134259999948e+02 -3.365310760209999899e+02
6.500000000000000222e-01 -1.084082398920000014e+04 3.078957511560000057e+03 1.123892462390000037e+04 -2.343209435560000031e+02 2.010115697939999961e+02 -3.370607247539999776e+02
3.690000000000000000e+05 1.128813075130000016e+03 7.645532627129999810e+02 -7.217161348519999819e+02 -2.044208056139999883e+02 -3.343494629439999954e+01 9.297224723729999596e+01
6.500000000000000222e-01 1.010871970749999946e+03 7.978437838090000014e+02 -6.880750194180000108e+02 -2.036425418919999970e+02 -4.298127499459999967e+01 9.574483471819999636e+01
6.500000000000000222e-01 9.708564507400000139e+02 7.083254029019999507e+02 -5.818886163500000066e+02 -2.155164097260000062e+02 -3.935260730899999970e+01 9.920285062480000704e+01
6.500000000000000222e-01 1.151854714170000079e+03 7.482745799809999880e+02 -6.448682965719999629e+02 -2.132885370230000035e+02 -3.302223991999999697e+01 8.763346863939999309e+01
6.500000000000000222e-01 1.303078597669999908e+03 8.323300256459999673e+02 -8.578141532260000304e+02 -1.936662581250000130e+02 -2.881192676919999940e+01 8.508898000620000346e+01
6.500000000000000222e-01 1.215500383509999892e+03 8.138879216550000137e+02 -6.963139428639999551e+02 -2.079537691660000007e+02 -3.687629702299999934e+01 8.605624193239999897e+01
6.500000000000000222e-01 1.057575852769999983e+03 7.699291174539999929e+02 -5.933113085060000458e+02 -2.094454282410000019e+02 -4.517575180690000280e+01 9.605430706849999467e+01
6.500000000000000222e-01 1.181630833380000013e+03 7.119833446400000412e+02 -7.574414291949999551e+02 -2.049232310520000055e+02 -2.301579014969999903e+01 9.447351598039999487e+01
6.500000000000000222e-01 1.029559819320000088e+03 6.872904282020000437e+02 -6.114759108800000149e+02 -2.123042106540000020e+02 -2.819362538240000049e+01 1.028310565459999992e+02
6.500000000000000222e-01 1.077157817069999965e+03 6.641204925340000500e+02 -6.279905985320000354e+02 -2.124868784880000021e+02 -2.963537428389999917e+01 9.631475667479999458e+01
6.500000000000000222e-01 1.184981108219999896e+03 8.075848367329999746e+02 -6.877355611640000461e+02 -2.060933787060000100e+02 -4.151223372140000123e+01 8.631547245470000007e+01
6.500000000000000222e-01 1.291965449439999929e+03 7.913109584869999935e+02 -8.437391538110000511e+02 -2.011290698379999924e+02 -2.717712337020000035e+01 7.986676840609999317e+01
6.500000000000000222e-01 1.152099671960000023e+03 6.821075891059999776e+02 -7.173189305150000337e+02 -2.061634594250000134e+02 -2.384049076169999992e+01 9.745424964340000429e+01
6.500000000000000222e-01 1.221573034929999949e+03 7.160197481159999597e+02 -7.691079616250000299e+02 -2.053265425149999999e+02 -2.328182820660000019e+01 8.874386298330000500e+01
6.500000000000000222e-01 1.176929986780000036e+03 6.954798247400000264e+02 -7.993048080600000276e+02 -1.996281937109999944e+02 -2.624889875199999878e+01 9.590771442530000002e+01
6.500000000000000222e-01 9.555727975459999470e+02 7.232464153019999458e+02 -5.917758844160000535e+02 -2.120324346410000089e+02 -4.036956457889999683e+01 1.017715079470000035e+02
6.500000000000000222e-01 1.249603353210000023e+03 7.323584551540000120e+02 -7.490464081950000264e+02 -2.052210605489999864e+02 -2.463977800110000160e+01 8.966960319929999912e+01
6.500000000000000222e-01 1.227213096100000030e+03 7.837161081169999761e+02 -8.738324533869999868e+02 -1.982300778839999964e+02 -2.459280894810000007e+01 8.715501423809999437e+01
6.500000000000000222e-01 1.165858388650000052e+03 7.413879500430000462e+02 -6.564745567129999699e+02 -2.107763901970000120e+02 -3.314797093239999981e+01 8.584548559229999398e+01
6.500000000000000222e-01 1.013107076979999988e+03 6.935213985760000241e+02 -6.830020983629999591e+02 -2.063490328059999968e+02 -2.945517950119999995e+01 1.027119867069999941e+02
6.500000000000000222e-01 1.074048629180000034e+03 7.998362866979999808e+02 -6.661694676739999750e+02 -2.033830014440000014e+02 -4.498257024139999771e+01 9.392196573969999918e+01
6.500000000000000222e-01 1.104578689960000020e+03 7.009729331649999722e+02 -6.136007403490000343e+02 -2.137261677529999986e+02 -2.786074347550000141e+01 9.564326137689999996e+01
6.500000000000000222e-01 1.158681031600000097e+03 7.770617428829999653e+02 -8.434025964869999825e+02 -1.926653613899999868e+02 -3.085113204700000011e+01 9.356228667409999389e+01
6.500000000000000222e-01 9.686548981749999712e+02 7.577134842450000178e+02 -5.964572865779999802e+02 -2.123373362250000014e+02 -4.192282404070000013e+01 9.866333670859999927e+01
6.500000000000000222e-01 1.254506234660000018e+03 8.496396264689999498e+02 -8.668224811300000283e+02 -1.959789233669999930e+02 -3.123439998410000129e+01 8.444903894460000515e+01
6.500000000000000222e-01 1.069220767620000061e+03 7.226434848840000313e+02 -7.634612479070000290e+02 -2.010972913170000140e+02 -2.971734631660000048e+01 1.019886152670000001e+02
6.500000000000000222e-01 1.158000401490000058e+03 7.102130665749999707e+02 -8.111079552290000265e+02 -1.981685102540000116e+02 -2.722553058549999960e+01 9.632141980279999416e+01
6.500000000000000222e-01 1.125004694360000030e+03 7.157573953019999635e+02 -7.915367606539999770e+02 -2.006438372119999940e+02 -2.712135610180000000e+01 9.858546338669999898e+01
6.500000000000000222e-01 1.290623386790000040e+03 7.908362510240000347e+02 -8.516661412290000044e+02 -2.007045089290000135e+02 -2.681159210990000119e+01 8.017443059100000369e+01
6.500000000000000222e-01 1.067958574819999967e+03 7.463806874560000324e+02 -5.894795244020000382e+02 -2.157868076519999931e+02 -3.217383476359999861e+01 9.401258509929999718e+01
6.500000000000000222e-01 1.113273933669999906e+03 6.869749273260000564e+02 -6.964705977869999742e+02 -2.075543072339999924e+02 -2.400464326370000023e+01 9.937674014520000298e+01
6.500000000000000222e-01 1.133206436160000067e+03 6.847866608949999545e+02 -7.382850576250000358e+02 -2.075669056289999901e+02 -2.334437382429999985e+01 9.189971868160000668e+01
6.500000000000000222e-01 1.227998283149999907e+03 7.827624409259999538e+02 -8.883066127849999702e+02 -1.983777527420000126e+02 -2.412611901669999881e+01 8.555014873199999670e+01
6.500000000000000222e-01 1.286600566370000024e+03 7.962937996880000355e+02 -7.570254409540000324e+02 -2.039307786089999865e+02 -2.973134385899999899e+01 8.489810462030000338e+01
6.500000000000000222e-01 1.237503324219999968e+03 8.307396874920000300e+02 -8.876214795560000539e+02 -1.961841609509999955e+02 -3.161226016210000012e+01 8.419004374749999897e+01
6.500000000000000222e-01 1.081111456840000073e+03 6.860245328280000194e+02 -6.320780466969999907e+02 -2.116430680310000128e+02 -2.582594699319999876e+01 1.003448372189999986e+02
6.500000000000000222e-01 1.055832031299999926e+03 8.223973217779999914e+02 -7.220428580669999974e+02 -1.993406036549999953e+02 -4.060424003149999805e+01 9.927787942010000677e+01
6.500000000000000222e-01 1.074034282869999970e+03 7.389669096159999526e+02 -5.956073307259999865e+02 -2.135644813739999961e+02 -4.228085961589999897e+01 9.279090989409999679e+01
6.500000000000000222e-01 1.280273956750000025e+03 7.830857169490000160e+02 -8.697991407690000187e+02 -1.938595712169999956e+02 -2.707701811080000098e+01 8.702486209709999798e+01
6.500000000000000222e-01 1.077507912230000102e+03 7.426610141129999647e+02 -5.845248512699999992e+02 -2.116405994920000069e+02 -3.743124800900000082e+01 9.347390266079999321e+01
6.500000000000000222e-01 9.719601640570000427e+02 7.100150258449999683e+02 -5.815735390959999904e+02 -2.168666142449999938e+02 -3.944315050779999865e+01 9.830188447380000127e+01
