3.450000000000000000e+05 3.988562751280000157e+03 -5.047160855170000104e+03 -6.854728582069999902e+03 -1.137454601470000028e+02 2.287696356909999906e+01 -5.365758964749999649e+01
6.500000000000000222e-01 4.162422821400000430e+03 -5.222166405210000448e+03 -6.732813254489999963e+03 -1.149087143269999984e+02 2.401231039500000009e+01 -5.426716399730000262e+01
6.500000000000000222e-01 3.839567065459999867e+03 -5.157025780990000385e+03 -6.639996815659999811e+03 -1.123691853060000057e+02 2.392245295500000069e+01 -5.261465471140000005e+01
6.500000000000000222e-01 3.801354975060000015e+03 -5.112151813550000043e+03 -6.648177714630000082e+03 -1.126861386249999981e+02 2.456459467510000039e+01 -5.193910692680000096e+01
6.500000000000000222e-01 3.919288365509999949e+03 -5.301911365420000038e+03 -6.758441956720000235e+03 -1.133245424689999936e+02 2.447823024659999902e+01 -5.201466313230000083e+01
6.500000000000000222e-01 4.071423567679999906e+03 -5.187968895179999890e+03 -6.618953256669999973e+03 -1.138221148340000042e+02 2.351002523800000077e+01 -5.357624625169999888e+01
6.500000000000000222e-01 4.037928640890000224e+03 -4.929119055250000201e+03 -6.598116959779999888e+03 -1.137089270780000021e+02 2.506432868319999940e+01 -5.420056392160000058e+01
6.500000000000000222e-01 3.868693078329999935e+03 -4.991179715190000024e+03 -6.599165056619999632e+03 -1.153574445649999944e+02 2.408794037879999905e+01 -5.380761887780000308e+01
6.500000000000000222e-01 4.063689250840000113e+03 -4.941937562580000304e+03 -6.599586403029999929e+03 -1.143209019140000038e+02 2.481752356300000173e+01 -5.405725826719999816e+01
6.500000000000000222e-01 4.148348483110000416e+03 -5.093125993550000203e+03 -6.625305590009999833e+03 -1.137879322459999969e+02 2.292381709469999862e+01 -5.444599404049999691e+01
6.500000000000000222e-01 4.054870937250000225e+03 -5.038161731920000420e+03 -6.577614660860000185e+03 -1.124518196460000041e+02 2.374434601440000137e+01 -5.403411073579999879e+01
6.500000000000000222e-01 3.854109920960000181e+03 -5.154775918170000296e+03 -6.628513615040000332e+03 -1.122179722070000025e+02 2.464691555919999999e+01 -5.213808270300000203e+01
6.500000000000000222e-01 3.737080045929999869e+03 -4.962365625190000173e+03 -6.753316218019999724e+03 -1.135078177289999957e+02 2.322935374660000107e+01 -5.352123475089999971e+01
6.500000000000000222e-01 3.915147216079999907e+03 -4.833976622109999880e+03 -6.687795321870000407e+03 -1.135300502139999992e+02 2.255984153340000020e+01 -5.351161820290000293e+01
6.500000000000000222e-01 3.776451388259999931e+03 -4.960793088940000416e+03 -6.678549072329999944e+03 -1.151667425100000060e+02 2.408582343779999846e+01 -5.454017476570000156e+01
6.500000000000000222e-01 3.763904448459999912e+03 -5.095264758289999918e+03 -6.688087416839999605e+03 -1.131660304340000067e+02 2.357373259710000113e+01 -5.306045371679999789e+01
6.500000000000000222e-01 3.921585210660000030e+03 -5.148408426130000407e+03 -6.597322515050000220e+03 -1.152373553740000034e+02 2.219804856669999893e+01 -5.449172429090000236e+01
6.500000000000000222e-01 3.829178590989999975e+03 -5.090618534680000266e+03 -6.620342336130000149e+03 -1.121789886579999944e+02 2.443671274120000092e+01 -5.185228940679999710e+01
6.500000000000000222e-01 3.950206432959999802e+03 -4.797828317659999811e+03 -6.728061687620000157e+03 -1.138983666040000031e+02 2.301990006320000148e+01 -5.437896672459999792e+01
6.500000000000000222e-01 4.185190333620000274e+03 -4.901754359980000118e+03 -6.714943439570000010e+03 -1.142728458339999946e+02 2.357866610849999844e+01 -5.530363772380000142e+01
6.500000000000000222e-01 4.066731385269999919e+03 -4.794790961030000290e+03 -6.741699513640000077e+03 -1.151919052719999996e+02 2.365538778170000001e+01 -5.405550495989999860e+01
6.500000000000000222e-01 3.896830445009999949e+03 -4.969621393770000395e+03 -6.594643426759999784e+03 -1.129809245339999961e+02 2.242791307379999921e+01 -5.255038563960000175e+01
6.500000000000000222e-01 3.900099454260000130e+03 -4.935782938149999609e+03 -6.603590862359999846e+03 -1.153492825839999938e+02 2.485402381229999946e+01 -5.397307222989999786e+01
6.500000000000000222e-01 3.874075457670000105e+03 -5.189542777300000125e+03 -6.637409820609999770e+03 -1.144101425500000033e+02 2.231431581769999895e+01 -5.488925019679999906e+01
6.500000000000000222e-01 3.827386841619999814e+03 -5.029758693599999788e+03 -6.616434341930000301e+03 -1.146136442589999973e+02 2.389119405199999946e+01 -5.348676476100000343e+01
6.500000000000000222e-01 3.811862571889999799e+03 -5.049287950529999762e+03 -6.628145232359999682e+03 -1.133713902410000003e+02 2.384357061060000049e+01 -5.272413097660000147e+01
6.500000000000000222e-01 4.003430013900000176e+03 -4.875194875590000265e+03 -6.621946628699999565e+03 -1.148543534960000017e+02 2.531322836649999886e+01 -5.421274916739999838e+01
6.500000000000000222e-01 3.859104645670000082e+03 -4.886738552640000307e+03 -6.659296332519999851e+03 -1.128469251530000008e+02 2.185194409010000172e+01 -5.160979289179999796e+01
6.500000000000000222e-01 3.931010782549999931e+03 -5.101134589100000085e+03 -6.580096423410000170e+03 -1.125257007249999930e+02 2.504712322479999997e+01 -5.281445822039999882e+01
6.500000000000000222e-01 3.953102866790000007e+03 -4.955725363499999730e+03 -6.586362158760000057e+03 -1.138589606360000062e+02 2.305027399749999972e+01 -5.325742451219999651e+01
6.500000000000000222e-01 4.119102246679999553e+03 -4.886944677880000199e+03 -6.659453503239999918e+03 -1.158683678940000021e+02 2.189004474140000056e+01 -5.169553422500000295e+01
6.500000000000000222e-01 3.892922480679999808e+03 -5.122032622079999783e+03 -6.596757987029999640e+03 -1.146990235680000012e+02 2.440974381679999894e+01 -5.358167273200000125e+01
6.500000000000000222e-01 4.113313388429999577e+03 -4.993487718579999637e+03 -6.605324352720000206e+03 -1.165496992220000010e+02 2.251619406309999860e+01 -5.246131510650000251e+01
6.500000000000000222e-01 3.963067549559999861e+03 -5.047130966179999632e+03 -6.568989994579999802e+03 -1.121264311959999986e+02 2.403829380040000174e+01 -5.309888651499999668e+01
6.500000000000000222e-01 4.198909326449999753e+03 -4.881446603160000450e+03 -6.766562162600000192e+03 -1.139859786149999934e+02 2.242268446900000001e+01 -5.506251951870000028e+01
6.500000000000000222e-01 3.993609393790000013e+03 -5.062404955709999740e+03 -6.569355165609999858e+03 -1.136912326180000008e+02 2.195615665400000083e+01 -5.356921009429999714e+01
6.500000000000000222e-01 3.988911245719999897e+03 -4.997216458760000023e+03 -6.572863209490000372e+03 -1.141037385160000071e+02 2.307239109980000080e+01 -5.334322428330000321e+01
6.500000000000000222e-01 4.009645254210000076e+03 -4.798206447479999952e+03 -6.703793912619999901e+03 -1.155024645860000021e+02 2.400774330040000137e+01 -5.343263235410000078e+01
6.500000000000000222e-01 3.851866336940000110e+03 -5.247515691610000431e+03 -6.715267169439999634e+03 -1.144353930080000055e+02 2.433326607300000077e+01 -5.454015321850000220e+01
6.500000000000000222e-01 4.135164926239999659e+03 -4.893191034659999787e+03 -6.667660031600000366e+03 -1.136734834909999989e+02 2.241319326209999829e+01 -5.403722029680000105e+01
6.500000000000000222e-01 3.904320385439999882e+03 -5.237209855400000379e+03 -6.665127884120000090e+03 -1.133668762310000062e+02 2.543378256160000106e+01 -5.217530082020000037e+01
6.500000000000000222e-01 3.900536962560000120e+03 -4.831857137459999649e+03 -6.671018353950000346e+03 -1.150266396629999974e+02 2.344253900420000036e+01 -5.199291692370000106e+01
6.500000000000000222e-01 4.112235482670000238e+03 -4.936063063980000152e+03 -6.623993773569999576e+03 -1.137564647220000040e+02 2.449591127709999938e+01 -5.464720709760000261e+01
6.500000000000000222e-01 3.895347917950000010e+03 -4.846855087930000082e+03 -6.667019131469999593e+03 -1.149792312040000013e+02 2.461183676030000100e+01 -5.442227459629999942e+01
6.500000000000000222e-01 3.942605369509999946e+03 -5.046870942059999834e+03 -6.571870895459999701e+03 -1.138856488809999945e+02 2.374262493069999991e+01 -5.332412897020000031e+01
6.500000000000000222e-01 4.041931634260000010e+03 -4.994209172480000234e+03 -6.578784169939999629e+03 -1.159551133840000006e+02 2.186447323330000003e+01 -5.279734423530000242e+01
6.500000000000000222e-01 3.987536476159999893e+03 -5.048193376940000235e+03 -6.569029142059999685e+03 -1.148000842820000003e+02 2.434603258630000155e+01 -5.349366492509999915e+01
6.500000000000000222e-01 4.166443705269999555e+03 -5.252576275630000055e+03 -6.780853994580000290e+03 -1.137151634030000054e+02 2.282235519210000163e+01 -5.667318877940000021e+01
6.500000000000000222e-01 3.985545532929999808e+03 -5.036588749630000166e+03 -6.568898502410000219e+03 -1.144591042509999994e+02 2.438962345110000030e+01 -5.348168055210000205e+01
6.500000000000000222e-01 3.931907794620000004e+03 -4.788753463719999672e+03 -6.756714742459999798e+03 -1.138889928610000055e+02 2.283171887419999990e+01 -5.437531057839999704e+01
6.500000000000000222e-01 3.732774790339999981e+03 -5.048569017470000290e+03 -6.728902417180000157e+03 -1.135307289640000050e+02 2.360459729400000128e+01 -5.335127087370000254e+01
6.500000000000000222e-01 4.105534579909999593e+03 -5.123869926399999713e+03 -6.606981788549999692e+03 -1.150759429600000061e+02 2.374132891089999831e+01 -5.330763813400000117e+01
6.500000000000000222e-01 4.262402194160000363e+03 -5.066679154630000085e+03 -6.790527085030000308e+03 -1.144856095800000020e+02 2.263799703990000012e+01 -5.443775488869999890e+01
6.500000000000000222e-01 4.048122281850000036e+03 -4.906028661199999988e+03 -6.611074311719999969e+03 -1.155371787610000069e+02 2.418295943060000042e+01 -5.338925327119999764e+01
6.500000000000000222e-01 3.971143595139999888e+03 -5.126546779530000094e+03 -6.583118044019999616e+03 -1.148720473380000016e+02 2.277667505100000156e+01 -5.409884187749999995e+01
6.500000000000000222e-01 4.008914360750000014e+03 -5.017068440189999819e+03 -6.570698270599999887e+03 -1.132932676030000039e+02 2.508570731069999837e+01 -5.361422292339999984e+01
6.500000000000000222e-01 4.039698352570000225e+03 -5.130901344179999796e+03 -6.586846672429999671e+03 -1.141968177279999992e+02 2.381970788310000131e+01 -5.356072128299999946e+01
6.500000000000000222e-01 3.943124825209999926e+03 -5.054000167109999893e+03 -6.571850096860000122e+03 -1.134225437730000010e+02 2.410310458009999834e+01 -5.322894182849999822e+01
6.500000000000000222e-01 3.976330654440000217e+03 -5.044985066440000082e+03 -6.568983782790000078e+03 -1.147363603149999989e+02 2.364540323740000005e+01 -5.348151036430000005e+01
6.500000000000000222e-01 3.865083023680000224e+03 -5.187069495400000051e+03 -6.642680486309999651e+03 -1.149358674690000015e+02 2.428697626729999826e+01 -5.420191825930000107e+01
6.500000000000000222e-01 4.183478144020000400e+03 -5.216005601230000138e+03 -6.729647019490000275e+03 -1.132467157899999961e+02 2.232495861519999991e+01 -5.578460929100000243e+01
6.500000000000000222e-01 3.876394909059999918e+03 -4.872692928219999885e+03 -6.657526543050000328e+03 -1.130529903700000034e+02 2.168092603439999877e+01 -5.118495916759999886e+01
6.500000000000000222e-01 4.086488779950000207e+03 -5.141931150080000407e+03 -6.611485952789999828e+03 -1.142338690939999992e+02 2.342378023570000067e+01 -5.462451505060000301e+01
6.500000000000000222e-01 3.980497196060000078e+03 -5.032127004959999795e+03 -6.568284806939999726e+03 -1.134851003939999998e+02 2.156758232540000009e+01 -5.316273038479999968e+01
6.500000000000000222e-01 4.001958202400000118e+03 -4.829247731319999730e+03 -6.674264565780000339e+03 -1.139504747120000019e+02 2.113687398729999956e+01 -5.148020425400000022e+01
6.500000000000000222e-01 3.929875393490000079e+03 -5.002750408570000218e+03 -6.575511147619999974e+03 -1.136733209119999941e+02 2.326035960569999972e+01 -5.290322024329999806e+01
6.500000000000000222e-01 4.065327020289999837e+03 -5.155688476110000011e+03 -6.608360742249999930e+03 -1.138697767249999941e+02 2.280187429089999895e+01 -5.482979482569999874e+01
6.500000000000000222e-01 3.877153148389999842e+03 -4.951127459780000208e+03 -6.609077263240000320e+03 -1.127440023669999931e+02 2.220937338350000090e+01 -5.214766678569999669e+01
6.500000000000000222e-01 4.144322328539999944e+03 -4.957562953550000202e+03 -6.634901954429999932e+03 -1.156374822869999974e+02 2.199202620069999981e+01 -5.243500765590000157e+01
6.500000000000000222e-01 3.775045273170000200e+03 -5.216876831069999753e+03 -6.785493461609999940e+03 -1.126337462049999942e+02 2.378427917679999837e+01 -5.180021150950000219e+01
6.500000000000000222e-01 3.847658264719999806e+03 -5.286230860579999899e+03 -6.805772627749999629e+03 -1.127971595279999946e+02 2.361682209379999975e+01 -5.276656204969999919e+01
6.500000000000000222e-01 4.081400028250000105e+03 -5.016736331799999789e+03 -6.587388720609999837e+03 -1.156454794720000052e+02 2.282178568790000028e+01 -5.315910467709999665e+01
6.500000000000000222e-01 3.974261517999999796e+03 -5.170945408399999906e+03 -6.597749095729999681e+03 -1.132892131969999951e+02 2.284468134580000154e+01 -5.389625378830000102e+01
6.500000000000000222e-01 4.040510407839999971e+03 -5.154907874440000342e+03 -6.602665330519999770e+03 -1.155418998469999963e+02 2.546336787070000085e+01 -5.332873270040000335e+01
6.500000000000000222e-01 3.944523829920000026e+03 -4.986116217220000181e+03 -6.576926175579999835e+03 -1.130099166220000058e+02 2.174817788800000073e+01 -5.253821669250000070e+01
6.500000000000000222e-01 4.046543294030000197e+03 -4.999463320200000453e+03 -6.579699457130000155e+03 -1.147806688090000051e+02 2.388735580830000060e+01 -5.358519473390000343e+01
6.500000000000000222e-01 3.982921010470000056e+03 -5.312440184950000003e+03 -6.751330365419999907e+03 -1.130890792099999942e+02 2.383787418800000069e+01 -5.263183107609999922e+01
6.500000000000000222e-01 3.926827047209999819e+03 -4.996883490760000313e+03 -6.579116938129999653e+03 -1.144596119060000063e+02 2.367280434070000084e+01 -5.338203053560000200e+01
6.500000000000000222e-01 4.011125862509999934e+03 -5.043859274890000052e+03 -6.569854274229999646e+03 -1.167659417440000027e+02 2.357046975880000161e+01 -5.322647435740000077e+01
6.500000000000000222e-01 3.952275406239999938e+03 -5.166352786149999702e+03 -6.598143189399999756e+03 -1.130941718960000060e+02 2.342740329249999931e+01 -5.356382306449999930e+01
6.500000000000000222e-01 3.897792983429999822e+03 -5.057984857829999783e+03 -6.582935888590000104e+03 -1.150234999580000022e+02 2.356541574639999936e+01 -5.362062518649999987e+01
6.500000000000000222e-01 3.743357078420000107e+03 -4.949393155550000301e+03 -6.745791441289999966e+03 -1.141272723000000013e+02 2.349672962529999865e+01 -5.451898786259999952e+01
6.500000000000000222e-01 3.803204197130000011e+03 -4.849892238180000277e+03 -6.764063654069999757e+03 -1.132284218100000004e+02 2.240781138590000054e+01 -5.061090187979999655e+01
6.500000000000000222e-01 4.230867562649999854e+03 -5.165000558400000045e+03 -6.772418343690000256e+03 -1.137356975799999930e+02 2.272680659139999904e+01 -5.656729964080000173e+01
6.500000000000000222e-01 4.067889219799999864e+03 -5.151233303850000084e+03 -6.601693741349999982e+03 -1.130009424440000032e+02 2.197676027809999866e+01 -5.468077271279999962e+01
6.500000000000000222e-01 4.047386038659999940e+03 -5.125750957479999670e+03 -6.587043094589999782e+03 -1.144708239459999959e+02 2.396885486420000078e+01 -5.348241433999999828e+01
6.500000000000000222e-01 4.217366624000000229e+03 -4.964542969410000296e+03 -6.711022628890000306e+03 -1.148142640009999980e+02 2.227277498759999830e+01 -5.324799096350000127e+01
6.500000000000000222e-01 3.771935151170000154e+03 -5.142123757919999662e+03 -6.695571411799999623e+03 -1.146524348859999947e+02 2.373367346050000037e+01 -5.471316559849999805e+01
6.500000000000000222e-01 4.202294547399999828e+03 -5.059854983320000429e+03 -6.671706371639999816e+03 -1.131405247529999940e+02 2.300665296969999929e+01 -5.572853912749999949e+01
6.500000000000000222e-01 3.896745115199999873e+03 -4.957629021040000225e+03 -6.599300193590000163e+03 -1.131510260059999950e+02 2.244584639329999831e+01 -5.265693894679999687e+01
6.500000000000000222e-01 3.966209617659999822e+03 -5.129075915790000181e+03 -6.582498899619999975e+03 -1.138219081550000027e+02 2.270635593069999913e+01 -5.384967247200000173e+01
6.500000000000000222e-01 3.924106132599999910e+03 -4.878112158640000416e+03 -6.635656984559999728e+03 -1.140455271990000057e+02 2.358288746890000098e+01 -5.385003132570000162e+01
6.500000000000000222e-01 3.995935995060000096e+03 -5.050173879730000408e+03 -6.568553994439999769e+03 -1.124867830620000007e+02 2.248856112760000059e+01 -5.344868903239999725e+01
6.500000000000000222e-01 3.966364636320000045e+03 -4.972758084860000054e+03 -6.579291098280000369e+03 -1.136813459800000032e+02 2.229979356280000147e+01 -5.301954941900000051e+01
6.500000000000000222e-01 3.917284692119999818e+03 -4.831673793079999996e+03 -6.665251505500000349e+03 -1.150453109989999945e+02 2.321851410180000030e+01 -5.184301732389999984e+01
6.500000000000000222e-01 3.819367076110000198e+03 -4.878745309810000435e+03 -6.697565234579999924e+03 -1.144253932430000020e+02 2.369131799779999881e+01 -5.432147600369999907e+01
6.500000000000000222e-01 4.021919943110000077e+03 -5.035944517679999990e+03 -6.570988169729999754e+03 -1.123622092640000005e+02 2.409141888290000111e+01 -5.369341907500000133e+01
6.500000000000000222e-01 4.002500352680000105e+03 -5.112049324440000419e+03 -6.577716575129999910e+03 -1.137791869160000005e+02 2.153248722709999896e+01 -5.410639459429999931e+01
6.500000000000000222e-01 3.819781004039999971e+03 -5.085553949350000039e+03 -6.627514208440000402e+03 -1.124748026679999953e+02 2.391229925089999853e+01 -5.228799264439999916e+01
6.500000000000000222e-01 3.974870169299999816e+03 -5.054013943740000286e+03 -6.569299909600000319e+03 -1.146606932260000065e+02 2.357438910879999838e+01 -5.350698727470000193e+01
6.500000000000000222e-01 3.970485190309999780e+03 -5.129064436620000379e+03 -6.582251840699999775e+03 -1.143737213510000004e+02 2.169541746790000047e+01 -5.416320495949999980e+01
1.390000000000000000e+04 -9.314451578259999224e+03 1.876788113549999935e+03 1.314246842099999958e+04 -2.424702320320000126e+02 2.032887064150000072e+02 -3.255811139560000242e+02
6.500000000000000222e-01 -9.318649515229999452e+03 1.875628639029999931e+03 1.328585949430000073e+04 -2.420055163579999942e+02 2.035106192369999860e+02 -3.254620744009999953e+02
6.500000000000000222e-01 -9.269761104609999165e+03 1.929013267199999973e+03 1.326783701669999937e+04 -2.422175649989999897e+02 2.036446432669999922e+02 -3.258370632219999834e+02
6.500000000000000222e-01 -9.363941995760000282e+03 1.871999360770000067e+03 1.327720417470000029e+04 -2.424091098620000082e+02 2.033515079130000061e+02 -3.254029418490000012e+02
6.500000000000000222e-01 -9.316956778539999505e+03 1.889727020439999933e+03 1.328531525309999961e+04 -2.425712374519999912e+02 2.027365069349999942e+02 -3.254311569100000270e+02
6.500000000000000222e-01 -9.446161287939999966e+03 1.856026839639999935e+03 1.319477705310000056e+04 -2.425829266030000042e+02 2.033386656019999918e+02 -3.257446245689999955e+02
6.500000000000000222e-01 -9.322000748020000174e+03 1.853864699900000005e+03 1.328386741400000028e+04 -2.423957052220000037e+02 2.035150102370000127e+02 -3.254484773649999738e+02
6.500000000000000222e-01 -9.272416287660000307e+03 1.939007635259999915e+03 1.326402602440000010e+04 -2.422465889009999955e+02 2.036020670689999861e+02 -3.258541315740000073e+02
6.500000000000000222e-01 -9.306574627120000514e+03 1.921931078079999907e+03 1.327854352359999939e+04 -2.428152225439999938e+02 2.033272560519999956e+02 -3.254741579789999832e+02
6.500000000000000222e-01 -9.375653248270000404e+03 1.894374206920000006e+03 1.327111351009999998e+04 -2.420027260280000121e+02 2.031108250670000075e+02 -3.251662533499999768e+02
6.500000000000000222e-01 -9.331429057740000644e+03 1.861366635220000035e+03 1.328403846270000031e+04 -2.424515783150000061e+02 2.032394157619999930e+02 -3.254865562510000245e+02
6.500000000000000222e-01 -9.266514854310000374e+03 1.815420344979999982e+03 1.326240062349999971e+04 -2.422472472080000045e+02 2.029153251330000103e+02 -3.258986141249999946e+02
6.500000000000000222e-01 -9.220064335510000092e+03 1.961836325159999888e+03 1.320682975670000087e+04 -2.428362419510000052e+02 2.030556109400000082e+02 -3.250565583299999730e+02
6.500000000000000222e-01 -9.347987289520000559e+03 1.919077798260000009e+03 1.327561542139999983e+04 -2.422403908930000114e+02 2.028256193679999910e+02 -3.252163000790000069e+02
6.500000000000000222e-01 -9.308780814260000625e+03 1.881195486959999926e+03 1.328568293989999984e+04 -2.420823602080000114e+02 2.036696970179999937e+02 -3.255205000039999845e+02
6.500000000000000222e-01 -9.304617669979999846e+03 1.897567829780000011e+03 1.328395829480000066e+04 -2.424117361659999972e+02 2.037831124369999998e+02 -3.255822140629999808e+02
6.500000000000000222e-01 -9.282811335469999904e+03 1.905887740269999995e+03 1.327901762589999998e+04 -2.422023966120000011e+02 2.036994412059999888e+02 -3.257011722309999868e+02
6.500000000000000222e-01 -9.293200206039999102e+03 1.855043218539999998e+03 1.328241619060000085e+04 -2.430546191059999899e+02 2.037774782070000015e+02 -3.253691040680000128e+02
6.500000000000000222e-01 -9.345653277969999181e+03 1.915356703359999983e+03 1.327763668019999932e+04 -2.429027910849999898e+02 2.036438369210000019e+02 -3.255863362540000026e+02
6.500000000000000222e-01 -9.355974541870000394e+03 1.857223111900000049e+03 1.327851543820000006e+04 -2.431047514750000005e+02 2.030537827359999881e+02 -3.256585298879999755e+02
6.500000000000000222e-01 -9.208341384190000099e+03 1.939468426259999887e+03 1.321418675450000046e+04 -2.427835412309999867e+02 2.030117549230000122e+02 -3.251271228090000136e+02
6.500000000000000222e-01 -9.287198197629999413e+03 1.853357634960000041e+03 1.328113142189999962e+04 -2.430414737510000123e+02 2.036893127820000018e+02 -3.253589102369999750e+02
6.500000000000000222e-01 -9.196120981960000790e+03 1.912198332740000069e+03 1.321285739800000010e+04 -2.428884098530000131e+02 2.032320668339999941e+02 -3.252181564780000258e+02
6.500000000000000222e-01 -9.428483750629999122e+03 1.905511075840000103e+03 1.322536292270000013e+04 -2.426626943649999930e+02 2.033731492779999996e+02 -3.256073059060000219e+02
6.500000000000000222e-01 -9.214518679459999476e+03 1.923577590460000010e+03 1.323259027299999980e+04 -2.429900142289999962e+02 2.030883791139999914e+02 -3.251081273020000140e+02
6.500000000000000222e-01 -9.361379018559999167e+03 1.844821684069999947e+03 1.327426743979999992e+04 -2.429528454690000103e+02 2.029861122780000073e+02 -3.256882679110000254e+02
6.500000000000000222e-01 -9.271566974879999179e+03 1.783964107550000108e+03 1.324249662290000015e+04 -2.423485173230000100e+02 2.029414330390000032e+02 -3.260171948049999742e+02
6.500000000000000222e-01 -9.290462629300000117e+03 1.821662479659999917e+03 1.327302479970000059e+04 -2.426118785580000008e+02 2.036042592309999861e+02 -3.253334575979999954e+02
6.500000000000000222e-01 -9.300804865239999344e+03 1.914073673039999903e+03 1.327995102220000081e+04 -2.423527302059999897e+02 2.035788635030000080e+02 -3.256362641000000053e+02
6.500000000000000222e-01 -9.309295942639999339e+03 1.964478955159999941e+03 1.325702315640000052e+04 -2.428977684689999990e+02 2.034021347910000088e+02 -3.254383835230000273e+02
6.500000000000000222e-01 -9.348940388360000725e+03 1.813263476059999903e+03 1.326566796640000030e+04 -2.428770155429999988e+02 2.034399993259999917e+02 -3.256075129760000095e+02
6.500000000000000222e-01 -9.286453871370000343e+03 1.875096001829999977e+03 1.328286968449999949e+04 -2.421701035270000091e+02 2.032738878780000107e+02 -3.256101649110000267e+02
6.500000000000000222e-01 -9.308813530010000250e+03 1.837228546779999988e+03 1.327981872250000015e+04 -2.427683318180000072e+02 2.039831457569999884e+02 -3.253337709639999957e+02
6.500000000000000222e-01 -9.302771857660000023e+03 1.861720229960000097e+03 1.328430353429999923e+04 -2.426776260039999897e+02 2.033946965220000038e+02 -3.255196839500000010e+02
6.500000000000000222e-01 -9.313034419370000251e+03 1.767933707709999908e+03 1.323301142989999971e+04 -2.427340911690000098e+02 2.039303077239999880e+02 -3.251291534680000268e+02
6.500000000000000222e-01 -9.223548707179999838e+03 1.879897011920000068e+03 1.325217662650000057e+04 -2.428515716180000084e+02 2.032944616249999967e+02 -3.254266020129999788e+02
6.500000000000000222e-01 -9.293891279699999359e+03 1.860638062689999970e+03 1.328331043180000052e+04 -2.431049331709999990e+02 2.037016667260000133e+02 -3.253874449740000045e+02
6.500000000000000222e-01 -9.215861304070000187e+03 1.809666757799999914e+03 1.322286919309999939e+04 -2.423230218470000068e+02 2.031271603460000108e+02 -3.258567170919999967e+02
6.500000000000000222e-01 -9.434696956330000830e+03 1.915518604469999900e+03 1.320925121079999917e+04 -2.421747465949999878e+02 2.031462440070000071e+02 -3.249116257700000006e+02
6.500000000000000222e-01 -9.325443482470000163e+03 1.864614039710000043e+03 1.328492253789999995e+04 -2.426607539910000071e+02 2.031449040480000008e+02 -3.255169258810000201e+02
6.500000000000000222e-01 -9.293026206000000457e+03 1.835021668820000059e+03 1.327687990320000063e+04 -2.427845976739999969e+02 2.035291718679999917e+02 -3.255393096579999792e+02
6.500000000000000222e-01 -9.338419078150000132e+03 1.961242858209999895e+03 1.325686069490000045e+04 -2.428386817749999977e+02 2.037957436149999921e+02 -3.258052001209999844e+02
6.500000000000000222e-01 -9.443074783089999983e+03 1.881306256520000034e+03 1.320525802280000062e+04 -2.427256140700000060e+02 2.033064837329999932e+02 -3.259762077720000093e+02
6.500000000000000222e-01 -9.212660923960000218e+03 1.837119664509999893e+03 1.323501947210000071e+04 -2.427561679259999892e+02 2.033344112670000072e+02 -3.253333509600000184e+02
6.500000000000000222e-01 -9.237769079659999989e+03 1.943080950519999988e+03 1.324285192719999941e+04 -2.424266207569999949e+02 2.029787984909999921e+02 -3.255562823579999758e+02
6.500000000000000222e-01 -9.395662559559999863e+03 1.801013492289999931e+03 1.323276981469999919e+04 -2.421345355949999885e+02 2.035150425020000000e+02 -3.250237142700000277e+02
6.500000000000000222e-01 -9.353267201160000695e+03 1.764040026269999998e+03 1.321897886020000078e+04 -2.427067343559999983e+02 2.038199999930000104e+02 -3.252787949770000182e+02
6.500000000000000222e-01 -9.345280436499999269e+03 1.763311700720000090e+03 1.322468927489999987e+04 -2.422869501689999936e+02 2.035819537069999967e+02 -3.250570860710000147e+02
6.500000000000000222e-01 -9.275651288170000043e+03 1.873457670100000087e+03 1.328016199530000085e+04 -2.421826759619999905e+02 2.032602435640000067e+02 -3.256546707829999718e+02
6.500000000000000222e-01 -9.364449161559999993e+03 1.996341442400000005e+03 1.320208983300000000e+04 -2.425901483910000138e+02 2.034049389580000025e+02 -3.260657106300000123e+02
6.500000000000000222e-01 -9.313639205440000296e+03 1.845375108089999912e+03 1.328245184340000014e+04 -2.425281029710000098e+02 2.038084939649999967e+02 -3.253744054229999847e+02
6.500000000000000222e-01 -9.317202020959999572e+03 1.889024012549999952e+03 1.328537055390000023e+04 -2.425196457790000011e+02 2.027820795289999865e+02 -3.254377717159999861e+02
6.500000000000000222e-01 -9.219715173299999151e+03 1.813478583739999976e+03 1.322817404019999958e+04 -2.422648201069999914e+02 2.031325910060000126e+02 -3.261291199450000136e+02
6.500000000000000222e-01 -9.310930810620000557e+03 1.877131543149999970e+03 1.328580310020000070e+04 -2.432094651090000070e+02 2.032629272089999972e+02 -3.254740498429999889e+02
6.500000000000000222e-01 -9.231843594489999305e+03 1.950691789839999956e+03 1.323216360969999914e+04 -2.422591537510000137e+02 2.031997753249999903e+02 -3.258904348460000051e+02
6.500000000000000222e-01 -9.314021922750000158e+03 1.905370375550000063e+03 1.328295142259999920e+04 -2.425587132180000083e+02 2.038685050240000010e+02 -3.256099875040000029e+02
6.500000000000000222e-01 -9.354759602419999283e+03 1.916690329380000094e+03 1.327365326559999994e+04 -2.421508994069999972e+02 2.028474002680000012e+02 -3.252831842329999859e+02
6.500000000000000222e-01 -9.336612992090000262e+03 1.744674113730000045e+03 1.319161401060000026e+04 -2.425166534280000121e+02 2.031938778889999924e+02 -3.261457907100000284e+02
6.500000000000000222e-01 -9.188554579760000706e+03 1.852860337679999930e+03 1.320399029870000049e+04 -2.428407749079999860e+02 2.033829166220000104e+02 -3.252095464519999837e+02
6.500000000000000222e-01 -9.175376356579999992e+03 1.901274811949999958e+03 1.316133097749999979e+04 -2.425016549059999988e+02 2.032780160789999968e+02 -3.262632989449999741e+02
6.500000000000000222e-01 -9.190000318039999911e+03 1.920457991720000109e+03 1.319636983750000036e+04 -2.428062730579999879e+02 2.031512018189999935e+02 -3.250617837859999781e+02
6.500000000000000222e-01 -9.280111503000000084e+03 1.914335946870000043e+03 1.327621714980000070e+04 -2.430581750810000017e+02 2.028889958450000108e+02 -3.252970145200000047e+02
6.500000000000000222e-01 -9.294932253940000010e+03 1.896725298930000008e+03 1.328297470459999931e+04 -2.422061209819999874e+02 2.036093140280000000e+02 -3.256105429630000003e+02
6.500000000000000222e-01 -9.259087230069999350e+03 1.892947836959999904e+03 1.327330877309999960e+04 -2.431377784990000066e+02 2.031024559319999980e+02 -3.252934871960000009e+02
6.500000000000000222e-01 -9.302455761179999172e+03 1.866591317849999996e+03 1.328485768479999933e+04 -2.422690085270000111e+02 2.030415561750000109e+02 -3.255596445730000141e+02
6.500000000000000222e-01 -9.331327466900000218e+03 1.968800015999999914e+03 1.325140016169999944e+04 -2.427194899479999890e+02 2.037528655080000135e+02 -3.258909735770000111e+02
6.500000000000000222e-01 -9.297489339190000464e+03 1.853869948329999943e+03 1.328294726760000049e+04 -2.422367654029999926e+02 2.028346956169999942e+02 -3.256194396820000065e+02
6.500000000000000222e-01 -9.450876748009999574e+03 1.898754944349999960e+03 1.317801247589999912e+04 -2.423395175859999995e+02 2.032458870830000137e+02 -3.252353058489999853e+02
6.500000000000000222e-01 -9.366373400750000656e+03 1.865456652059999897e+03 1.327594956610000008e+04 -2.423726632549999920e+02 2.034211521379999965e+02 -3.253699428909999938e+02
6.500000000000000222e-01 -9.353129439619999175e+03 1.793015567930000088e+03 1.325135589439999967e+04 -2.425308923800000116e+02 2.039318214420000004e+02 -3.251303026250000130e+02
6.500000000000000222e-01 -9.369169846790000520e+03 1.989665173480000021e+03 1.320601492359999975e+04 -2.422519591600000126e+02 2.029021319519999906e+02 -3.253961584510000193e+02
6.500000000000000222e-01 -9.329653078190000087e+03 1.865128040159999955e+03 1.328466969790000076e+04 -2.422315468909999936e+02 2.037537187419999896e+02 -3.254034367400000178e+02
6.500000000000000222e-01 -9.229419300109999313e+03 1.781609912930000064e+03 1.320641011169999911e+04 -2.427267349370000034e+02 2.035710939059999873e+02 -3.250570059679999986e+02
6.500000000000000222e-01 -9.248852196620000541e+03 1.812155338049999955e+03 1.325131469130000005e+04 -2.422680478080000057e+02 2.030353276520000065e+02 -3.259888832529999831e+02
6.500000000000000222e-01 -9.327911867959999654e+03 1.857640313540000079e+03 1.328400588249999964e+04 -2.422472391560000062e+02 2.036422058889999960e+02 -3.254076165989999936e+02
6.500000000000000222e-01 -9.412199864509999315e+03 1.895103742960000091e+03 1.324544226440000057e+04 -2.426911605880000025e+02 2.032808079159999863e+02 -3.256709899019999739e+02
6.500000000000000222e-01 -9.339671819999999570e+03 1.881897754930000019e+03 1.328365898809999999e+04 -2.426933924930000046e+02 2.033401974399999972e+02 -3.255012773899999843e+02
6.500000000000000222e-01 -9.414466541609999695e+03 1.841180789420000110e+03 1.323936821889999919e+04 -2.427512998150000101e+02 2.033923147989999904e+02 -3.256268121759999872e+02
6.500000000000000222e-01 -9.455578170189999582e+03 1.877069680070000004e+03 1.316445412360000046e+04 -2.423206761040000004e+02 2.032998849379999911e+02 -3.248386892550000198e+02
6.500000000000000222e-01 -9.328249307840000256e+03 2.002210644439999896e+03 1.320531616000000031e+04 -2.423360391790000108e+02 2.031098962730000039e+02 -3.258564978339999811e+02
6.500000000000000222e-01 -9.315154506439999750e+03 1.887701659159999963e+03 1.328545906359999935e+04 -2.426565323990000138e+02 2.028935163650000106e+02 -3.254612720289999857e+02
6.500000000000000222e-01 -9.344919658060000074e+03 1.885946184570000014e+03 1.328248730919999980e+04 -2.426947039679999989e+02 2.033579142789999992e+02 -3.254987839550000217e+02
6.500000000000000222e-01 -9.301359592279999561e+03 1.904481029380000109e+03 1.328248066739999922e+04 -2.428967610150000098e+02 2.030239013789999944e+02 -3.254220352259999913e+02
6.500000000000000222e-01 -9.348358105540000906e+03 1.848203623749999906e+03 1.327899573520000013e+04 -2.421280012770000098e+02 2.037538811450000082e+02 -3.252621356070000047e+02
6.500000000000000222e-01 -9.315996876369999882e+03 1.885466159710000056e+03 1.328556337469999926e+04 -2.426230854149999914e+02 2.036618101630000126e+02 -3.255200149369999849e+02
6.500000000000000222e-01 -9.294822417679999489e+03 1.883437504020000006e+03 1.328421740499999942e+04 -2.421597556799999893e+02 2.034259528119999914e+02 -3.255790389860000005e+02
6.500000000000000222e-01 -9.397949173990000418e+03 1.934490262130000019e+03 1.324421553309999945e+04 -2.421830809360000103e+02 2.030236346920000017e+02 -3.249806073039999887e+02
6.500000000000000222e-01 -9.314823242700000264e+03 1.908450398400000040e+03 1.328196320419999938e+04 -2.424464698049999924e+02 2.029421513190000042e+02 -3.254597880430000032e+02
6.500000000000000222e-01 -9.291957627050000156e+03 1.974300491969999939e+03 1.324460074949999944e+04 -2.427143446249999954e+02 2.027813804060000109e+02 -3.250695219059999772e+02
6.500000000000000222e-01 -9.301627439050000248e+03 1.859001918870000054e+03 1.328414307440000084e+04 -2.428310162260000027e+02 2.036768979930000114e+02 -3.254318166119999773e+02
6.500000000000000222e-01 -9.209135388450000391e+03 1.832657181799999989e+03 1.322893081530000018e+04 -2.427264573779999921e+02 2.033321056819999910e+02 -3.253341572499999756e+02
6.500000000000000222e-01 -9.237833469350000087e+03 1.883732206679999990e+03 1.326260326010000063e+04 -2.430715266729999939e+02 2.032680632999999943e+02 -3.252967602049999982e+02
6.500000000000000222e-01 -9.237372109989999444e+03 1.950214000290000058e+03 1.323738707570000042e+04 -2.422405435299999965e+02 2.034330645720000064e+02 -3.260351273279999873e+02
6.500000000000000222e-01 -9.386267617299999984e+03 1.781988567849999981e+03 1.322192420920000040e+04 -2.422698194230000013e+02 2.036720368119999875e+02 -3.249349342340000248e+02
6.500000000000000222e-01 -9.315243096039999728e+03 1.883235590550000097e+03 1.328574991369999952e+04 -2.425675135799999964e+02 2.026507983790000083e+02 -3.254533986740000273e+02
6.500000000000000222e-01 -9.366924873780000780e+03 1.879195279210000081e+03 1.327610303489999933e+04 -2.429549084639999990e+02 2.033159025669999949e+02 -3.256135947930000043e+02
6.500000000000000222e-01 -9.309074281029999838e+03 1.997120374350000020e+03 1.322146109249999972e+04 -2.427777358490000097e+02 2.031306685179999931e+02 -3.251534045689999743e+02
6.500000000000000222e-01 -9.249103328189999957e+03 1.947914815979999958e+03 1.324750047939999968e+04 -2.430007956450000108e+02 2.031759471919999953e+02 -3.252894204280000281e+02
6.500000000000000222e-01 -9.372066599690000658e+03 1.803330042790000107e+03 1.325133592420000059e+04 -2.425010850479999931e+02 2.029678649790000122e+02 -3.257128229639999972e+02
6.500000000000000222e-01 -9.307102083929999935e+03 1.870940570400000070e+03 1.328544671779999953e+04 -2.423659095659999991e+02 2.031358245909999880e+02 -3.255300518509999961e+02
6.500000000000000222e-01 -9.276150480149999566e+03 1.951238746360000050e+03 1.325845422030000009e+04 -2.429078947700000128e+02 2.028454178659999911e+02 -3.251631533689999856e+02
3.690000000000000000e+05 2.167094584250000025e+03 8.494236248749999731e+02 -9.599634053260000428e+02 -1.340426096630000075e+02 2.164127569030000142e+00 -7.785150648410000152e+00
6.500000000000000222e-01 2.170978604100000211e+03 8.931942446580000023e+02 -8.399707494739999447e+02 -1.394553576650000082e+02 -1.162755381069999983e+00 -1.048647864169999977e+01
6.500000000000000222e-01 2.268184386710000126e+03 9.119326692930000036e+02 -9.065764841569999817e+02 -1.341234841669999867e+02 1.677582944589999903e+00 -1.559885950890000039e+01
6.500000000000000222e-01 2.168533915869999873e+03 9.003935076479999680e+02 -8.411217114309999943e+02 -1.372069466899999952e+02 1.972312803219999910e+00 -1.169858758039999991e+01
6.500000000000000222e-01 2.094023412439999902e+03 7.477337401620000037e+02 -8.867517935959999704e+02 -1.389850676789999966e+02 6.637304772090000249e+00 -4.124708168779999795e+00
6.500000000000000222e-01 2.063151631799999905e+03 7.787598645550000356e+02 -8.537170749460000252e+02 -1.387382270440000127e+02 4.639648884709999699e+00 -2.590959416150000028e+00
6.500000000000000222e-01 2.278426414829999885e+03 7.939269748020000179e+02 -9.119607355360000156e+02 -1.357961058600000115e+02 4.548767952000000392e+00 -1.255674344160000011e+01
6.500000000000000222e-01 2.114750535829999990e+03 9.185349909689999777e+02 -8.465615823000000546e+02 -1.390310748160000003e+02 -2.916475421720000072e-01 -9.779970761490000442e+00
6.500000000000000222e-01 2.165933108629999879e+03 8.997797006969999529e+02 -8.400542095329999484e+02 -1.374007609040000091e+02 2.089602458409999919e+00 -1.158635151500000049e+01
6.500000000000000222e-01 2.099036374039999828e+03 8.027151093889999629e+02 -8.300735312580000027e+02 -1.417847202330000016e+02 -8.354182275679999936e-01 -8.628457783640000045e+00
6.500000000000000222e-01 2.159350565619999998e+03 7.222269673619999821e+02 -9.033633438320000550e+02 -1.366941507349999938e+02 5.647393612420000153e+00 -6.961241047909999757e+00
6.500000000000000222e-01 2.184154713859999902e+03 9.280574750179999910e+02 -8.641306808509999655e+02 -1.362885247410000034e+02 -4.442511093440000280e+00 -8.488359568750000861e+00
6.500000000000000222e-01 2.022751335509999990e+03 8.158415156239999533e+02 -8.762431089069999643e+02 -1.396984278600000096e+02 -9.725053929799999664e-02 -6.238914185079999619e+00
6.500000000000000222e-01 2.071607908299999963e+03 8.241622651860000133e+02 -8.339193591949999700e+02 -1.392109197860000052e+02 -9.880838022179999625e-02 -6.517001552900000050e+00
6.500000000000000222e-01 2.056979804109999804e+03 9.325359922689999621e+02 -9.217620209079999540e+02 -1.350364474220000091e+02 -2.624340883429999938e+00 -6.899964313839999974e+00
6.500000000000000222e-01 2.152518927590000203e+03 8.749336894929999744e+02 -8.299591272520000302e+02 -1.395853750400000024e+02 -2.385693434429999815e+00 -9.599251653419999641e+00
6.500000000000000222e-01 2.137079271160000189e+03 8.480145863069999450e+02 -8.236642805940000471e+02 -1.376918696339999997e+02 -1.385800588099999953e+00 -9.052236167900000297e+00
6.500000000000000222e-01 2.141533103079999819e+03 8.636843016430000262e+02 -8.253699741049999830e+02 -1.397499077900000088e+02 2.777675938599999839e+00 -9.823624925009999842e+00
6.500000000000000222e-01 2.173113381699999991e+03 8.488271582910000461e+02 -8.310312691259999838e+02 -1.388962609719999932e+02 5.685297976169999545e-01 -1.075245811749999980e+01
6.500000000000000222e-01 2.044887321120000024e+03 8.848987078080000401e+02 -8.601296740579999778e+02 -1.383323948590000043e+02 -1.454748272630000061e+00 -6.047954614890000080e+00
6.500000000000000222e-01 2.157177286690000074e+03 8.358240041730000485e+02 -8.263708514319999949e+02 -1.414543211419999977e+02 4.101429275360000126e+00 -9.324316717900000384e+00
6.500000000000000222e-01 2.241187383169999976e+03 7.622693722129999969e+02 -9.163481344330000411e+02 -1.373172286120000081e+02 7.621679151170000388e+00 -7.661105743540000290e+00
6.500000000000000222e-01 2.159320951480000076e+03 9.472310027519999949e+02 -8.713695194399999764e+02 -1.369983047389999911e+02 -2.905543929309999829e+00 -8.883287455430000534e+00
6.500000000000000222e-01 2.147740752700000030e+03 9.345965903950000211e+02 -8.573635957000000190e+02 -1.379798904010000058e+02 -2.268792366910000080e+00 -9.328481733369999418e+00
6.500000000000000222e-01 2.145422787810000045e+03 9.016203586399999494e+02 -8.449578878129999566e+02 -1.357111809719999940e+02 -5.294204508450000013e+00 -7.944406069330000264e+00
6.500000000000000222e-01 2.159942846339999960e+03 8.504261257120000437e+02 -8.245636096340000449e+02 -1.367640971300000103e+02 1.798740846929999915e+00 -9.840391883389999705e+00
6.500000000000000222e-01 2.285411370220000208e+03 8.391834331119999888e+02 -9.060143473760000461e+02 -1.348288659279999990e+02 3.119171294040000042e+00 -1.502837788969999977e+01
6.500000000000000222e-01 2.040788734870000098e+03 8.558204505410000138e+02 -8.598676725489999626e+02 -1.383454598099999941e+02 -1.411739875789999932e+00 -6.014142967209999746e+00
6.500000000000000222e-01 2.163592470669999784e+03 9.259514509829999724e+02 -8.701385164570000370e+02 -1.350243333859999950e+02 -2.751276930860000025e+00 -1.139057311100000014e+01
6.500000000000000222e-01 2.153149277980000079e+03 8.389524974859999702e+02 -8.226260168720000365e+02 -1.365715638910000109e+02 -9.328620147260000550e-01 -9.326739548429999971e+00
6.500000000000000222e-01 2.173387180589999844e+03 7.609235194780000029e+02 -8.505768885310000087e+02 -1.378776350740000112e+02 1.996237285819999929e+00 -9.799725158779999390e+00
6.500000000000000222e-01 2.126843507720000161e+03 8.814723160800000414e+02 -8.298578967339999508e+02 -1.401186628050000138e+02 2.019940138089999948e+00 -1.001968777579999959e+01
6.500000000000000222e-01 2.175831471229999806e+03 9.475642531539999709e+02 -8.945715140559999554e+02 -1.342222645139999884e+02 -2.271963778259999955e+00 -1.253472891460000049e+01
6.500000000000000222e-01 2.158168776129999969e+03 8.075081584959999645e+02 -8.294072285070000135e+02 -1.386830588919999911e+02 -2.885958629700000055e-01 -1.001529680530000022e+01
6.500000000000000222e-01 2.181354558200000156e+03 8.406854747730000099e+02 -8.297516127610000467e+02 -1.360598567250000031e+02 5.938401593909999887e-01 -1.079623571750000011e+01
6.500000000000000222e-01 2.104265168190000168e+03 9.111215478670000039e+02 -8.455998888709999619e+02 -1.363658658399999979e+02 -4.281815122740000312e+00 -5.865797900269999587e+00
6.500000000000000222e-01 2.191755268469999919e+03 8.447471622949999528e+02 -8.373292387359999793e+02 -1.399034756510000079e+02 1.535226940020000042e+00 -1.095136789849999914e+01
6.500000000000000222e-01 2.137812827889999880e+03 8.053703114070000311e+02 -8.325897804590000533e+02 -1.406757774399999903e+02 3.360204639640000046e+00 -9.012552209549999915e+00
6.500000000000000222e-01 2.120766174119999960e+03 8.262510246099999449e+02 -8.245062879939999902e+02 -1.416786592260000077e+02 -9.150178223120000176e-01 -9.175727142870000463e+00
6.500000000000000222e-01 2.223199159249999866e+03 7.654717720590000454e+02 -9.071819534869999870e+02 -1.380424931510000022e+02 6.519685476250000278e+00 -1.153019797239999988e+01
6.500000000000000222e-01 2.262836827189999894e+03 8.329237279039999748e+02 -8.866027770760000521e+02 -1.372839259870000035e+02 3.730069760580000171e+00 -1.288311140809999955e+01
6.500000000000000222e-01 2.223014275489999818e+03 8.235524717629999714e+02 -8.505138489009999603e+02 -1.402072953130000030e+02 3.761686021530000090e+00 -9.899044548579999159e+00
6.500000000000000222e-01 2.153642809120000038e+03 8.727298419779999676e+02 -8.303957802009999796e+02 -1.382081330999999977e+02 9.349655456130000486e-01 -1.048560621530000070e+01
6.500000000000000222e-01 2.094598902560000170e+03 7.714497778850000032e+02 -8.442194925270000567e+02 -1.389072391470000127e+02 1.105651105910000043e+00 -6.917735207389999808e+00
6.500000000000000222e-01 2.214853837409999869e+03 9.041657494600000291e+02 -8.632043182209999941e+02 -1.358817455699999925e+02 -3.158891296699999796e+00 -1.115851324289999980e+01
6.500000000000000222e-01 2.140769288320000214e+03 8.355715296040000339e+02 -8.248270924419999801e+02 -1.404027226869999936e+02 -1.142369711179999969e+00 -9.632119573540000701e+00
6.500000000000000222e-01 2.158169548440000199e+03 8.361255634740000460e+02 -8.281513717000000270e+02 -1.406399051269999916e+02 2.750565047689999876e+00 -9.924316426240000766e+00
6.500000000000000222e-01 2.089913574000000153e+03 8.621176569960000506e+02 -8.301561619369999789e+02 -1.418432531919999917e+02 4.331695708909999998e-01 -8.924505691409999386e+00
6.500000000000000222e-01 2.161593659050000042e+03 8.072054747229999521e+02 -8.301710967300000448e+02 -1.404065090679999912e+02 5.808148788919999639e+00 -7.956942231410000232e+00
6.500000000000000222e-01 2.144117293429999791e+03 7.488680196410000462e+02 -8.563851310400000330e+02 -1.378864023239999881e+02 5.665279308369999711e+00 -5.296692700510000407e+00
6.500000000000000222e-01 2.266525093979999838e+03 8.744695948889999499e+02 -8.822853226299999960e+02 -1.373537635589999866e+02 9.705498932610000518e-01 -1.124556715720000000e+01
6.500000000000000222e-01 2.054096838800000114e+03 7.779482424039999842e+02 -8.612608501930000102e+02 -1.383721540210000001e+02 4.285732291000000416e+00 -1.967554599040000074e+00
6.500000000000000222e-01 2.115646556159999818e+03 9.057548073880000175e+02 -8.573636560469999495e+02 -1.350396283279999921e+02 -4.704728376140000279e+00 -7.671102512810000107e+00
6.500000000000000222e-01 2.170606897839999874e+03 8.626908182580000357e+02 -8.293308483350000415e+02 -1.369654866680000112e+02 1.917175836199999983e+00 -1.070511509449999998e+01
6.500000000000000222e-01 2.186224261899999874e+03 7.441904980440000372e+02 -8.691742132110000512e+02 -1.372647789170000010e+02 3.181762507060000189e+00 -9.835173622750000177e+00
6.500000000000000222e-01 2.146822003870000117e+03 7.597711096990000215e+02 -8.509554684140000518e+02 -1.392625228709999874e+02 8.947816372189999479e-01 -9.983931672200000662e+00
6.500000000000000222e-01 2.242192747699999927e+03 8.799637001349999537e+02 -8.665230139730000474e+02 -1.351596491619999938e+02 1.134615584989999926e+00 -1.385887864580000084e+01
6.500000000000000222e-01 2.216410825529999784e+03 7.616458150659999546e+02 -8.733995313030000034e+02 -1.367501546659999860e+02 2.652588567380000040e+00 -1.194256749430000042e+01
6.500000000000000222e-01 2.228227887609999925e+03 7.552029464360000475e+02 -8.903371656750000511e+02 -1.363643562800000097e+02 3.548978191919999858e+00 -1.231363493289999944e+01
6.500000000000000222e-01 2.189981076089999988e+03 7.533716890040000180e+02 -8.613130130370000188e+02 -1.375405957010000009e+02 4.061320583549999697e+00 -8.937989628220000426e+00
6.500000000000000222e-01 2.168429843320000145e+03 8.774979559859999654e+02 -8.356969865439999694e+02 -1.373426491220000116e+02 -3.887555486600000165e+00 -9.787868141529999733e+00
6.500000000000000222e-01 2.149535722330000226e+03 8.554474608240000180e+02 -8.268689795039999808e+02 -1.392757913540000061e+02 3.226460067829999834e-01 -1.006256173769999940e+01
6.500000000000000222e-01 2.115608291240000199e+03 8.887416865479999615e+02 -8.376629748919999656e+02 -1.356413217729999872e+02 -4.823575426969999747e+00 -6.616387792190000283e+00
6.500000000000000222e-01 2.098638102320000144e+03 8.168455577299999959e+02 -8.273209498490000442e+02 -1.421687343019999901e+02 -8.040265902819999644e-01 -8.684185727619999184e+00
6.500000000000000222e-01 2.263984577059999992e+03 8.194790559750000511e+02 -8.902252416400000357e+02 -1.358114274650000084e+02 3.414776602109999892e+00 -1.433533687899999975e+01
6.500000000000000222e-01 2.206933101499999793e+03 8.479852616619999708e+02 -8.403388991880000276e+02 -1.355863540359999888e+02 1.334062034280000031e+00 -1.216013696529999955e+01
6.500000000000000222e-01 2.081904380039999978e+03 9.078106139330000133e+02 -8.621297345780000114e+02 -1.347058534740000084e+02 -4.665523030650000180e+00 -4.026669190409999821e+00
6.500000000000000222e-01 2.213856274880000001e+03 9.355544412169999759e+02 -8.920023744249999709e+02 -1.339633924750000062e+02 -3.826682086249999948e+00 -1.092054042190000018e+01
6.500000000000000222e-01 2.142373976209999910e+03 8.450973597769999515e+02 -8.219472539079999933e+02 -1.382101721020000014e+02 3.047669931360000195e+00 -8.990032882070000397e+00
6.500000000000000222e-01 2.228475149689999853e+03 8.134650696129999687e+02 -8.602675486209999463e+02 -1.364512051890000066e+02 2.175491236660000105e+00 -1.305453267599999911e+01
6.500000000000000222e-01 2.142519339259999924e+03 8.460858262719999630e+02 -8.249499572350000562e+02 -1.413302479399999925e+02 1.674658613859999923e+00 -9.684034129029999605e+00
6.500000000000000222e-01 2.036074049349999996e+03 8.492987267380000276e+02 -8.575029344179999953e+02 -1.398700063740000132e+02 -7.192780384350000444e-01 -6.629520779990000001e+00
6.500000000000000222e-01 2.072886489880000227e+03 8.753530556189999743e+02 -8.381955051050000520e+02 -1.356864893370000118e+02 -3.282025656820000137e+00 -3.851799890250000136e+00
6.500000000000000222e-01 2.141754380570000194e+03 8.403991172620000043e+02 -8.200999555329999566e+02 -1.368266151800000046e+02 2.195316583419999912e+00 -8.493150658099999362e+00
6.500000000000000222e-01 2.205149217759999829e+03 7.648437755219999872e+02 -8.714901244510000424e+02 -1.374125541989999988e+02 2.610997602729999922e+00 -1.211509525219999972e+01
6.500000000000000222e-01 2.121998713630000111e+03 8.842671075230000497e+02 -8.318715702120000515e+02 -1.400029336679999972e+02 1.471900934610000045e+00 -1.000922285759999930e+01
6.500000000000000222e-01 2.202995316980000098e+03 8.182493007030000172e+02 -8.415686652540000523e+02 -1.370910701599999868e+02 1.092308212869999906e+00 -1.168541204029999925e+01
6.500000000000000222e-01 2.147495900790000178e+03 8.331443153430000166e+02 -8.250082990449999443e+02 -1.390618003170000065e+02 1.229081015780000063e+00 -9.599636843600000802e+00
6.500000000000000222e-01 2.054396412650000002e+03 8.668064209670000082e+02 -8.436574717500000133e+02 -1.373753584309999951e+02 -1.586825093529999897e+00 -4.568038788399999994e+00
6.500000000000000222e-01 2.144536236850000023e+03 8.425060308030000442e+02 -8.211568819090000488e+02 -1.365611083670000028e+02 2.950146790050000023e-01 -8.850394014620000860e+00
6.500000000000000222e-01 2.147972761040000023e+03 8.436544451029999436e+02 -8.253035192229999666e+02 -1.409921318090000000e+02 2.961749780769999951e+00 -9.628589967339999944e+00
6.500000000000000222e-01 2.087663899579999907e+03 8.360589423070000521e+02 -8.284506397599999445e+02 -1.405318698400000130e+02 -1.916302610800000028e-01 -7.976688223940000100e+00
6.500000000000000222e-01 2.272701241669999945e+03 8.244160582910000130e+02 -8.926435993090000238e+02 -1.351120890159999988e+02 2.950029091129999781e+00 -1.460747865629999964e+01
6.500000000000000222e-01 2.032882637089999889e+03 7.794566935919999651e+02 -8.970135523909999620e+02 -1.364472363669999879e+02 2.953326014920000020e+00 8.670359612639999547e-01
6.500000000000000222e-01 2.037997943780000014e+03 7.855005966280000393e+02 -8.725740594280000550e+02 -1.390320280930000081e+02 3.091834831599999944e+00 -3.598192304029999899e+00
6.500000000000000222e-01 2.129307438840000032e+03 7.327436775390000321e+02 -8.745622624809999479e+02 -1.375637406829999918e+02 3.402645786749999957e+00 -7.223300561930000363e+00
6.500000000000000222e-01 2.220907924109999840e+03 9.696932344130000274e+02 -9.447275648099999898e+02 -1.331783015110000008e+02 -8.811717902269999847e-01 -1.464926655700000069e+01
6.500000000000000222e-01 2.030476708850000023e+03 8.017029735070000243e+02 -8.688307444219999525e+02 -1.383661241920000009e+02 1.993065495229999984e+00 -2.984620189320000172e+00
6.500000000000000222e-01 2.130052865550000206e+03 8.482025194259999807e+02 -8.241840467539999509e+02 -1.421131047599999988e+02 1.236035775650000001e+00 -9.468937086280000415e+00
6.500000000000000222e-01 2.174218369050000092e+03 8.262854083820000142e+02 -8.301702431170000409e+02 -1.376181150460000140e+02 1.834412128890000049e-01 -1.060747379760000086e+01
6.500000000000000222e-01 2.091560531399999945e+03 7.496114218039999741e+02 -8.725409386290000384e+02 -1.403752690949999931e+02 2.829207487800000198e+00 -8.072066734610000793e+00
6.500000000000000222e-01 2.099269697279999946e+03 8.865050623869999527e+02 -8.422997239769999851e+02 -1.385209613620000084e+02 -1.342763756929999941e+00 -9.135152916759999187e+00
6.500000000000000222e-01 2.044184076009999899e+03 9.062609828119999520e+02 -8.891757242820000329e+02 -1.352922830290000036e+02 -2.847622867810000180e+00 -3.081800337059999784e+00
6.500000000000000222e-01 2.165296018120000099e+03 9.076469944829999577e+02 -8.441038033639999867e+02 -1.373833321799999965e+02 1.820326863480000057e+00 -1.178937056210000023e+01
6.500000000000000222e-01 2.181110114229999908e+03 9.119549825310000415e+02 -8.583193926139999803e+02 -1.355478175879999867e+02 -1.756161192570000029e+00 -1.187400640319999923e+01
6.500000000000000222e-01 2.270665899489999902e+03 8.621775785040000528e+02 -8.867550640539999449e+02 -1.369738378200000000e+02 1.989060596679999904e+00 -1.229376214800000078e+01
6.500000000000000222e-01 2.131043895140000132e+03 8.002041441779999786e+02 -8.278003087199999754e+02 -1.389821110979999901e+02 9.736606950609999478e-01 -8.569790248509999486e+00
6.500000000000000222e-01 2.225089766099999906e+03 8.815588480809999510e+02 -8.570228089720000071e+02 -1.362944161419999887e+02 -3.362574370320000061e-01 -1.261100077110000051e+01
6.500000000000000222e-01 2.097132908099999895e+03 9.006006739150000158e+02 -8.389741638860000421e+02 -1.369806267600000069e+02 -3.509568088860000046e+00 -6.136047449080000327e+00
6.500000000000000222e-01 2.109852429170000050e+03 7.635188460370000030e+02 -8.453447456569999758e+02 -1.386408236169999952e+02 1.495181741049999902e+00 -7.299872896930000188e+00
6.500000000000000222e-01 2.272222569240000212e+03 7.802541278339999735e+02 -9.195757729089999657e+02 -1.364235930410000037e+02 6.414336483629999641e+00 -8.610789995370000227e+00
