3.450000000000000000e+05 4.225572438590000274e+03 -5.090833722919999673e+03 -6.733465884000000187e+03 -1.101355014779999948e+02 1.842024908939999861e+01 -6.078569251790000294e+01
6.500000000000000222e-01 4.401753361549999681e+03 -5.268111461569999847e+03 -6.610484470080000392e+03 -1.111668314989999971e+02 1.943325572019999825e+01 -6.118373803739999772e+01
6.500000000000000222e-01 4.073690275869999823e+03 -5.202613226329999634e+03 -6.520888097490000291e+03 -1.087845913029999991e+02 1.918597085449999895e+01 -5.979248690909999908e+01
6.500000000000000222e-01 4.036166986870000073e+03 -5.159116937830000097e+03 -6.530439120099999855e+03 -1.091179422360000046e+02 1.984489806679999901e+01 -5.917302332980000301e+01
6.500000000000000222e-01 4.155502747229999841e+03 -5.348722464710000168e+03 -6.640798545890000241e+03 -1.098051260919999947e+02 1.978594810050000063e+01 -5.901086100469999707e+01
6.500000000000000222e-01 4.308438351439999678e+03 -5.232744665999999597e+03 -6.497977487209999708e+03 -1.100654372009999946e+02 1.883202598449999954e+01 -6.059510038989999714e+01
6.500000000000000222e-01 4.274606897820000086e+03 -4.977308339090000118e+03 -6.475582230089999939e+03 -1.098606085849999943e+02 2.050020672380000164e+01 -6.143997435749999880e+01
6.500000000000000222e-01 4.109022032699999727e+03 -5.037194281320000300e+03 -6.477400197189999744e+03 -1.116577562730000039e+02 1.942338028820000062e+01 -6.110567236659999679e+01
6.500000000000000222e-01 4.301649251969999568e+03 -4.989608833450000020e+03 -6.477383886679999705e+03 -1.104595267290000038e+02 2.025792686650000007e+01 -6.126964908189999903e+01
6.500000000000000222e-01 4.385195526929999687e+03 -5.136752717180000218e+03 -6.502464098100000228e+03 -1.099419695880000063e+02 1.833206838790000148e+01 -6.148729442580000182e+01
6.500000000000000222e-01 4.288906849910000346e+03 -5.083479973000000427e+03 -6.455527874200000042e+03 -1.086222094759999948e+02 1.910926044110000177e+01 -6.118493357050000014e+01
6.500000000000000222e-01 4.087893271809999987e+03 -5.201894996220000394e+03 -6.510418950149999546e+03 -1.086152540190000053e+02 1.990832613399999929e+01 -5.931088859719999817e+01
6.500000000000000222e-01 3.973691258010000183e+03 -5.006656382260000100e+03 -6.632088268929999685e+03 -1.099939044519999953e+02 1.865192737770000164e+01 -6.088666262350000125e+01
6.500000000000000222e-01 4.151565714749999643e+03 -4.876949417519999770e+03 -6.566581080539999675e+03 -1.097920877050000001e+02 1.807642398389999983e+01 -6.088199053510000169e+01
6.500000000000000222e-01 4.016491110269999808e+03 -5.006850275040000270e+03 -6.555167320319999817e+03 -1.115737333919999941e+02 1.946454293869999930e+01 -6.190084463419999850e+01
6.500000000000000222e-01 3.999781433059999927e+03 -5.140160056730000179e+03 -6.567946425060000365e+03 -1.096428758060000064e+02 1.888009128619999899e+01 -6.032137598860000338e+01
6.500000000000000222e-01 4.161681311870000172e+03 -5.190348523970000315e+03 -6.474275012389999574e+03 -1.115581388150000066e+02 1.746572914889999950e+01 -6.163557301109999997e+01
6.500000000000000222e-01 4.062867622209999809e+03 -5.137313449170000240e+03 -6.502780137179999656e+03 -1.085649354239999980e+02 1.971766628860000026e+01 -5.909289809780000269e+01
6.500000000000000222e-01 4.187388535199999751e+03 -4.841844623379999575e+03 -6.605015996909999558e+03 -1.101451979490000070e+02 1.860112816950000081e+01 -6.174463659159999906e+01
6.500000000000000222e-01 4.423015743009999824e+03 -4.946971186990000206e+03 -6.590178889730000265e+03 -1.103812962739999932e+02 1.917674318930000155e+01 -6.244505791590000143e+01
6.500000000000000222e-01 4.306568695599999955e+03 -4.840211051279999992e+03 -6.619419219129999874e+03 -1.113610604320000022e+02 1.929161767589999954e+01 -6.134508480219999882e+01
6.500000000000000222e-01 4.132094344740000452e+03 -5.012143100989999766e+03 -6.475538665719999699e+03 -1.092509568530000053e+02 1.778435677710000107e+01 -5.985094140460000034e+01
6.500000000000000222e-01 4.140365693400000055e+03 -4.983469968119999976e+03 -6.481451431950000369e+03 -1.116071752339999961e+02 2.023649152240000149e+01 -6.129338252419999833e+01
6.500000000000000222e-01 4.112501134389999606e+03 -5.231718425170000046e+03 -6.513533077619999858e+03 -1.108068870710000056e+02 1.757157271179999825e+01 -6.202222923349999917e+01
6.500000000000000222e-01 4.066202214859999913e+03 -5.075330817809999644e+03 -6.495357967369999642e+03 -1.109714882619999941e+02 1.920228756250000046e+01 -6.077687827510000318e+01
6.500000000000000222e-01 4.048077206869999827e+03 -5.094751148459999968e+03 -6.508692737289999968e+03 -1.097573626380000036e+02 1.914706571969999871e+01 -6.000616130840000295e+01
6.500000000000000222e-01 4.242553696680000030e+03 -4.923949714549999953e+03 -6.499323946880000221e+03 -1.110243221009999957e+02 2.078509298139999828e+01 -6.151009321339999758e+01
6.500000000000000222e-01 4.094125269780000053e+03 -4.928132388420000098e+03 -6.542105957929999931e+03 -1.091546584689999975e+02 1.729413415539999832e+01 -5.898313998470000286e+01
6.500000000000000222e-01 4.165329827939999632e+03 -5.149123518979999972e+03 -6.460563366569999744e+03 -1.088145488440000008e+02 2.032967923680000055e+01 -5.999219024290000135e+01
6.500000000000000222e-01 4.190168724420000217e+03 -4.999589806040000440e+03 -6.465785397609999563e+03 -1.100754908210000025e+02 1.843010031569999896e+01 -6.053396589209999945e+01
6.500000000000000222e-01 4.360313130970000202e+03 -4.928526985759999661e+03 -6.542258961679999629e+03 -1.119831150349999973e+02 1.743429942459999893e+01 -5.890149633880000124e+01
6.500000000000000222e-01 4.131891612319999695e+03 -5.168658134850000351e+03 -6.475597593710000183e+03 -1.110322383369999955e+02 1.967939427680000009e+01 -6.076217638589999837e+01
6.500000000000000222e-01 4.355978616649999822e+03 -5.036282817819999764e+03 -6.486578511980000258e+03 -1.126753218970000034e+02 1.795474325080000000e+01 -5.960128581280000049e+01
6.500000000000000222e-01 4.196485378499999570e+03 -5.093020400430000336e+03 -6.448827035870000145e+03 -1.083629118300000016e+02 1.935518923329999907e+01 -6.030252850650000340e+01
6.500000000000000222e-01 4.436143667710000045e+03 -4.924274935790000200e+03 -6.642312442059999739e+03 -1.101098328780000060e+02 1.807620953729999869e+01 -6.220059501549999936e+01
6.500000000000000222e-01 4.230321275219999734e+03 -5.103890834529999665e+03 -6.448229341330000352e+03 -1.099092097139999993e+02 1.727837856849999909e+01 -6.074224537399999946e+01
6.500000000000000222e-01 4.226475186570000005e+03 -5.041106031520000215e+03 -6.452160111559999677e+03 -1.103016136680000017e+02 1.843210853040000075e+01 -6.056784684250000339e+01
6.500000000000000222e-01 4.250160289919999741e+03 -4.844315855470000315e+03 -6.582785681880000084e+03 -1.116901432380000045e+02 1.959101426959999870e+01 -6.076555408339999786e+01
6.500000000000000222e-01 4.090436904719999802e+03 -5.293986986140000226e+03 -6.592182467929999802e+03 -1.109182961890000030e+02 1.960957333409999848e+01 -6.162396417480000110e+01
6.500000000000000222e-01 4.371724384629999804e+03 -4.935888348669999687e+03 -6.545524372330000006e+03 -1.097846078860000034e+02 1.796326713930000096e+01 -6.122785585470000314e+01
6.500000000000000222e-01 4.140552894970000125e+03 -5.285998039910000443e+03 -6.547064252639999722e+03 -1.097800910990000034e+02 2.069823627870000138e+01 -5.924531787890000345e+01
6.500000000000000222e-01 4.140122248970000328e+03 -4.876676935190000222e+03 -6.553001256630000171e+03 -1.112868087890000055e+02 1.893915593979999912e+01 -5.937960281480000191e+01
6.500000000000000222e-01 4.348976832710000053e+03 -4.983097191679999924e+03 -6.500576049330000387e+03 -1.098733816289999936e+02 1.997720402059999856e+01 -6.182822622420000158e+01
6.500000000000000222e-01 4.134840323839999655e+03 -4.894135497649999706e+03 -6.543867719869999746e+03 -1.112460155200000003e+02 2.009327923909999924e+01 -6.180007065969999758e+01
6.500000000000000222e-01 4.179764968469999985e+03 -5.092128877619999912e+03 -6.451218567230000190e+03 -1.101372943819999932e+02 1.905457938769999870e+01 -6.053921114450000118e+01
6.500000000000000222e-01 4.283375652140000057e+03 -5.035571867820000080e+03 -6.459271903279999606e+03 -1.121154560250000003e+02 1.725372301550000032e+01 -5.998897534259999986e+01
6.500000000000000222e-01 4.226594956859999911e+03 -5.094744561800000156e+03 -6.448049277539999821e+03 -1.110169770419999935e+02 1.967272094160000151e+01 -6.067885383389999987e+01
6.500000000000000222e-01 4.403287513809999837e+03 -5.296024001050000152e+03 -6.653462914699999601e+03 -1.100108595949999994e+02 1.826334294890000010e+01 -6.356082720330000058e+01
6.500000000000000222e-01 4.223878661359999569e+03 -5.083238234729999931e+03 -6.447932756379999773e+03 -1.106728421060000045e+02 1.972189349219999954e+01 -6.067742184069999922e+01
6.500000000000000222e-01 4.169100398620000306e+03 -4.832393249740000101e+03 -6.633664881890000288e+03 -1.101641434489999938e+02 1.843334954439999862e+01 -6.175246127119999784e+01
6.500000000000000222e-01 3.969456190909999805e+03 -5.093579435779999585e+03 -6.608097140670000044e+03 -1.100373761350000024e+02 1.895722716579999911e+01 -6.065784113200000149e+01
6.500000000000000222e-01 4.345142473820000305e+03 -5.169177349679999679e+03 -6.486544249010000385e+03 -1.112613363829999997e+02 1.910284263109999969e+01 -6.035432121150000029e+01
6.500000000000000222e-01 4.500738439830000061e+03 -5.109892990530000134e+03 -6.667789706049999950e+03 -1.106517120219999981e+02 1.822617517149999955e+01 -6.139884594699999809e+01
6.500000000000000222e-01 4.288661974810000174e+03 -4.952382321420000153e+03 -6.490248726769999848e+03 -1.116795090829999992e+02 1.964805667930000155e+01 -6.063654859609999903e+01
6.500000000000000222e-01 4.210408258919999753e+03 -5.169734499230000438e+03 -6.460913485959999889e+03 -1.111388389380000064e+02 1.806543794639999945e+01 -6.123201833769999780e+01
6.500000000000000222e-01 4.244754376920000141e+03 -5.065214255889999549e+03 -6.449451493759999721e+03 -1.094843899269999952e+02 2.043871272339999834e+01 -6.081030469129999716e+01
6.500000000000000222e-01 4.277485710969999673e+03 -5.176325924159999886e+03 -6.465831015910000133e+03 -1.104201739989999993e+02 1.913520199790000120e+01 -6.064713514179999976e+01
6.500000000000000222e-01 4.179306848189999982e+03 -5.100016822229999889e+03 -6.451405615190000390e+03 -1.096771966849999984e+02 1.941071210519999823e+01 -6.043814599529999754e+01
6.500000000000000222e-01 4.215261494729999868e+03 -5.090050278540000363e+03 -6.448018964900000356e+03 -1.109598627609999966e+02 1.896986672119999895e+01 -6.067691710199999733e+01
6.500000000000000222e-01 4.104632307810000384e+03 -5.233423547870000220e+03 -6.520254268919999959e+03 -1.113426429360000043e+02 1.954559163180000070e+01 -6.133875835749999794e+01
6.500000000000000222e-01 4.419272160509999594e+03 -5.258389889060000314e+03 -6.604109425349999583e+03 -1.094882594099999977e+02 1.775670461209999829e+01 -6.269801626289999774e+01
6.500000000000000222e-01 4.111830507059999945e+03 -4.913739083430000392e+03 -6.541234615549999944e+03 -1.093408426590000033e+02 1.713686468570000088e+01 -5.855914033380000205e+01
6.500000000000000222e-01 4.324337800280000010e+03 -5.186549612019999586e+03 -6.488264404810000087e+03 -1.104416413999999946e+02 1.876931729609999877e+01 -6.166777534749999745e+01
6.500000000000000222e-01 4.216769683190000251e+03 -5.072802453739999692e+03 -6.447984818619999714e+03 -1.097002243289999939e+02 1.690142134539999930e+01 -6.036838261580000164e+01
6.500000000000000222e-01 4.239186417840000104e+03 -4.869236126509999849e+03 -6.557402161609999894e+03 -1.101378799750000042e+02 1.668138165490000091e+01 -5.880289736550000157e+01
6.500000000000000222e-01 4.166579333239999869e+03 -5.047011620229999608e+03 -6.455704419949999647e+03 -1.099191422090000003e+02 1.859523176080000084e+01 -6.016101766940000317e+01
6.500000000000000222e-01 4.302425381729999572e+03 -5.198970712059999641e+03 -6.484700300860000425e+03 -1.100963364140000067e+02 1.812918230709999889e+01 -6.187734052249999905e+01
6.500000000000000222e-01 4.111933588640000380e+03 -4.993202136290000453e+03 -6.490800059010000041e+03 -1.090310388270000033e+02 1.758050616110000064e+01 -5.947195669650000127e+01
6.500000000000000222e-01 4.385037659180000446e+03 -4.999307258249999904e+03 -6.516209659590000228e+03 -1.117461932509999940e+02 1.748577289909999877e+01 -5.957741256100000271e+01
6.500000000000000222e-01 4.009895765690000189e+03 -5.262232506690000264e+03 -6.668152364200000193e+03 -1.092058207679999953e+02 1.910445648709999844e+01 -5.893910859689999882e+01
6.500000000000000222e-01 4.082834734890000163e+03 -5.331237083619999794e+03 -6.686489955709999776e+03 -1.093509444339999988e+02 1.894183739110000175e+01 -5.980785492479999732e+01
6.500000000000000222e-01 4.322173330849999729e+03 -5.060135317850000320e+03 -6.467158289209999566e+03 -1.117921839029999944e+02 1.821955147930000152e+01 -6.030591504209999698e+01
6.500000000000000222e-01 4.210202198209999551e+03 -5.214263686700000108e+03 -6.476014482949999547e+03 -1.095825400570000028e+02 1.812077524709999921e+01 -6.099151122319999985e+01
6.500000000000000222e-01 4.281164980939999623e+03 -5.203810870979999891e+03 -6.482168101199999910e+03 -1.117833349790000028e+02 2.077716030139999859e+01 -6.038920022460000325e+01
6.500000000000000222e-01 4.179805558119999660e+03 -5.027193968079999649e+03 -6.457887713400000393e+03 -1.092393781330000024e+02 1.710056804030000066e+01 -5.980076654719999851e+01
6.500000000000000222e-01 4.285500556889999643e+03 -5.045106870890000209e+03 -6.458527472159999888e+03 -1.109414414369999946e+02 1.927370497100000080e+01 -6.076873926839999740e+01
6.500000000000000222e-01 4.218586618500000441e+03 -5.357910425889999715e+03 -6.632424992989999737e+03 -1.095229096310000045e+02 1.915971879869999839e+01 -5.958615613260000288e+01
6.500000000000000222e-01 4.165197922940000353e+03 -5.042023404640000081e+03 -6.458291423489999943e+03 -1.107071062720000043e+02 1.901263993810000130e+01 -6.064428792689999881e+01
6.500000000000000222e-01 4.254325635000000148e+03 -5.088782688790000066e+03 -6.449452988779999941e+03 -1.129626396660000012e+02 1.891118499579999934e+01 -6.039930972429999656e+01
6.500000000000000222e-01 4.187819227850000061e+03 -5.210898482270000386e+03 -6.477094931380000162e+03 -1.094026327180000067e+02 1.869738147720000043e+01 -6.067538269899999648e+01
6.500000000000000222e-01 4.137408794730000409e+03 -5.102851479289999588e+03 -6.461638344990000405e+03 -1.113185313620000016e+02 1.886224742110000108e+01 -6.085208693210000064e+01
6.500000000000000222e-01 3.981263561270000082e+03 -4.994253620999999839e+03 -6.622442091140000230e+03 -1.105977264130000037e+02 1.892244750740000114e+01 -6.189241426000000246e+01
6.500000000000000222e-01 4.039133047979999901e+03 -4.892550988179999877e+03 -6.648950409029999719e+03 -1.096302414480000067e+02 1.793200709430000117e+01 -5.802033772000000056e+01
6.500000000000000222e-01 4.467666572729999643e+03 -5.208316097199999604e+03 -6.645223032390000299e+03 -1.099488963149999989e+02 1.823359179230000038e+01 -6.348110011379999662e+01
6.500000000000000222e-01 4.303140536849999989e+03 -5.192767747339999914e+03 -6.478343138189999991e+03 -1.092206470809999956e+02 1.730343597550000112e+01 -6.173391107540000178e+01
6.500000000000000222e-01 4.285745354269999552e+03 -5.171497889039999791e+03 -6.466194385279999551e+03 -1.106865043100000037e+02 1.929053590070000013e+01 -6.056761840579999756e+01
6.500000000000000222e-01 4.456338143930000115e+03 -5.006967208820000451e+03 -6.590680068460000257e+03 -1.109230217340000024e+02 1.784611273650000030e+01 -6.032453662740000055e+01
6.500000000000000222e-01 4.010974254520000159e+03 -5.187339168739999877e+03 -6.571977449289999640e+03 -1.111427310320000004e+02 1.902245336949999910e+01 -6.193060346469999899e+01
6.500000000000000222e-01 4.437746398129999761e+03 -5.103735564210000121e+03 -6.546167778959999850e+03 -1.092719723419999980e+02 1.848787605669999934e+01 -6.275290632520000145e+01
6.500000000000000222e-01 4.132367302050000035e+03 -5.000200104710000232e+03 -6.479961163670000133e+03 -1.094192087750000013e+02 1.781293049379999971e+01 -5.996557576330000217e+01
6.500000000000000222e-01 4.203257153800000196e+03 -5.172109651140000096e+03 -6.460820075739999993e+03 -1.100951356209999972e+02 1.799034673379999916e+01 -6.098470037060000237e+01
6.500000000000000222e-01 4.161591135450000365e+03 -4.923181808119999914e+03 -6.513754710109999905e+03 -1.102842232959999933e+02 1.903466245250000100e+01 -6.119295470050000318e+01
6.500000000000000222e-01 4.230090802339999755e+03 -5.092794296590000158e+03 -6.447674187149999852e+03 -1.086986926419999975e+02 1.781736091149999979e+01 -6.063035498829999881e+01
6.500000000000000222e-01 4.203046219580000070e+03 -5.015023013099999844e+03 -6.459238782440000250e+03 -1.098903081870000022e+02 1.767007159679999972e+01 -6.027682171539999700e+01
6.500000000000000222e-01 4.156892262979999941e+03 -4.876021816299999955e+03 -6.547561436269999831e+03 -1.112894123030000060e+02 1.871768613300000084e+01 -5.922062682109999798e+01
6.500000000000000222e-01 4.057782617140000184e+03 -4.924052270389999649e+03 -6.574611572900000283e+03 -1.107815859640000014e+02 1.914970941529999848e+01 -6.171495532920000215e+01
6.500000000000000222e-01 4.255786722529999679e+03 -5.081979546640000081e+03 -6.449597259879999910e+03 -1.085517929640000006e+02 1.943935186579999908e+01 -6.086799185270000123e+01
6.500000000000000222e-01 4.239417661569999837e+03 -5.152619338860000425e+03 -6.455502277829999912e+03 -1.100151710170000001e+02 1.683710930939999884e+01 -6.123400013149999666e+01
6.500000000000000222e-01 4.054106371070000023e+03 -5.131143709910000325e+03 -6.509020943599999555e+03 -1.088697950950000006e+02 1.919809558300000063e+01 -5.953679105559999840e+01
6.500000000000000222e-01 4.213645987410000089e+03 -5.098922840229999565e+03 -6.448287743279999631e+03 -1.108890772900000030e+02 1.889327620690000131e+01 -6.069630101999999994e+01
6.500000000000000222e-01 4.208696744890000446e+03 -5.169958904029999758e+03 -6.459912125050000213e+03 -1.106428291130000048e+02 1.698085446099999984e+01 -6.129550154980000087e+01
1.390000000000000000e+04 -8.783546340729999429e+03 1.433516763419999961e+03 1.384707669170000008e+04 -2.450568391140000131e+02 2.037617349969999907e+02 -3.214438791119999905e+02
6.500000000000000222e-01 -8.788797806950000449e+03 1.431882807080000021e+03 1.399022717259999990e+04 -2.445543250139999998e+02 2.039758268649999877e+02 -3.213426799470000219e+02
6.500000000000000222e-01 -8.739452987410000787e+03 1.484954090879999967e+03 1.397300777569999991e+04 -2.447612321150000128e+02 2.041294589919999964e+02 -3.217050695429999791e+02
6.500000000000000222e-01 -8.833201221810000789e+03 1.428602162070000077e+03 1.398145508370000061e+04 -2.449673531630000127e+02 2.038148423680000008e+02 -3.212944410800000128e+02
6.500000000000000222e-01 -8.785877027419999649e+03 1.447650615179999932e+03 1.398961663009999938e+04 -2.451163512439999863e+02 2.032164348320000045e+02 -3.213126129969999738e+02
6.500000000000000222e-01 -8.915003373210000063e+03 1.412661544800000001e+03 1.389978575859999910e+04 -2.451767699870000001e+02 2.037983535369999970e+02 -3.216481991129999756e+02
6.500000000000000222e-01 -8.791297706769999422e+03 1.410116956750000099e+03 1.398820497459999933e+04 -2.449459015799999975e+02 2.039731646259999991e+02 -3.213286096279999811e+02
6.500000000000000222e-01 -8.742043707279999580e+03 1.495037490010000056e+03 1.396923485389999951e+04 -2.447914270139999928e+02 2.040902868759999933e+02 -3.217229201760000024e+02
6.500000000000000222e-01 -8.774961356420000811e+03 1.478567237499999919e+03 1.398293560910000087e+04 -2.453622907650000116e+02 2.038084238959999936e+02 -3.213528302589999726e+02
6.500000000000000222e-01 -8.845794375260000379e+03 1.451493421279999893e+03 1.397485300789999928e+04 -2.445639809310000032e+02 2.035813481010000032e+02 -3.210614261200000215e+02
6.500000000000000222e-01 -8.800602405760000693e+03 1.418216854470000044e+03 1.398846223070000087e+04 -2.450036022479999929e+02 2.036996360040000127e+02 -3.213696778190000032e+02
6.500000000000000222e-01 -8.736137100879999707e+03 1.372988671670000031e+03 1.396769750109999950e+04 -2.447952661770000020e+02 2.033641465409999967e+02 -3.217595532270000263e+02
6.500000000000000222e-01 -8.688400554899999406e+03 1.519042840659999911e+03 1.391028019870000026e+04 -2.453872937479999905e+02 2.035560732589999873e+02 -3.209053885850000256e+02
6.500000000000000222e-01 -8.817617769959999350e+03 1.476808567549999907e+03 1.397945774200000051e+04 -2.447951588630000117e+02 2.033049461640000004e+02 -3.211057920069999909e+02
6.500000000000000222e-01 -8.778764274209999712e+03 1.437100517910000008e+03 1.399017523470000015e+04 -2.446288580810000042e+02 2.041373829569999998e+02 -3.213986881430000153e+02
6.500000000000000222e-01 -8.773884237800000847e+03 1.453220168939999894e+03 1.398858440180000071e+04 -2.449577656289999936e+02 2.042559728550000102e+02 -3.214597973759999832e+02
6.500000000000000222e-01 -8.752536471760000495e+03 1.461718390850000105e+03 1.398389632940000047e+04 -2.447459065289999955e+02 2.041758578109999860e+02 -3.215728281159999824e+02
6.500000000000000222e-01 -8.761067020000000412e+03 1.410722449990000086e+03 1.398657217909999963e+04 -2.456002119599999958e+02 2.042368357249999917e+02 -3.212412022969999725e+02
6.500000000000000222e-01 -8.813842300750000504e+03 1.471307414119999976e+03 1.398228396539999994e+04 -2.454564387519999968e+02 2.041213529259999859e+02 -3.214749618199999759e+02
6.500000000000000222e-01 -8.823720079840000835e+03 1.414479209849999961e+03 1.398331988620000084e+04 -2.456616503189999889e+02 2.035126396949999901e+02 -3.215471812470000259e+02
6.500000000000000222e-01 -8.676795803090000845e+03 1.496778348950000009e+03 1.391778701440000077e+04 -2.453313656910000020e+02 2.035049434260000112e+02 -3.209725130339999737e+02
6.500000000000000222e-01 -8.755094283279999217e+03 1.409229079910000110e+03 1.398526321400000052e+04 -2.455864214819999916e+02 2.041484943979999969e+02 -3.212291868610000165e+02
6.500000000000000222e-01 -8.664347847720000573e+03 1.469037604180000017e+03 1.391665045959999952e+04 -2.454353533290000087e+02 2.037167683870000019e+02 -3.210585945610000067e+02
6.500000000000000222e-01 -8.897165890950000176e+03 1.462054541579999977e+03 1.393007364969999981e+04 -2.452439497450000090e+02 2.038477369519999911e+02 -3.215119302589999961e+02
6.500000000000000222e-01 -8.682527257559999271e+03 1.480727554540000028e+03 1.393615228019999995e+04 -2.455343385589999912e+02 2.035752398930000027e+02 -3.209564685230000123e+02
6.500000000000000222e-01 -8.829452751079999871e+03 1.402229480599999988e+03 1.397913712440000018e+04 -2.455121688289999895e+02 2.034409931209999911e+02 -3.215773672120000128e+02
6.500000000000000222e-01 -8.740960874110000077e+03 1.341485706969999910e+03 1.394804909460000090e+04 -2.449036144229999934e+02 2.033808861999999920e+02 -3.218756503289999955e+02
6.500000000000000222e-01 -8.759289870220000012e+03 1.377729781839999987e+03 1.397709950240000035e+04 -2.451608791140000108e+02 2.040536499920000040e+02 -3.212022715229999790e+02
6.500000000000000222e-01 -8.770200048020000395e+03 1.470164570700000013e+03 1.398469421970000076e+04 -2.448986704989999907e+02 2.040574984429999859e+02 -3.215132418919999964e+02
6.500000000000000222e-01 -8.777497668710000653e+03 1.520936353320000080e+03 1.396133800300000075e+04 -2.454496935429999951e+02 2.038977088979999905e+02 -3.213174726639999790e+02
6.500000000000000222e-01 -8.817177802669999437e+03 1.369692961380000042e+03 1.397035526620000019e+04 -2.454375774209999861e+02 2.038854014670000083e+02 -3.214906729420000033e+02
6.500000000000000222e-01 -8.756248804590000873e+03 1.431864407329999949e+03 1.398755001710000033e+04 -2.447140790470000127e+02 2.037402704369999924e+02 -3.214817420759999891e+02
6.500000000000000222e-01 -8.777299408720000429e+03 1.392466454500000054e+03 1.398390106109999942e+04 -2.453180182369999898e+02 2.044364437149999958e+02 -3.212089251539999850e+02
6.500000000000000222e-01 -8.771458204779999505e+03 1.418230554519999941e+03 1.398879086730000017e+04 -2.452246128449999958e+02 2.038564532249999957e+02 -3.213949371159999941e+02
6.500000000000000222e-01 -8.781577961909999431e+03 1.323308524510000098e+03 1.393663981889999923e+04 -2.452991538640000044e+02 2.043634163220000062e+02 -3.209965811339999959e+02
6.500000000000000222e-01 -8.691861517060000551e+03 1.436615020109999932e+03 1.395643490709999969e+04 -2.453933669850000001e+02 2.037658194390000119e+02 -3.212775952929999903e+02
6.500000000000000222e-01 -8.761648840019999625e+03 1.416480020709999962e+03 1.398750690190000023e+04 -2.456502097229999890e+02 2.041632372880000048e+02 -3.212600293169999759e+02
6.500000000000000222e-01 -8.685315389729999879e+03 1.366771937900000012e+03 1.392805469559999983e+04 -2.448736333049999985e+02 2.035774380819999863e+02 -3.216990603309999983e+02
6.500000000000000222e-01 -8.904436028969999825e+03 1.472551959370000077e+03 1.391244736589999957e+04 -2.447613931280000088e+02 2.036247822240000005e+02 -3.208166481330000011e+02
6.500000000000000222e-01 -8.794163614089999101e+03 1.421668355940000083e+03 1.398941079100000024e+04 -2.452106035120000058e+02 2.036067781350000132e+02 -3.213985104139999862e+02
6.500000000000000222e-01 -8.761478563369999392e+03 1.391248175539999920e+03 1.398140469479999956e+04 -2.453324371340000027e+02 2.039825693440000123e+02 -3.214097393989999887e+02
6.500000000000000222e-01 -8.806744381919999796e+03 1.516845340950000036e+03 1.396198277620000044e+04 -2.453953865080000014e+02 2.042891914399999962e+02 -3.216919451790000153e+02
6.500000000000000222e-01 -8.911610681689999183e+03 1.438002703560000100e+03 1.391077276460000030e+04 -2.453152781569999945e+02 2.037738778259999890e+02 -3.218813271959999724e+02
6.500000000000000222e-01 -8.681176693650000743e+03 1.393764302470000075e+03 1.393906688810000014e+04 -2.453022517839999921e+02 2.037931504329999939e+02 -3.211772252740000226e+02
6.500000000000000222e-01 -8.707004345190000095e+03 1.500464250089999950e+03 1.394739936769999986e+04 -2.449713626500000032e+02 2.034706159209999896e+02 -3.214133166249999931e+02
6.500000000000000222e-01 -8.865498744900000020e+03 1.357283592179999914e+03 1.393619503959999929e+04 -2.447120866060000139e+02 2.039567238669999938e+02 -3.209153117079999902e+02
6.500000000000000222e-01 -8.821859083800000008e+03 1.319656998559999920e+03 1.392294327449999946e+04 -2.452822486709999907e+02 2.042513924739999993e+02 -3.211554161099999760e+02
6.500000000000000222e-01 -8.814789661599999818e+03 1.319447155229999908e+03 1.392816924230000041e+04 -2.448596246319999921e+02 2.040133164819999934e+02 -3.209323054710000065e+02
6.500000000000000222e-01 -8.745419889200000398e+03 1.430255859310000005e+03 1.398493567350000012e+04 -2.447256308409999974e+02 2.037265396020000026e+02 -3.215229673700000035e+02
6.500000000000000222e-01 -8.833296535269999367e+03 1.552780295069999966e+03 1.390778249770000002e+04 -2.451645616129999894e+02 2.039119389880000028e+02 -3.219551047439999820e+02
6.500000000000000222e-01 -8.782648430650000591e+03 1.400990754769999967e+03 1.398662494390000029e+04 -2.450776883370000121e+02 2.042642422860000124e+02 -3.212516550639999764e+02
6.500000000000000222e-01 -8.786226560729999619e+03 1.446868582979999928e+03 1.398968475559999933e+04 -2.450720718789999921e+02 2.032443348969999874e+02 -3.213178323640000258e+02
6.500000000000000222e-01 -8.689297095780000745e+03 1.370571000729999923e+03 1.393395460300000013e+04 -2.448144498400000089e+02 2.035837442250000038e+02 -3.219731561539999802e+02
6.500000000000000222e-01 -8.778458824290000848e+03 1.433924529090000078e+03 1.399019439980000061e+04 -2.457565424679999921e+02 2.037286776059999909e+02 -3.213522958660000199e+02
6.500000000000000222e-01 -8.701441854320000857e+03 1.507590258259999928e+03 1.393743638339999961e+04 -2.448054359209999973e+02 2.036948245410000027e+02 -3.217452356360000181e+02
6.500000000000000222e-01 -8.782966730349999125e+03 1.460834589069999993e+03 1.398764098039999953e+04 -2.451063304300000141e+02 2.043434011479999981e+02 -3.214902612569999860e+02
6.500000000000000222e-01 -8.824582992440000453e+03 1.474374836940000023e+03 1.397764279940000051e+04 -2.447075219580000010e+02 2.033256678420000014e+02 -3.211741070539999896e+02
6.500000000000000222e-01 -8.805613176869999734e+03 1.301659291830000029e+03 1.389745752700000048e+04 -2.450971501770000032e+02 2.036210013600000082e+02 -3.220140574999999785e+02
6.500000000000000222e-01 -8.656881772540000384e+03 1.409391307880000113e+03 1.390775786879999941e+04 -2.453907097389999876e+02 2.038489377129999980e+02 -3.210438853329999915e+02
6.500000000000000222e-01 -8.644433555120000165e+03 1.458014193440000099e+03 1.386738711719999992e+04 -2.450593212040000139e+02 2.037623747060000028e+02 -3.220916022110000085e+02
6.500000000000000222e-01 -8.658402465729999676e+03 1.477469243490000053e+03 1.389981898659999933e+04 -2.453565040309999858e+02 2.036396740449999925e+02 -3.208990555519999930e+02
6.500000000000000222e-01 -8.747972846509999727e+03 1.471928098749999890e+03 1.398021483199999966e+04 -2.456016895029999887e+02 2.033687559519999866e+02 -3.211678001060000156e+02
6.500000000000000222e-01 -8.764648114379999242e+03 1.452756026810000094e+03 1.398765956499999993e+04 -2.447507502670000008e+02 2.040822757869999862e+02 -3.214854579689999809e+02
6.500000000000000222e-01 -8.726777228180000748e+03 1.450081800740000062e+03 1.397729096179999942e+04 -2.456793042660000026e+02 2.035759830510000086e+02 -3.211571509980000201e+02
6.500000000000000222e-01 -8.772032819089999975e+03 1.423869110760000012e+03 1.398943241090000083e+04 -2.448153097549999870e+02 2.035048434390000125e+02 -3.214352759029999902e+02
6.500000000000000222e-01 -8.799912276020000718e+03 1.524492570269999987e+03 1.395670676029999959e+04 -2.452762394640000139e+02 2.042493393610000112e+02 -3.217756089740000220e+02
6.500000000000000222e-01 -8.767136224629999560e+03 1.411602976950000084e+03 1.398764990819999912e+04 -2.447833341989999951e+02 2.032936615899999993e+02 -3.214929853799999933e+02
6.500000000000000222e-01 -8.920244488059999640e+03 1.455575988110000026e+03 1.388191376809999929e+04 -2.449375839809999889e+02 2.037200465020000024e+02 -3.211403788580000196e+02
6.500000000000000222e-01 -8.835710849920000328e+03 1.421910243190000074e+03 1.398012888690000000e+04 -2.449319659639999998e+02 2.038822136610000086e+02 -3.212617015039999728e+02
6.500000000000000222e-01 -8.822114899789999981e+03 1.348380502320000005e+03 1.395500234060000003e+04 -2.450967788840000026e+02 2.043710986540000079e+02 -3.210120049440000116e+02
6.500000000000000222e-01 -8.838753481730000203e+03 1.547201563289999967e+03 1.391025070349999987e+04 -2.448267143449999992e+02 2.034069048849999888e+02 -3.212867950680000035e+02
6.500000000000000222e-01 -8.799306497039999158e+03 1.420856160379999892e+03 1.398891208999999981e+04 -2.447827359039999919e+02 2.042158217479999962e+02 -3.212862249240000097e+02
6.500000000000000222e-01 -8.697985849200000303e+03 1.337757822380000107e+03 1.390985406510000030e+04 -2.452850143740000135e+02 2.040125271759999919e+02 -3.208993287519999740e+02
6.500000000000000222e-01 -8.718428866230000494e+03 1.369462311389999968e+03 1.395680135289999998e+04 -2.448162157749999892e+02 2.034840840770000057e+02 -3.218435535450000202e+02
6.500000000000000222e-01 -8.797531178400000499e+03 1.413614644100000078e+03 1.398825645799999984e+04 -2.447983937070000025e+02 2.041011981279999929e+02 -3.212895843740000146e+02
6.500000000000000222e-01 -8.880828221660000054e+03 1.451852436070000067e+03 1.395028860460000033e+04 -2.452648031340000045e+02 2.037516202289999967e+02 -3.215729241239999965e+02
6.500000000000000222e-01 -8.808318322580000313e+03 1.438521326750000071e+03 1.398811818149999999e+04 -2.452456478930000117e+02 2.038070651840000096e+02 -3.213874032119999811e+02
6.500000000000000222e-01 -8.882959926760000599e+03 1.397705133209999985e+03 1.394411537610000050e+04 -2.453285247420000132e+02 2.038460655680000002e+02 -3.215260804110000095e+02
6.500000000000000222e-01 -8.924981288709999717e+03 1.433780122599999913e+03 1.386749023769999985e+04 -2.449239405829999896e+02 2.037675773240000012e+02 -3.207424284670000247e+02
6.500000000000000222e-01 -8.797657300160000887e+03 1.559288620000000037e+03 1.391054312980000032e+04 -2.449037335460000122e+02 2.036200267819999965e+02 -3.217367350869999996e+02
6.500000000000000222e-01 -8.783887738109999191e+03 1.445295011180000074e+03 1.398982446109999910e+04 -2.452028727450000076e+02 2.033631369990000053e+02 -3.213413125010000044e+02
6.500000000000000222e-01 -8.813562025450000874e+03 1.442529721059999929e+03 1.398694275539999944e+04 -2.452481623710000065e+02 2.038261230630000114e+02 -3.213864336770000136e+02
6.500000000000000222e-01 -8.769570317490000889e+03 1.461783908310000015e+03 1.398675712159999966e+04 -2.454423349559999963e+02 2.034995174850000126e+02 -3.212988193909999950e+02
6.500000000000000222e-01 -8.818231812550000541e+03 1.403938177920000044e+03 1.398293436549999933e+04 -2.446840898499999923e+02 2.042097171709999941e+02 -3.211485623749999831e+02
6.500000000000000222e-01 -8.784799096180000561e+03 1.441386065169999938e+03 1.399005704230000083e+04 -2.451750736799999970e+02 2.041324102030000063e+02 -3.214005517350000218e+02
6.500000000000000222e-01 -8.764639126500000202e+03 1.439872200320000047e+03 1.398883303309999974e+04 -2.447044854769999915e+02 2.038946692119999966e+02 -3.214534214600000155e+02
6.500000000000000222e-01 -8.867687331580000318e+03 1.491784727400000065e+03 1.394755630869999914e+04 -2.447538188720000107e+02 2.035076441040000077e+02 -3.208806550250000100e+02
6.500000000000000222e-01 -8.784011974009999904e+03 1.465929979999999887e+03 1.398632618519999960e+04 -2.449945630219999941e+02 2.034189850230000047e+02 -3.213405277410000167e+02
6.500000000000000222e-01 -8.760558435220000320e+03 1.532104736680000087e+03 1.394810613790000025e+04 -2.452665942369999925e+02 2.032816369589999965e+02 -3.209429470019999826e+02
6.500000000000000222e-01 -8.769980154060000132e+03 1.414899566809999897e+03 1.398843855470000017e+04 -2.453776500220000116e+02 2.041369454029999986e+02 -3.213066004309999926e+02
6.500000000000000222e-01 -8.677714595100000224e+03 1.389308047709999983e+03 1.393297807889999967e+04 -2.452736755260000052e+02 2.037897137539999903e+02 -3.211762679939999998e+02
6.500000000000000222e-01 -8.705667943099999320e+03 1.440507428039999922e+03 1.396658443199999965e+04 -2.456127639320000071e+02 2.037397335820000137e+02 -3.211529507010000088e+02
6.500000000000000222e-01 -8.707011331210000208e+03 1.506605101650000051e+03 1.394297712440000032e+04 -2.447864468919999865e+02 2.039274592700000142e+02 -3.218919331359999774e+02
6.500000000000000222e-01 -8.855806903630000306e+03 1.337922570310000083e+03 1.392515096090000043e+04 -2.448493673069999943e+02 2.041083080559999985e+02 -3.208218090089999919e+02
6.500000000000000222e-01 -8.784170327320000069e+03 1.441362055739999960e+03 1.399009771130000081e+04 -2.451114046040000005e+02 2.031156635140000049e+02 -3.213328660419999778e+02
6.500000000000000222e-01 -8.834994861240000319e+03 1.435873049840000022e+03 1.398081380469999931e+04 -2.455136362339999891e+02 2.037816232209999896e+02 -3.215060264940000252e+02
6.500000000000000222e-01 -8.777528118579999500e+03 1.554155449020000106e+03 1.392515281909999976e+04 -2.453382413170000120e+02 2.036386743559999957e+02 -3.210299950720000197e+02
6.500000000000000222e-01 -8.717087631430000329e+03 1.504867650769999955e+03 1.395147081190000063e+04 -2.455460453500000142e+02 2.036688035520000142e+02 -3.211501269380000281e+02
6.500000000000000222e-01 -8.841114250950000496e+03 1.360791077639999912e+03 1.395625732000000062e+04 -2.450695116219999932e+02 2.034102811340000017e+02 -3.216003046249999784e+02
6.500000000000000222e-01 -8.776467487289999553e+03 1.428012005049999971e+03 1.398995865849999973e+04 -2.449128045509999936e+02 2.036000958770000011e+02 -3.214071837149999737e+02
6.500000000000000222e-01 -8.744335760859999937e+03 1.508911791340000036e+03 1.396215917470000022e+04 -2.454545281020000118e+02 2.033380524650000041e+02 -3.210327013109999825e+02
3.690000000000000000e+05 2.427196897719999924e+03 8.349023229099999526e+02 -9.130801800420000518e+02 -1.093759995869999955e+02 1.121893040760000027e+01 -3.555780055759999669e+01
6.500000000000000222e-01 2.441510818270000073e+03 8.847614938550000261e+02 -7.877004666829999451e+02 -1.137324966700000033e+02 8.830026900020000014e+00 -3.786329802459999883e+01
6.500000000000000222e-01 2.527996368749999874e+03 8.979579979339999909e+02 -8.443770251009999583e+02 -1.090222027979999950e+02 1.119586801330000014e+01 -4.208764446699999695e+01
6.500000000000000222e-01 2.434293225400000210e+03 8.851849253210000370e+02 -7.862317246510000359e+02 -1.115037641069999950e+02 1.202768122169999998e+01 -3.911391163209999888e+01
6.500000000000000222e-01 2.363480051980000098e+03 7.242859276159999808e+02 -8.464728726450000522e+02 -1.132020280440000022e+02 1.507111392720000076e+01 -3.298773514070000346e+01
6.500000000000000222e-01 2.331843641649999881e+03 7.588815712130000293e+02 -8.164610899040000049e+02 -1.127389083000000056e+02 1.371840629449999938e+01 -3.168312953930000120e+01
6.500000000000000222e-01 2.541373993610000070e+03 7.752490509599999768e+02 -8.559085267960000465e+02 -1.103036554870000003e+02 1.273508861970000083e+01 -3.936398243410000219e+01
6.500000000000000222e-01 2.384632820880000054e+03 9.077204520190000494e+02 -7.952247631929999443e+02 -1.135331007470000060e+02 1.017536103299999972e+01 -3.769154814739999892e+01
6.500000000000000222e-01 2.432096400639999956e+03 8.843134035159999939e+02 -7.853731345300000157e+02 -1.116878328939999960e+02 1.215042657689999928e+01 -3.902923551469999808e+01
6.500000000000000222e-01 2.374041303630000129e+03 7.942784435529999882e+02 -7.805159430669999665e+02 -1.155932919180000056e+02 8.507393842849999999e+00 -3.714143571999999693e+01
6.500000000000000222e-01 2.423936566240000047e+03 7.015381914490000099e+02 -8.576707534549999536e+02 -1.109391324569999995e+02 1.350736660079999929e+01 -3.523536655120000205e+01
6.500000000000000222e-01 2.448371094940000148e+03 9.263642081650000364e+02 -8.163844442020000542e+02 -1.109971315439999984e+02 5.813539223660000310e+00 -3.564799969989999795e+01
6.500000000000000222e-01 2.293945141719999810e+03 8.054943155949999891e+02 -8.308914563179999959e+02 -1.140967414269999978e+02 9.549050866179999986e+00 -3.560351028819999897e+01
6.500000000000000222e-01 2.341285201310000048e+03 8.137756448610000461e+02 -7.886060003640000104e+02 -1.131794733210000032e+02 9.586933929309999769e+00 -3.529201327900000251e+01
6.500000000000000222e-01 2.319344446749999861e+03 9.265839367459999494e+02 -8.759404879859999937e+02 -1.104806367089999952e+02 7.970585443040000051e+00 -3.542989146429999892e+01
6.500000000000000222e-01 2.423155548090000138e+03 8.691922531650000110e+02 -7.792986773239999820e+02 -1.137045296050000047e+02 7.538476005299999727e+00 -3.723302360139999934e+01
6.500000000000000222e-01 2.403475001580000026e+03 8.403572124989999566e+02 -7.738499118539999699e+02 -1.116309334070000006e+02 8.332979585720000415e+00 -3.698702993079999857e+01
6.500000000000000222e-01 2.412401199989999895e+03 8.470110676640000520e+02 -7.740343942030000335e+02 -1.137477994300000006e+02 1.258630027339999913e+01 -3.764024776139999773e+01
6.500000000000000222e-01 2.442122971939999843e+03 8.372072283539999944e+02 -7.780272810349999872e+02 -1.128702664230000039e+02 1.008495704050000086e+01 -3.827947227960000021e+01
6.500000000000000222e-01 2.313329273509999894e+03 8.766710462099999859e+02 -8.157687829689999717e+02 -1.128879755330000023e+02 8.918495658919999514e+00 -3.488249904879999974e+01
6.500000000000000222e-01 2.431550304570000208e+03 8.167556200799999715e+02 -7.761810331619999488e+02 -1.153298448400000069e+02 1.350337172459999913e+01 -3.706275482590000081e+01
6.500000000000000222e-01 2.507325361809999777e+03 7.373295719489999556e+02 -8.702494211020000421e+02 -1.117781375400000030e+02 1.550974465590000051e+01 -3.493773905260000134e+01
6.500000000000000222e-01 2.425254777409999861e+03 9.419771259819999614e+02 -8.225651075060000039e+02 -1.118811704620000000e+02 7.597956574060000356e+00 -3.624088706180000230e+01
6.500000000000000222e-01 2.415561037850000048e+03 9.280137085139999726e+02 -8.074381343290000359e+02 -1.126630443810000060e+02 8.201613085170000872e+00 -3.683535332230000137e+01
6.500000000000000222e-01 2.408118227509999997e+03 9.017716964170000438e+02 -7.978469269239999448e+02 -1.101505428300000062e+02 4.942646132790000202e+00 -3.558423899160000303e+01
6.500000000000000222e-01 2.424345246800000041e+03 8.360719413949999534e+02 -7.733306013489999486e+02 -1.106901355709999990e+02 1.140798631200000024e+01 -3.753895528500000012e+01
6.500000000000000222e-01 2.546387938880000092e+03 8.230339397290000534e+02 -8.449322168139999576e+02 -1.094178899239999936e+02 1.179841312489999972e+01 -4.160541646949999972e+01
6.500000000000000222e-01 2.309110018849999960e+03 8.478151590979999810e+02 -8.153961530130000028e+02 -1.127652522850000025e+02 8.671645881690000834e+00 -3.501418237960000113e+01
6.500000000000000222e-01 2.425164189619999888e+03 9.205691540130000021e+02 -8.159616551230000141e+02 -1.097676161010000015e+02 7.571458907440000274e+00 -3.876750947970000283e+01
6.500000000000000222e-01 2.417079339370000071e+03 8.305098741499999733e+02 -7.723644402280000349e+02 -1.104467996610000000e+02 8.618735390270000352e+00 -3.713706377039999751e+01
6.500000000000000222e-01 2.440040905819999807e+03 7.473917381019999766e+02 -7.991772239670000317e+02 -1.116925479610000025e+02 1.046201420450000086e+01 -3.772563211319999965e+01
6.500000000000000222e-01 2.398652064930000051e+03 8.661500792599999841e+02 -7.780074939859999859e+02 -1.142534716450000047e+02 1.207789736830000038e+01 -3.792411205399999830e+01
6.500000000000000222e-01 2.436032880839999962e+03 9.410748199140000452e+02 -8.381357590349999782e+02 -1.092806161120000041e+02 8.128411329300000432e+00 -3.974749515740000305e+01
6.500000000000000222e-01 2.426526931289999993e+03 7.981304294609999488e+02 -7.776089904919999753e+02 -1.124793831460000035e+02 8.852893163270000088e+00 -3.787703932520000194e+01
6.500000000000000222e-01 2.444243221570000060e+03 8.291341666549999445e+02 -7.766830624699999817e+02 -1.099815042590000047e+02 1.000207021699999999e+01 -3.830566960480000205e+01
6.500000000000000222e-01 2.368457607159999952e+03 9.088333990419999964e+02 -8.024624633780000522e+02 -1.108931608689999990e+02 6.200261979210000440e+00 -3.393608863770000283e+01
6.500000000000000222e-01 2.462943884989999788e+03 8.312373633030000519e+02 -7.841029517670000359e+02 -1.139044693580000001e+02 1.088596300080000034e+01 -3.829128189640000102e+01
6.500000000000000222e-01 2.410464845640000021e+03 7.881772473099999843e+02 -7.826921012899999823e+02 -1.144987419640000041e+02 1.249773744760000049e+01 -3.709515815860000032e+01
6.500000000000000222e-01 2.395587734700000055e+03 8.177872129419999965e+02 -7.741609123330000557e+02 -1.155276013349999999e+02 8.611383063979999974e+00 -3.733878624769999988e+01
6.500000000000000222e-01 2.490765938250000090e+03 7.427570162590000109e+02 -8.526662038849999590e+02 -1.123758770729999981e+02 1.453584228379999921e+01 -3.893773512960000005e+01
6.500000000000000222e-01 2.528823100770000110e+03 8.153910997149999957e+02 -8.298949914600000284e+02 -1.116590654820000026e+02 1.247101093550000073e+01 -3.964582854479999696e+01
6.500000000000000222e-01 2.494875980899999831e+03 8.057601871269999947e+02 -7.997691090439999471e+02 -1.142397405159999977e+02 1.266765060030000001e+01 -3.702827538969999921e+01
6.500000000000000222e-01 2.421311236449999797e+03 8.599452607770000441e+02 -7.778268397030000187e+02 -1.122963597889999932e+02 1.080037382909999977e+01 -3.814127636100000274e+01
6.500000000000000222e-01 2.363475942850000138e+03 7.592882065649999959e+02 -7.980853066480000280e+02 -1.127400550119999991e+02 1.005418401760000080e+01 -3.566056820099999669e+01
6.500000000000000222e-01 2.478003706210000018e+03 9.001441592439999795e+02 -8.099941058189999694e+02 -1.104060596449999991e+02 6.716040488089999982e+00 -3.809491600079999785e+01
6.500000000000000222e-01 2.412902225100000123e+03 8.275767078019999872e+02 -7.737863197899999932e+02 -1.142885483409999949e+02 8.404137752969999653e+00 -3.754392101839999896e+01
6.500000000000000222e-01 2.430822507400000177e+03 8.199360840660000349e+02 -7.766915185990000055e+02 -1.145345204730000006e+02 1.216765343420000001e+01 -3.765275096500000274e+01
6.500000000000000222e-01 2.365343337289999909e+03 8.502282462120000446e+02 -7.801236799030000384e+02 -1.159196462219999972e+02 1.045342473700000063e+01 -3.729899257070000118e+01
6.500000000000000222e-01 2.433636357039999893e+03 7.848845411629999944e+02 -7.828064295509999511e+02 -1.142036512100000039e+02 1.484073582949999981e+01 -3.578986616689999778e+01
6.500000000000000222e-01 2.410839594300000044e+03 7.275668471359999785e+02 -8.141949543050000102e+02 -1.117539593120000063e+02 1.404324231690000069e+01 -3.361053647760000018e+01
6.500000000000000222e-01 2.532841348379999999e+03 8.623357278570000517e+02 -8.292725862830000096e+02 -1.119025686909999990e+02 1.017683161579999940e+01 -3.782719914289999963e+01
6.500000000000000222e-01 2.322100695690000066e+03 7.588210658340000236e+02 -8.252209369280000146e+02 -1.124609389719999939e+02 1.337065689419999970e+01 -3.116946603090000067e+01
6.500000000000000222e-01 2.377108895840000059e+03 9.045038267219999852e+02 -8.105000302060000195e+02 -1.096586404429999959e+02 5.661671607889999791e+00 -3.562689015939999848e+01
6.500000000000000222e-01 2.435537972210000135e+03 8.480083647330000076e+02 -7.764326957130000437e+02 -1.109805138790000001e+02 1.159640610830000007e+01 -3.823702723579999940e+01
6.500000000000000222e-01 2.451700402819999908e+03 7.284619888859999719e+02 -8.177581339990000515e+02 -1.112032802370000013e+02 1.133647199410000006e+01 -3.771288980620000331e+01
6.500000000000000222e-01 2.416447791690000031e+03 7.484829548330000080e+02 -7.988622191949999660e+02 -1.130843180260000054e+02 9.462900974560000122e+00 -3.817834924360000315e+01
6.500000000000000222e-01 2.503661585949999790e+03 8.672224281979999887e+02 -8.077073922150000271e+02 -1.095481389840000048e+02 1.058048879769999928e+01 -4.064615006809999898e+01
6.500000000000000222e-01 2.480874090880000040e+03 7.469891569610000488e+02 -8.179004212710000274e+02 -1.107678354509999963e+02 1.086915879080000025e+01 -3.943572004680000020e+01
6.500000000000000222e-01 2.492018038759999854e+03 7.388265062949999447e+02 -8.341344224299999723e+02 -1.105221137799999980e+02 1.158476392040000036e+01 -3.972926969920000317e+01
6.500000000000000222e-01 2.455998751940000147e+03 7.356511859969999705e+02 -8.118994041189999962e+02 -1.114375401000000068e+02 1.231391910189999983e+01 -3.673732157429999745e+01
6.500000000000000222e-01 2.434339864999999918e+03 8.750146642439999596e+02 -7.848239899709999463e+02 -1.115282452680000063e+02 6.002564568770000442e+00 -3.725522406059999980e+01
6.500000000000000222e-01 2.419368106479999824e+03 8.441420151790000546e+02 -7.750909672989999990e+02 -1.132579172359999973e+02 1.003122737850000057e+01 -3.781519647230000203e+01
6.500000000000000222e-01 2.378039784770000097e+03 8.878750284120000060e+02 -7.929694582460000447e+02 -1.099741163310000047e+02 5.420438538630000025e+00 -3.464066832249999806e+01
6.500000000000000222e-01 2.374501874130000033e+03 8.081604613399999835e+02 -7.777089585920000445e+02 -1.160113322929999953e+02 8.704781755489999995e+00 -3.713670861760000008e+01
6.500000000000000222e-01 2.526799003199999788e+03 8.027864938410000377e+02 -8.303575999749999710e+02 -1.101591467519999981e+02 1.200853820909999925e+01 -4.115276603929999766e+01
6.500000000000000222e-01 2.468924891210000169e+03 8.349314258319999453e+02 -7.846702277309999545e+02 -1.096140816949999959e+02 1.067029568160000075e+01 -3.938545130060000332e+01
6.500000000000000222e-01 2.342764919339999778e+03 9.063345312970000123e+02 -8.226346562480000557e+02 -1.094355604050000039e+02 5.826218883820000194e+00 -3.237191881999999765e+01
6.500000000000000222e-01 2.473373553230000198e+03 9.326984300310000435e+02 -8.393743695929999831e+02 -1.089196196959999980e+02 6.293788033370000257e+00 -3.780167800550000123e+01
6.500000000000000222e-01 2.409825817320000169e+03 8.280575692930000287e+02 -7.723030274520000376e+02 -1.120960491000000019e+02 1.266235249350000025e+01 -3.689380692369999792e+01
6.500000000000000222e-01 2.492342928260000008e+03 7.992177791389999584e+02 -8.027754271459999700e+02 -1.105074348459999953e+02 1.095584266870000079e+01 -4.019777249359999871e+01
6.500000000000000222e-01 2.416676389780000136e+03 8.319790588680000383e+02 -7.738657461740000372e+02 -1.152499841260000011e+02 1.129279716409999956e+01 -3.753485154730000062e+01
6.500000000000000222e-01 2.307579466270000012e+03 8.398640274370000043e+02 -8.116347124320000148e+02 -1.142176347559999954e+02 9.312770676750000476e+00 -3.569823902870000154e+01
6.500000000000000222e-01 2.335381788789999973e+03 8.711636742250000225e+02 -7.988102336409999680e+02 -1.099903966760000031e+02 6.976523660029999796e+00 -3.242972680900000171e+01
6.500000000000000222e-01 2.406210323989999779e+03 8.252157338739999659e+02 -7.714785288320000518e+02 -1.106801513479999954e+02 1.178316136770000000e+01 -3.643645118559999929e+01
6.500000000000000222e-01 2.471018918450000001e+03 7.501960887120000052e+02 -8.155281446190000452e+02 -1.114187260329999987e+02 1.090047486649999975e+01 -3.969271242680000000e+01
6.500000000000000222e-01 2.393603431259999979e+03 8.700628830450000351e+02 -7.799983162500000162e+02 -1.141775739090000030e+02 1.158113201549999971e+01 -3.795564039020000280e+01
6.500000000000000222e-01 2.468086947790000067e+03 8.060602245649999986e+02 -7.867537147320000486e+02 -1.110142216960000070e+02 1.010750027459999956e+01 -3.905094205719999678e+01
6.500000000000000222e-01 2.416741328210000120e+03 8.201596343439999828e+02 -7.740884327439999879e+02 -1.129256404529999998e+02 1.069652533700000063e+01 -3.747246422860000337e+01
6.500000000000000222e-01 2.320511233100000027e+03 8.590423984999999902e+02 -8.024809290480000072e+02 -1.116801199230000066e+02 8.618430177569999628e+00 -3.338166935030000104e+01
6.500000000000000222e-01 2.408447941720000017e+03 8.313587306240000316e+02 -7.718219254589999991e+02 -1.104383852530000070e+02 9.915144933989999743e+00 -3.674663208260000147e+01
6.500000000000000222e-01 2.421391603999999916e+03 8.268647921709999764e+02 -7.743864220250000017e+02 -1.148968833659999973e+02 1.251299062460000044e+01 -3.743782780690000322e+01
6.500000000000000222e-01 2.360146920820000105e+03 8.257868930690000298e+02 -7.802867403459999878e+02 -1.144812075239999984e+02 9.571938669379999709e+00 -3.649776811830000156e+01
6.500000000000000222e-01 2.534078027080000084e+03 8.086944108259999666e+02 -8.322892900890000192e+02 -1.095124810220000029e+02 1.156729013740000056e+01 -4.133916210150000126e+01
6.500000000000000222e-01 2.297249180589999924e+03 7.632048982259999548e+02 -8.667843227260000276e+02 -1.109840202030000000e+02 1.201923826250000005e+01 -2.857631906570000169e+01
6.500000000000000222e-01 2.307578354220000165e+03 7.687909146219999457e+02 -8.328974604210000052e+02 -1.132659415039999971e+02 1.230621944179999971e+01 -3.293813959469999730e+01
6.500000000000000222e-01 2.395476627609999923e+03 7.164472076060000063e+02 -8.280079629360000126e+02 -1.115507313899999957e+02 1.163754031380000065e+01 -3.576379358279999821e+01
6.500000000000000222e-01 2.479447537800000191e+03 9.604850240480000139e+02 -8.842725202149999859e+02 -1.087616775009999941e+02 9.293758936559999739e+00 -4.141224586069999702e+01
6.500000000000000222e-01 2.298678390820000004e+03 7.870834241669999756e+02 -8.304423707900000409e+02 -1.126426400870000037e+02 1.144894724349999926e+01 -3.234793427910000219e+01
6.500000000000000222e-01 2.405895579689999977e+03 8.349429198300000508e+02 -7.734242603970000118e+02 -1.160433744080000054e+02 1.093670743700000081e+01 -3.744015245429999794e+01
6.500000000000000222e-01 2.440381143290000182e+03 8.157542562690000523e+02 -7.773749008590000358e+02 -1.114883580620000032e+02 9.459173994840000432e+00 -3.822925031919999839e+01
6.500000000000000222e-01 2.363799477569999908e+03 7.341567709820000118e+02 -8.238183485660000542e+02 -1.144083908359999953e+02 1.141320935020000071e+01 -3.692703927640000217e+01
6.500000000000000222e-01 2.367876495770000020e+03 8.781956795470000543e+02 -7.920292514830000528e+02 -1.128547156150000035e+02 8.889616707520000105e+00 -3.733053567990000232e+01
6.500000000000000222e-01 2.306620773170000120e+03 9.008829086770000458e+02 -8.512356366550000075e+02 -1.103132570620000052e+02 7.651032524729999729e+00 -3.186001233280000022e+01
6.500000000000000222e-01 2.431505957400000170e+03 8.926752202149999675e+02 -7.890120207689999461e+02 -1.117468917829999953e+02 1.195706388870000048e+01 -3.921205078890000095e+01
6.500000000000000222e-01 2.443565968280000106e+03 9.046622929410000324e+02 -8.032514205850000053e+02 -1.100764790110000035e+02 8.364420296020000478e+00 -3.911564096450000250e+01
6.500000000000000222e-01 2.536144764900000155e+03 8.480467696089999663e+02 -8.314909376289999727e+02 -1.114957433759999930e+02 1.102877647909999936e+01 -3.888744833980000237e+01
6.500000000000000222e-01 2.400006759540000076e+03 7.880891027279999435e+02 -7.787236596059999556e+02 -1.127454783689999971e+02 1.014245321920000009e+01 -3.676922886029999660e+01
6.500000000000000222e-01 2.488916110269999990e+03 8.718163646650000373e+02 -8.007257123030000230e+02 -1.106230754009999941e+02 9.243727046040000062e+00 -3.952935783920000290e+01
6.500000000000000222e-01 2.362505189680000058e+03 8.967272794169999770e+02 -7.951276933540000300e+02 -1.113814571959999995e+02 6.908417825489999942e+00 -3.432328186099999812e+01
6.500000000000000222e-01 2.378128719580000052e+03 7.507018196320000243e+02 -7.985420518780000521e+02 -1.124458039470000017e+02 1.028127271850000035e+01 -3.590749392859999745e+01
6.500000000000000222e-01 2.536562539760000163e+03 7.577775430850000475e+02 -8.718340135050000299e+02 -1.109897560510000005e+02 1.441596584969999917e+01 -3.553327253359999816e+01
