3.450000000000000000e+05 4.090814899829999831e+03 -5.066737951520000024e+03 -6.804152579139999943e+03 -1.122502536460000044e+02 2.099757498940000033e+01 -5.668846700169999764e+01
6.500000000000000222e-01 4.005256028520000200e+03 -4.980336817399999745e+03 -6.545946269269999902e+03 -1.122693751449999979e+02 2.112966850600000157e+01 -5.626807885070000026e+01
6.500000000000000222e-01 3.916622003720000066e+03 -5.186772582020000300e+03 -6.993889989190000051e+03 -1.125779437319999943e+02 2.101914045259999853e+01 -5.580553972850000122e+01
6.500000000000000222e-01 4.279618106609999813e+03 -4.995350208189999648e+03 -6.604740716360000079e+03 -1.116961512190000008e+02 2.133823541239999955e+01 -5.807759113699999887e+01
6.500000000000000222e-01 4.069098321219999889e+03 -5.162220958339999925e+03 -7.074099943420000272e+03 -1.119875061399999936e+02 1.836008321859999981e+01 -5.634878164429999714e+01
6.500000000000000222e-01 4.203532585650000328e+03 -5.267396246139999676e+03 -6.965478297710000334e+03 -1.124820207770000025e+02 2.120665128550000134e+01 -5.668747867020000086e+01
6.500000000000000222e-01 4.193026875350000410e+03 -4.834929472259999784e+03 -6.929701792310000201e+03 -1.130137410079999967e+02 1.943520053570000172e+01 -5.849282908029999817e+01
6.500000000000000222e-01 3.860270638070000132e+03 -4.960377733129999797e+03 -6.932102288629999748e+03 -1.111717932069999932e+02 2.073232880040000126e+01 -5.759714112099999994e+01
6.500000000000000222e-01 4.256201848720000271e+03 -4.877517560360000061e+03 -6.932498122400000284e+03 -1.125180881330000062e+02 1.913667964940000132e+01 -5.803339525039999813e+01
6.500000000000000222e-01 3.866345874619999904e+03 -4.999523164369999904e+03 -6.634675526209999589e+03 -1.120654222290000064e+02 2.176231118289999955e+01 -5.537317854060000144e+01
6.500000000000000222e-01 3.816425003410000045e+03 -5.089545144699999582e+03 -6.734069007979999697e+03 -1.112947907979999940e+02 2.159133834520000050e+01 -5.398989469560000032e+01
6.500000000000000222e-01 3.917017264900000100e+03 -5.204989552150000236e+03 -6.981066098670000429e+03 -1.126763030179999987e+02 2.044884154240000029e+01 -5.518711161739999937e+01
6.500000000000000222e-01 4.179987039440000444e+03 -5.094178335810000135e+03 -6.537017829710000115e+03 -1.139381437149999954e+02 2.204051525319999882e+01 -5.654923600339999723e+01
6.500000000000000222e-01 4.030312708949999887e+03 -4.908205326170000262e+03 -7.036223092449999967e+03 -1.125373804249999949e+02 2.047291562650000074e+01 -5.686517219720000327e+01
6.500000000000000222e-01 3.931310204479999811e+03 -5.004264716050000061e+03 -7.029025125549999757e+03 -1.098905551229999986e+02 1.991919519620000045e+01 -5.780359565079999840e+01
6.500000000000000222e-01 4.246700820220000423e+03 -5.028865195309999763e+03 -6.571756218649999937e+03 -1.132788210460000045e+02 2.152389624010000091e+01 -5.691053971310000037e+01
6.500000000000000222e-01 3.959530557600000066e+03 -5.286382077109999955e+03 -6.927650491460000012e+03 -1.108922715300000021e+02 2.193783031150000085e+01 -5.910194049239999714e+01
6.500000000000000222e-01 3.872886576630000036e+03 -5.134216471540000384e+03 -6.970779707360000430e+03 -1.126128951000000029e+02 2.051189062259999929e+01 -5.476129617149999973e+01
6.500000000000000222e-01 4.104846271989999877e+03 -5.182811036869999953e+03 -6.548190844419999848e+03 -1.134799854030000006e+02 2.396581939509999870e+01 -5.606599159539999988e+01
6.500000000000000222e-01 3.977075931740000215e+03 -5.147273327910000262e+03 -6.555480017769999904e+03 -1.107314450519999980e+02 2.255418750819999829e+01 -5.548891069169999923e+01
6.500000000000000222e-01 4.134353720500000236e+03 -4.969570949529999780e+03 -7.066562850600000274e+03 -1.115283740750000021e+02 1.852185395909999954e+01 -5.709892078480000066e+01
6.500000000000000222e-01 3.891933465520000027e+03 -4.898625189409999621e+03 -6.925045185279999714e+03 -1.126624589519999944e+02 2.148102274940000100e+01 -5.498774538819999691e+01
6.500000000000000222e-01 3.935635411390000172e+03 -4.871614499000000251e+03 -6.940608052769999631e+03 -1.114667527449999938e+02 1.994150201380000098e+01 -5.793530084119999657e+01
6.500000000000000222e-01 4.223002848869999980e+03 -4.895236378880000302e+03 -6.619485875839999608e+03 -1.143437189880000062e+02 2.033615514830000137e+01 -5.486145894839999926e+01
6.500000000000000222e-01 4.324180500610000308e+03 -5.086532154620000256e+03 -6.646296411450000051e+03 -1.133775679320000052e+02 2.103296724169999976e+01 -5.656719388570000007e+01
6.500000000000000222e-01 4.311945161349999580e+03 -5.058895148380000137e+03 -6.628984992630000306e+03 -1.126988540690000065e+02 2.107775484649999953e+01 -5.754198314770000167e+01
6.500000000000000222e-01 4.063869385250000050e+03 -5.296744014109999625e+03 -6.638733709559999625e+03 -1.115887218799999943e+02 2.248048930139999868e+01 -5.541662844969999924e+01
6.500000000000000222e-01 3.967761647960000118e+03 -4.916081784320000224e+03 -7.014778632780000407e+03 -1.131064522770000025e+02 2.191190913639999849e+01 -5.526372733400000214e+01
6.500000000000000222e-01 3.897024693649999790e+03 -5.255323672669999723e+03 -6.886817793180000081e+03 -1.120887884379999946e+02 2.107505304369999877e+01 -5.481813246090000291e+01
6.500000000000000222e-01 3.986599350699999832e+03 -4.816664836850000029e+03 -6.903127680839999812e+03 -1.127876825280000048e+02 2.100755043410000056e+01 -5.620647180230000117e+01
6.500000000000000222e-01 3.966609346730000198e+03 -5.211120192839999618e+03 -6.593401904229999673e+03 -1.132178894430000042e+02 2.048325034080000151e+01 -5.810545463870000304e+01
6.500000000000000222e-01 4.280037167499999669e+03 -4.896298365970000305e+03 -6.681317582169999696e+03 -1.126135280090000066e+02 2.005395956370000121e+01 -5.648573719110000013e+01
6.500000000000000222e-01 3.861625780870000199e+03 -5.157165673419999621e+03 -6.662104786599999898e+03 -1.130496118020000011e+02 2.135933464069999843e+01 -5.828194596470000022e+01
6.500000000000000222e-01 3.811754067429999850e+03 -5.105878394870000193e+03 -6.827856355130000338e+03 -1.118179812089999956e+02 2.132219545479999923e+01 -5.399793044780000173e+01
6.500000000000000222e-01 4.159191695599999548e+03 -5.011034579789999952e+03 -7.075714670520000254e+03 -1.133742929579999981e+02 1.964149569900000003e+01 -5.736063506060000350e+01
6.500000000000000222e-01 3.978333494099999825e+03 -4.806021586369999568e+03 -6.782467282730000079e+03 -1.123419613580000060e+02 2.062343407559999875e+01 -5.389836322549999892e+01
6.500000000000000222e-01 4.088201565989999835e+03 -4.785471148329999778e+03 -6.852428077329999724e+03 -1.129178543080000026e+02 2.075060340330000130e+01 -5.596586846240000312e+01
6.500000000000000222e-01 4.118589659940000274e+03 -4.929563075009999920e+03 -7.047014371510000274e+03 -1.110622103719999956e+02 1.866402898320000148e+01 -5.682930428929999778e+01
6.500000000000000222e-01 4.167892340389999845e+03 -4.951990086750000046e+03 -6.555212709149999682e+03 -1.127013544590000009e+02 1.987829549299999954e+01 -5.603045564469999817e+01
6.500000000000000222e-01 3.960174686670000028e+03 -5.196607722669999930e+03 -6.588527209050000238e+03 -1.126391347750000023e+02 2.316495972559999927e+01 -5.614905381330000012e+01
6.500000000000000222e-01 4.162849766160000399e+03 -4.893814993789999789e+03 -6.588756588100000045e+03 -1.121943393370000024e+02 2.246404008740000080e+01 -5.769398458199999880e+01
9.810000000000000000e+05 8.288797730569999840e+04 -2.939227519560000133e+02 3.522092385300000024e+04 -8.891329979050000887e+00 2.647584623939999915e+01 -5.238349603359999662e+01
6.500000000000000222e-01 8.342184822210000129e+04 -1.701430646530000104e+03 3.716211881549999816e+04 -8.150629016419999928e+00 2.556568579820000053e+01 -5.273408881680000349e+01
6.500000000000000222e-01 8.447136298859999806e+04 1.014496485340000049e+03 3.387901329969999642e+04 -9.207734626849999771e+00 2.586776554860000132e+01 -5.331938426399999997e+01
6.500000000000000222e-01 8.358968327170000703e+04 -1.833987631599999986e+03 3.699748678349999682e+04 -9.208129136409999305e+00 2.734578652909999974e+01 -5.148927582710000195e+01
6.500000000000000222e-01 8.047309381079999730e+04 -4.571018715370000223e+02 3.481712013789999764e+04 -9.002112645220000431e+00 2.649223180510000120e+01 -5.219980767309999692e+01
6.500000000000000222e-01 8.458236897029999818e+04 1.295661527440000100e+03 3.443256283670000266e+04 -8.676956990820000826e+00 2.680791409589999930e+01 -5.117764536789999852e+01
6.500000000000000222e-01 8.179981237640000472e+04 1.902660148480000089e+03 3.531032223389999854e+04 -8.875306483350000164e+00 2.639248266099999896e+01 -5.278721223819999864e+01
6.500000000000000222e-01 8.236215578050000477e+04 3.131313104070000009e+02 3.753883510340000066e+04 -7.996064068049999918e+00 2.547940955139999986e+01 -5.200671752409999726e+01
6.500000000000000222e-01 8.286055256060000102e+04 2.159128727249999883e+03 3.520447430280000117e+04 -8.884198677609999706e+00 2.640756746230000118e+01 -5.279546456660000331e+01
6.500000000000000222e-01 8.268637638050000533e+04 6.043056820699999889e+02 3.294579828370000178e+04 -9.019375238780000359e+00 2.582207244570000171e+01 -5.273187310929999683e+01
6.500000000000000222e-01 8.180502122989999771e+04 -3.120837210309999818e+02 3.301932457319999958e+04 -8.755305869860000811e+00 2.648889827889999893e+01 -5.247208322150000015e+01
6.500000000000000222e-01 8.464477178959999583e+04 -1.435104194660000076e+03 3.394804770770000323e+04 -8.778046062899999669e+00 2.652497802230000090e+01 -5.164340257890000174e+01
6.500000000000000222e-01 8.230611552079999819e+04 -2.551675276809999957e+02 3.760397070730000269e+04 -8.812662911549999478e+00 2.649065365399999905e+01 -5.241550135519999998e+01
6.500000000000000222e-01 8.190926039720000699e+04 -2.142687239410000075e+03 3.650518378820000362e+04 -8.344925551139999342e+00 2.605320114419999911e+01 -5.233538175169999818e+01
6.500000000000000222e-01 8.256704406529999687e+04 -2.637866990869999881e+03 3.456605075979999674e+04 -8.631924851269999976e+00 2.651992665079999867e+01 -5.323085233009999939e+01
6.500000000000000222e-01 8.125324793369999679e+04 -2.114271732889999839e+03 3.540423996730000363e+04 -8.830032083269999887e+00 2.654305827439999987e+01 -5.131492596380000037e+01
6.500000000000000222e-01 8.405588781780000136e+04 -2.261693538630000148e+03 3.434501735500000359e+04 -9.136897417449999281e+00 2.671300999400000009e+01 -5.187139227889999660e+01
6.500000000000000222e-01 8.522317183940000541e+04 3.172067129010000031e+02 3.566301460039999802e+04 -8.681695210009999997e+00 2.643459478910000016e+01 -5.291376132940000332e+01
6.500000000000000222e-01 8.532759081660000084e+04 -3.874643421769999918e+01 3.528180385229999956e+04 -8.849185658190000581e+00 2.647230132429999827e+01 -5.214620193399999692e+01
6.500000000000000222e-01 8.175301376719999826e+04 -1.767841707490000090e+03 3.362046058210000047e+04 -8.278421186299999235e+00 2.628048791280000174e+01 -5.274013803260000088e+01
6.500000000000000222e-01 8.198546269549999852e+04 4.847080249219999928e+02 3.736676046399999905e+04 -8.580765457700000098e+00 2.624827970380000153e+01 -5.201936864470000188e+01
6.500000000000000222e-01 8.203979404259999865e+04 1.021620693390000042e+03 3.332957353529999818e+04 -9.680886730219999237e+00 2.744850684960000109e+01 -5.162829279910000224e+01
6.500000000000000222e-01 8.442879711889999453e+04 -1.790006687750000083e+03 3.402890675400000327e+04 -8.798347700709999941e+00 2.642113229219999937e+01 -5.295033228110000323e+01
6.500000000000000222e-01 8.388792303180000454e+04 -2.518715469069999926e+03 3.548268862770000123e+04 -8.830271149159999666e+00 2.642241823299999837e+01 -5.364884230279999855e+01
6.500000000000000222e-01 8.295845572790000006e+04 1.138710889769999994e+03 3.322873924960000295e+04 -9.256837266130000685e+00 2.766504366699999906e+01 -5.174084228070000080e+01
6.500000000000000222e-01 8.480739100990000588e+04 -1.680857053819999919e+03 3.586935272180000175e+04 -8.522792176930000352e+00 2.623166082099999841e+01 -5.302806608769999741e+01
6.500000000000000222e-01 8.161411842749999778e+04 1.478381833879999931e+03 3.633622640620000311e+04 -8.360067539190000119e+00 2.578976470819999989e+01 -5.149194576069999840e+01
6.500000000000000222e-01 8.443104695020000509e+04 -1.618183809849999989e+03 3.658943587670000124e+04 -8.793075742410000117e+00 2.651430559770000173e+01 -5.305691266030000008e+01
6.500000000000000222e-01 8.445071441719999711e+04 6.210575563439999769e+02 3.356627343259999907e+04 -8.470121019280000496e+00 2.700998169149999839e+01 -5.155174422319999650e+01
6.500000000000000222e-01 8.251379547610000009e+04 -5.882458774369999901e+02 3.281409042300000146e+04 -9.847726840789999159e+00 2.593276216759999997e+01 -5.214977997580000135e+01
6.500000000000000222e-01 8.270421431070000108e+04 -5.952153723579999678e+02 3.279308003889999964e+04 -9.431988848799999658e+00 2.602648097249999992e+01 -5.224809785389999917e+01
6.500000000000000222e-01 8.072484210540000640e+04 -9.766223692199999959e+02 3.615734809990000213e+04 -9.308342682570000193e+00 2.652003006389999840e+01 -5.314117147510000194e+01
6.500000000000000222e-01 8.324209215850000328e+04 1.901799982360000058e+03 3.626274371899999824e+04 -9.366241671859999229e+00 2.687557260970000073e+01 -5.229732220300000023e+01
6.500000000000000222e-01 8.191575404480000725e+04 1.605000984159999916e+03 3.642551878189999843e+04 -8.656357100659999304e+00 2.636465720480000030e+01 -5.309395960679999860e+01
6.500000000000000222e-01 8.424816265430000203e+04 -2.185397972700000082e+03 3.598629176010000083e+04 -8.761292441089999272e+00 2.634673798989999938e+01 -5.350081772560000104e+01
6.500000000000000222e-01 8.485715896679999423e+04 1.018113158269999985e+03 3.457110538369999995e+04 -8.705779240589999191e+00 2.624171591309999840e+01 -5.245710490439999774e+01
6.500000000000000222e-01 8.291663722239999333e+04 5.093718811549999828e+02 3.753950121599999693e+04 -9.058981125309999882e+00 2.767739513340000101e+01 -5.275076084300000190e+01
6.500000000000000222e-01 8.472973518220000551e+04 -1.777542294099999935e+03 3.586703151329999673e+04 -9.116014854490000374e+00 2.676961324799999886e+01 -5.200679632250000139e+01
6.500000000000000222e-01 8.046239263820000633e+04 -3.341098392239999839e+02 3.558883830270000180e+04 -9.135591938530000178e+00 2.647386114009999858e+01 -5.373261740950000132e+01
6.500000000000000222e-01 8.362608198699999775e+04 1.778659786550000035e+03 3.631088217669999722e+04 -9.299871269589999656e+00 2.701534526889999910e+01 -5.261150978119999877e+01
6.500000000000000222e-01 8.520667671270000574e+04 6.346208658670000347e+01 3.593884632299999794e+04 -9.048425019330000652e+00 2.649134746300000032e+01 -5.179644606539999785e+01
4.560000000000000000e+04 6.036910263470000245e+03 2.672804108270000143e+03 1.720854326280000168e+04 2.068475238450000120e+02 -5.993403183360000241e+01 2.085080506790000072e+02
6.500000000000000222e-01 6.111470329589999892e+03 2.644169815809999818e+03 1.739785803880000094e+04 2.060888288740000007e+02 -5.950372922239999696e+01 2.090009758189999900e+02
6.500000000000000222e-01 5.997292097630000171e+03 2.714297410159999799e+03 1.701078416949999882e+04 2.061282097039999996e+02 -5.933151404769999715e+01 2.085967344130000072e+02
6.500000000000000222e-01 5.977094377260000329e+03 2.701993530849999843e+03 1.740283963239999866e+04 2.078244858109999882e+02 -6.033751386529999650e+01 2.089440606969999976e+02
6.500000000000000222e-01 6.146464646720000019e+03 2.527159245809999902e+03 1.711926194910000049e+04 2.063257253939999885e+02 -5.937423070130000013e+01 2.078027291809999895e+02
6.500000000000000222e-01 6.148768362189999607e+03 2.520316835080000146e+03 1.713644654140000057e+04 2.065739952769999945e+02 -5.970431356019999924e+01 2.089195923949999951e+02
6.500000000000000222e-01 5.940608539380000366e+03 2.638298200079999788e+03 1.738659424080000099e+04 2.066041384750000134e+02 -5.982472010730000278e+01 2.084032405979999965e+02
6.500000000000000222e-01 5.931758968819999609e+03 2.621849392640000133e+03 1.703951312930000131e+04 2.075211469980000061e+02 -5.981747872329999893e+01 2.079062450499999954e+02
6.500000000000000222e-01 6.173387919859999784e+03 2.664118356490000224e+03 1.705592384630000015e+04 2.059630580099999975e+02 -5.991378478530000251e+01 2.078084109689999934e+02
6.500000000000000222e-01 6.164525099090000367e+03 2.549299015130000043e+03 1.730565804149999894e+04 2.066161097060000031e+02 -5.961822239530000189e+01 2.083156518790000007e+02
6.500000000000000222e-01 5.977443453629999567e+03 2.487427207230000022e+03 1.714865149540000129e+04 2.066341421349999905e+02 -5.946288708090000341e+01 2.081429409110000108e+02
6.500000000000000222e-01 6.092143707330000325e+03 2.528636020829999779e+03 1.733972369489999983e+04 2.063728899349999892e+02 -5.905170727440000178e+01 2.090894821919999913e+02
6.500000000000000222e-01 6.211868533699999716e+03 2.566780390710000120e+03 1.720640836470000067e+04 2.067127586430000008e+02 -5.983173319069999962e+01 2.075882920440000134e+02
6.500000000000000222e-01 6.093630308990000231e+03 2.487963492379999934e+03 1.726815371949999826e+04 2.065849723899999901e+02 -5.956758520929999889e+01 2.082476449190000096e+02
6.500000000000000222e-01 6.077061175529999673e+03 2.544748559440000008e+03 1.736658669519999967e+04 2.073841611709999881e+02 -6.054760168850000213e+01 2.082686870940000006e+02
6.500000000000000222e-01 5.954382773110000016e+03 2.754251912629999879e+03 1.703789076579999892e+04 2.071872142059999931e+02 -6.040311705490000094e+01 2.078844438030000106e+02
6.500000000000000222e-01 6.235291298449999886e+03 2.718448403750000125e+03 1.718805068949999986e+04 2.066101051070000096e+02 -5.997593072840000161e+01 2.076645774270000118e+02
6.500000000000000222e-01 5.991312680259999979e+03 2.867645112960000006e+03 1.725278375310000047e+04 2.069279359660000068e+02 -6.024675082600000309e+01 2.095073695039999961e+02
6.500000000000000222e-01 6.191318287559999590e+03 2.710589783479999824e+03 1.733810197479999988e+04 2.070905890520000128e+02 -5.974271545189999699e+01 2.081909192500000074e+02
6.500000000000000222e-01 6.179770874099999673e+03 2.818908266259999891e+03 1.721896246320000137e+04 2.067719965539999976e+02 -6.009138758809999814e+01 2.087431839969999885e+02
6.500000000000000222e-01 6.078163142110000081e+03 2.865910053929999776e+03 1.726518849630000113e+04 2.066930915650000031e+02 -6.018228444719999715e+01 2.094261427790000027e+02
6.500000000000000222e-01 6.230856493479999699e+03 2.738081656660000135e+03 1.721507891029999882e+04 2.067572603590000142e+02 -5.996293795689999939e+01 2.076795552460000067e+02
6.500000000000000222e-01 5.920196553800000402e+03 2.536936968680000064e+03 1.730736977839999963e+04 2.072197869130000072e+02 -5.941189564460000128e+01 2.093380237510000086e+02
6.500000000000000222e-01 5.846044046539999727e+03 2.652827719979999983e+03 1.713721644739999829e+04 2.069093421919999969e+02 -5.999081446990000188e+01 2.086251195190000089e+02
6.500000000000000222e-01 6.010734836089999590e+03 2.874327680700000201e+03 1.718972871210000085e+04 2.069174786709999978e+02 -6.008226035490000072e+01 2.093917476510000029e+02
6.500000000000000222e-01 6.110874440370000229e+03 2.684453056580000066e+03 1.740032223650000014e+04 2.064625182499999880e+02 -6.001080489769999815e+01 2.088505894120000050e+02
6.500000000000000222e-01 5.968587554990000172e+03 2.483664299009999922e+03 1.717398461429999952e+04 2.066995056250000005e+02 -5.970050304520000140e+01 2.088513027379999869e+02
6.500000000000000222e-01 6.132434673050000129e+03 2.818122785590000149e+03 1.710036728500000027e+04 2.063624599389999901e+02 -6.037186932550000051e+01 2.077239604989999862e+02
6.500000000000000222e-01 5.996161041340000338e+03 2.481497414639999988e+03 1.727293449949999922e+04 2.071703851750000069e+02 -6.008346295900000200e+01 2.083066363510000087e+02
6.500000000000000222e-01 6.212514601840000068e+03 2.622024786450000192e+03 1.730083026629999949e+04 2.071264889009999877e+02 -5.993319038979999647e+01 2.078241826729999957e+02
6.500000000000000222e-01 5.881946079270000155e+03 2.543124015949999830e+03 1.717518172960000084e+04 2.068510565789999873e+02 -5.973261720139999653e+01 2.083950496429999930e+02
6.500000000000000222e-01 5.930876847430000453e+03 2.808047435399999813e+03 1.732052312420000089e+04 2.072784493949999955e+02 -6.040533870019999796e+01 2.093940393190000009e+02
6.500000000000000222e-01 6.105530388760000278e+03 2.733359941019999951e+03 1.702483052939999834e+04 2.074105765889999873e+02 -5.952396853470000337e+01 2.088399878159999901e+02
6.500000000000000222e-01 6.153987336559999676e+03 2.523148397250000016e+03 1.728604795699999886e+04 2.070659240409999882e+02 -6.012177643089999890e+01 2.076927099170000020e+02
6.500000000000000222e-01 6.203927742900000339e+03 2.790678911070000140e+03 1.719860154250000051e+04 2.067028987239999935e+02 -6.004346617950000109e+01 2.076512291530000027e+02
6.500000000000000222e-01 6.131131356670000059e+03 2.851196430580000197e+03 1.717611039639999944e+04 2.067884693860000027e+02 -6.026163198830000312e+01 2.078046030669999880e+02
6.500000000000000222e-01 5.891643553410000095e+03 2.542709816070000215e+03 1.727019868570000108e+04 2.072253537020000067e+02 -5.968596026729999693e+01 2.093451744600000097e+02
6.500000000000000222e-01 5.896187882920000447e+03 2.814305323510000107e+03 1.725344387579999966e+04 2.068291047060000096e+02 -5.989301015710000087e+01 2.075633139660000097e+02
6.500000000000000222e-01 6.157986239849999947e+03 2.520307268219999969e+03 1.727732250270000077e+04 2.068642286060000117e+02 -5.983572118069999846e+01 2.090496550050000053e+02
6.500000000000000222e-01 6.212240538989999550e+03 2.756299506809999912e+03 1.727412074690000009e+04 2.064700389200000075e+02 -6.008088409559999832e+01 2.095749579589999883e+02
6.500000000000000222e-01 5.948584808659999908e+03 2.621076803540000128e+03 1.738645692839999901e+04 2.062457563819999962e+02 -6.014457654899999994e+01 2.081504923500000075e+02
1.390000000000000000e+04 -9.083298423919999550e+03 1.683408482950000007e+03 1.345096461740000086e+04 -2.435976048539999965e+02 2.035088654440000084e+02 -3.238401527650000276e+02
6.500000000000000222e-01 -9.188920963450000272e+03 1.772692306850000023e+03 1.348804156329999932e+04 -2.437343241060000025e+02 2.035717694649999885e+02 -3.243283468660000040e+02
6.500000000000000222e-01 -9.150484177099999215e+03 1.663307397770000080e+03 1.357598656149999988e+04 -2.440179856800000096e+02 2.033722831929999870e+02 -3.239598124379999717e+02
6.500000000000000222e-01 -9.003260951430000205e+03 1.663088352340000029e+03 1.356779871420000018e+04 -2.438389157999999952e+02 2.035089657400000078e+02 -3.237228211149999879e+02
6.500000000000000222e-01 -9.001696819360000518e+03 1.721023376430000098e+03 1.333913471629999913e+04 -2.430797501769999940e+02 2.036566721339999901e+02 -3.235683707819999881e+02
6.500000000000000222e-01 -8.975022058470000047e+03 1.757084243259999994e+03 1.350701382449999983e+04 -2.439436050379999870e+02 2.033654558080000072e+02 -3.233504208620000213e+02
6.500000000000000222e-01 -9.125939511959999436e+03 1.774515675249999958e+03 1.355323624940000082e+04 -2.435121610379999879e+02 2.030677306329999965e+02 -3.232865753030000064e+02
6.500000000000000222e-01 -9.033070272580000164e+03 1.565317747020000070e+03 1.339136372219999976e+04 -2.436510645550000049e+02 2.035913850670000045e+02 -3.234913660889999960e+02
6.500000000000000222e-01 -9.129138157100000171e+03 1.554955918000000111e+03 1.349121492860000035e+04 -2.436601106269999946e+02 2.038678153760000100e+02 -3.233484135420000030e+02
6.500000000000000222e-01 -9.092013689139999769e+03 1.567953178729999991e+03 1.353718814220000058e+04 -2.433572691480000003e+02 2.032525744650000092e+02 -3.239038459849999754e+02
6.500000000000000222e-01 -9.027819026679999297e+03 1.791711432359999890e+03 1.352405738089999977e+04 -2.435090603140000098e+02 2.030616550370000084e+02 -3.236425263859999859e+02
6.500000000000000222e-01 -8.943594613110000864e+03 1.675087328869999965e+03 1.342238582830000087e+04 -2.437477487010000061e+02 2.035172917820000009e+02 -3.244068377809999788e+02
6.500000000000000222e-01 -9.060021086160000777e+03 1.548285738770000080e+03 1.340923677789999965e+04 -2.434588579720000041e+02 2.033787838229999920e+02 -3.233352473720000262e+02
6.500000000000000222e-01 -8.993791845319999993e+03 1.573320391030000110e+03 1.343037910440000087e+04 -2.435613712439999858e+02 2.035463737960000117e+02 -3.239272125819999815e+02
6.500000000000000222e-01 -9.079138977360000354e+03 1.592471039719999908e+03 1.333951931080000031e+04 -2.433140655960000061e+02 2.029922797019999905e+02 -3.235832464200000231e+02
6.500000000000000222e-01 -9.192773124490000555e+03 1.679772595249999995e+03 1.354329892060000020e+04 -2.437733533820000105e+02 2.035111770940000042e+02 -3.239196098869999787e+02
6.500000000000000222e-01 -8.972228901910000786e+03 1.598008885640000017e+03 1.342340256659999977e+04 -2.435325739380000130e+02 2.035083276080000019e+02 -3.233210938650000230e+02
6.500000000000000222e-01 -9.017317571310000858e+03 1.639398889999999938e+03 1.333253446439999971e+04 -2.438828635460000100e+02 2.038212061860000119e+02 -3.241116527020000149e+02
6.500000000000000222e-01 -9.021523394249999910e+03 1.663469596090000096e+03 1.357811985249999998e+04 -2.432733223790000068e+02 2.034114181699999904e+02 -3.240789233070000250e+02
6.500000000000000222e-01 -9.179444252330000381e+03 1.579418169949999992e+03 1.343519291650000014e+04 -2.435556097520000094e+02 2.036808520140000098e+02 -3.239526556800000208e+02
6.500000000000000222e-01 -9.145644239299999754e+03 1.799824472459999924e+03 1.350066040269999939e+04 -2.434177056400000083e+02 2.032083087279999916e+02 -3.237466096690000086e+02
6.500000000000000222e-01 -9.052907114499999807e+03 1.572243144309999934e+03 1.353701550209999914e+04 -2.435991369070000019e+02 2.037747470459999874e+02 -3.233903180280000242e+02
6.500000000000000222e-01 -9.145503682459999254e+03 1.685595836239999926e+03 1.332231443260000015e+04 -2.429139129639999908e+02 2.034815765929999998e+02 -3.241360172999999918e+02
6.500000000000000222e-01 -9.170316896149999593e+03 1.717180351259999952e+03 1.356055663119999917e+04 -2.440018088829999954e+02 2.036878164999999967e+02 -3.239593657460000031e+02
6.500000000000000222e-01 -9.010338139760000558e+03 1.752014795020000065e+03 1.334871956239999963e+04 -2.437578671550000138e+02 2.036626659009999969e+02 -3.239089322720000155e+02
6.500000000000000222e-01 -9.149458901570000307e+03 1.623886227199999894e+03 1.333924345840000024e+04 -2.438982590649999906e+02 2.033681637919999901e+02 -3.235107320860000186e+02
6.500000000000000222e-01 -9.104197906049999801e+03 1.609445258169999988e+03 1.332963871379999910e+04 -2.433100456290000011e+02 2.030980247699999950e+02 -3.237408136990000003e+02
6.500000000000000222e-01 -9.106085388850000527e+03 1.606237477359999957e+03 1.333322508559999915e+04 -2.437564456240000084e+02 2.032755305190000001e+02 -3.235822575349999966e+02
6.500000000000000222e-01 -8.946460764479999852e+03 1.671954640339999969e+03 1.341148667989999922e+04 -2.437750118730000111e+02 2.035293019309999920e+02 -3.243986712700000226e+02
6.500000000000000222e-01 -9.060845238390000304e+03 1.628577412480000021e+03 1.358110139859999981e+04 -2.439534304400000053e+02 2.041310453719999884e+02 -3.235140135959999839e+02
6.500000000000000222e-01 -9.080791090999999142e+03 1.544943753649999962e+03 1.341935176759999922e+04 -2.436407974500000080e+02 2.035894825889999993e+02 -3.233281801910000013e+02
6.500000000000000222e-01 -9.058947321789999478e+03 1.543235953319999908e+03 1.346351834760000020e+04 -2.435723518449999858e+02 2.035545360860000130e+02 -3.244351987829999757e+02
6.500000000000000222e-01 -9.011414221000000907e+03 1.635699849569999969e+03 1.333643810449999910e+04 -2.439773512069999981e+02 2.038328069320000111e+02 -3.243640532800000074e+02
6.500000000000000222e-01 -8.940972139679999600e+03 1.693536781479999945e+03 1.344593935489999967e+04 -2.436439774060000047e+02 2.034920180290000076e+02 -3.233499819580000008e+02
6.500000000000000222e-01 -9.018338341340000625e+03 1.745521700300000020e+03 1.333944259869999951e+04 -2.439437348410000084e+02 2.034050881299999958e+02 -3.241866629319999902e+02
6.500000000000000222e-01 -9.087006242470000871e+03 1.543892288170000029e+03 1.347926676810000026e+04 -2.436318156350000095e+02 2.037868620920000069e+02 -3.232173490640000182e+02
6.500000000000000222e-01 -9.176108338399999411e+03 1.776392103249999991e+03 1.339267129790000035e+04 -2.437610578469999894e+02 2.036756498860000022e+02 -3.233901035139999749e+02
6.500000000000000222e-01 -9.075614999280000120e+03 1.732254105440000103e+03 1.358542075210000075e+04 -2.438257915229999924e+02 2.028964187610000067e+02 -3.235355316519999747e+02
6.500000000000000222e-01 -9.022574168630000713e+03 1.671655084980000083e+03 1.332135870389999945e+04 -2.430517100120000009e+02 2.033907431089999989e+02 -3.237476955079999925e+02
6.500000000000000222e-01 -9.103088776869999492e+03 1.679966869410000072e+03 1.359296460189999925e+04 -2.431250554279999960e+02 2.036173664529999883e+02 -3.236596361549999870e+02
6.500000000000000222e-01 -9.134204491219999909e+03 1.665775201030000062e+03 1.358397764909999933e+04 -2.442479739139999992e+02 2.033517862639999976e+02 -3.239607422380000230e+02
1.190000000000000000e+04 -4.737265496070000154e+03 6.209359481790000245e+03 -1.331504943839999942e+04 -2.695682520139999951e+02 -2.739363798200000133e+01 7.719697156940000582e+01
6.500000000000000222e-01 -4.822036066880000362e+03 6.118789277619999666e+03 -1.326645625599999948e+04 -2.695475909379999848e+02 -2.755069564969999973e+01 7.671225865130000443e+01
6.500000000000000222e-01 -4.828226235920000363e+03 6.115865201569999954e+03 -1.328880877660000078e+04 -2.694216405579999787e+02 -2.720664312330000101e+01 7.773880613629999914e+01
6.500000000000000222e-01 -4.621063592040000003e+03 6.243815334429999893e+03 -1.336979634330000044e+04 -2.695011110149999922e+02 -2.730830066769999931e+01 7.771757051490000379e+01
6.500000000000000222e-01 -4.635091816479999579e+03 6.125017798500000026e+03 -1.332973790209999970e+04 -2.696772871580000128e+02 -2.732673915930000064e+01 7.685320051760000126e+01
6.500000000000000222e-01 -4.754312555900000007e+03 6.308964688420000130e+03 -1.340219971269999951e+04 -2.694773596609999800e+02 -2.785001124620000112e+01 7.658543513989999951e+01
6.500000000000000222e-01 -4.816442508490000364e+03 6.313605456659999618e+03 -1.328922264490000089e+04 -2.694730646680000063e+02 -2.752138641830000054e+01 7.763101722529999904e+01
6.500000000000000222e-01 -4.705244260849999591e+03 6.203928313100000196e+03 -1.318519609510000009e+04 -2.693716933449999829e+02 -2.750782338320000164e+01 7.725226348190000181e+01
6.500000000000000222e-01 -4.857440223030000197e+03 6.181441235289999895e+03 -1.336453218659999948e+04 -2.695000442840000119e+02 -2.737165052799999998e+01 7.735373500660000445e+01
6.500000000000000222e-01 -4.776405755660000068e+03 6.116167201559999739e+03 -1.340237256220000017e+04 -2.695398426180000229e+02 -2.771074182439999944e+01 7.758083209240000144e+01
6.500000000000000222e-01 -4.712763115660000039e+03 6.157815907219999644e+03 -1.319477853110000069e+04 -2.697072955269999852e+02 -2.730763029190000069e+01 7.728531611030000192e+01
6.500000000000000222e-01 -4.836806841419999728e+03 6.123022668380000141e+03 -1.333285386660000040e+04 -2.694945450850000270e+02 -2.736882173180000066e+01 7.776143574460000707e+01
6.500000000000000222e-01 -4.698163418129999627e+03 6.165679366579999623e+03 -1.343476521479999974e+04 -2.693157827009999892e+02 -2.765550812580000084e+01 7.742527262970000379e+01
6.500000000000000222e-01 -4.809471030169999722e+03 6.280200294500000382e+03 -1.322879893129999982e+04 -2.691720069930000250e+02 -2.779422564980000132e+01 7.764196138920000578e+01
6.500000000000000222e-01 -4.660910716669999601e+03 6.316129799559999810e+03 -1.329323583859999962e+04 -2.696759102249999955e+02 -2.738848403920000152e+01 7.671740711340000018e+01
6.500000000000000222e-01 -4.643793953059999694e+03 6.191451278169999568e+03 -1.322158926690000044e+04 -2.698944136470000217e+02 -2.737834382910000031e+01 7.755229364859999919e+01
6.500000000000000222e-01 -4.865567684069999814e+03 6.234974106960000427e+03 -1.333875753140000052e+04 -2.694092301549999888e+02 -2.739512322619999907e+01 7.701217959699999938e+01
6.500000000000000222e-01 -4.652288222459999815e+03 6.239461497549999876e+03 -1.321623240230000010e+04 -2.696868279280000138e+02 -2.767504202430000149e+01 7.743767650069999320e+01
6.500000000000000222e-01 -4.717533693119999953e+03 6.208935612909999691e+03 -1.318259405359999982e+04 -2.689467175300000008e+02 -2.750309491410000007e+01 7.722229093650000209e+01
6.500000000000000222e-01 -4.731531668730000092e+03 6.152385726329999670e+03 -1.319465273479999996e+04 -2.697476904370000170e+02 -2.691413872100000049e+01 7.748838245129999791e+01
6.500000000000000222e-01 -4.734846731990000080e+03 6.341792209309999635e+03 -1.332561998029999995e+04 -2.695582255119999786e+02 -2.750270007130000138e+01 7.751059868369999606e+01
6.500000000000000222e-01 -4.612504003860000012e+03 6.171948817980000058e+03 -1.328575914179999927e+04 -2.696657236030000035e+02 -2.743935687769999987e+01 7.738365402099999812e+01
6.500000000000000222e-01 -4.797786959510000088e+03 6.094063288749999629e+03 -1.328591496580000057e+04 -2.694099626550000153e+02 -2.748143546240000035e+01 7.689892242010000700e+01
6.500000000000000222e-01 -4.641566555579999658e+03 6.291850036859999818e+03 -1.327335356990000037e+04 -2.694932861600000251e+02 -2.739828494769999878e+01 7.662674070020000272e+01
6.500000000000000222e-01 -4.718755937939999967e+03 6.077913374490000024e+03 -1.330660025119999955e+04 -2.695809542380000039e+02 -2.725071960960000084e+01 7.768359820070000410e+01
6.500000000000000222e-01 -4.861986925909999627e+03 6.167318305359999613e+03 -1.329567463610000050e+04 -2.693802892319999955e+02 -2.731067607219999971e+01 7.762069316299999855e+01
6.500000000000000222e-01 -4.814283862010000121e+03 6.262949596880000172e+03 -1.341028250409999964e+04 -2.698762540459999855e+02 -2.712707644279999997e+01 7.747542637840000168e+01
6.500000000000000222e-01 -4.733946684069999719e+03 6.080855664020000404e+03 -1.328370542690000002e+04 -2.696687652649999904e+02 -2.720783929139999913e+01 7.714888713630000439e+01
6.500000000000000222e-01 -4.715487535639999805e+03 6.301421049249999669e+03 -1.340955169720000049e+04 -2.695229564090000167e+02 -2.699334653980000098e+01 7.749962806310000474e+01
6.500000000000000222e-01 -4.815344436430000314e+03 6.315864977690000160e+03 -1.329480601820000084e+04 -2.696027603709999880e+02 -2.736389613529999920e+01 7.661634411890000251e+01
6.500000000000000222e-01 -4.812009046219999618e+03 6.240548593100000289e+03 -1.320860191800000030e+04 -2.698026332300000263e+02 -2.728723775579999966e+01 7.699411857290000682e+01
6.500000000000000222e-01 -4.848100532749999729e+03 6.199315797070000372e+03 -1.324219008790000044e+04 -2.696735540130000004e+02 -2.746068882730000027e+01 7.679290797289999659e+01
6.500000000000000222e-01 -4.801314820089999557e+03 6.148078387239999756e+03 -1.321509416489999967e+04 -2.691970108599999776e+02 -2.703934821269999844e+01 7.768299060270000211e+01
6.500000000000000222e-01 -4.693142847609999990e+03 6.267496275280000191e+03 -1.320329170689999955e+04 -2.692671767649999879e+02 -2.710997760249999899e+01 7.692076060429999984e+01
6.500000000000000222e-01 -4.744292254750000211e+03 6.342256601420000152e+03 -1.332198896539999987e+04 -2.696002079660000277e+02 -2.744480899850000100e+01 7.769591483809999488e+01
6.500000000000000222e-01 -4.861174341420000019e+03 6.215372460499999761e+03 -1.336387374649999947e+04 -2.693215868010000236e+02 -2.733658997630000087e+01 7.671491094290000490e+01
6.500000000000000222e-01 -4.731528717750000396e+03 6.281160741349999626e+03 -1.342712581110000065e+04 -2.694164891610000154e+02 -2.720865745769999933e+01 7.729985285780000481e+01
6.500000000000000222e-01 -4.668664093860000321e+03 6.278616662919999726e+03 -1.340625183040000047e+04 -2.693349634479999963e+02 -2.736658489390000071e+01 7.740221035669999594e+01
6.500000000000000222e-01 -4.802679722539999602e+03 6.132793078769999738e+03 -1.340199943150000036e+04 -2.695748857799999882e+02 -2.687837034789999890e+01 7.690247798219999709e+01
6.500000000000000222e-01 -4.631366863930000363e+03 6.128990827929999796e+03 -1.332382207860000017e+04 -2.696687830820000045e+02 -2.734448212430000069e+01 7.699785598590000291e+01
6.500000000000000222e-01 -4.686585039900000083e+03 6.304049367380000149e+03 -1.339420541340000091e+04 -2.694383393350000233e+02 -2.716432348320000045e+01 7.756832215229999861e+01
