3.450000000000000000e+05 4.416993122849999963e+03 -5.120390497680000408e+03 -6.621996871110000029e+03 -1.068941890659999956e+02 1.460146331390000007e+01 -6.675718496060000007e+01
6.500000000000000222e-01 4.594904024209999989e+03 -5.299371974480000063e+03 -6.498454369250000127e+03 -1.078196897159999992e+02 1.551579873530000064e+01 -6.696804548080000075e+01
6.500000000000000222e-01 4.262751208169999700e+03 -5.233336982400000124e+03 -6.411138760920000095e+03 -1.055613494109999948e+02 1.512816908499999968e+01 -6.580404269899999292e+01
6.500000000000000222e-01 4.225825031409999610e+03 -5.191011046010000427e+03 -6.421744167799999559e+03 -1.059076288579999954e+02 1.580056467520000041e+01 -6.523131573839999930e+01
6.500000000000000222e-01 4.346402195220000067e+03 -5.380529270400000314e+03 -6.532538296140000057e+03 -1.066449257660000001e+02 1.576935056419999981e+01 -6.486867029820000141e+01
6.500000000000000222e-01 4.499641483569999764e+03 -5.262884392599999956e+03 -6.386919667420000224e+03 -1.067009056140000069e+02 1.482907258630000058e+01 -6.646580344490000414e+01
6.500000000000000222e-01 4.465389492680000330e+03 -5.010457278640000368e+03 -6.362899002799999835e+03 -1.064120719419999972e+02 1.658876181850000009e+01 -6.749437598080000100e+01
6.500000000000000222e-01 4.303061315369999647e+03 -5.068383681719999913e+03 -6.365266622750000352e+03 -1.083288094400000006e+02 1.542642351769999998e+01 -6.721284212649999290e+01
6.500000000000000222e-01 4.493477040169999782e+03 -5.022334697520000191e+03 -6.365017766089999895e+03 -1.070003824909999963e+02 1.635182284469999914e+01 -6.730037792390000106e+01
6.500000000000000222e-01 4.576123350810000375e+03 -5.166069011219999993e+03 -6.389822332210000241e+03 -1.065012257319999947e+02 1.440245184539999990e+01 -6.737642006699999797e+01
6.500000000000000222e-01 4.477523658150000301e+03 -5.114135655050000423e+03 -6.343349028970000290e+03 -1.051925500360000001e+02 1.513949147679999996e+01 -6.716726914939999915e+01
6.500000000000000222e-01 4.276644990130000224e+03 -5.233888420579999547e+03 -6.401520946569999978e+03 -1.053781286960000045e+02 1.584891721720000035e+01 -6.531654397319999816e+01
6.500000000000000222e-01 4.164923725579999882e+03 -5.036543084420000014e+03 -6.520291071769999689e+03 -1.068228361559999939e+02 1.472488205039999976e+01 -6.706172510529999897e+01
6.500000000000000222e-01 4.342298290290000295e+03 -4.905886329939999996e+03 -6.454792167909999989e+03 -1.064319503159999982e+02 1.423266109809999946e+01 -6.705603102070000432e+01
6.500000000000000222e-01 4.210451156780000019e+03 -5.038138778300000013e+03 -6.441591881510000348e+03 -1.083328508649999975e+02 1.550056851189999918e+01 -6.806585673140000381e+01
6.500000000000000222e-01 4.190391145870000400e+03 -5.170373004869999932e+03 -6.457212042010000005e+03 -1.064673341750000048e+02 1.485652955780000006e+01 -6.640571616399999755e+01
6.500000000000000222e-01 4.355558628069999941e+03 -5.218049396800000068e+03 -6.361306199139999990e+03 -1.082494450989999990e+02 1.341450379409999982e+01 -6.761489320690000682e+01
6.500000000000000222e-01 4.251523402980000355e+03 -5.168984689410000101e+03 -6.394222590729999865e+03 -1.053161769449999952e+02 1.567420439680000044e+01 -6.515602801560000046e+01
6.500000000000000222e-01 4.378732160370000202e+03 -4.871746130190000258e+03 -6.491711587249999866e+03 -1.067724373199999945e+02 1.481110850980000038e+01 -6.791392570019999653e+01
6.500000000000000222e-01 4.614686325030000262e+03 -4.977896040880000328e+03 -6.475787117279999620e+03 -1.069001521189999977e+02 1.540516361619999941e+01 -6.841862364189999823e+01
6.500000000000000222e-01 4.500001446340000257e+03 -4.871363523070000156e+03 -6.506867727859999832e+03 -1.079259577960000058e+02 1.555157284250000060e+01 -6.744508399020000411e+01
6.500000000000000222e-01 4.321880770839999968e+03 -5.040463437989999875e+03 -6.365609896040000422e+03 -1.058997138409999934e+02 1.380710867180000001e+01 -6.596411036589999810e+01
6.500000000000000222e-01 4.334288692140000421e+03 -5.016120403130000341e+03 -6.368974043510000229e+03 -1.082425631029999948e+02 1.627874177700000047e+01 -6.741751580640000441e+01
6.500000000000000222e-01 4.305106192059999557e+03 -5.259597546439999860e+03 -6.399889070350000111e+03 -1.075633486629999993e+02 1.350945477880000034e+01 -6.799557001969999703e+01
6.500000000000000222e-01 4.259071747420000065e+03 -5.106114976959999694e+03 -6.383806737959999737e+03 -1.076923351079999946e+02 1.518405489569999922e+01 -6.687997440899999901e+01
6.500000000000000222e-01 4.238829671989999952e+03 -5.125433051169999999e+03 -6.398501822060000450e+03 -1.065045525240000046e+02 1.512230677209999996e+01 -6.610451242870000499e+01
6.500000000000000222e-01 4.435394781809999586e+03 -4.957623364770000080e+03 -6.386480342429999837e+03 -1.075883236840000023e+02 1.690366526969999939e+01 -6.761283716410000011e+01
6.500000000000000222e-01 4.283766608580000138e+03 -4.955645931140000357e+03 -6.433655704800000422e+03 -1.058346039380000008e+02 1.338961549539999929e+01 -6.516112208479999879e+01
6.500000000000000222e-01 4.354361808489999930e+03 -5.181872584030000326e+03 -6.350465684329999931e+03 -1.054850684550000040e+02 1.628846326080000040e+01 -6.599798234589999879e+01
6.500000000000000222e-01 4.381370847369999865e+03 -5.029061114170000110e+03 -6.354671437189999779e+03 -1.066788264569999996e+02 1.447301270570000042e+01 -6.662370471459999521e+01
6.500000000000000222e-01 4.554805801600000450e+03 -4.956354467610000029e+03 -6.434062051539999629e+03 -1.085046637850000053e+02 1.362366749669999955e+01 -6.492853676170000199e+01
6.500000000000000222e-01 4.324852598239999679e+03 -5.200254653220000364e+03 -6.364143004309999924e+03 -1.077359361670000055e+02 1.562776157200000071e+01 -6.677033960449999483e+01
6.500000000000000222e-01 4.551695993749999616e+03 -5.064957137350000266e+03 -6.377193865770000230e+03 -1.092057255160000011e+02 1.405446802940000062e+01 -6.557025934210000173e+01
6.500000000000000222e-01 4.384689012120000370e+03 -5.124077791779999643e+03 -6.338166767149999941e+03 -1.049879134490000041e+02 1.534361128219999948e+01 -6.633078766520000613e+01
6.500000000000000222e-01 4.627346628379999856e+03 -4.953299490289999994e+03 -6.528351217839999663e+03 -1.066425970420000056e+02 1.435272243640000056e+01 -6.817405369959999462e+01
6.500000000000000222e-01 4.421223398310000448e+03 -5.131301242470000034e+03 -6.336813811850000093e+03 -1.065199652050000054e+02 1.327241259710000065e+01 -6.674489524359999848e+01
6.500000000000000222e-01 4.418063264759999583e+03 -5.070567898680000326e+03 -6.341020166559999780e+03 -1.068905248730000039e+02 1.445916055460000038e+01 -6.661233039879999751e+01
6.500000000000000222e-01 4.444183900459999677e+03 -4.875961362860000008e+03 -6.471227219379999951e+03 -1.082686938460000050e+02 1.580617366439999927e+01 -6.690115281939999647e+01
6.500000000000000222e-01 4.283294384490000084e+03 -5.325462711670000317e+03 -6.479269387559999814e+03 -1.077516679050000050e+02 1.556226629380000048e+01 -6.755580632880000280e+01
6.500000000000000222e-01 4.562346989499999836e+03 -4.964648379899999782e+03 -6.433243078399999831e+03 -1.063040361139999987e+02 1.415257933740000063e+01 -6.724455912899999532e+01
6.500000000000000222e-01 4.331364451849999568e+03 -5.319382701120000092e+03 -6.438347101379999913e+03 -1.065596142680000042e+02 1.664337012649999892e+01 -6.516209827800000198e+01
4.560000000000000000e+04 5.426716390509999655e+03 2.847813930700000128e+03 1.658857780780000030e+04 2.087274693379999917e+02 -5.901584893980000146e+01 2.143807865150000111e+02
6.500000000000000222e-01 5.368139219210000192e+03 3.000463373520000005e+03 1.671526519320000079e+04 2.084823261980000098e+02 -5.891037316789999778e+01 2.147569602609999890e+02
6.500000000000000222e-01 5.514585301039999649e+03 2.921499124810000012e+03 1.675891300689999844e+04 2.091747074600000076e+02 -5.842876715020000233e+01 2.140000398450000034e+02
6.500000000000000222e-01 5.364259653310000431e+03 2.985091411379999954e+03 1.672780372519999946e+04 2.085028560789999972e+02 -5.843543729710000179e+01 2.137325034989999892e+02
6.500000000000000222e-01 5.393802936109999791e+03 2.845599487810000028e+03 1.679118956940000135e+04 2.089766183460000093e+02 -5.898312610119999988e+01 2.144726344599999948e+02
6.500000000000000222e-01 5.473032866520000425e+03 2.890607520120000117e+03 1.678407560260000173e+04 2.081985850060000018e+02 -5.967097982429999803e+01 2.147678624160000140e+02
6.500000000000000222e-01 5.429584488960000272e+03 2.842190346039999895e+03 1.679381003050000072e+04 2.086228335529999924e+02 -5.869297313260000237e+01 2.144651085959999932e+02
6.500000000000000222e-01 5.554018816910000169e+03 2.700929287989999921e+03 1.665282194639999943e+04 2.088273583200000019e+02 -5.910217290140000301e+01 2.135193386660000101e+02
6.500000000000000222e-01 5.426781596189999618e+03 2.850328510199999982e+03 1.679390072579999833e+04 2.087737845960000129e+02 -5.867182641720000191e+01 2.144532091609999895e+02
6.500000000000000222e-01 5.386183935930000189e+03 3.033403931519999787e+03 1.666307652379999854e+04 2.089273076069999888e+02 -5.904143670159999857e+01 2.137285897840000075e+02
6.500000000000000222e-01 5.242640269669999725e+03 2.844700876129999870e+03 1.667855926550000004e+04 2.087737826270000028e+02 -5.901564332259999901e+01 2.142071289970000123e+02
6.500000000000000222e-01 5.515298836910000318e+03 2.790093745449999915e+03 1.676520398239999849e+04 2.084857542659999865e+02 -5.885999099450000216e+01 2.147713898130000132e+02
6.500000000000000222e-01 5.625493520650000391e+03 2.834602920159999940e+03 1.663732630060000156e+04 2.086675238029999946e+02 -5.900699404179999874e+01 2.144035020929999860e+02
6.500000000000000222e-01 5.475733474659999956e+03 2.944390136240000174e+03 1.676345292479999989e+04 2.084009125290000100e+02 -5.859686073649999827e+01 2.144326984029999892e+02
6.500000000000000222e-01 5.418291929840000194e+03 2.792311885510000138e+03 1.678584400390000155e+04 2.085127722029999973e+02 -5.940172045980000348e+01 2.142669680010000093e+02
6.500000000000000222e-01 5.438829008030000296e+03 2.861490837190000093e+03 1.679314527369999996e+04 2.092991184630000134e+02 -5.834953807229999967e+01 2.144002322720000109e+02
6.500000000000000222e-01 5.464663952709999649e+03 2.784918468249999933e+03 1.678084027050000077e+04 2.088356366440000045e+02 -5.890337721950000116e+01 2.145862167070000055e+02
6.500000000000000222e-01 5.392340993110000454e+03 2.839059342300000026e+03 1.679079618390000178e+04 2.091679561779999972e+02 -5.883296954699999759e+01 2.145208964800000047e+02
6.500000000000000222e-01 5.421308702080000330e+03 2.847295765469999878e+03 1.679383272550000038e+04 2.086448556599999904e+02 -5.900020693279999762e+01 2.144496686690000047e+02
6.500000000000000222e-01 5.342901026540000203e+03 2.742914084410000214e+03 1.674333957849999933e+04 2.082852061810000066e+02 -5.879332197659999792e+01 2.141673756490000073e+02
6.500000000000000222e-01 5.564187646540000060e+03 2.729233821740000167e+03 1.668625253140000132e+04 2.091215001529999995e+02 -5.933725091779999872e+01 2.138806330390000028e+02
6.500000000000000222e-01 5.343044622960000197e+03 2.978314886120000210e+03 1.672166615409999940e+04 2.092943069369999876e+02 -5.971880199240000309e+01 2.151001632610000058e+02
6.500000000000000222e-01 5.498355027030000201e+03 2.778447115599999961e+03 1.676719111429999975e+04 2.088222758560000045e+02 -5.902175530979999962e+01 2.141997639829999969e+02
6.500000000000000222e-01 5.419282452729999932e+03 2.864773921940000037e+03 1.679310449199999857e+04 2.091969074520000049e+02 -5.988308327400000053e+01 2.145611242829999981e+02
6.500000000000000222e-01 5.436408785200000239e+03 3.011335195680000197e+03 1.671065094160000081e+04 2.090179977249999865e+02 -5.981761626059999770e+01 2.150892530870000030e+02
6.500000000000000222e-01 5.383791012659999978e+03 2.879121962220000114e+03 1.678707082850000006e+04 2.090855813629999886e+02 -5.917053504540000120e+01 2.145836677890000033e+02
6.500000000000000222e-01 5.481781123789999583e+03 2.771116842819999874e+03 1.677026477420000083e+04 2.089595602409999913e+02 -5.931504714100000086e+01 2.140963667549999911e+02
6.500000000000000222e-01 5.342370017850000295e+03 2.920227452650000032e+03 1.676015589900000123e+04 2.094354898249999906e+02 -5.959389215960000286e+01 2.147749689540000020e+02
6.500000000000000222e-01 5.545088091560000066e+03 2.915986149310000201e+03 1.674208101439999882e+04 2.083592944989999864e+02 -5.946160144510000123e+01 2.150105329259999962e+02
6.500000000000000222e-01 5.269654528009999922e+03 2.723201866769999924e+03 1.663090102689999912e+04 2.089980543270000055e+02 -5.892162673520000027e+01 2.151046561599999905e+02
6.500000000000000222e-01 5.322383309439999721e+03 2.674030308630000036e+03 1.661977170770000157e+04 2.089185279090000051e+02 -5.895535807760000324e+01 2.148504339229999971e+02
6.500000000000000222e-01 5.500090162000000419e+03 2.870574528269999973e+03 1.677914970090000133e+04 2.083305805729999918e+02 -5.923718450599999841e+01 2.146894589290000113e+02
6.500000000000000222e-01 5.414321072890000323e+03 2.760191375179999795e+03 1.677432895229999849e+04 2.091382800949999989e+02 -5.937870753349999831e+01 2.143975080449999950e+02
6.500000000000000222e-01 5.470670931720000226e+03 2.761127634209999997e+03 1.676841895550000118e+04 2.082189895569999862e+02 -5.818877883009999863e+01 2.147276929980000091e+02
6.500000000000000222e-01 5.391602249759999722e+03 2.897023674479999954e+03 1.678462134650000007e+04 2.093918266290000076e+02 -5.979790294330000222e+01 2.147298842849999971e+02
6.500000000000000222e-01 5.471665129719999641e+03 2.878780319450000206e+03 1.678652504150000095e+04 2.086965550300000132e+02 -5.881089897180000037e+01 2.144440960210000071e+02
6.500000000000000222e-01 5.420240545499999826e+03 2.654360489820000112e+03 1.665811124629999904e+04 2.089364660169999866e+02 -5.883634777670000204e+01 2.150973995100000025e+02
6.500000000000000222e-01 5.384739395870000408e+03 2.881667615039999873e+03 1.678641060030000153e+04 2.087471656300000120e+02 -5.899033373689999848e+01 2.143751734630000101e+02
6.500000000000000222e-01 5.454282519379999940e+03 2.848342538110000078e+03 1.679211739410000155e+04 2.078021642159999942e+02 -5.899811551679999866e+01 2.146120041229999913e+02
6.500000000000000222e-01 5.397809470270000020e+03 2.761190863880000052e+03 1.677277626059999966e+04 2.092046723859999986e+02 -5.914195106519999712e+01 2.145093158159999973e+02
6.500000000000000222e-01 5.366321921779999684e+03 2.838380098210000142e+03 1.678446177869999883e+04 2.084378448569999875e+02 -5.908212710650000332e+01 2.143084018250000042e+02
1.390000000000000000e+04 -8.348235845440000048e+03 1.072590465530000074e+03 1.441346080529999927e+04 -2.470627137710000056e+02 2.040496574519999911e+02 -3.178850826020000113e+02
6.500000000000000222e-01 -8.469755653239999447e+03 1.120151782200000071e+03 1.447146083050000016e+04 -2.472142191199999957e+02 2.040658380589999865e+02 -3.183204145450000055e+02
6.500000000000000222e-01 -8.442552879029999531e+03 1.172770904859999973e+03 1.445119538319999992e+04 -2.468970210699999939e+02 2.038407985519999954e+02 -3.172666862610000180e+02
6.500000000000000222e-01 -8.227501872619999631e+03 1.014134079069999984e+03 1.446229643849999957e+04 -2.469466849979999949e+02 2.040061898369999938e+02 -3.185108243650000190e+02
6.500000000000000222e-01 -8.311280536579999534e+03 1.023753126130000055e+03 1.454304368439999962e+04 -2.467356190920000074e+02 2.036007128050000006e+02 -3.180635291770000208e+02
6.500000000000000222e-01 -8.317362888989999192e+03 1.030834247830000095e+03 1.454706789690000005e+04 -2.471474462109999877e+02 2.041575213810000093e+02 -3.177460307979999925e+02
6.500000000000000222e-01 -8.231531970800000636e+03 1.115592616070000076e+03 1.448411458789999961e+04 -2.471452797400000065e+02 2.038973114300000020e+02 -3.177242445740000107e+02
6.500000000000000222e-01 -8.453895272370000384e+03 1.023411488200000008e+03 1.449668891810000059e+04 -2.474047421139999869e+02 2.040473275370000010e+02 -3.182092170799999735e+02
6.500000000000000222e-01 -8.243816907250000440e+03 1.066065657169999895e+03 1.451078293730000041e+04 -2.467005780460000040e+02 2.040295660109999858e+02 -3.183623378429999775e+02
6.500000000000000222e-01 -8.396418004510000173e+03 1.119223687420000033e+03 1.453933888479999951e+04 -2.467852004019999868e+02 2.037190474600000130e+02 -3.177250099909999790e+02
6.500000000000000222e-01 -8.359696954400000322e+03 1.032900187180000103e+03 1.455059294000000045e+04 -2.470036644660000036e+02 2.037566899059999912e+02 -3.178909042099999738e+02
6.500000000000000222e-01 -8.380238455419999809e+03 1.155515763449999895e+03 1.452462030899999991e+04 -2.470057274479999876e+02 2.041061195689999863e+02 -3.181054588060000015e+02
6.500000000000000222e-01 -8.348827510990000519e+03 1.072885124850000011e+03 1.455658170350000000e+04 -2.465689493810000101e+02 2.037186675789999981e+02 -3.178283510119999846e+02
6.500000000000000222e-01 -8.360227843049999137e+03 1.112056101780000063e+03 1.455022027499999967e+04 -2.468925718090000032e+02 2.036879238889999897e+02 -3.177813531520000083e+02
6.500000000000000222e-01 -8.380762390410000080e+03 1.179658670139999913e+03 1.450413916470000004e+04 -2.472877734820000057e+02 2.040454888989999915e+02 -3.175765282880000200e+02
6.500000000000000222e-01 -8.431215154920000714e+03 1.154866269300000113e+03 1.449512082229999942e+04 -2.472019377590000033e+02 2.041390621660000022e+02 -3.182863821729999927e+02
6.500000000000000222e-01 -8.336241400939999949e+03 1.075366690260000041e+03 1.455603008600000067e+04 -2.465179593230000137e+02 2.041897279110000056e+02 -3.178911182319999966e+02
6.500000000000000222e-01 -8.341763544280000133e+03 1.044714871839999887e+03 1.455368901010000081e+04 -2.469599644129999945e+02 2.034406337629999939e+02 -3.179632577959999935e+02
6.500000000000000222e-01 -8.436484915859999091e+03 1.051237177470000006e+03 1.452396655619999910e+04 -2.467112786380000102e+02 2.040836942800000031e+02 -3.175505917199999999e+02
6.500000000000000222e-01 -8.353110248470000442e+03 1.067893072719999964e+03 1.455640271519999988e+04 -2.471980367849999993e+02 2.040208529450000015e+02 -3.178455801690000158e+02
6.500000000000000222e-01 -8.355991468480000549e+03 1.035789871279999943e+03 1.455160276940000040e+04 -2.471553292389999967e+02 2.034717820689999996e+02 -3.179797531940000113e+02
6.500000000000000222e-01 -8.354398148259999289e+03 1.070581350429999929e+03 1.455644353459999911e+04 -2.465301152780000109e+02 2.042582004930000039e+02 -3.178015740430000164e+02
6.500000000000000222e-01 -8.304692043520000880e+03 1.123369545849999895e+03 1.453985754160000033e+04 -2.467326198480000130e+02 2.044279729040000007e+02 -3.181533084970000118e+02
6.500000000000000222e-01 -8.398065871139999217e+03 1.067587401049999926e+03 1.454759252059999926e+04 -2.469523165409999876e+02 2.040965096790000075e+02 -3.177615454919999820e+02
6.500000000000000222e-01 -8.350475448659999529e+03 1.087707733239999925e+03 1.455577784679999968e+04 -2.470844709200000011e+02 2.035214394699999900e+02 -3.177729235780000181e+02
6.500000000000000222e-01 -8.479474852569999712e+03 1.051678228080000054e+03 1.446655646990000059e+04 -2.471913211490000037e+02 2.040768133939999984e+02 -3.181229241240000079e+02
6.500000000000000222e-01 -8.356205319770000642e+03 1.048824652839999999e+03 1.455439596510000047e+04 -2.469231887589999985e+02 2.042498614730000099e+02 -3.177871613899999943e+02
6.500000000000000222e-01 -8.307228654129999995e+03 1.133519972679999910e+03 1.453611674569999923e+04 -2.467638982709999880e+02 2.043915531369999883e+02 -3.181715525309999748e+02
6.500000000000000222e-01 -8.339134290669999245e+03 1.117553318850000096e+03 1.454916832059999979e+04 -2.473372410499999887e+02 2.041047168750000083e+02 -3.178094133550000038e+02
6.500000000000000222e-01 -8.411370961669999815e+03 1.090887450429999944e+03 1.454058018620000075e+04 -2.465519966379999914e+02 2.038691954939999960e+02 -3.175312377179999999e+02
6.500000000000000222e-01 -8.365592392360000304e+03 1.057516394049999917e+03 1.455471343589999924e+04 -2.470416040140000007e+02 2.040031972920000101e+02 -3.178360226639999837e+02
6.500000000000000222e-01 -8.301313746789999641e+03 1.012781097570000043e+03 1.453463976469999943e+04 -2.467692169530000115e+02 2.036331069299999967e+02 -3.182030542840000180e+02
6.500000000000000222e-01 -8.252527491759999975e+03 1.158463361600000098e+03 1.447570264669999960e+04 -2.473636376439999935e+02 2.038667695990000084e+02 -3.173363247369999840e+02
6.500000000000000222e-01 -8.382789108979999583e+03 1.116686490419999927e+03 1.454525997210000060e+04 -2.467772882250000066e+02 2.036000922620000040e+02 -3.175709265140000070e+02
6.500000000000000222e-01 -8.344236892670000088e+03 1.075511601019999944e+03 1.455648923049999939e+04 -2.466043552449999936e+02 2.044219806639999888e+02 -3.178555880509999838e+02
6.500000000000000222e-01 -8.338773573039999974e+03 1.091418996489999927e+03 1.455500605240000004e+04 -2.469316307169999902e+02 2.045449918179999997e+02 -3.179159656759999848e+02
6.500000000000000222e-01 -8.317802440179999394e+03 1.100056827500000054e+03 1.455051436389999981e+04 -2.467172907929999894e+02 2.044675898399999880e+02 -3.180243386239999950e+02
6.500000000000000222e-01 -8.324819950769999195e+03 1.048962619870000026e+03 1.455260344040000018e+04 -2.475732558709999864e+02 2.045140136580000103e+02 -3.176931039400000145e+02
6.500000000000000222e-01 -8.377844143970000005e+03 1.109741435919999958e+03 1.454873898899999949e+04 -2.474374195800000109e+02 2.044146223760000112e+02 -3.179393261189999862e+02
6.500000000000000222e-01 -8.387356850910000503e+03 1.054002206350000051e+03 1.454990290029999960e+04 -2.476449001699999997e+02 2.037907778459999975e+02 -3.180119760590000055e+02
6.500000000000000222e-01 -8.241023860330000389e+03 1.136293948830000090e+03 1.448332625120000012e+04 -2.473047077999999885e+02 2.038096182639999938e+02 -3.174011742469999717e+02
