3.450000000000000000e+05 2.728571661410000161e+03 -4.701482926859999679e+03 -7.230898550709999654e+03 -1.282175184239999908e+02 4.396697467789999791e+01 -1.749626144790000026e+01
6.500000000000000222e-01 2.639688242809999792e+03 -4.608382084640000357e+03 -6.962314192640000329e+03 -1.287503862730000037e+02 4.504488250520000037e+01 -1.600058317470000091e+01
6.500000000000000222e-01 2.558639196080000147e+03 -4.821712522239999998e+03 -7.412096000999999887e+03 -1.271224520829999989e+02 4.389532692030000049e+01 -1.692989769380000098e+01
6.500000000000000222e-01 2.915364235670000198e+03 -4.625130812520000291e+03 -7.047227512479999859e+03 -1.291518030649999957e+02 4.452008952319999935e+01 -1.883251725219999884e+01
6.500000000000000222e-01 2.715335101600000144e+03 -4.830550283919999856e+03 -7.501169259940000302e+03 -1.269965258160000019e+02 4.065209125460000195e+01 -1.799136367899999911e+01
6.500000000000000222e-01 2.840492472960000214e+03 -4.900937314650000189e+03 -7.399395892399999866e+03 -1.281676063259999978e+02 4.397084853209999977e+01 -1.882022319969999913e+01
6.500000000000000222e-01 2.819932139099999858e+03 -4.495070499159999599e+03 -7.374756908870000188e+03 -1.293706894720000093e+02 4.100485980340000225e+01 -1.894311821410000007e+01
6.500000000000000222e-01 2.516613522589999775e+03 -4.600758218140000281e+03 -7.364447915660000035e+03 -1.259662525330000022e+02 4.318881268580000210e+01 -1.761965362629999987e+01
6.500000000000000222e-01 2.887656675369999903e+03 -4.540857213100000081e+03 -7.374331805800000438e+03 -1.290833032140000114e+02 4.074898215889999875e+01 -1.883705406289999829e+01
6.500000000000000222e-01 2.507936851529999785e+03 -4.620734294199999567e+03 -7.039781282269999792e+03 -1.276756785430000036e+02 4.560492271020000032e+01 -1.492978521709999917e+01
6.500000000000000222e-01 2.470308561039999859e+03 -4.712891693200000191e+03 -7.125820024939999712e+03 -1.262825298909999958e+02 4.539812408280000255e+01 -1.399238302090000019e+01
6.500000000000000222e-01 2.557880084420000003e+03 -4.845710991470000408e+03 -7.392594786810000187e+03 -1.272290878179999964e+02 4.345366544139999831e+01 -1.636744927459999843e+01
6.500000000000000222e-01 2.792613180819999798e+03 -4.711599485900000218e+03 -6.961966029530000014e+03 -1.309692270539999868e+02 4.602986263889999918e+01 -1.723402953189999920e+01
6.500000000000000222e-01 2.668460938419999820e+03 -4.555971767949999958e+03 -7.462717082840000330e+03 -1.278495077129999942e+02 4.214804945480000242e+01 -1.731785679020000046e+01
6.500000000000000222e-01 2.602227333970000018e+03 -4.655769057679999605e+03 -7.466739995719999570e+03 -1.247027674029999957e+02 4.203330777560000087e+01 -1.839709954030000105e+01
6.500000000000000222e-01 2.865133657639999910e+03 -4.654744359209999857e+03 -7.000835122860000411e+03 -1.306173448970000095e+02 4.504222897919999724e+01 -1.761088166649999920e+01
6.500000000000000222e-01 2.619510415270000067e+03 -4.908690546329999961e+03 -7.385493153639999946e+03 -1.256447533099999987e+02 4.519416125480000090e+01 -2.065491276930000097e+01
6.500000000000000222e-01 2.514732641779999994e+03 -4.774744592449999800e+03 -7.375196375970000190e+03 -1.271049235069999952e+02 4.342118983790000186e+01 -1.552396007129999944e+01
6.500000000000000222e-01 2.725346598839999842e+03 -4.776560759670000152e+03 -6.968397643399999652e+03 -1.300355440140000098e+02 4.828526427210000094e+01 -1.688229824469999940e+01
6.500000000000000222e-01 2.631161836249999851e+03 -4.756423060520000035e+03 -6.966512616549999620e+03 -1.268375395630000071e+02 4.696534319340000252e+01 -1.585740931419999988e+01
6.500000000000000222e-01 2.782547781159999886e+03 -4.639783968060000007e+03 -7.499020137589999649e+03 -1.271101637080000017e+02 4.014387690990000124e+01 -1.816732140010000052e+01
6.500000000000000222e-01 2.529948142849999840e+03 -4.531506038870000339e+03 -7.326735561640000014e+03 -1.277206182559999945e+02 4.378396692710000337e+01 -1.477118946769999930e+01
6.500000000000000222e-01 2.586283997550000095e+03 -4.523320360570000048e+03 -7.376163962169999650e+03 -1.266831990230000002e+02 4.197504660490000106e+01 -1.784313381080000127e+01
6.500000000000000222e-01 2.829434843410000212e+03 -4.537384550710000440e+03 -7.022316201309999997e+03 -1.316602510380000126e+02 4.336081454170000171e+01 -1.500273681750000065e+01
6.500000000000000222e-01 2.941593161050000163e+03 -4.719336068200000227e+03 -7.074663616539999566e+03 -1.307255949519999945e+02 4.431388865249999753e+01 -1.785452418119999862e+01
6.500000000000000222e-01 2.936727890350000052e+03 -4.691280814490000012e+03 -7.067511180389999936e+03 -1.300963851829999953e+02 4.433229442310000223e+01 -1.867683564100000027e+01
6.500000000000000222e-01 2.709138410330000170e+03 -4.907022989989999587e+03 -7.054394940320000387e+03 -1.275644527270000026e+02 4.685147293650000222e+01 -1.678571261720000152e+01
6.500000000000000222e-01 2.600567610730000069e+03 -4.546411932609999894e+03 -7.421941290820000177e+03 -1.282167424900000015e+02 4.379682921559999897e+01 -1.547765560879999924e+01
6.500000000000000222e-01 2.543989438730000074e+03 -4.885932355330000064e+03 -7.294181567489999907e+03 -1.267363108560000029e+02 4.462977003870000203e+01 -1.598135181129999971e+01
6.500000000000000222e-01 2.619989140040000166e+03 -4.456779730090000157e+03 -7.318193615619999946e+03 -1.284190231439999934e+02 4.297363971050000231e+01 -1.590754861549999966e+01
6.500000000000000222e-01 2.594582178350000049e+03 -4.843409066780000103e+03 -7.035791516029999912e+03 -1.289350734070000044e+02 4.493920830079999718e+01 -1.882836766570000009e+01
6.500000000000000222e-01 2.905731448259999979e+03 -4.543775915469999745e+03 -7.104266018629999962e+03 -1.300079414870000107e+02 4.267696723809999781e+01 -1.697251854479999977e+01
6.500000000000000222e-01 2.494531974529999843e+03 -4.781090508479999698e+03 -7.104081141650000063e+03 -1.282129200930000081e+02 4.551568163169999792e+01 -1.858925895550000007e+01
6.500000000000000222e-01 2.461522422970000207e+03 -4.734042318019999584e+03 -7.220829392829999961e+03 -1.264856006950000022e+02 4.480766111180000166e+01 -1.422571777199999943e+01
6.500000000000000222e-01 2.786625575540000227e+03 -4.668307152180000230e+03 -7.512292617039999641e+03 -1.289302201909999894e+02 4.131280088340000134e+01 -1.862756448260000042e+01
6.500000000000000222e-01 2.614732394560000103e+03 -4.447776818770000318e+03 -7.169841422229999807e+03 -1.283358841529999950e+02 4.310156647710000044e+01 -1.327826258179999996e+01
6.500000000000000222e-01 2.716663821959999950e+03 -4.428899014100000386e+03 -7.265261030609999580e+03 -1.291754998419999936e+02 4.265620023009999784e+01 -1.573080196579999956e+01
6.500000000000000222e-01 2.771684532620000027e+03 -4.598364909160000025e+03 -7.475139444929999627e+03 -1.267087562420000069e+02 4.024856381530000249e+01 -1.765905796859999910e+01
6.500000000000000222e-01 2.793569383689999995e+03 -4.596433488470000157e+03 -6.971215375740000127e+03 -1.298932462580000049e+02 4.341171746589999714e+01 -1.617366813359999966e+01
6.500000000000000222e-01 2.594346924590000071e+03 -4.798659023670000352e+03 -7.008047773330000382e+03 -1.284350116180000043e+02 4.760530356759999648e+01 -1.670711449759999923e+01
6.500000000000000222e-01 2.794327083879999918e+03 -4.511110929690000376e+03 -7.022300509100000454e+03 -1.293741396579999900e+02 4.559009211469999912e+01 -1.760458499019999934e+01
4.560000000000000000e+04 8.341749390760000097e+03 1.979668824110000060e+03 1.946328176869999879e+04 1.997646889689999909e+02 -6.224250211519999709e+01 1.895552285800000050e+02
6.500000000000000222e-01 8.396207811759999458e+03 1.852954737660000092e+03 1.962320163759999923e+04 2.003591990740000028e+02 -6.260215947230000211e+01 1.895045698739999978e+02
6.500000000000000222e-01 8.466376866099999461e+03 2.078829478629999812e+03 1.933860828480000055e+04 1.991649741820000088e+02 -6.293673335310000283e+01 1.888822917859999961e+02
6.500000000000000222e-01 8.396001005039999654e+03 1.865367378590000044e+03 1.962571637120000014e+04 1.995476998590000051e+02 -6.127673647230000142e+01 1.904250364549999972e+02
6.500000000000000222e-01 8.142503552709999894e+03 1.965951521870000079e+03 1.942980619619999925e+04 2.000584226789999889e+02 -6.225252420660000041e+01 1.894445068470000137e+02
6.500000000000000222e-01 8.482950756610000099e+03 2.114568505679999816e+03 1.941417983680000179e+04 1.996043619810000109e+02 -6.226284254509999982e+01 1.905825466469999867e+02
6.500000000000000222e-01 8.253284488859999328e+03 2.159010542559999976e+03 1.946583970590000172e+04 1.999940640250000001e+02 -6.267062701649999923e+01 1.892657050710000135e+02
6.500000000000000222e-01 8.312037858199999391e+03 2.017480188680000083e+03 1.966499495269999898e+04 2.007074813579999955e+02 -6.298165631879999893e+01 1.900874775849999878e+02
6.500000000000000222e-01 8.339910310630000822e+03 2.180385000149999996e+03 1.945754145799999969e+04 1.998036773169999947e+02 -6.269073606660000308e+01 1.893441801419999990e+02
6.500000000000000222e-01 8.322160309340000822e+03 2.043849685729999919e+03 1.926570578590000150e+04 1.995225630120000062e+02 -6.296505132139999716e+01 1.890464517800000124e+02
6.500000000000000222e-01 8.253486859579999873e+03 1.977191197939999938e+03 1.927439650930000062e+04 1.998624307240000064e+02 -6.233560105019999753e+01 1.891416867410000009e+02
6.500000000000000222e-01 8.485956104849999974e+03 1.886248352379999915e+03 1.936569612929999857e+04 1.994340784890000009e+02 -6.204446829009999931e+01 1.900708875210000031e+02
6.500000000000000222e-01 8.296688991940000051e+03 1.984018579049999971e+03 1.966481406749999951e+04 2.001120310009999912e+02 -6.215006958250000224e+01 1.897568157849999864e+02
6.500000000000000222e-01 8.269399214099999881e+03 1.822595540119999896e+03 1.957154845009999917e+04 2.004096532000000082e+02 -6.221611119540000345e+01 1.895891782729999875e+02
6.500000000000000222e-01 8.318079041950000828e+03 1.787265222770000037e+03 1.939522929550000117e+04 1.999164230039999950e+02 -6.186228213060000058e+01 1.887244609729999922e+02
6.500000000000000222e-01 8.208731318230000397e+03 1.830803946009999891e+03 1.949114085630000045e+04 2.000834813989999930e+02 -6.190977366660000314e+01 1.901755922840000039e+02
6.500000000000000222e-01 8.433209995639999761e+03 1.820886076839999987e+03 1.939560495459999947e+04 1.992897017820000087e+02 -6.176259238629999970e+01 1.898598253179999915e+02
6.500000000000000222e-01 8.535968968350000068e+03 2.029877472359999956e+03 1.949563778309999907e+04 1.995741761600000075e+02 -6.232283949699999681e+01 1.894260817379999935e+02
6.500000000000000222e-01 8.542034037440000247e+03 2.000974873840000100e+03 1.947334522350000043e+04 1.994012910959999942e+02 -6.225010935350000096e+01 1.899543318259999864e+02
6.500000000000000222e-01 8.255661391010000443e+03 1.855094849289999956e+03 1.932124710229999982e+04 2.002499937659999887e+02 -6.222698578010000148e+01 1.889505429589999892e+02
6.500000000000000222e-01 8.273454613350000727e+03 2.041536179510000011e+03 1.965006340500000078e+04 2.003285219850000090e+02 -6.245722585610000266e+01 1.900348793690000093e+02
6.500000000000000222e-01 8.260984019310000804e+03 2.099565032959999826e+03 1.931266828420000093e+04 1.991935453270000096e+02 -6.183106706859999946e+01 1.898849220989999935e+02
6.500000000000000222e-01 8.467987276370000473e+03 1.855687993889999916e+03 1.935494446610000159e+04 1.994517102819999934e+02 -6.206861149419999890e+01 1.890611804749999862e+02
6.500000000000000222e-01 8.424159535229999165e+03 1.796373513100000082e+03 1.946846349339999870e+04 1.996248826059999999e+02 -6.189895234269999946e+01 1.886286212649999925e+02
6.500000000000000222e-01 8.341624532730000283e+03 2.112107584530000167e+03 1.930330972950000069e+04 1.993426595910000003e+02 -6.168309544649999765e+01 1.898742209510000123e+02
6.500000000000000222e-01 8.503868158589999439e+03 1.863026459789999990e+03 1.951049070909999864e+04 1.997489875589999997e+02 -6.214783981339999741e+01 1.892501391940000133e+02
6.500000000000000222e-01 8.245496377949999442e+03 2.116703549150000072e+03 1.956976428390000001e+04 2.004899332649999906e+02 -6.300024073229999999e+01 1.903240668530000050e+02
6.500000000000000222e-01 8.469995771030000469e+03 1.872147425149999890e+03 1.957097798870000042e+04 1.996704371110000125e+02 -6.192602682279999726e+01 1.892762481830000070e+02
6.500000000000000222e-01 8.474173274590000801e+03 2.061354057850000117e+03 1.933529918990000078e+04 1.996918266700000117e+02 -6.204412543619999809e+01 1.901663531160000105e+02
6.500000000000000222e-01 8.296943307690000438e+03 1.947219566900000018e+03 1.926151290199999858e+04 1.989192215429999919e+02 -6.269687886629999696e+01 1.893980727130000048e+02
6.500000000000000222e-01 8.317946256339999309e+03 1.947894570780000095e+03 1.925857647540000107e+04 1.991897488150000015e+02 -6.262511149739999894e+01 1.893410721200000069e+02
6.500000000000000222e-01 8.159786460739999711e+03 1.924228451539999924e+03 1.953109151189999830e+04 1.998837532000000010e+02 -6.209303963109999813e+01 1.888891990200000066e+02
6.500000000000000222e-01 8.365487268160000895e+03 2.165934955509999781e+03 1.955408108580000044e+04 1.994732866699999931e+02 -6.225149797219999925e+01 1.898562714070000084e+02
6.500000000000000222e-01 8.266295913680000012e+03 2.134688386320000063e+03 1.955638895799999955e+04 2.002199511649999977e+02 -6.259725872810000169e+01 1.891572450410000101e+02
6.500000000000000222e-01 8.454938764419999643e+03 1.823046172059999890e+03 1.951355567090000113e+04 1.996631866280000054e+02 -6.198353448619999995e+01 1.888392445730000020e+02
6.500000000000000222e-01 8.505055698939999274e+03 2.084419156020000173e+03 1.940906506670000090e+04 1.995358468860000016e+02 -6.262629366689999699e+01 1.896458859509999968e+02
6.500000000000000222e-01 8.343486717530000533e+03 2.062479407710000032e+03 1.965563691380000091e+04 1.998342183059999968e+02 -6.139649860610000331e+01 1.895786276860000044e+02
6.500000000000000222e-01 8.489746061679999912e+03 1.862151158699999996e+03 1.952368231540000124e+04 1.993288811099999975e+02 -6.173438490950000102e+01 1.900030792270000006e+02
6.500000000000000222e-01 8.140305739370000083e+03 1.976139801340000076e+03 1.947511879480000061e+04 2.000149214399999948e+02 -6.225827556499999815e+01 1.883849396399999989e+02
6.500000000000000222e-01 8.397788347210000211e+03 2.157706753280000157e+03 1.955420452609999847e+04 1.994591142310000009e+02 -6.212370820870000188e+01 1.896517220039999927e+02
6.500000000000000222e-01 8.530008440229999906e+03 2.009902410919999966e+03 1.953368455779999931e+04 1.993348837540000034e+02 -6.222719173389999980e+01 1.902821970040000110e+02
1.390000000000000000e+04 -1.173637219619999996e+04 3.951131004880000091e+03 9.693584230059999754e+03 -2.268827352669999868e+02 1.989457104569999899e+02 -3.438835866690000103e+02
6.500000000000000222e-01 -1.169334380310000051e+04 3.934303023540000140e+03 9.827778903379999974e+03 -2.277665427039999884e+02 1.992802970559999949e+02 -3.436893264999999928e+02
6.500000000000000222e-01 -1.176547658079999928e+04 3.984158244849999846e+03 9.557053445559999091e+03 -2.269674152009999943e+02 1.992613331720000076e+02 -3.437493112120000092e+02
6.500000000000000222e-01 -1.177469579759999942e+04 3.968477353409999978e+03 9.833360633750000488e+03 -2.266219606969999916e+02 1.987040056149999998e+02 -3.434554419090000010e+02
6.500000000000000222e-01 -1.166180007900000055e+04 3.854568595019999975e+03 9.624176403699999355e+03 -2.270178945080000119e+02 1.994466148299999873e+02 -3.446060617499999807e+02
6.500000000000000222e-01 -1.165869913590000033e+04 3.847502453229999901e+03 9.644150258469999244e+03 -2.268903888090000009e+02 1.992448060760000033e+02 -3.438730036310000173e+02
6.500000000000000222e-01 -1.180842768009999963e+04 3.928349389869999868e+03 9.818797800379999899e+03 -2.273661277239999947e+02 1.991307639839999979e+02 -3.437510840069999745e+02
6.500000000000000222e-01 -1.180148324519999915e+04 3.917144137469999805e+03 9.573425935900000695e+03 -2.260603666149999924e+02 1.990892627730000015e+02 -3.440932691329999784e+02
6.500000000000000222e-01 -1.164476513370000066e+04 3.944959614700000202e+03 9.579471093460000702e+03 -2.271790167910000093e+02 1.988891705489999993e+02 -3.446382806999999957e+02
6.500000000000000222e-01 -1.165071458680000069e+04 3.868017853129999821e+03 9.757549338720000378e+03 -2.272156154829999934e+02 1.992912511430000109e+02 -3.442812946959999749e+02
6.500000000000000222e-01 -1.177776627249999910e+04 3.826966437460000179e+03 9.650355171569999584e+03 -2.268287705740000035e+02 1.995052836909999883e+02 -3.440441370699999766e+02
6.500000000000000222e-01 -1.170341751730000033e+04 3.858020946590000221e+03 9.788238632939999661e+03 -2.274230755579999936e+02 1.997227312949999884e+02 -3.436230594699999870e+02
6.500000000000000222e-01 -1.161524324379999962e+04 3.878406341419999990e+03 9.682180029209999702e+03 -2.269648748650000130e+02 1.990883069120000073e+02 -3.448657018069999936e+02
6.500000000000000222e-01 -1.169945215699999972e+04 3.826305375389999881e+03 9.732240603360000023e+03 -2.271245732950000047e+02 1.994215898129999971e+02 -3.441995061599999985e+02
6.500000000000000222e-01 -1.170721795919999931e+04 3.858404537840000103e+03 9.801372442480000245e+03 -2.268061424150000107e+02 1.987256992419999904e+02 -3.441335907389999988e+02
6.500000000000000222e-01 -1.178841659529999924e+04 4.004094585339999867e+03 9.571658280699999523e+03 -2.263275723950000042e+02 1.985251243079999881e+02 -3.441287236260000100e+02
6.500000000000000222e-01 -1.159969294439999976e+04 3.981762577500000134e+03 9.669459287039999253e+03 -2.270534592639999971e+02 1.987818715280000106e+02 -3.448332466699999941e+02
6.500000000000000222e-01 -1.176884305409999979e+04 4.083226575839999896e+03 9.732454870539999320e+03 -2.269802312820000054e+02 1.985165012159999947e+02 -3.430886337210000079e+02
6.500000000000000222e-01 -1.162964646680000078e+04 3.978134273300000132e+03 9.778791865880000842e+03 -2.270264921719999904e+02 1.989936559129999978e+02 -3.443811313549999795e+02
6.500000000000000222e-01 -1.163799378249999972e+04 4.050270461269999942e+03 9.699833941250000862e+03 -2.270357503120000047e+02 1.986029319140000098e+02 -3.439831946499999731e+02
6.500000000000000222e-01 -1.171027193749999969e+04 4.082265434360000199e+03 9.738896633500000462e+03 -2.271763642539999921e+02 1.985318679359999976e+02 -3.433132580999999846e+02
6.500000000000000222e-01 -1.160228604000000087e+04 3.995385621630000060e+03 9.688514370240000062e+03 -2.270171080609999876e+02 1.987717533940000010e+02 -3.448072766349999938e+02
6.500000000000000222e-01 -1.181650906089999989e+04 3.861548946429999887e+03 9.770691768020000382e+03 -2.267695397990000004e+02 1.995243522739999946e+02 -3.431197548320000124e+02
6.500000000000000222e-01 -1.186750683969999955e+04 3.937443092580000211e+03 9.648299868759999299e+03 -2.266590568979999887e+02 1.989873151760000098e+02 -3.434323779530000138e+02
6.500000000000000222e-01 -1.175423261989999992e+04 4.088956910819999848e+03 9.687288406800000303e+03 -2.268679741729999932e+02 1.985937922519999859e+02 -3.432070173789999785e+02
6.500000000000000222e-01 -1.169122219740000037e+04 3.958413453019999906e+03 9.828428742899999634e+03 -2.275372227469999871e+02 1.988954629399999874e+02 -3.437811125169999968e+02
6.500000000000000222e-01 -1.178391815909999968e+04 3.822694862199999989e+03 9.673276846070000829e+03 -2.268354988529999900e+02 1.993634082449999880e+02 -3.435575665069999900e+02
6.500000000000000222e-01 -1.167166742789999989e+04 4.047836864360000163e+03 9.610647320989999571e+03 -2.270531259059999911e+02 1.984105067739999981e+02 -3.445747899439999742e+02
6.500000000000000222e-01 -1.176320619099999931e+04 3.818360365099999854e+03 9.737844540739999502e+03 -2.267256830880000109e+02 1.991214429999999993e+02 -3.439678601250000156e+02
6.500000000000000222e-01 -1.161373450450000018e+04 3.915721162620000086e+03 9.749753462439999566e+03 -2.269018312759999958e+02 1.989688815959999886e+02 -3.446895687250000151e+02
6.500000000000000222e-01 -1.184336897800000042e+04 3.863617428210000071e+03 9.672457018089999110e+03 -2.267418021519999911e+02 1.992927883010000016e+02 -3.436746963339999752e+02
6.500000000000000222e-01 -1.180953519400000005e+04 4.041183989919999931e+03 9.780014932079999198e+03 -2.268498577660000137e+02 1.985251897320000012e+02 -3.430518539990000022e+02
6.500000000000000222e-01 -1.168119079840000086e+04 3.995631256730000132e+03 9.566544932369999515e+03 -2.261761788800000090e+02 1.990724961770000050e+02 -3.438087057050000226e+02
6.500000000000000222e-01 -1.165439368199999990e+04 3.846404973140000038e+03 9.739595389789999899e+03 -2.268620526830000017e+02 1.989908126349999975e+02 -3.446808457430000203e+02
6.500000000000000222e-01 -1.162124443190000056e+04 4.031097844869999790e+03 9.677318926609999835e+03 -2.270324304080000104e+02 1.986559675659999868e+02 -3.447623660190000123e+02
6.500000000000000222e-01 -1.167104086780000034e+04 4.071402036540000154e+03 9.664103403089999119e+03 -2.269372727939999947e+02 1.984554623209999988e+02 -3.445044985659999952e+02
6.500000000000000222e-01 -1.183568232250000074e+04 3.863634849309999936e+03 9.745355727820000538e+03 -2.266887400690000050e+02 1.993398079289999885e+02 -3.430605481169999962e+02
6.500000000000000222e-01 -1.183574440859999959e+04 4.049235581630000070e+03 9.720713367680000374e+03 -2.270054593989999887e+02 1.988476980469999944e+02 -3.441963620459999902e+02
6.500000000000000222e-01 -1.165286941509999997e+04 3.846513475000000199e+03 9.743202335300000414e+03 -2.269863375710000071e+02 1.991830215630000112e+02 -3.437910269629999789e+02
6.500000000000000222e-01 -1.161841315129999930e+04 4.007157126139999946e+03 9.743685025599999790e+03 -2.273326315630000067e+02 1.986945584839999981e+02 -3.435040627700000186e+02
6.500000000000000222e-01 -1.180540775329999997e+04 3.914173551989999851e+03 9.816725505899999916e+03 -2.275970315680000056e+02 1.989406009770000026e+02 -3.439371573779999949e+02
3.690000000000000000e+05 1.976597689660000015e+02 5.419512517030000254e+02 -1.577121794900000111e+02 -2.492239541419999966e+02 -8.357013781070000391e+01 1.833950555700000109e+02
6.500000000000000222e-01 9.017483185810000634e+01 5.252124877659999811e+02 -1.096917450079999981e+02 -2.431340732440000068e+02 -9.952660010389999456e+01 1.853468178859999966e+02
6.500000000000000222e-01 -6.611258742210000428e+00 4.433115343320000079e+02 5.353903631409999697e+00 -2.565776240999999800e+02 -1.023018916890000014e+02 1.774805890359999978e+02
6.500000000000000222e-01 1.785416368840000132e+02 5.255306081080000240e+02 -1.095917846429999969e+02 -2.604567656009999723e+02 -8.460595631910000236e+01 1.721465915569999936e+02
6.500000000000000222e-01 4.190623356720000174e+02 6.415047048559999894e+02 -3.368272409780000203e+02 -2.383969174149999901e+02 -6.981085328550000213e+01 1.738601556659999972e+02
6.500000000000000222e-01 2.658158243859999743e+02 5.776096773220000387e+02 -1.685078458229999967e+02 -2.553709103859999914e+02 -8.596236857639999585e+01 1.728366992200000141e+02
6.500000000000000222e-01 1.020665662579999946e+02 4.865855235550000089e+02 -2.500597946399999927e+01 -2.547606648660000133e+02 -1.034120394220000065e+02 1.742358575050000127e+02
6.500000000000000222e-01 2.439723224249999873e+02 5.405195398390000037e+02 -1.859387447459999976e+02 -2.527464409190000083e+02 -6.874118448529999625e+01 1.867992562759999942e+02
6.500000000000000222e-01 6.142331565410000138e+01 4.753282157809999831e+02 -9.887509431919999869e+00 -2.570686597700000107e+02 -8.676411619460000679e+01 1.823944803569999920e+02
6.500000000000000222e-01 1.047793919740000064e+02 4.534823113499999749e+02 -5.015570777559999982e+01 -2.603320407470000077e+02 -8.421748237030000439e+01 1.809447490130000062e+02
6.500000000000000222e-01 2.416816085899999962e+02 5.504006813639999791e+02 -1.578191090990000021e+02 -2.544015756999999951e+02 -9.176921622279999724e+01 1.733527367149999918e+02
6.500000000000000222e-01 3.763754663880000066e+02 6.081996512429999484e+02 -3.408990571229999773e+02 -2.460548191059999965e+02 -6.791098248240000146e+01 1.705899498290000054e+02
6.500000000000000222e-01 2.074231533950000141e+02 5.064528987219999863e+02 -1.341965970930000083e+02 -2.546906164830000137e+02 -7.047535558469999728e+01 1.871744573420000108e+02
6.500000000000000222e-01 2.828724219160000075e+02 5.455517145420000134e+02 -2.234173558779999951e+02 -2.529470586980000064e+02 -6.727992537180000454e+01 1.809091338020000137e+02
6.500000000000000222e-01 2.634438564960000235e+02 5.140344957229999636e+02 -2.201256172829999969e+02 -2.465869261999999935e+02 -6.984528844490000665e+01 1.903380953479999960e+02
6.500000000000000222e-01 -5.450950348000000112e+00 4.529263373489999935e+02 6.383123494230000361e+00 -2.520778561330000116e+02 -1.036164938529999944e+02 1.801351406990000044e+02
6.500000000000000222e-01 3.094711192089999940e+02 5.555554887250000320e+02 -2.031897484810000094e+02 -2.540248686809999867e+02 -6.888353015049999328e+01 1.793103240929999913e+02
6.500000000000000222e-01 3.271389494690000106e+02 6.096638161409999839e+02 -3.373793119489999981e+02 -2.410379959550000137e+02 -6.644644308319999482e+01 1.797518424259999961e+02
6.500000000000000222e-01 2.012190130109999870e+02 5.212190429839999979e+02 -1.281091464060000078e+02 -2.593404980540000224e+02 -8.260812882880000529e+01 1.712733629969999924e+02
6.500000000000000222e-01 7.501173506599999996e+01 4.805696382400000175e+02 -7.270703306309999903e+01 -2.488735697349999896e+02 -8.533222989680000126e+01 1.919872229689999870e+02
6.500000000000000222e-01 1.491339053190000072e+02 5.216632163680000076e+02 -1.015503967439999968e+02 -2.466305930100000126e+02 -9.971577123519999475e+01 1.799489413139999954e+02
6.500000000000000222e-01 1.275006119560000002e+02 4.959048245829999928e+02 -4.435548902330000232e+01 -2.613377047879999964e+02 -8.258429072799999915e+01 1.766532874090000007e+02
6.500000000000000222e-01 2.809576339340000004e+02 5.734458428460000050e+02 -2.762425257510000165e+02 -2.357147506819999876e+02 -7.525263620580000179e+01 1.876027836780000086e+02
6.500000000000000222e-01 8.267581131300000052e+00 4.809494331430000216e+02 -1.186473189600000033e+01 -2.517662698599999942e+02 -1.044484925670000024e+02 1.782535826410000084e+02
6.500000000000000222e-01 3.644152505839999776e+02 6.463295543560000169e+02 -3.459932503630000156e+02 -2.385702406560000099e+02 -7.368575230870000325e+01 1.746537759809999955e+02
6.500000000000000222e-01 1.568280804309999894e+02 5.174547497129999556e+02 -1.552059136359999911e+02 -2.427691976629999999e+02 -7.927809130740000398e+01 1.961425428219999958e+02
6.500000000000000222e-01 2.528294348240000033e+02 5.235354286069999716e+02 -2.292932376710000142e+02 -2.437686162159999981e+02 -7.140503151720000119e+01 1.914228343180000138e+02
6.500000000000000222e-01 2.108665810219999912e+02 5.266182483029999730e+02 -1.979468801760000076e+02 -2.452160824599999955e+02 -7.324978916889999425e+01 1.943124147940000057e+02
6.500000000000000222e-01 3.772595854360000089e+02 6.095434531780000498e+02 -3.474954707129999747e+02 -2.453853461230000050e+02 -6.735015349159999687e+01 1.710081370279999931e+02
6.500000000000000222e-01 8.653074112689999708e+01 5.166576538819999769e+02 -2.932177814570000152e+01 -2.602282296039999778e+02 -9.035827406100000303e+01 1.724211819029999901e+02
6.500000000000000222e-01 1.652846092430000056e+02 5.057081354140000258e+02 -1.054114838469999995e+02 -2.540525788479999960e+02 -7.408126631320000399e+01 1.877197655759999861e+02
6.500000000000000222e-01 1.870403914830000076e+02 5.119184259180000254e+02 -1.731761950949999971e+02 -2.531984094610000113e+02 -6.923979933530000608e+01 1.862065051470000014e+02
6.500000000000000222e-01 3.283326028569999835e+02 6.115385250619999624e+02 -3.584152139629999851e+02 -2.406296526749999884e+02 -6.537929118979999998e+01 1.784079033870000046e+02
6.500000000000000222e-01 3.541343967220000195e+02 5.975771772980000378e+02 -2.350457041399999980e+02 -2.516089696580000066e+02 -7.375422072150000474e+01 1.730078412420000120e+02
6.500000000000000222e-01 3.477743655599999784e+02 6.273267155329999696e+02 -3.658298432099999786e+02 -2.381084838660000003e+02 -7.331646114660000535e+01 1.757862399130000028e+02
6.500000000000000222e-01 1.138527033839999945e+02 4.893645139559999961e+02 -4.066241312399999686e+01 -2.584865875849999952e+02 -8.085546714950000080e+01 1.825838338110000052e+02
6.500000000000000222e-01 1.532579916280000134e+02 5.620235341989999824e+02 -1.322937174170000105e+02 -2.394588753580000002e+02 -9.515407398210000167e+01 1.882326422490000084e+02
6.500000000000000222e-01 9.963113959330000569e+01 4.704058430730000282e+02 -3.832460969929999806e+01 -2.599216544450000015e+02 -9.936440900850000446e+01 1.733261707849999880e+02
6.500000000000000222e-01 3.949653220650000094e+02 6.015837266170000248e+02 -3.373449361230000250e+02 -2.388833291530000054e+02 -6.714677787009999577e+01 1.778124235980000094e+02
6.500000000000000222e-01 1.105667321859999959e+02 4.930637695969999754e+02 -2.734310269130000037e+01 -2.581309024880000038e+02 -9.470055497570000114e+01 1.714485029129999987e+02
6.500000000000000222e-01 -1.069520442379999992e+01 4.445150684899999760e+02 2.260401275340000016e+00 -2.576120173379999869e+02 -1.024364595400000013e+02 1.770145253309999873e+02
