3.450000000000000000e+05 3.120765886589999809e+03 -4.825873789000000215e+03 -7.153498746489999576e+03 -1.245515772210000023e+02 3.788325210339999671e+01 -2.840301704009999995e+01
6.500000000000000222e-01 3.033270198430000164e+03 -4.735586705210000218e+03 -6.888908639299999777e+03 -1.249807657949999964e+02 3.870517326329999719e+01 -2.723151123559999931e+01
6.500000000000000222e-01 2.948196322509999845e+03 -4.945951984360000097e+03 -7.336699785499999962e+03 -1.238307945340000060e+02 3.784401811890000289e+01 -2.771645768919999853e+01
6.500000000000000222e-01 3.309651540519999799e+03 -4.751116435640000418e+03 -6.965565363959999559e+03 -1.250870683880000058e+02 3.837293535290000079e+01 -2.979086433249999999e+01
6.500000000000000222e-01 3.104234952090000206e+03 -4.944973538979999830e+03 -7.422775925040000402e+03 -1.235629504510000061e+02 3.474584143909999767e+01 -2.862221859940000002e+01
6.500000000000000222e-01 3.232681960679999975e+03 -5.025480384120000053e+03 -7.318652144089999638e+03 -1.245426884029999997e+02 3.793556328030000202e+01 -2.935544087279999914e+01
6.500000000000000222e-01 3.215521854030000213e+03 -4.610981601630000114e+03 -7.292654456219999702e+03 -1.256061331669999959e+02 3.530271091249999671e+01 -2.993491587320000136e+01
6.500000000000000222e-01 2.902419561109999904e+03 -4.723016198000000259e+03 -7.286256154040000183e+03 -1.226311380639999982e+02 3.726960428849999829e+01 -2.869960774080000121e+01
6.500000000000000222e-01 3.282226498909999918e+03 -4.655941860259999885e+03 -7.292761543739999979e+03 -1.252493615599999970e+02 3.502719155580000177e+01 -2.973593760460000013e+01
6.500000000000000222e-01 2.898638512240000182e+03 -4.749741366489999564e+03 -6.969650498150000203e+03 -1.241382775809999970e+02 3.929479456920000047e+01 -2.618837559880000043e+01
6.500000000000000222e-01 2.856993271979999918e+03 -4.841281465260000004e+03 -7.058904330350000237e+03 -1.228963973120000048e+02 3.909540570280000082e+01 -2.510996608880000025e+01
6.500000000000000222e-01 2.947766028349999942e+03 -4.968493197329999930e+03 -7.318987001890000101e+03 -1.239348254989999987e+02 3.736162239480000125e+01 -2.713912667909999854e+01
6.500000000000000222e-01 3.192833420259999912e+03 -4.841849781740000253e+03 -6.885241580550000435e+03 -1.270362200579999978e+02 3.965809270780000162e+01 -2.822536761459999965e+01
6.500000000000000222e-01 3.059869318699999894e+03 -4.675409143500000027e+03 -7.385723729000000276e+03 -1.243592181570000008e+02 3.642374452570000187e+01 -2.828902942619999905e+01
6.500000000000000222e-01 2.984059489300000223e+03 -4.774610172009999587e+03 -7.386467011380000258e+03 -1.213381180939999950e+02 3.620062729109999822e+01 -2.930998077459999962e+01
6.500000000000000222e-01 3.264077775490000022e+03 -4.782168532530000448e+03 -6.922949132409999947e+03 -1.265936299969999936e+02 3.879675178210000297e+01 -2.859382498340000112e+01
6.500000000000000222e-01 3.004323347720000129e+03 -5.036796128820000376e+03 -7.298690787880000244e+03 -1.222889530860000065e+02 3.905665043220000143e+01 -3.132561578199999985e+01
6.500000000000000222e-01 2.904267398859999957e+03 -4.897473047409999708e+03 -7.303982845450000241e+03 -1.238363786710000056e+02 3.735721628799999650e+01 -2.640927696949999870e+01
6.500000000000000222e-01 3.122907095749999826e+03 -4.913690692209999725e+03 -6.892849452200000087e+03 -1.262238202900000061e+02 4.183337496930000299e+01 -2.783764736099999837e+01
6.500000000000000222e-01 3.018957925270000032e+03 -4.889369811079999636e+03 -6.893924904360000255e+03 -1.231450790829999988e+02 4.049533639810000096e+01 -2.691192687659999905e+01
6.500000000000000222e-01 3.171486632019999888e+03 -4.752980538660000093e+03 -7.419737258830000428e+03 -1.235291541069999965e+02 3.442059333430000123e+01 -2.896305036889999940e+01
6.500000000000000222e-01 2.921099391140000080e+03 -4.655698251990000244e+03 -7.257295178270000179e+03 -1.243165077200000042e+02 3.789311762980000253e+01 -2.593526243190000002e+01
6.500000000000000222e-01 2.974099357359999885e+03 -4.642013383679999606e+03 -7.297206875199999558e+03 -1.232364028180000020e+02 3.616542820400000124e+01 -2.895685218690000085e+01
6.500000000000000222e-01 3.231659582530000080e+03 -4.659810090719999607e+03 -6.952266439670000182e+03 -1.276534972940000046e+02 3.723658644879999713e+01 -2.613768520469999856e+01
6.500000000000000222e-01 3.340863685469999837e+03 -4.844619713269999920e+03 -6.996369680939999853e+03 -1.266796237359999964e+02 3.812355692780000282e+01 -2.867128328520000125e+01
6.500000000000000222e-01 3.334002179709999837e+03 -4.816639261600000282e+03 -6.986558513240000138e+03 -1.260406878790000036e+02 3.815670196659999647e+01 -2.953235477830000022e+01
6.500000000000000222e-01 3.099279481390000001e+03 -5.039645739030000186e+03 -6.979501359840000077e+03 -1.238867389410000044e+02 4.038057610669999775e+01 -2.756153305590000002e+01
6.500000000000000222e-01 2.993239528380000138e+03 -4.670886436449999565e+03 -7.350552485610000076e+03 -1.247851677820000020e+02 3.801727238840000211e+01 -2.652393667440000158e+01
6.500000000000000222e-01 2.932281208280000101e+03 -5.012079572710000321e+03 -7.221749844560000383e+03 -1.234187779690000042e+02 3.838795744099999752e+01 -2.676836099619999843e+01
6.500000000000000222e-01 3.013007826349999959e+03 -4.578622550019999835e+03 -7.245146426010000141e+03 -1.248637933530000055e+02 3.717251170450000330e+01 -2.710024528090000118e+01
6.500000000000000222e-01 2.989171199339999930e+03 -4.970005839759999617e+03 -6.954148250430000189e+03 -1.253670048799999961e+02 3.845861971189999906e+01 -2.976599571499999897e+01
6.500000000000000222e-01 3.302733511819999876e+03 -4.664301560959999733e+03 -7.028278975160000300e+03 -1.259623052540000003e+02 3.667094173139999924e+01 -2.799673257890000144e+01
6.500000000000000222e-01 2.887170586849999836e+03 -4.909666701240000293e+03 -7.022965166799999679e+03 -1.247997698620000051e+02 3.913132705459999983e+01 -2.962645909520000131e+01
6.500000000000000222e-01 2.849023325470000145e+03 -4.860772847549999824e+03 -7.153336514800000259e+03 -1.231822178479999934e+02 3.859138487500000281e+01 -2.527013595009999847e+01
6.500000000000000222e-01 3.181279229329999907e+03 -4.785138037040000199e+03 -7.431682460109999738e+03 -1.253604648489999960e+02 3.557706962529999828e+01 -2.937792530509999978e+01
6.500000000000000222e-01 3.007286219319999873e+03 -4.569708649969999897e+03 -7.104796694949999619e+03 -1.246862822770000037e+02 3.714684382379999761e+01 -2.457679249990000159e+01
6.500000000000000222e-01 3.111699884730000122e+03 -4.549773928509999678e+03 -7.192784655299999940e+03 -1.254490015159999956e+02 3.686286048870000087e+01 -2.692191116829999942e+01
6.500000000000000222e-01 3.159329958880000049e+03 -4.711906421769999724e+03 -7.397301662709999619e+03 -1.231118426400000061e+02 3.453750117719999935e+01 -2.852309765369999894e+01
6.500000000000000222e-01 3.190331743060000008e+03 -4.718736187550000068e+03 -6.897502131420000296e+03 -1.259219786379999988e+02 3.715773566480000056e+01 -2.730044720569999939e+01
6.500000000000000222e-01 2.987322043470000153e+03 -4.933600585999999566e+03 -6.932922712530000354e+03 -1.248345055409999986e+02 4.113070624809999742e+01 -2.770840626349999880e+01
6.500000000000000222e-01 3.189471889450000162e+03 -4.640468545040000208e+03 -6.943983218979999947e+03 -1.254058686869999946e+02 3.946822030730000108e+01 -2.879758393610000056e+01
9.810000000000000000e+05 8.280669285890000174e+04 -7.742243293440000684e+01 3.478894183589999739e+04 -1.099328943389999935e+01 2.648055404180000139e+01 -5.328111725339999794e+01
6.500000000000000222e-01 8.334684811779999291e+04 -1.492218334390000109e+03 3.672718052219999663e+04 -1.019679296199999996e+01 2.560812194589999891e+01 -5.365371813529999656e+01
6.500000000000000222e-01 8.438752978270000312e+04 1.225879808879999928e+03 3.343961917720000201e+04 -1.130023821480000024e+01 2.583699749040000171e+01 -5.415819781260000099e+01
6.500000000000000222e-01 8.350603758770000422e+04 -1.610206815980000101e+03 3.657275271049999719e+04 -1.125404591540000077e+01 2.739150970029999854e+01 -5.240257486059999792e+01
6.500000000000000222e-01 8.039062569559999974e+04 -2.404464824629999953e+02 3.438644493979999970e+04 -1.117218496609999967e+01 2.650204369480000111e+01 -5.314512903199999982e+01
6.500000000000000222e-01 8.450293465389999619e+04 1.514701668559999916e+03 3.401064797649999673e+04 -1.075493382650000029e+01 2.676972110259999837e+01 -5.202446376790000215e+01
6.500000000000000222e-01 8.171856585539999651e+04 2.118225073380000140e+03 3.487493507970000064e+04 -1.100005840020000036e+01 2.633503235150000066e+01 -5.371028512459999860e+01
6.500000000000000222e-01 8.228835500039999897e+04 5.214164499959999830e+02 3.710971942000000126e+04 -1.005798890510000021e+01 2.546753929049999954e+01 -5.295685526500000151e+01
6.500000000000000222e-01 8.277932843340000545e+04 2.374793165260000023e+03 3.476912538289999793e+04 -1.098562214560000072e+01 2.634430747660000094e+01 -5.369267899340000127e+01
6.500000000000000222e-01 8.260382192240000586e+04 8.153570423380000420e+02 3.251112628970000151e+04 -1.117588677410000031e+01 2.580145398200000173e+01 -5.359060250870000175e+01
6.500000000000000222e-01 8.172453996999999799e+04 -9.547336679629999878e+01 3.258669140469999911e+04 -1.093289681020000081e+01 2.649437087169999927e+01 -5.335168633039999975e+01
6.500000000000000222e-01 8.456447590590000618e+04 -1.218077199419999943e+03 3.352236657069999637e+04 -1.086466059039999976e+01 2.656030582050000177e+01 -5.247995403009999649e+01
6.500000000000000222e-01 8.222563843390000693e+04 -3.855074574510000218e+01 3.717150273369999923e+04 -1.087450880719999979e+01 2.649424316700000048e+01 -5.336808631470000108e+01
6.500000000000000222e-01 8.183247353059999296e+04 -1.929431296620000012e+03 3.607341365409999707e+04 -1.043963935220000039e+01 2.610966377389999948e+01 -5.327746271859999894e+01
6.500000000000000222e-01 8.248779835270000331e+04 -2.420737390270000105e+03 3.412716466919999948e+04 -1.075408973230000065e+01 2.659045036599999889e+01 -5.412250069689999776e+01
6.500000000000000222e-01 8.117232731500000227e+04 -1.897007789750000029e+03 3.498083219100000133e+04 -1.096569429450000044e+01 2.660014470069999959e+01 -5.225242100679999879e+01
6.500000000000000222e-01 8.397263772230000177e+04 -2.043035907400000042e+03 3.391739340120000270e+04 -1.122849777220000078e+01 2.677114727180000031e+01 -5.272721490869999883e+01
6.500000000000000222e-01 8.514386032100000011e+04 5.333029971629999864e+02 3.522686795960000018e+04 -1.072020267239999924e+01 2.642301671259999907e+01 -5.376955220640000022e+01
6.500000000000000222e-01 8.524688751000000047e+04 1.776962286060000054e+02 3.485196898340000189e+04 -1.089313616509999960e+01 2.647004251710000133e+01 -5.299322416239999711e+01
6.500000000000000222e-01 8.167648522129999765e+04 -1.552763919060000035e+03 3.318558432439999888e+04 -1.044295595920000075e+01 2.632796042180000029e+01 -5.363232716219999929e+01
6.500000000000000222e-01 8.190683061570000427e+04 6.992597163210000417e+02 3.693751796160000231e+04 -1.065508882900000032e+01 2.623146302680000019e+01 -5.297523056189999835e+01
6.500000000000000222e-01 8.195179912389999663e+04 1.245920058619999963e+03 3.290383605769999849e+04 -1.184516532349999984e+01 2.741547651950000031e+01 -5.250880415750000196e+01
6.500000000000000222e-01 8.434832218770000327e+04 -1.573789035700000113e+03 3.359251598299999750e+04 -1.088820755599999934e+01 2.646618783159999921e+01 -5.379264227809999710e+01
6.500000000000000222e-01 8.380726368800000637e+04 -2.302407188399999995e+03 3.504043341810000129e+04 -1.090146943899999954e+01 2.648709599040000029e+01 -5.452866175709999652e+01
6.500000000000000222e-01 8.287401423210000212e+04 1.364769768520000071e+03 3.280217197070000111e+04 -1.139995674190000052e+01 2.762933887299999824e+01 -5.259921430149999821e+01
6.500000000000000222e-01 8.472936089050000010e+04 -1.466205018410000093e+03 3.543222285359999660e+04 -1.056572835060000060e+01 2.627272781190000117e+01 -5.389576742730000092e+01
6.500000000000000222e-01 8.153716165779999574e+04 1.689069017459999941e+03 3.591133562410000013e+04 -1.046596559069999977e+01 2.574466502370000143e+01 -5.243814518250000134e+01
6.500000000000000222e-01 8.435083403410000028e+04 -1.401227250299999923e+03 3.615198667130000103e+04 -1.082940598060000070e+01 2.655377467279999948e+01 -5.394507190070000036e+01
6.500000000000000222e-01 8.437288358150000568e+04 8.418230105820000517e+02 3.314135398960000020e+04 -1.056956805819999978e+01 2.698967340440000129e+01 -5.238525545449999754e+01
6.500000000000000222e-01 8.242443807489999745e+04 -3.761507076359999928e+02 3.238417278789999909e+04 -1.201162542400000000e+01 2.594610960309999825e+01 -5.300979268929999932e+01
6.500000000000000222e-01 8.261827426829999604e+04 -3.823533912589999773e+02 3.236237721840000086e+04 -1.159143340760000029e+01 2.603995812329999993e+01 -5.310352140900000251e+01
6.500000000000000222e-01 8.064002605570000014e+04 -7.596794409799999812e+02 3.571889954569999827e+04 -1.144031434460000085e+01 2.654461443199999948e+01 -5.410523594099999656e+01
6.500000000000000222e-01 8.315705669199999829e+04 2.121324206369999956e+03 3.583142403619999823e+04 -1.143584600710000032e+01 2.682044118310000158e+01 -5.320532348609999929e+01
6.500000000000000222e-01 8.183641184250000515e+04 1.820375395450000042e+03 3.598755168229999981e+04 -1.075320624699999961e+01 2.631627706749999973e+01 -5.403465388709999928e+01
6.500000000000000222e-01 8.416814295799999672e+04 -1.969748101070000075e+03 3.554524100650000037e+04 -1.081395588029999999e+01 2.640173066979999916e+01 -5.438209244339999771e+01
6.500000000000000222e-01 8.477752586009999504e+04 1.232555330440000034e+03 3.413874186909999844e+04 -1.077476683439999938e+01 2.621126231970000120e+01 -5.330078902660000040e+01
6.500000000000000222e-01 8.283419564930000342e+04 7.356068196859999944e+02 3.710435315260000061e+04 -1.110868220450000088e+01 2.766010994850000060e+01 -5.368838199590000215e+01
6.500000000000000222e-01 8.464684765149999293e+04 -1.558481076929999972e+03 3.543824529099999927e+04 -1.116065810509999956e+01 2.681327300070000064e+01 -5.287617345499999999e+01
6.500000000000000222e-01 8.037890665900000022e+04 -1.176196448040000035e+02 3.514557036890000018e+04 -1.128773563340000052e+01 2.648001189820000079e+01 -5.469258293619999733e+01
6.500000000000000222e-01 8.354162850649999746e+04 1.999342275299999983e+03 3.587702422059999662e+04 -1.135984819729999984e+01 2.696399388389999885e+01 -5.351200875629999842e+01
6.500000000000000222e-01 8.512438834229999338e+04 2.800495700530000249e+02 3.551181390560000000e+04 -1.108161737170000016e+01 2.648642041780000156e+01 -5.265752332350000131e+01
4.560000000000000000e+04 7.707135881459999837e+03 2.174715168539999922e+03 1.885381378749999931e+04 2.016758363339999960e+02 -6.177285687650000057e+01 1.942470914319999906e+02
6.500000000000000222e-01 7.775653685319999568e+03 2.149875476640000215e+03 1.904768921169999885e+04 2.009586687439999935e+02 -6.127941934030000226e+01 1.948640476969999895e+02
6.500000000000000222e-01 7.661359767150000152e+03 2.220792501349999839e+03 1.865629988030000095e+04 2.008896215119999908e+02 -6.125034569759999670e+01 1.942234859719999918e+02
6.500000000000000222e-01 7.655906001100000140e+03 2.200639734030000000e+03 1.905199155289999908e+04 2.027952356339999938e+02 -6.216950790669999805e+01 1.947555457900000135e+02
6.500000000000000222e-01 7.811836908979999862e+03 2.034168152499999906e+03 1.875869346619999851e+04 2.010148837600000036e+02 -6.108891437350000331e+01 1.935278801890000011e+02
6.500000000000000222e-01 7.816201466079999591e+03 2.024674945449999996e+03 1.878505261850000170e+04 2.012711176249999880e+02 -6.140699269630000146e+01 1.946554489270000090e+02
6.500000000000000222e-01 7.609516240590000052e+03 2.141348970720000125e+03 1.903115540870000041e+04 2.015931070359999921e+02 -6.160682797489999984e+01 1.941740521010000009e+02
6.500000000000000222e-01 7.607448652490000313e+03 2.124741153559999930e+03 1.867923183730000164e+04 2.023358181570000056e+02 -6.164785374680000274e+01 1.934976160100000016e+02
6.500000000000000222e-01 7.835615706270000373e+03 2.166141358280000077e+03 1.869542909610000061e+04 2.006095508479999978e+02 -6.176424901040000037e+01 1.935393098440000017e+02
6.500000000000000222e-01 7.832618267040000319e+03 2.054378847640000004e+03 1.894972625609999886e+04 2.013891114440000081e+02 -6.131881228099999959e+01 1.941431366829999945e+02
6.500000000000000222e-01 7.645939936390000184e+03 1.993843647740000051e+03 1.879053514429999996e+04 2.014656658680000021e+02 -6.114580410450000159e+01 1.937887368030000061e+02
6.500000000000000222e-01 7.758554404430000432e+03 2.038429243230000111e+03 1.899002494830000069e+04 2.012194166319999908e+02 -6.073370040420000038e+01 1.948940890400000114e+02
6.500000000000000222e-01 7.880393471000000318e+03 2.069981213019999814e+03 1.884443834760000027e+04 2.013996404510000104e+02 -6.156315882189999655e+01 1.933956644589999883e+02
6.500000000000000222e-01 7.761601540249999744e+03 1.993648402309999938e+03 1.891139229469999918e+04 2.013889277430000107e+02 -6.122198539189999877e+01 1.940107772570000009e+02
6.500000000000000222e-01 7.751838358889999654e+03 2.042269649869999967e+03 1.901022252540000045e+04 2.022525208159999863e+02 -6.223830627529999759e+01 1.940838829340000018e+02
6.500000000000000222e-01 7.627304856480000126e+03 2.251850839660000020e+03 1.867758243629999924e+04 2.019932051019999903e+02 -6.235286043229999819e+01 1.935101158809999902e+02
6.500000000000000222e-01 7.902907443529999910e+03 2.219880372220000027e+03 1.882683697759999995e+04 2.012803227139999933e+02 -6.184768657840000117e+01 1.935023082460000126e+02
6.500000000000000222e-01 7.662497088609999992e+03 2.366280879469999945e+03 1.890639104579999912e+04 2.018280884970000102e+02 -6.225666953119999647e+01 1.952833060289999878e+02
6.500000000000000222e-01 7.863320644899999934e+03 2.214066600740000013e+03 1.898140560289999848e+04 2.018705033710000123e+02 -6.158319723270000168e+01 1.940776421189999894e+02
6.500000000000000222e-01 7.848988061009999910e+03 2.319023961150000105e+03 1.886660194820000106e+04 2.015083789450000040e+02 -6.205177164629999709e+01 1.945877514210000072e+02
6.500000000000000222e-01 7.747176111069999934e+03 2.365116938380000192e+03 1.891833632289999878e+04 2.015344287849999887e+02 -6.218207107669999800e+01 1.952510604310000133e+02
6.500000000000000222e-01 7.899753241430000344e+03 2.239565490030000092e+03 1.885405033249999906e+04 2.014459087920000115e+02 -6.184793940490000352e+01 1.935316267089999940e+02
6.500000000000000222e-01 7.594015499789999922e+03 2.043684215060000042e+03 1.895929226330000165e+04 2.021792135270000017e+02 -6.111679915370000060e+01 1.950448731459999863e+02
6.500000000000000222e-01 7.517240727149999657e+03 2.154240769770000043e+03 1.878287278050000168e+04 2.018463774740000076e+02 -6.183636299519999824e+01 1.942282892839999988e+02
6.500000000000000222e-01 7.681641031850000218e+03 2.374229010149999795e+03 1.884230474939999840e+04 2.017714174369999967e+02 -6.211079792350000162e+01 1.951483035020000045e+02
6.500000000000000222e-01 7.778127423459999591e+03 2.185867333830000007e+03 1.904896067749999929e+04 2.013351821910000012e+02 -6.182051311650000258e+01 1.947221057710000025e+02
6.500000000000000222e-01 7.637703429250000227e+03 1.988172580189999962e+03 1.882169616809999934e+04 2.015517793729999880e+02 -6.137499081589999861e+01 1.945056142759999886e+02
6.500000000000000222e-01 7.798197832879999623e+03 2.315833437440000125e+03 1.873931721140000082e+04 2.010722179290000042e+02 -6.235731305520000234e+01 1.934845279230000017e+02
6.500000000000000222e-01 7.669237217609999789e+03 1.982962624600000026e+03 1.891646121599999969e+04 2.020488936840000065e+02 -6.173784571889999739e+01 1.940233525140000097e+02
6.500000000000000222e-01 7.884636418050000430e+03 2.124258708230000138e+03 1.894103119209999932e+04 2.018646971109999981e+02 -6.169821765169999850e+01 1.936874975510000070e+02
6.500000000000000222e-01 7.552597533170000133e+03 2.047113113650000059e+03 1.881902610849999837e+04 2.017725193100000070e+02 -6.146821828840000279e+01 1.940153765700000008e+02
6.500000000000000222e-01 7.605240589459999683e+03 2.305656251970000085e+03 1.897317146359999970e+04 2.022528581050000014e+02 -6.235132580420000181e+01 1.951615755859999979e+02
6.500000000000000222e-01 7.779759476649999669e+03 2.238254452950000086e+03 1.867262776250000024e+04 2.020949666299999876e+02 -6.144929058980000036e+01 1.945378956140000071e+02
6.500000000000000222e-01 7.825743587310000294e+03 2.024191304350000109e+03 1.892494110780000119e+04 2.018350635390000036e+02 -6.180283273549999734e+01 1.935015282139999897e+02
6.500000000000000222e-01 7.872445666480000000e+03 2.291281912850000026e+03 1.883729294030000165e+04 2.014067398550000121e+02 -6.198118390989999682e+01 1.934912380039999960e+02
6.500000000000000222e-01 7.800550775869999597e+03 2.349744047289999799e+03 1.881590639179999926e+04 2.015394623560000014e+02 -6.226345475400000140e+01 1.936083754610000085e+02
6.500000000000000222e-01 7.565525289209999755e+03 2.047160807140000088e+03 1.892204469840000093e+04 2.021883780249999916e+02 -6.140325515899999687e+01 1.950202271930000109e+02
6.500000000000000222e-01 7.566848719229999915e+03 2.316001242079999884e+03 1.889090313949999836e+04 2.017951453510000022e+02 -6.186360195599999656e+01 1.932778661629999988e+02
6.500000000000000222e-01 7.828068591799999922e+03 2.023693287179999970e+03 1.892730970280000111e+04 2.016277185330000066e+02 -6.151560107739999950e+01 1.948587985899999921e+02
6.500000000000000222e-01 7.878993261399999938e+03 2.256797665229999893e+03 1.892869392819999848e+04 2.012092492730000117e+02 -6.197102457140000098e+01 1.954514048679999974e+02
6.500000000000000222e-01 7.614533061850000195e+03 2.121582890499999849e+03 1.902894996840000022e+04 2.012280357219999871e+02 -6.190956529599999669e+01 1.939207221489999995e+02
1.390000000000000000e+04 -1.102978728520000004e+04 3.336954913990000023e+03 1.074025217039999916e+04 -2.319727203729999871e+02 2.005967895059999933e+02 -3.389422036430000276e+02
6.500000000000000222e-01 -1.113655382239999926e+04 3.426417995050000172e+03 1.077396865129999969e+04 -2.321265739920000044e+02 2.005823598670000081e+02 -3.392722598670000025e+02
6.500000000000000222e-01 -1.110083353080000052e+04 3.316024233669999830e+03 1.086475055299999985e+04 -2.325041772659999992e+02 2.005372067129999891e+02 -3.389570840819999944e+02
6.500000000000000222e-01 -1.095241013100000055e+04 3.316803744929999993e+03 1.085781287150000026e+04 -2.323802942970000061e+02 2.006388805050000030e+02 -3.388930821899999728e+02
6.500000000000000222e-01 -1.094362732549999964e+04 3.375395769490000021e+03 1.063014981609999995e+04 -2.313683370120000120e+02 2.006439340580000135e+02 -3.387857832760000178e+02
6.500000000000000222e-01 -1.092488319860000047e+04 3.409059578309999779e+03 1.079996321820000048e+04 -2.324499335030000111e+02 2.003539053220000028e+02 -3.385411500729999830e+02
6.500000000000000222e-01 -1.107219326929999988e+04 3.424142558609999924e+03 1.084747562579999976e+04 -2.320110847880000051e+02 2.000847430869999926e+02 -3.382879138740000258e+02
6.500000000000000222e-01 -1.097973498649999965e+04 3.220053125379999983e+03 1.068307018640000024e+04 -2.319530424380000113e+02 2.008019031979999909e+02 -3.387001780069999768e+02
6.500000000000000222e-01 -1.107614358589999938e+04 3.212172145619999810e+03 1.078465766760000042e+04 -2.320371042620000139e+02 2.011386870729999998e+02 -3.384225884100000030e+02
6.500000000000000222e-01 -1.103683252050000010e+04 3.220092398440000125e+03 1.082598628040000040e+04 -2.318036106970000105e+02 2.005125179489999994e+02 -3.390081067620000113e+02
6.500000000000000222e-01 -1.097412183340000047e+04 3.441087024120000024e+03 1.081491424440000083e+04 -2.320189119089999963e+02 2.000243471919999934e+02 -3.387601993989999869e+02
6.500000000000000222e-01 -1.089144796619999943e+04 3.328604833840000083e+03 1.070634111339999981e+04 -2.321446473720000085e+02 2.005748012459999927e+02 -3.396825683789999744e+02
6.500000000000000222e-01 -1.100513234510000075e+04 3.201408456929999829e+03 1.070234789869999986e+04 -2.317672429339999951e+02 2.006219444440000075e+02 -3.385141064790000200e+02
6.500000000000000222e-01 -1.093998441699999967e+04 3.227651885350000157e+03 1.071839366879999943e+04 -2.319254607610000107e+02 2.007475116679999871e+02 -3.391715931100000034e+02
6.500000000000000222e-01 -1.102272961389999909e+04 3.242149534340000173e+03 1.063064079870000023e+04 -2.315400785740000060e+02 2.001647269149999886e+02 -3.387462388519999763e+02
6.500000000000000222e-01 -1.114090447409999979e+04 3.333537311590000172e+03 1.083255744090000007e+04 -2.322087792089999994e+02 2.006548450649999893e+02 -3.388725527729999953e+02
6.500000000000000222e-01 -1.091822502840000016e+04 3.251880717909999930e+03 1.071628962049999973e+04 -2.319065121449999936e+02 2.006723533839999902e+02 -3.385853827039999828e+02
6.500000000000000222e-01 -1.096567674649999935e+04 3.295544166050000058e+03 1.061909579630000007e+04 -2.321342828329999861e+02 2.009134183330000099e+02 -3.393319499950000022e+02
6.500000000000000222e-01 -1.096605591939999977e+04 3.316408931559999928e+03 1.086531094370000028e+04 -2.318177073809999911e+02 2.005473311190000061e+02 -3.392286445080000021e+02
6.500000000000000222e-01 -1.112524636989999999e+04 3.234960182989999794e+03 1.072387935339999967e+04 -2.318485112319999928e+02 2.009161373700000013e+02 -3.389755870870000081e+02
6.500000000000000222e-01 -1.109085793510000076e+04 3.450421305010000196e+03 1.079118476890000056e+04 -2.318508411859999967e+02 2.001797642719999999e+02 -3.387317427820000262e+02
6.500000000000000222e-01 -1.099979097059999913e+04 3.228597500490000130e+03 1.082984154239999953e+04 -2.320654746859999875e+02 2.010194349219999879e+02 -3.385369223559999909e+02
6.500000000000000222e-01 -1.108567902850000064e+04 3.338816340459999992e+03 1.060930290980000063e+04 -2.311117396360000100e+02 2.005423210829999903e+02 -3.391984381949999943e+02
6.500000000000000222e-01 -1.112046742459999950e+04 3.372199722559999827e+03 1.084945321300000069e+04 -2.324746954430000017e+02 2.007845222640000031e+02 -3.389215960959999734e+02
6.500000000000000222e-01 -1.095785903119999966e+04 3.406292707330000212e+03 1.063704680580000058e+04 -2.320590438689999928e+02 2.006155299460000094e+02 -3.391008831529999838e+02
6.500000000000000222e-01 -1.109770980899999995e+04 3.276526528500000040e+03 1.063133346429999983e+04 -2.321019255200000089e+02 2.005156665430000089e+02 -3.385771861800000124e+02
6.500000000000000222e-01 -1.104767235310000069e+04 3.259906004269999812e+03 1.061959755760000007e+04 -2.315174899319999895e+02 2.002507670150000081e+02 -3.388709593980000250e+02
6.500000000000000222e-01 -1.105321773179999946e+04 3.258174900689999959e+03 1.062449593339999956e+04 -2.319661988569999949e+02 2.004345519830000057e+02 -3.387078121829999873e+02
6.500000000000000222e-01 -1.089447700710000026e+04 3.325577266270000109e+03 1.069550542309999946e+04 -2.321569011450000062e+02 2.005882721570000058e+02 -3.396743704979999734e+02
6.500000000000000222e-01 -1.101085156629999983e+04 3.287604425189999802e+03 1.087307291249999980e+04 -2.324789389549999896e+02 2.013178224360000002e+02 -3.386225413509999953e+02
6.500000000000000222e-01 -1.102739308619999974e+04 3.199833202620000066e+03 1.071263176290000047e+04 -2.319516292739999983e+02 2.008443807110000137e+02 -3.384795387469999923e+02
6.500000000000000222e-01 -1.100522453219999989e+04 3.197871846720000121e+03 1.074769658539999909e+04 -2.319387325689999955e+02 2.008172868789999939e+02 -3.396030495960000053e+02
6.500000000000000222e-01 -1.096057104919999983e+04 3.291959005679999791e+03 1.062090616880000016e+04 -2.322340387369999917e+02 2.009294873240000072e+02 -3.395920809009999743e+02
6.500000000000000222e-01 -1.088812165289999939e+04 3.346779114529999788e+03 1.073857827200000065e+04 -2.320795426200000122e+02 2.005339158129999930e+02 -3.386167070849999732e+02
6.500000000000000222e-01 -1.096730794819999937e+04 3.397727106800000001e+03 1.062551820960000077e+04 -2.322268503710000118e+02 2.003665886279999881e+02 -3.393730239370000277e+02
6.500000000000000222e-01 -1.103380309710000074e+04 3.200462315839999974e+03 1.077355920390000028e+04 -2.320110007119999977e+02 2.010598783990000129e+02 -3.383468031610000253e+02
6.500000000000000222e-01 -1.112356009280000035e+04 3.430836244250000163e+03 1.068610021899999992e+04 -2.320534028129999911e+02 2.006511526179999976e+02 -3.383688431069999751e+02
6.500000000000000222e-01 -1.102464275060000000e+04 3.380691744809999818e+03 1.087739355799999976e+04 -2.323716039439999861e+02 1.999646371979999913e+02 -3.385981314979999865e+02
6.500000000000000222e-01 -1.096410690260000047e+04 3.324109812730000158e+03 1.061092594970000027e+04 -2.312975325890000136e+02 2.004414785959999961e+02 -3.389603950850000160e+02
6.500000000000000222e-01 -1.104633017400000062e+04 3.334580779429999893e+03 1.088399613189999945e+04 -2.316574141250000025e+02 2.007542171860000053e+02 -3.387062352809999766e+02
6.500000000000000222e-01 -1.108650429249999979e+04 3.318308776710000075e+03 1.087267567840000083e+04 -2.327504988659999867e+02 2.005126483619999931e+02 -3.389729106060000277e+02
1.190000000000000000e+04 -6.914186987029999727e+03 5.954903026930000124e+03 -1.261378371929999958e+04 -2.624914200829999800e+02 -3.478444902060000032e+01 9.416949899979999827e+01
6.500000000000000222e-01 -6.998139456679999967e+03 5.863383906260000003e+03 -1.256898889910000071e+04 -2.623125805980000109e+02 -3.485621938530000108e+01 9.371849042809999730e+01
6.500000000000000222e-01 -7.003331577150000157e+03 5.863356985030000033e+03 -1.258300731930000074e+04 -2.621945316530000127e+02 -3.449346526330000273e+01 9.473144915170000502e+01
6.500000000000000222e-01 -6.798171031490000132e+03 5.989943130970000311e+03 -1.266416995189999943e+04 -2.626016212760000030e+02 -3.473062845590000336e+01 9.472299816109999426e+01
6.500000000000000222e-01 -6.813303576600000270e+03 5.871385503989999961e+03 -1.263071609899999930e+04 -2.626931131430000050e+02 -3.465116298520000271e+01 9.396739909560000115e+01
6.500000000000000222e-01 -6.930816712230000121e+03 6.050696329469999910e+03 -1.270653838829999950e+04 -2.624868736380000200e+02 -3.526047597169999648e+01 9.341403880190000564e+01
6.500000000000000222e-01 -6.992288159830000041e+03 6.057683585550000316e+03 -1.258494866729999922e+04 -2.623271513920000189e+02 -3.501409364700000282e+01 9.446940286859999958e+01
6.500000000000000222e-01 -6.880293971189999866e+03 5.948064033820000077e+03 -1.248303597339999942e+04 -2.622233839549999743e+02 -3.501320336420000245e+01 9.433030117490000066e+01
6.500000000000000222e-01 -7.033382475129999875e+03 5.927609115909999673e+03 -1.266237815969999974e+04 -2.623265689230000248e+02 -3.465250886369999961e+01 9.422669304439999394e+01
6.500000000000000222e-01 -6.953062439039999845e+03 5.859860892800000329e+03 -1.269797833259999970e+04 -2.624580059059999826e+02 -3.492011404830000032e+01 9.455151995570000167e+01
6.500000000000000222e-01 -6.890486807870000121e+03 5.903827065659999789e+03 -1.249223961339999914e+04 -2.625413847109999779e+02 -3.475469807580000037e+01 9.438853368969999735e+01
6.500000000000000222e-01 -7.012615918450000208e+03 5.869321947980000004e+03 -1.262702484089999962e+04 -2.622958074140000235e+02 -3.462326816790000095e+01 9.471698690329999692e+01
6.500000000000000222e-01 -6.873505130790000294e+03 5.909624984469999617e+03 -1.273165064639999946e+04 -2.623598320539999804e+02 -3.491575599429999954e+01 9.439914755920000289e+01
6.500000000000000222e-01 -6.982654781389999698e+03 6.021966755980000016e+03 -1.252414896279999994e+04 -2.619739468710000097e+02 -3.530556100140000098e+01 9.454866295310000623e+01
6.500000000000000222e-01 -6.839135990019999554e+03 6.061095691819999956e+03 -1.259598145640000075e+04 -2.627010092589999886e+02 -3.493182569439999696e+01 9.367138275640000700e+01
6.500000000000000222e-01 -6.823486097580000205e+03 5.936741849209999600e+03 -1.251683642700000019e+04 -2.628338351389999730e+02 -3.486208509179999737e+01 9.466738341159999948e+01
6.500000000000000222e-01 -7.040726812369999607e+03 5.980651530479999565e+03 -1.263954396219999944e+04 -2.622266098580000175e+02 -3.474831422790000346e+01 9.384853164099999390e+01
6.500000000000000222e-01 -6.830293989800000418e+03 5.982119569219999903e+03 -1.251259502719999909e+04 -2.626302215509999769e+02 -3.520877185999999881e+01 9.450984947109999723e+01
6.500000000000000222e-01 -6.889055757189999895e+03 5.953094443910000336e+03 -1.248072521760000018e+04 -2.617865684050000255e+02 -3.501225189699999873e+01 9.428902359049999404e+01
6.500000000000000222e-01 -6.909491248909999740e+03 5.901655848540000079e+03 -1.249049542540000039e+04 -2.625593327799999770e+02 -3.435144742880000024e+01 9.458014057180000123e+01
6.500000000000000222e-01 -6.911903477799999564e+03 6.085922998209999605e+03 -1.262226452869999957e+04 -2.625368056359999969e+02 -3.502187277069999993e+01 9.436980224750000446e+01
6.500000000000000222e-01 -6.790645818820000386e+03 5.917008840849999615e+03 -1.258237984499999948e+04 -2.626848520639999833e+02 -3.485877472800000021e+01 9.450343337889999873e+01
6.500000000000000222e-01 -6.972902601380000306e+03 5.839360764439999912e+03 -1.258680565460000071e+04 -2.622078807249999954e+02 -3.475458338640000022e+01 9.393496675849999633e+01
6.500000000000000222e-01 -6.818296769859999586e+03 6.036741624340000271e+03 -1.257664693049999914e+04 -2.625161931220000042e+02 -3.494012812319999739e+01 9.362799679980000178e+01
6.500000000000000222e-01 -6.895661311670000032e+03 5.825124685529999624e+03 -1.260082228070000019e+04 -2.624707467000000065e+02 -3.451986047780000177e+01 9.478521301569999480e+01
6.500000000000000222e-01 -7.036695130729999619e+03 5.913811885219999567e+03 -1.259113753039999938e+04 -2.621414899430000105e+02 -3.463305002170000080e+01 9.454007071559999531e+01
6.500000000000000222e-01 -6.993739062990000093e+03 6.010873952500000087e+03 -1.270739320450000014e+04 -2.628107167059999938e+02 -3.446933109590000299e+01 9.428853825310000047e+01
6.500000000000000222e-01 -6.911437296129999595e+03 5.828352861960000155e+03 -1.258230512180000005e+04 -2.625264287840000179e+02 -3.449159951130000223e+01 9.424722258010000076e+01
6.500000000000000222e-01 -6.892544341339999846e+03 6.050145166969999991e+03 -1.270629328100000021e+04 -2.625742599619999851e+02 -3.440966004610000084e+01 9.435941029880000031e+01
6.500000000000000222e-01 -6.992284447009999894e+03 6.061247110180000163e+03 -1.259885206260000086e+04 -2.624665312650000146e+02 -3.485171246750000051e+01 9.344816323380000256e+01
6.500000000000000222e-01 -6.990221926490000442e+03 5.986563109859999713e+03 -1.250908246780000081e+04 -2.625724178849999930e+02 -3.477257630790000320e+01 9.393846739170000149e+01
6.500000000000000222e-01 -7.025147021570000106e+03 5.944255051950000052e+03 -1.254436633330000041e+04 -2.624186228140000026e+02 -3.486151061649999860e+01 9.372416409939999937e+01
6.500000000000000222e-01 -6.974520012060000226e+03 5.896506497710000076e+03 -1.250959400520000054e+04 -2.619513162019999868e+02 -3.443155538629999768e+01 9.471269298699999695e+01
6.500000000000000222e-01 -6.867541474659999949e+03 6.014662620269999934e+03 -1.250408056849999957e+04 -2.621708319790000132e+02 -3.467069953939999749e+01 9.394192498930000568e+01
6.500000000000000222e-01 -6.921636052679999921e+03 6.086857655789999626e+03 -1.261714060659999996e+04 -2.625650577320000139e+02 -3.496472484040000239e+01 9.454915775999999994e+01
6.500000000000000222e-01 -7.035693087530000412e+03 5.961692047139999886e+03 -1.266707141029999912e+04 -2.621586533440000153e+02 -3.464997665599999976e+01 9.355658316299999910e+01
6.500000000000000222e-01 -6.907672273860000132e+03 6.028292373340000267e+03 -1.272551893989999917e+04 -2.624586277089999840e+02 -3.458335810639999863e+01 9.415508815149999577e+01
6.500000000000000222e-01 -6.844355782749999889e+03 6.024314756339999803e+03 -1.270355753379999987e+04 -2.624260260170000265e+02 -3.477686121320000012e+01 9.432091817529999389e+01
6.500000000000000222e-01 -6.979534375700000055e+03 5.883252664100000402e+03 -1.270329911240000001e+04 -2.624739949930000193e+02 -3.409755177819999972e+01 9.383498292539999852e+01
6.500000000000000222e-01 -6.809513237430000117e+03 5.875168875499999558e+03 -1.262360578689999966e+04 -2.626851015639999787e+02 -3.467991948080000242e+01 9.411506539789999692e+01
6.500000000000000222e-01 -6.863036621209999794e+03 6.051274102809999931e+03 -1.269026720770000065e+04 -2.625090067070000259e+02 -3.460568322820000020e+01 9.445807924970000613e+01
