3.450000000000000000e+05 3.434129267899999832e+03 -4.915845913309999560e+03 -7.069414646770000218e+03 -1.210211329360000008e+02 3.263587453009999706e+01 -3.746565783310000342e+01
6.500000000000000222e-01 3.347589773029999833e+03 -4.827377779159999591e+03 -6.807484836120000182e+03 -1.213388389819999986e+02 3.324013371859999921e+01 -3.654859878399999928e+01
6.500000000000000222e-01 3.260133957739999914e+03 -5.035854900469999848e+03 -7.254474043930000335e+03 -1.206248777590000003e+02 3.262015724079999757e+01 -3.669867408609999870e+01
6.500000000000000222e-01 3.623946205000000191e+03 -4.842272875249999743e+03 -6.877909869160000198e+03 -1.212156722160000015e+02 3.307509125379999659e+01 -3.887393306279999905e+01
6.500000000000000222e-01 3.415348045790000015e+03 -5.027137602249999873e+03 -7.338397156439999890e+03 -1.202478137850000053e+02 2.965331776020000021e+01 -3.748203266750000040e+01
6.500000000000000222e-01 3.546093134209999789e+03 -5.115644799509999757e+03 -7.232532446899999741e+03 -1.210701007809999936e+02 3.273457896709999915e+01 -3.811049853040000102e+01
6.500000000000000222e-01 3.531465326489999825e+03 -4.694779641500000253e+03 -7.204561062949999723e+03 -1.219884393979999970e+02 3.037646563999999927e+01 -3.907724426939999773e+01
6.500000000000000222e-01 3.211231826549999823e+03 -4.811582213159999810e+03 -7.201199596700000257e+03 -1.193730261350000035e+02 3.214521797079999743e+01 -3.793427005360000237e+01
6.500000000000000222e-01 3.597193955019999976e+03 -4.739021746280000116e+03 -7.205278909110000313e+03 -1.215812661230000060e+02 3.008972681510000058e+01 -3.879741093420000198e+01
6.500000000000000222e-01 3.211062335330000224e+03 -4.843062152630000128e+03 -6.890844529699999839e+03 -1.206954782499999936e+02 3.384868349900000339e+01 -3.554146733700000027e+01
6.500000000000000222e-01 3.166424707839999883e+03 -4.934103874720000022e+03 -6.982989228100000219e+03 -1.195930557349999930e+02 3.365753194420000227e+01 -3.435586907220000086e+01
6.500000000000000222e-01 3.259966461460000119e+03 -5.057125403469999583e+03 -7.238250770589999775e+03 -1.207268622060000069e+02 3.210705931500000077e+01 -3.610848508130000312e+01
6.500000000000000222e-01 3.512230993159999798e+03 -4.936046412400000008e+03 -6.801554620410000098e+03 -1.232647891510000022e+02 3.417359785370000225e+01 -3.732759779260000244e+01
6.500000000000000222e-01 3.372934049970000160e+03 -4.762039690499999779e+03 -7.301838830329999837e+03 -1.209793635089999952e+02 3.147507900460000130e+01 -3.742612071399999962e+01
6.500000000000000222e-01 3.289559103059999870e+03 -4.860547418529999959e+03 -7.300025934299999790e+03 -1.180715006490000007e+02 3.115406068589999933e+01 -3.841041495689999863e+01
6.500000000000000222e-01 3.582253598480000164e+03 -4.874304931089999627e+03 -6.838328259120000439e+03 -1.227504303770000007e+02 3.342006278489999715e+01 -3.769153610989999947e+01
6.500000000000000222e-01 3.312263656820000051e+03 -5.129688311429999885e+03 -7.207380843979999554e+03 -1.190342489680000000e+02 3.374929287799999855e+01 -4.020999086719999838e+01
6.500000000000000222e-01 3.216237532619999911e+03 -4.986122508309999830e+03 -7.224986102570000185e+03 -1.206440544259999967e+02 3.212483486699999702e+01 -3.547466544299999924e+01
6.500000000000000222e-01 3.440368142069999976e+03 -5.013344768130000375e+03 -6.810190821799999867e+03 -1.225597771070000022e+02 3.627527043959999986e+01 -3.690938354280000055e+01
6.500000000000000222e-01 3.328694493450000209e+03 -4.985585693400000309e+03 -6.813505462609999995e+03 -1.195841129970000054e+02 3.491794676279999976e+01 -3.608155792369999659e+01
6.500000000000000222e-01 3.482348500709999826e+03 -4.834511071070000071e+03 -7.334316730499999721e+03 -1.200842501719999973e+02 2.948177606990000044e+01 -3.795674522779999904e+01
6.500000000000000222e-01 3.234134780899999896e+03 -4.745894855399999869e+03 -7.179215068450000217e+03 -1.209976564279999991e+02 3.280082366260000271e+01 -3.522867628499999881e+01
6.500000000000000222e-01 3.284333523729999797e+03 -4.727883724520000214e+03 -7.211459221969999817e+03 -1.198821746339999947e+02 3.113676871330000040e+01 -3.821846539010000043e+01
6.500000000000000222e-01 3.552549828619999971e+03 -4.748105281009999999e+03 -6.873748950359999981e+03 -1.238172844609999999e+02 3.197033680910000086e+01 -3.536348371119999712e+01
6.500000000000000222e-01 3.659249586720000025e+03 -4.935105157740000323e+03 -6.911726565990000381e+03 -1.228306411439999977e+02 3.279980619309999668e+01 -3.763240407029999801e+01
6.500000000000000222e-01 3.650744778469999801e+03 -4.907219675960000131e+03 -6.899674211270000342e+03 -1.221812716280000046e+02 3.284050256470000306e+01 -3.852814574450000151e+01
6.500000000000000222e-01 3.410939602980000018e+03 -5.135577128420000008e+03 -6.897721127210000304e+03 -1.203516851090000017e+02 3.481053528080000348e+01 -3.649970330600000068e+01
6.500000000000000222e-01 3.307450964359999944e+03 -4.761521932869999546e+03 -7.271097593980000056e+03 -1.214518361060000018e+02 3.302064864700000157e+01 -3.571793049989999957e+01
6.500000000000000222e-01 3.243137487720000081e+03 -5.103169211690000338e+03 -7.141950444910000442e+03 -1.201891837229999993e+02 3.300716176219999909e+01 -3.574398464349999927e+01
6.500000000000000222e-01 3.327273452739999811e+03 -4.667078223550000075e+03 -7.164066892640000333e+03 -1.214144794420000011e+02 3.215690038089999803e+01 -3.641414341029999946e+01
6.500000000000000222e-01 3.304699015910000071e+03 -5.061012290839999878e+03 -6.866556741329999568e+03 -1.218998018030000026e+02 3.287124426369999952e+01 -3.885101610830000141e+01
6.500000000000000222e-01 3.619280269790000148e+03 -4.751274913369999922e+03 -6.945125663969999550e+03 -1.221054349919999993e+02 3.149897860140000105e+01 -3.713966924870000241e+01
6.500000000000000222e-01 3.201415263280000090e+03 -5.002482922279999912e+03 -6.935612610389999645e+03 -1.214607758780000069e+02 3.361577773789999668e+01 -3.880419908940000084e+01
6.500000000000000222e-01 3.159276680450000185e+03 -4.952403428739999981e+03 -7.077083590119999826e+03 -1.199516550480000063e+02 3.322727855210000314e+01 -3.446165451099999899e+01
6.500000000000000222e-01 3.496822826820000046e+03 -4.869605219340000076e+03 -7.345258227620000071e+03 -1.219221642979999984e+02 3.062699515459999944e+01 -3.832802707390000307e+01
6.500000000000000222e-01 3.320993174079999790e+03 -4.657943153719999827e+03 -7.030054941139999755e+03 -1.211539262280000031e+02 3.201066312399999703e+01 -3.396814838710000117e+01
6.500000000000000222e-01 3.427274373289999858e+03 -4.637453810730000441e+03 -7.112173038410000117e+03 -1.218554697550000014e+02 3.185916585160000025e+01 -3.622443089410000283e+01
6.500000000000000222e-01 3.469108537909999995e+03 -4.793746891280000455e+03 -7.312932460629999696e+03 -1.196523702759999992e+02 2.960765657439999998e+01 -3.757222583939999794e+01
6.500000000000000222e-01 3.506841360479999821e+03 -4.806684186509999563e+03 -6.816020688640000117e+03 -1.221150729539999986e+02 3.177658076710000046e+01 -3.652446529750000082e+01
6.500000000000000222e-01 3.301463188230000014e+03 -5.031430268379999688e+03 -6.850526784630000293e+03 -1.213463059329999965e+02 3.554719009840000155e+01 -3.683458128379999863e+01
6.500000000000000222e-01 3.504668152799999916e+03 -4.734439296360000299e+03 -6.858611953210000138e+03 -1.216017774329999952e+02 3.418497045470000018e+01 -3.807593401260000121e+01
9.810000000000000000e+05 8.283390474830000312e+04 -1.449895296530000053e+02 3.492453801250000106e+04 -1.033607520920000056e+01 2.647967166829999996e+01 -5.300154126919999698e+01
6.500000000000000222e-01 8.337204987990000518e+04 -1.557544207720000031e+03 3.686371860300000117e+04 -9.556996539820000081e+00 2.559540196029999848e+01 -5.336722877399999732e+01
6.500000000000000222e-01 8.441552873550000368e+04 1.159940705290000096e+03 3.357747681110000121e+04 -1.064603220579999920e+01 2.584717878460000051e+01 -5.389702419209999817e+01
6.500000000000000222e-01 8.353393715630000224e+04 -1.680081948969999985e+03 3.670610082330000296e+04 -1.061433237660000017e+01 2.737780076419999986e+01 -5.211802309729999649e+01
6.500000000000000222e-01 8.041826679979999608e+04 -3.080664332549999926e+02 3.452167515499999718e+04 -1.049362054879999917e+01 2.649960451640000159e+01 -5.285068042059999982e+01
6.500000000000000222e-01 8.452954806709999684e+04 1.446379628930000081e+03 3.414305790210000123e+04 -1.010531701080000033e+01 2.678224046269999903e+01 -5.176075194210000063e+01
6.500000000000000222e-01 8.174578592059999937e+04 2.051004465949999940e+03 3.501161622450000141e+04 -1.033571684290000015e+01 2.635360067019999875e+01 -5.342278791510000246e+01
6.500000000000000222e-01 8.231319631970000046e+04 4.564276041009999858e+02 3.724446721860000252e+04 -9.413278345529999314e+00 2.547180981869999883e+01 -5.266083728809999798e+01
6.500000000000000222e-01 8.280652101399999810e+04 2.307546595660000094e+03 3.490577190050000354e+04 -1.032860360950000000e+01 2.636467696160000074e+01 -5.341325243130000189e+01
6.500000000000000222e-01 8.263147801910000271e+04 7.495126385639999853e+02 3.264752775330000077e+04 -1.050165478729999968e+01 2.580849131629999960e+01 -5.332324251130000192e+01
6.500000000000000222e-01 8.175156760310000391e+04 -1.630754581690000009e+02 3.272247493290000057e+04 -1.025204926780000037e+01 2.649327974530000063e+01 -5.307781014249999885e+01
6.500000000000000222e-01 8.459136579270000220e+04 -1.285835548159999917e+03 3.365594282530000055e+04 -1.021230230049999932e+01 2.654983214989999851e+01 -5.221945075480000042e+01
6.500000000000000222e-01 8.225256317670000135e+04 -1.061532085620000032e+02 3.730729883739999786e+04 -1.022978870879999924e+01 2.649370399769999906e+01 -5.307128914599999803e+01
6.500000000000000222e-01 8.185827552729999297e+04 -1.996031363379999902e+03 3.620898274839999794e+04 -9.784633845720000167e+00 2.609259215810000043e+01 -5.298397404840000036e+01
6.500000000000000222e-01 8.251439177469999413e+04 -2.488558647700000165e+03 3.426491014529999666e+04 -1.009051703029999913e+01 2.656899612879999850e+01 -5.384481391229999758e+01
6.500000000000000222e-01 8.119945527710000169e+04 -1.964859166570000070e+03 3.511378761459999805e+04 -1.029789678260000052e+01 2.658290646540000068e+01 -5.196037200909999854e+01
6.500000000000000222e-01 8.400045392889999493e+04 -2.111323151059999873e+03 3.405159287279999990e+04 -1.057453829519999999e+01 2.675354909880000065e+01 -5.246068114879999911e+01
6.500000000000000222e-01 8.517040078660000290e+04 4.658762678109999911e+02 3.536372708029999922e+04 -1.008287473390000066e+01 2.642719049120000108e+01 -5.350302538969999944e+01
6.500000000000000222e-01 8.527386708280000312e+04 1.101532237269999968e+02 3.498685069669999939e+04 -1.025411994120000081e+01 2.647130414789999975e+01 -5.272942681020000322e+01
6.500000000000000222e-01 8.170226788260000467e+04 -1.619924622140000110e+03 3.332207890719999705e+04 -9.766161847939999419e+00 2.631372739549999906e+01 -5.335450894299999902e+01
6.500000000000000222e-01 8.193319053229999554e+04 6.323196228010000368e+02 3.707231036239999958e+04 -1.000648602789999941e+01 2.623730508250000071e+01 -5.267742254990000106e+01
6.500000000000000222e-01 8.198115984870000102e+04 1.175952271249999967e+03 3.303746846289999667e+04 -1.116849657300000054e+01 2.742644307089999955e+01 -5.223460855009999904e+01
6.500000000000000222e-01 8.437527081539999926e+04 -1.641303352540000105e+03 3.372943943959999888e+04 -1.023480268660000014e+01 2.645267416269999927e+01 -5.353035770590000197e+01
6.500000000000000222e-01 8.383425351209999644e+04 -2.369967017930000111e+03 3.517921992809999938e+04 -1.025383874169999920e+01 2.646744219580000035e+01 -5.425463826229999853e+01
6.500000000000000222e-01 8.290224744710000232e+04 1.294255233260000068e+03 3.293604389629999787e+04 -1.072993568919999952e+01 2.764113273650000124e+01 -5.233193738189999777e+01
6.500000000000000222e-01 8.475550537660000555e+04 -1.533227261839999983e+03 3.556939926890000061e+04 -9.926979167540000759e+00 2.626044084309999960e+01 -5.362551307270000223e+01
6.500000000000000222e-01 8.156302646219999588e+04 1.623359754079999902e+03 3.604476148609999655e+04 -9.807528501129999299e+00 2.575935310490000063e+01 -5.214338517579999888e+01
6.500000000000000222e-01 8.437765391959999397e+04 -1.468967261259999987e+03 3.628928071020000061e+04 -1.019269529510000005e+01 2.654199227739999856e+01 -5.366840798039999783e+01
6.500000000000000222e-01 8.439901544630000717e+04 7.729468564219999962e+02 3.327468986030000087e+04 -9.913238409159999875e+00 2.699661295310000142e+01 -5.212572791649999715e+01
6.500000000000000222e-01 8.245422366550000152e+04 -4.423506713130000207e+02 3.251909169869999823e+04 -1.133505684810000069e+01 2.594253227529999961e+01 -5.274200481049999922e+01
6.500000000000000222e-01 8.264698948699999892e+04 -4.487927677839999774e+02 3.249753712960000121e+04 -1.091626965460000065e+01 2.603633994509999994e+01 -5.283717507970000327e+01
6.500000000000000222e-01 8.066836645380000118e+04 -8.274021009739999499e+02 3.585657206250000309e+04 -1.077361423480000013e+01 2.653754255169999965e+01 -5.380489956809999796e+01
6.500000000000000222e-01 8.318541074770000705e+04 2.052865975289999824e+03 3.596682264259999647e+04 -1.078876393070000006e+01 2.683826660540000120e+01 -5.292248019609999687e+01
6.500000000000000222e-01 8.186301313989999471e+04 1.753206274449999910e+03 3.612505343149999680e+04 -1.009756817300000087e+01 2.633200192420000008e+01 -5.374162817330000053e+01
6.500000000000000222e-01 8.419491688990000694e+04 -2.037093962400000009e+03 3.568365292680000130e+04 -1.017212911720000079e+01 2.638509587600000117e+01 -5.410759968250000185e+01
6.500000000000000222e-01 8.480419343020000088e+04 1.165661375229999976e+03 3.427440974930000084e+04 -1.012793606430000004e+01 2.622134417739999890e+01 -5.303806847770000132e+01
6.500000000000000222e-01 8.286172277930000564e+04 6.650211563719999504e+02 3.724097249529999681e+04 -1.046777402600000073e+01 2.766611871479999962e+01 -5.339626191360000007e+01
6.500000000000000222e-01 8.467450948819999758e+04 -1.626881564430000026e+03 3.557281938939999964e+04 -1.052137632840000059e+01 2.680018682500000082e+01 -5.260536815289999879e+01
6.500000000000000222e-01 8.040684969069999352e+04 -1.851848317889999862e+02 3.528474325340000360e+04 -1.061473135990000038e+01 2.647871193790000177e+01 -5.439356244319999689e+01
6.500000000000000222e-01 8.356979248879999795e+04 1.930519264719999910e+03 3.601320836019999842e+04 -1.071577759630000060e+01 2.698063535109999833e+01 -5.323150959000000171e+01
6.500000000000000222e-01 8.515185312549999799e+04 2.124637127919999955e+02 3.564583340660000249e+04 -1.044595572469999922e+01 2.648851471860000117e+01 -5.238931391530000070e+01
4.560000000000000000e+04 7.190458584539999720e+03 2.331720846419999816e+03 1.835278105140000116e+04 2.033039050710000026e+02 -6.128000562449999933e+01 1.984995288849999895e+02
6.500000000000000222e-01 7.260824712349999572e+03 2.305643192089999957e+03 1.854512639580000177e+04 2.025724805959999912e+02 -6.080348187429999740e+01 1.990813745069999925e+02
6.500000000000000222e-01 7.146662693440000112e+03 2.376436474879999878e+03 1.815528731530000005e+04 2.025380706519999876e+02 -6.073487417770000008e+01 1.985077581189999876e+02
6.500000000000000222e-01 7.136425577539999722e+03 2.358658879839999827e+03 1.854968581469999845e+04 2.043812950950000129e+02 -6.167784591800000271e+01 1.989884682359999886e+02
6.500000000000000222e-01 7.296794751440000255e+03 2.189475117269999828e+03 1.825949368220000179e+04 2.026835921429999985e+02 -6.063275697280000287e+01 1.977823375209999881e+02
6.500000000000000222e-01 7.300509045439999682e+03 2.180798516329999984e+03 1.828298020729999917e+04 2.029370819270000084e+02 -6.095473014390000088e+01 1.989064013489999923e+02
6.500000000000000222e-01 7.093110506709999754e+03 2.297950483699999950e+03 1.853031776320000063e+04 2.031734310809999897e+02 -6.112952696800000041e+01 1.984192904969999915e+02
6.500000000000000222e-01 7.089079288029999589e+03 2.281432720270000118e+03 1.818005885430000126e+04 2.039699651210000013e+02 -6.115867293369999658e+01 1.977918859030000078e+02
6.500000000000000222e-01 7.321591894580000371e+03 2.323121753970000100e+03 1.819620160580000083e+04 2.022908347020000122e+02 -6.126867973409999735e+01 1.977925491830000055e+02
6.500000000000000222e-01 7.316653681419999884e+03 2.210276218040000003e+03 1.844899183210000047e+04 2.030322765180000033e+02 -6.086579279530000264e+01 1.983694368209999936e+02
6.500000000000000222e-01 7.129799679269999615e+03 2.149307849110000006e+03 1.829063936689999900e+04 2.030930931009999938e+02 -6.069916631120000261e+01 1.980671396760000107e+02
6.500000000000000222e-01 7.243050834609999583e+03 2.192839842030000000e+03 1.848736540550000063e+04 2.028405007300000022e+02 -6.028566223760000042e+01 1.991274393200000077e+02
6.500000000000000222e-01 7.364369191730000239e+03 2.226491381310000179e+03 1.834560515719999967e+04 2.030686816909999948e+02 -6.110162011140000260e+01 1.976268777919999877e+02
6.500000000000000222e-01 7.245648402570000144e+03 2.149316600250000192e+03 1.841097234089999984e+04 2.030233651510000072e+02 -6.078303763990000164e+01 1.982555353349999905e+02
6.500000000000000222e-01 7.233705465359999835e+03 2.200517188570000144e+03 1.850963405910000074e+04 2.038681257789999961e+02 -6.178839915329999855e+01 1.983142716609999923e+02
6.500000000000000222e-01 7.109806635079999978e+03 2.410297497340000064e+03 1.817838879100000122e+04 2.036297953620000101e+02 -6.182897698109999851e+01 1.977953603079999993e+02
6.500000000000000222e-01 7.387181277499999851e+03 2.377064302010000119e+03 1.832774189589999878e+04 2.029543604890000097e+02 -6.134485115470000238e+01 1.977253390060000129e+02
6.500000000000000222e-01 7.145458190190000096e+03 2.524457205379999778e+03 1.840272565250000116e+04 2.034349174559999938e+02 -6.171335615579999967e+01 1.995265347440000028e+02
6.500000000000000222e-01 7.346130174980000447e+03 2.370585870700000214e+03 1.848085900190000029e+04 2.035117259849999982e+02 -6.108857282919999676e+01 1.982874524469999926e+02
6.500000000000000222e-01 7.332704794209999818e+03 2.476695580220000011e+03 1.836473861140000008e+04 2.031628252449999934e+02 -6.152281231799999972e+01 1.988095819080000126e+02
6.500000000000000222e-01 7.230865505060000032e+03 2.523106376350000119e+03 1.841477168280000114e+04 2.031579524379999953e+02 -6.164152174560000219e+01 1.994797026589999973e+02
6.500000000000000222e-01 7.383611436359999971e+03 2.396744850070000211e+03 1.835488525400000071e+04 2.031145142469999882e+02 -6.134100857370000170e+01 1.977508020939999938e+02
6.500000000000000222e-01 7.076102942569999868e+03 2.199064839470000152e+03 1.845621166010000161e+04 2.037684568180000042e+02 -6.066273252279999895e+01 1.993069547480000097e+02
6.500000000000000222e-01 7.000166877790000399e+03 2.311407199130000208e+03 1.828183755849999943e+04 2.034437557420000076e+02 -6.134237122399999720e+01 1.985206406339999887e+02
6.500000000000000222e-01 7.164729204080000272e+03 2.532026423759999943e+03 1.833897759520000182e+04 2.033920757310000056e+02 -6.156216753790000240e+01 1.993965578890000074e+02
6.500000000000000222e-01 7.262338268939999580e+03 2.343003579870000067e+03 1.854676289950000137e+04 2.029485196169999881e+02 -6.133492999530000134e+01 1.989371511550000093e+02
6.500000000000000222e-01 7.121351677929999823e+03 2.144224881470000128e+03 1.831997429950000151e+04 2.031727500000000077e+02 -6.093094808539999718e+01 1.987815552680000053e+02
6.500000000000000222e-01 7.283016168619999917e+03 2.474276768820000143e+03 1.824023828480000157e+04 2.027354727489999959e+02 -6.182195861249999780e+01 1.977306156790000102e+02
6.500000000000000222e-01 7.151626767290000316e+03 2.139947485149999920e+03 1.841599174209999910e+04 2.036621502810000095e+02 -6.129916800090000351e+01 1.982818871009999953e+02
6.500000000000000222e-01 7.367444965249999768e+03 2.281100132690000009e+03 1.844147262720000072e+04 2.035183807759999866e+02 -6.122619909910000047e+01 1.979033263050000073e+02
6.500000000000000222e-01 7.035707047529999727e+03 2.203380492679999861e+03 1.831854116230000000e+04 2.033739920970000128e+02 -6.100615396149999725e+01 1.983022445310000137e+02
6.500000000000000222e-01 7.087145193020000079e+03 2.464097699079999984e+03 1.846981290509999963e+04 2.038380359999999882e+02 -6.182667963920000176e+01 1.994077273480000088e+02
6.500000000000000222e-01 7.261958157930000198e+03 2.394403564639999786e+03 1.817084088440000050e+04 2.037660807929999862e+02 -6.093185962510000309e+01 1.988002283550000016e+02
6.500000000000000222e-01 7.308639366399999744e+03 2.181331409349999831e+03 1.842583787139999913e+04 2.034795063809999931e+02 -6.135581835859999700e+01 1.977327308799999912e+02
6.500000000000000222e-01 7.356409064780000335e+03 2.448781819870000163e+03 1.833822594020000179e+04 2.030711492389999933e+02 -6.145886655080000338e+01 1.977143046099999992e+02
6.500000000000000222e-01 7.284192276089999723e+03 2.507940806030000203e+03 1.831652641370000129e+04 2.031905490400000076e+02 -6.172259836879999995e+01 1.978425280680000071e+02
6.500000000000000222e-01 7.047590226559999792e+03 2.203268477810000149e+03 1.841901544559999820e+04 2.037768850440000108e+02 -6.094604948940000355e+01 1.992914614409999956e+02
6.500000000000000222e-01 7.049916714259999935e+03 2.473188714639999944e+03 1.839233085790000041e+04 2.033837522450000108e+02 -6.133148470310000278e+01 1.975399606720000065e+02
6.500000000000000222e-01 7.311491554809999798e+03 2.180100991530000101e+03 1.842474329700000089e+04 2.032738131270000110e+02 -6.106906426169999946e+01 1.990897539540000025e+02
6.500000000000000222e-01 7.363475967049999781e+03 2.414289105540000037e+03 1.842463898310000150e+04 2.028617208860000005e+02 -6.146253269649999851e+01 1.996636837370000137e+02
6.500000000000000222e-01 7.099056587719999698e+03 2.278963552690000142e+03 1.852875830779999887e+04 2.028101686379999933e+02 -6.143751344780000068e+01 1.981662687250000090e+02
1.390000000000000000e+04 -1.043273948869999913e+04 2.823606086440000126e+03 1.159937532040000042e+04 -2.359535223379999991e+02 2.017396521070000119e+02 -3.344177380240000161e+02
6.500000000000000222e-01 -1.053913067400000000e+04 2.913079892319999999e+03 1.163399990830000024e+04 -2.360949972820000085e+02 2.017462366080000038e+02 -3.347993191539999884e+02
6.500000000000000222e-01 -1.050248072049999973e+04 2.802864425679999840e+03 1.172394666900000084e+04 -2.364455771579999919e+02 2.016517064770000047e+02 -3.344608893120000062e+02
6.500000000000000222e-01 -1.035438618200000019e+04 2.803364786069999809e+03 1.171677280910000081e+04 -2.363106677730000058e+02 2.017681940639999993e+02 -3.343400330119999921e+02
6.500000000000000222e-01 -1.034808062470000004e+04 2.861879947450000145e+03 1.148883382960000017e+04 -2.353807101090000060e+02 2.018227465520000123e+02 -3.342291993530000127e+02
6.500000000000000222e-01 -1.032666807850000077e+04 2.896289011320000100e+03 1.165802317609999955e+04 -2.363910004669999978e+02 2.015290939770000023e+02 -3.339858786140000007e+02
6.500000000000000222e-01 -1.047510656329999983e+04 2.912077499389999957e+03 1.170496551189999991e+04 -2.359465953920000061e+02 2.012460627410000029e+02 -3.337924151199999869e+02
6.500000000000000222e-01 -1.038269950710000012e+04 2.706226429469999857e+03 1.154153294009999991e+04 -2.359626420460000134e+02 2.019086889229999997e+02 -3.341420395380000059e+02
6.500000000000000222e-01 -1.047893258099999912e+04 2.697516204399999879e+03 1.164246108850000019e+04 -2.360170499719999953e+02 2.022225077010000120e+02 -3.339034872700000278e+02
6.500000000000000222e-01 -1.044024317599999995e+04 2.707030166219999956e+03 1.168526716800000031e+04 -2.357630112859999940e+02 2.015995015500000136e+02 -3.344764926810000247e+02
6.500000000000000222e-01 -1.037701251299999967e+04 2.929149622460000046e+03 1.167356257969999933e+04 -2.359557528139999931e+02 2.012058839080000041e+02 -3.342280492489999801e+02
6.500000000000000222e-01 -1.029395883130000038e+04 2.815293655769999987e+03 1.156728238240000064e+04 -2.361263056429999949e+02 2.017314290390000053e+02 -3.351024425830000268e+02
6.500000000000000222e-01 -1.040857531980000022e+04 2.688055722019999848e+03 1.156034629119999954e+04 -2.357735899070000016e+02 2.017173232959999893e+02 -3.339643369089999965e+02
6.500000000000000222e-01 -1.034304208749999998e+04 2.713959560599999804e+03 1.157804123040000013e+04 -2.359169426839999915e+02 2.018576614609999922e+02 -3.345996752269999774e+02
6.500000000000000222e-01 -1.042671975689999999e+04 2.729934294680000221e+03 1.148924411470000086e+04 -2.355719936350000125e+02 2.012828984020000007e+02 -3.342056871080000064e+02
6.500000000000000222e-01 -1.054328779430000031e+04 2.820069196160000047e+03 1.169155898850000085e+04 -2.361643072900000107e+02 2.017757891100000052e+02 -3.343925849909999783e+02
6.500000000000000222e-01 -1.032133527959999992e+04 2.738364724420000130e+03 1.157443393669999932e+04 -2.358947141740000006e+02 2.017945549819999940e+02 -3.340075677849999920e+02
6.500000000000000222e-01 -1.036815763759999936e+04 2.781382695249999870e+03 1.147917239209999934e+04 -2.361604556960000139e+02 2.020593135329999939e+02 -3.347745113390000142e+02
6.500000000000000222e-01 -1.036946961910000027e+04 2.803206616339999982e+03 1.172513413760000003e+04 -2.357464766589999954e+02 2.016743155309999906e+02 -3.346812440100000003e+02
6.500000000000000222e-01 -1.052848459910000020e+04 2.720858100790000208e+03 1.158312007760000051e+04 -2.358537618649999956e+02 2.020109911940000131e+02 -3.344764717069999733e+02
6.500000000000000222e-01 -1.049415389619999951e+04 2.938094200789999832e+03 1.164981828040000073e+04 -2.358069632579999961e+02 2.013563201160000062e+02 -3.342444755989999976e+02
6.500000000000000222e-01 -1.040254009009999936e+04 2.714233879070000057e+03 1.168790289619999930e+04 -2.360195338839999977e+02 2.021124453749999930e+02 -3.339917958479999811e+02
6.500000000000000222e-01 -1.049075777009999911e+04 2.825593926900000042e+03 1.146910552660000030e+04 -2.351478548020000119e+02 2.016949034620000134e+02 -3.346930338829999982e+02
6.500000000000000222e-01 -1.052218755579999925e+04 2.858381533899999795e+03 1.170857596440000088e+04 -2.364182447480000064e+02 2.019204708359999927e+02 -3.344385642170000210e+02
6.500000000000000222e-01 -1.036055633329999910e+04 2.892836440959999891e+03 1.149654664240000056e+04 -2.360665552060000039e+02 2.018045784470000115e+02 -3.345533957040000246e+02
6.500000000000000222e-01 -1.050026352709999992e+04 2.763408347130000038e+03 1.148954797519999920e+04 -2.361367423840000015e+02 2.016400109470000075e+02 -3.340696464220000053e+02
6.500000000000000222e-01 -1.045171457469999950e+04 2.747463873140000032e+03 1.147853411489999962e+04 -2.355539808069999879e+02 2.013747707130000038e+02 -3.343419877459999725e+02
6.500000000000000222e-01 -1.045611635510000087e+04 2.745266449889999876e+03 1.148301874990000033e+04 -2.360017036360000020e+02 2.015565206009999883e+02 -3.341807696079999914e+02
6.500000000000000222e-01 -1.029695036810000056e+04 2.812232087479999791e+03 1.155642661090000001e+04 -2.361434340870000028e+02 2.017445898189999980e+02 -3.350948094589999755e+02
6.500000000000000222e-01 -1.041257300360000045e+04 2.772457384610000190e+03 1.173136743279999973e+04 -2.364119670460000009e+02 2.024282494429999986e+02 -3.340890325199999893e+02
6.500000000000000222e-01 -1.043036818669999957e+04 2.685918527599999834e+03 1.157055311230000007e+04 -2.359561092529999939e+02 2.019354512440000065e+02 -3.339385212970000225e+02
6.500000000000000222e-01 -1.040825258829999984e+04 2.684029280230000040e+03 1.160847425950000070e+04 -2.359272179829999914e+02 2.019059753829999977e+02 -3.350542206090000263e+02
6.500000000000000222e-01 -1.036279864839999937e+04 2.777758111279999866e+03 1.148164301750000050e+04 -2.362591402779999896e+02 2.020741188089999980e+02 -3.350319269799999802e+02
6.500000000000000222e-01 -1.029081710360000034e+04 2.833567188829999850e+03 1.159680195319999984e+04 -2.360470295979999946e+02 2.016946490139999923e+02 -3.340384231489999820e+02
6.500000000000000222e-01 -1.036956927080000060e+04 2.884909891079999852e+03 1.148571554749999996e+04 -2.362404260010000030e+02 2.015526639009999883e+02 -3.348278706780000107e+02
6.500000000000000222e-01 -1.043665629730000001e+04 2.686006640619999871e+03 1.163114649859999918e+04 -2.359924753690000045e+02 2.021441548310000087e+02 -3.338098932419999869e+02
6.500000000000000222e-01 -1.052628222090000054e+04 2.917305871110000226e+03 1.154381896530000085e+04 -2.360542256509999959e+02 2.018279007790000037e+02 -3.338894279070000266e+02
6.500000000000000222e-01 -1.042665037479999955e+04 2.868952843279999797e+03 1.173564628450000055e+04 -2.362954316260000098e+02 2.011103980309999884e+02 -3.340805194440000037e+02
6.500000000000000222e-01 -1.036872240229999989e+04 2.811136409230000027e+03 1.147005762499999946e+04 -2.353242385380000030e+02 2.016000782360000017e+02 -3.344054377990000262e+02
6.500000000000000222e-01 -1.045015513719999944e+04 2.820854145020000033e+03 1.174252916050000022e+04 -2.355851776080000093e+02 2.018787654180000004e+02 -3.341923275139999987e+02
6.500000000000000222e-01 -1.048752868680000029e+04 2.805209788409999874e+03 1.173190570119999938e+04 -2.366873235399999942e+02 2.016285675489999960e+02 -3.344716840149999939e+02
1.190000000000000000e+04 -6.241191822189999584e+03 6.040780393089999961e+03 -1.284747655099999974e+04 -2.649742254720000005e+02 -3.252039528680000302e+01 8.898411639200000423e+01
6.500000000000000222e-01 -6.325538486049999847e+03 5.949481408380000175e+03 -1.280152373249999982e+04 -2.648442405850000227e+02 -3.262087269119999888e+01 8.852683751799999357e+01
6.500000000000000222e-01 -6.331035011390000363e+03 5.948534573760000058e+03 -1.281813137400000051e+04 -2.647236764620000145e+02 -3.226276099369999883e+01 8.954344177240000135e+01
6.500000000000000222e-01 -6.124962693350000336e+03 6.075667118780000237e+03 -1.289925506010000026e+04 -2.650307735110000067e+02 -3.245434167380000190e+01 8.952259298389999742e+01
6.500000000000000222e-01 -6.139825941449999846e+03 5.956947893810000096e+03 -1.286383417449999979e+04 -2.651501913980000040e+02 -3.240692681640000217e+01 8.873594259079999347e+01
6.500000000000000222e-01 -6.257873689699999886e+03 6.137780476189999717e+03 -1.293835702769999989e+04 -2.649385038839999993e+02 -3.299027904439999759e+01 8.827099380079999946e+01
6.500000000000000222e-01 -6.319688198679999914e+03 6.144107360109999718e+03 -1.281946181070000057e+04 -2.648291060959999754e+02 -3.271892853509999810e+01 8.932704810020000252e+01
6.500000000000000222e-01 -6.207947992559999875e+03 6.034480927169999632e+03 -1.271709979469999962e+04 -2.647327984870000250e+02 -3.271435725810000150e+01 8.911378713489999370e+01
6.500000000000000222e-01 -6.360775706999999784e+03 6.013194634620000215e+03 -1.289625952540000071e+04 -2.648353141520000236e+02 -3.242350164489999997e+01 8.907444464649999816e+01
6.500000000000000222e-01 -6.280153296780000346e+03 5.946156297860000450e+03 -1.293264602310000009e+04 -2.649404875910000214e+02 -3.271245815270000179e+01 8.936628552950000426e+01
6.500000000000000222e-01 -6.217322015810000266e+03 5.989607504360000348e+03 -1.272644331939999938e+04 -2.650565719200000103e+02 -3.247401060109999804e+01 8.916505645940000591e+01
6.500000000000000222e-01 -6.340074113300000135e+03 5.954843333640000310e+03 -1.286212536539999928e+04 -2.648148042959999771e+02 -3.240247001179999842e+01 8.953961614889999510e+01
6.500000000000000222e-01 -6.200895866140000180e+03 5.995887119240000175e+03 -1.296592349060000015e+04 -2.648034873259999813e+02 -3.269092586680000068e+01 8.920965451589999873e+01
6.500000000000000222e-01 -6.310932387670000026e+03 6.109127929739999672e+03 -1.275883888660000048e+04 -2.644941739010000106e+02 -3.300532797889999870e+01 8.938615500260000601e+01
6.500000000000000222e-01 -6.165644932180000069e+03 6.147287577770000098e+03 -1.282840738149999925e+04 -2.651531257230000165e+02 -3.261960786179999872e+01 8.848953776800000526e+01
6.500000000000000222e-01 -6.149615024699999594e+03 6.022780005859999619e+03 -1.275174295019999954e+04 -2.653174685430000181e+02 -3.256878834569999981e+01 8.943747387279999828e+01
6.500000000000000222e-01 -6.368372230140000283e+03 6.066453378989999692e+03 -1.287247537109999939e+04 -2.647376914349999879e+02 -3.249718643500000326e+01 8.870798475099999791e+01
6.500000000000000222e-01 -6.156945252069999697e+03 6.069022954729999583e+03 -1.274711596289999943e+04 -2.651117859880000083e+02 -3.290022752069999967e+01 8.929286213279999629e+01
6.500000000000000222e-01 -6.217820671909999874e+03 6.039507414059999974e+03 -1.271468817060000038e+04 -2.642989778360000059e+02 -3.271223713970000091e+01 8.907601806780000686e+01
6.500000000000000222e-01 -6.236272368629999619e+03 5.986410827390000122e+03 -1.272519371110000066e+04 -2.650810946249999915e+02 -3.207353115170000279e+01 8.936100118470000098e+01
6.500000000000000222e-01 -6.238816610750000109e+03 6.172354242450000129e+03 -1.285651088069999969e+04 -2.650008999980000226e+02 -3.271718663530000271e+01 8.921796778370000425e+01
6.500000000000000222e-01 -6.117187965119999717e+03 6.003062880849999601e+03 -1.281686294239999916e+04 -2.651426684730000147e+02 -3.258468995460000173e+01 8.926986977360000708e+01
6.500000000000000222e-01 -6.300581146489999810e+03 5.925210848050000095e+03 -1.281987958989999970e+04 -2.647297572339999761e+02 -3.252867838390000088e+01 8.873305308800000546e+01
6.500000000000000222e-01 -6.145274772650000159e+03 6.122955373699999654e+03 -1.280894344269999965e+04 -2.649701145820000079e+02 -3.262843031919999959e+01 8.843146344880000242e+01
6.500000000000000222e-01 -6.222701828670000396e+03 5.910374940300000162e+03 -1.283603623979999975e+04 -2.649665506690000143e+02 -3.229348905129999991e+01 8.956050196069999458e+01
6.500000000000000222e-01 -6.364531864540000242e+03 5.999331991070000186e+03 -1.282580254760000025e+04 -2.646725064849999853e+02 -3.239159893280000091e+01 8.937503042759999516e+01
6.500000000000000222e-01 -6.319940791060000265e+03 6.095965875310000229e+03 -1.294145271549999961e+04 -2.652851461359999803e+02 -3.221996037070000085e+01 8.915259102490000487e+01
6.500000000000000222e-01 -6.238323354279999876e+03 5.913526325759999963e+03 -1.281614940810000007e+04 -2.650320009819999996e+02 -3.226144421600000101e+01 8.902474492209999823e+01
6.500000000000000222e-01 -6.219392808130000049e+03 6.135053300360000321e+03 -1.294051060739999957e+04 -2.650143058840000094e+02 -3.213576887210000166e+01 8.920585131849999527e+01
6.500000000000000222e-01 -6.319334079350000138e+03 6.147259314920000179e+03 -1.283076266559999931e+04 -2.649645389120000232e+02 -3.255863875869999902e+01 8.830832356370000014e+01
6.500000000000000222e-01 -6.316958810389999599e+03 6.072375484989999677e+03 -1.274220335779999914e+04 -2.651032982780000111e+02 -3.248101687359999801e+01 8.876620696220000184e+01
6.500000000000000222e-01 -6.352268817250000211e+03 6.030328535290000218e+03 -1.277694624330000079e+04 -2.649556376130000217e+02 -3.259670517610000218e+01 8.855643389790000697e+01
6.500000000000000222e-01 -6.302833783899999617e+03 5.981484384430000318e+03 -1.274465633279999929e+04 -2.644882146560000251e+02 -3.216810200489999971e+01 8.951370879370000466e+01
6.500000000000000222e-01 -6.195352293840000129e+03 6.100182636929999717e+03 -1.273717459609999969e+04 -2.646626422560000265e+02 -3.235396539490000123e+01 8.874218809699999611e+01
6.500000000000000222e-01 -6.248471661990000030e+03 6.173142796959999941e+03 -1.285184745429999930e+04 -2.650334187830000019e+02 -3.265981422389999977e+01 8.939950783279999769e+01
6.500000000000000222e-01 -6.363520713949999845e+03 6.047258599609999692e+03 -1.289925518310000007e+04 -2.646629257989999928e+02 -3.241112512739999829e+01 8.841398817610000549e+01
6.500000000000000222e-01 -6.234813369800000146e+03 6.113660746509999626e+03 -1.295921680639999977e+04 -2.649006991859999971e+02 -3.232277586339999687e+01 8.900301128879999624e+01
6.500000000000000222e-01 -6.171596056239999598e+03 6.110162018300000454e+03 -1.293765128820000064e+04 -2.648551846529999807e+02 -3.250469423229999677e+01 8.914766193170000008e+01
6.500000000000000222e-01 -6.306579408290000174e+03 5.967445226400000138e+03 -1.293615558629999941e+04 -2.649607025399999998e+02 -3.188679111669999955e+01 8.866298926790000223e+01
6.500000000000000222e-01 -6.136055737599999702e+03 5.960800163990000328e+03 -1.285709933319999982e+04 -2.651423665020000158e+02 -3.243218114929999984e+01 8.888258481809999978e+01
6.500000000000000222e-01 -6.190057528209999873e+03 6.136672234249999747e+03 -1.292472339239999928e+04 -2.649442055860000096e+02 -3.232383003919999709e+01 8.929449051839999640e+01
