3.450000000000000000e+05 4.435547167759999866e+03 -5.122894831530000374e+03 -6.610338216549999743e+03 -1.067097272719999950e+02 1.438769138259999991e+01 -6.708868817510000326e+01
6.500000000000000222e-01 4.349761292199999843e+03 -5.036517231820000234e+03 -6.353080330740000136e+03 -1.065290638799999954e+02 1.425644583929999953e+01 -6.691553673030000482e+01
6.500000000000000222e-01 4.262999489169999833e+03 -5.243016578890000346e+03 -6.802903675829999884e+03 -1.074486145989999955e+02 1.442188775139999990e+01 -6.617457897699999592e+01
6.500000000000000222e-01 4.621980726580000010e+03 -5.052505027180000070e+03 -6.406623063400000319e+03 -1.057373184040000069e+02 1.468022308359999961e+01 -6.843112468270000193e+01
6.500000000000000222e-01 4.413457175720000123e+03 -5.210380195210000238e+03 -6.881587526629999957e+03 -1.067534526029999995e+02 1.194783443370000064e+01 -6.659809473769999499e+01
6.500000000000000222e-01 4.549186113660000046e+03 -5.324307979240000350e+03 -6.772187381439999626e+03 -1.070792042060000000e+02 1.466626105899999999e+01 -6.673972854640000207e+01
6.500000000000000222e-01 4.539976269619999584e+03 -4.886757947699999932e+03 -6.730042391429999952e+03 -1.073500060989999980e+02 1.321234489879999963e+01 -6.900949293060000400e+01
6.500000000000000222e-01 4.202069273580000299e+03 -5.015858316320000085e+03 -6.735017858539999906e+03 -1.059293396230000042e+02 1.422113764270000047e+01 -6.828033215279999979e+01
6.500000000000000222e-01 4.601534750159999930e+03 -4.928406204679999973e+03 -6.734434037400000307e+03 -1.068185330120000032e+02 1.291462384659999962e+01 -6.844864108420000548e+01
6.500000000000000222e-01 4.210580310090000239e+03 -5.057699257489999582e+03 -6.444504398660000334e+03 -1.065713520789999933e+02 1.489208195239999988e+01 -6.610208660909999878e+01
6.500000000000000222e-01 4.158534127619999708e+03 -5.147201041819999773e+03 -6.548383418100000199e+03 -1.060021649180000054e+02 1.473387473350000043e+01 -6.462951205890000494e+01
6.500000000000000222e-01 4.263701711020000403e+03 -5.259400165549999656e+03 -6.792046964070000286e+03 -1.075456958689999993e+02 1.382554379109999942e+01 -6.554072978259999616e+01
6.500000000000000222e-01 4.529543056649999926e+03 -5.153217739579999943e+03 -6.343706117869999616e+03 -1.080745595310000056e+02 1.516925523899999995e+01 -6.689943187000000080e+01
6.500000000000000222e-01 4.376220356320000064e+03 -4.963234424100000069e+03 -6.841633091540000351e+03 -1.071781301150000019e+02 1.420842585870000008e+01 -6.741592384199999799e+01
6.500000000000000222e-01 4.269124327640000047e+03 -5.057342618509999738e+03 -6.831498884710000311e+03 -1.046814296480000053e+02 1.351165221119999948e+01 -6.834980750420000106e+01
6.500000000000000222e-01 4.594070530189999772e+03 -5.086480084019999595e+03 -6.377305822719999924e+03 -1.073407336939999936e+02 1.478535631969999997e+01 -6.726315871529999413e+01
6.500000000000000222e-01 4.300536461820000113e+03 -5.345316475720000199e+03 -6.726485766660000081e+03 -1.057148583369999955e+02 1.520639177960000055e+01 -6.934911427909999304e+01
6.500000000000000222e-01 4.219378023760000360e+03 -5.188861280099999931e+03 -6.782926100100000440e+03 -1.074842741079999939e+02 1.391139565019999935e+01 -6.523078228820000390e+01
6.500000000000000222e-01 4.453178242189999764e+03 -5.247742429560000346e+03 -6.356450573699999950e+03 -1.077617034419999982e+02 1.698711592040000085e+01 -6.638116230640000026e+01
6.500000000000000222e-01 4.316957740130000275e+03 -5.207711944259999655e+03 -6.365315640189999613e+03 -1.051365037180000002e+02 1.553526529800000056e+01 -6.596842293519999600e+01
6.500000000000000222e-01 4.477013229250000222e+03 -5.018516336349999619e+03 -6.871474446090000129e+03 -1.061219313000000000e+02 1.229266887570000044e+01 -6.749284611160000225e+01
6.500000000000000222e-01 4.238307401140000366e+03 -4.956554809229999591e+03 -6.736103960450000159e+03 -1.073478858360000032e+02 1.503638379749999920e+01 -6.570664415429999394e+01
6.500000000000000222e-01 4.278178290470000320e+03 -4.924798712970000452e+03 -6.742419412199999897e+03 -1.061022057720000049e+02 1.355715683460000065e+01 -6.864542095189999316e+01
6.500000000000000222e-01 4.573706880949999686e+03 -4.949352909629999886e+03 -6.431241679130000193e+03 -1.083952295349999986e+02 1.375558086190000040e+01 -6.537067279299999711e+01
6.500000000000000222e-01 4.671897043510000003e+03 -5.142721174379999866e+03 -6.453152105369999845e+03 -1.074684049810000062e+02 1.437518565050000063e+01 -6.676839295160000631e+01
6.500000000000000222e-01 4.657498435919999793e+03 -5.115219599420000122e+03 -6.432708981689999746e+03 -1.067682319510000042e+02 1.441454303339999932e+01 -6.778914854049999406e+01
6.500000000000000222e-01 4.406544489670000075e+03 -5.356990291179999986e+03 -6.449196435740000197e+03 -1.060655626610000013e+02 1.549180710589999954e+01 -6.562825867319999418e+01
6.500000000000000222e-01 4.315537495370000215e+03 -4.975543650759999764e+03 -6.825144873270000062e+03 -1.077998717840000040e+02 1.558711586879999977e+01 -6.586466357850000009e+01
6.500000000000000222e-01 4.241820296830000188e+03 -5.311473995839999588e+03 -6.698975037139999586e+03 -1.069296382469999998e+02 1.429928365209999974e+01 -6.516001592829999822e+01
6.500000000000000222e-01 4.333117398379999941e+03 -4.873252105290000145e+03 -6.710337272949999715e+03 -1.073062818079999943e+02 1.466008935350000009e+01 -6.693657571539999651e+01
6.500000000000000222e-01 4.314422958099999960e+03 -5.265028288900000007e+03 -6.395123364019999826e+03 -1.076967082270000020e+02 1.345089951099999936e+01 -6.851279187289999584e+01
6.500000000000000222e-01 4.625303538830000434e+03 -4.949673805940000420e+03 -6.488074904529999912e+03 -1.066680164360000020e+02 1.356910721989999935e+01 -6.692569688579999365e+01
6.500000000000000222e-01 4.209129645480000363e+03 -5.213919365060000018e+03 -6.463070087729999614e+03 -1.076723093979999959e+02 1.438493446190000036e+01 -6.882556265510000060e+01
6.500000000000000222e-01 4.155649292639999658e+03 -5.162822894920000181e+03 -6.642212228590000450e+03 -1.066210444809999984e+02 1.455513404969999947e+01 -6.459376924730000269e+01
6.500000000000000222e-01 4.507656475089999731e+03 -5.063477750899999592e+03 -6.879906884990000435e+03 -1.079705198879999983e+02 1.339891729910000073e+01 -6.768304145250000659e+01
6.500000000000000222e-01 4.323294778039999983e+03 -4.861219827910000276e+03 -6.596837033529999644e+03 -1.067560268480000047e+02 1.415649597710000052e+01 -6.469048045339999931e+01
6.500000000000000222e-01 4.434872399760000008e+03 -4.841296029099999942e+03 -6.660455007780000415e+03 -1.072669378979999948e+02 1.443486823179999945e+01 -6.665284218040000042e+01
6.500000000000000222e-01 4.459753512670000418e+03 -4.978966677340000388e+03 -6.852681015780000052e+03 -1.056347196079999975e+02 1.244148566369999998e+01 -6.728501154840000709e+01
6.500000000000000222e-01 4.513479648559999987e+03 -5.004436190700000225e+03 -6.363279297140000381e+03 -1.067810778730000010e+02 1.314151425979999921e+01 -6.655211265139999455e+01
6.500000000000000222e-01 4.306165367560000050e+03 -5.258947698150000178e+03 -6.396366409150000436e+03 -1.071185794109999989e+02 1.613426007079999991e+01 -6.657486480810000273e+01
6.500000000000000222e-01 4.506848545159999958e+03 -4.954510632579999765e+03 -6.391506777249999686e+03 -1.062772772069999974e+02 1.580430034940000006e+01 -6.827287136760000408e+01
4.560000000000000000e+04 5.406346847779999734e+03 2.853692280350000146e+03 1.656798117730000013e+04 2.087879505219999885e+02 -5.897932889749999674e+01 2.145889943450000032e+02
6.500000000000000222e-01 5.452716672309999922e+03 2.733833299089999855e+03 1.672960050789999877e+04 2.093192311409999888e+02 -5.959148290240000279e+01 2.143926102670000091e+02
6.500000000000000222e-01 5.537772287249999863e+03 2.961548232170000119e+03 1.645333641440000065e+04 2.084560267539999927e+02 -5.948048866439999927e+01 2.138665116470000100e+02
6.500000000000000222e-01 5.464116679030000341e+03 2.727147300749999886e+03 1.671888797469999918e+04 2.085206036959999949e+02 -5.826283766640000295e+01 2.153138550749999922e+02
6.500000000000000222e-01 5.204476588659999834e+03 2.840059204740000041e+03 1.653464944860000105e+04 2.088401110670000094e+02 -5.897774119449999830e+01 2.146898392539999918e+02
6.500000000000000222e-01 5.548351452910000262e+03 2.987392652420000104e+03 1.650498528539999825e+04 2.088522539530000017e+02 -5.877958106610000044e+01 2.154919086840000091e+02
6.500000000000000222e-01 5.315555845159999990e+03 3.037119354339999973e+03 1.657454117459999907e+04 2.088699877770000057e+02 -5.910339022499999828e+01 2.143133226209999975e+02
6.500000000000000222e-01 5.364638556429999880e+03 2.902039754030000040e+03 1.676300469689999954e+04 2.095033487780000030e+02 -5.970934958229999978e+01 2.149686971509999864e+02
6.500000000000000222e-01 5.404091411710000102e+03 3.058600545669999974e+03 1.656565359109999918e+04 2.088034296250000068e+02 -5.909700502169999936e+01 2.143140170270000056e+02
6.500000000000000222e-01 5.389226798749999944e+03 2.927104355720000058e+03 1.637664918779999971e+04 2.086887148780000132e+02 -5.952274357200000310e+01 2.142436107089999950e+02
6.500000000000000222e-01 5.316297274870000365e+03 2.852135349380000207e+03 1.638342964720000055e+04 2.089339978780000138e+02 -5.900336545390000254e+01 2.144207678619999911e+02
6.500000000000000222e-01 5.553290481230000296e+03 2.758393038870000055e+03 1.646319056880000062e+04 2.087574444509999978e+02 -5.892032368209999760e+01 2.150884248950000028e+02
6.500000000000000222e-01 5.357936552449999908e+03 2.857028889839999920e+03 1.676743303530000048e+04 2.088961799299999882e+02 -5.894026102849999660e+01 2.146585542630000134e+02
6.500000000000000222e-01 5.325956860450000022e+03 2.698115749590000178e+03 1.667558885430000009e+04 2.092516814349999947e+02 -5.923113657009999855e+01 2.146467356800000061e+02
6.500000000000000222e-01 5.380177702500000123e+03 2.657825355129999934e+03 1.651099287940000067e+04 2.089837055929999963e+02 -5.889217587720000324e+01 2.138960870630000102e+02
6.500000000000000222e-01 5.270006417890000193e+03 2.701664592820000053e+03 1.658593956800000160e+04 2.089204279330000134e+02 -5.888406742019999740e+01 2.153577512399999989e+02
6.500000000000000222e-01 5.503230221740000161e+03 2.689761260870000115e+03 1.649584505100000024e+04 2.085231584249999912e+02 -5.875433624579999758e+01 2.149184496999999965e+02
6.500000000000000222e-01 5.601824619060000259e+03 2.904711001749999923e+03 1.660368496510000114e+04 2.088203754710000055e+02 -5.901192741930000096e+01 2.142395716059999984e+02
6.500000000000000222e-01 5.610127829140000358e+03 2.875037881400000060e+03 1.657365495620000002e+04 2.086850835420000010e+02 -5.897841731569999979e+01 2.147929729440000131e+02
6.500000000000000222e-01 5.313114227310000388e+03 2.729933123559999785e+03 1.643306186620000153e+04 2.092907255149999912e+02 -5.911080260970000211e+01 2.142267612089999886e+02
6.500000000000000222e-01 5.331747558220000428e+03 2.918276243710000017e+03 1.674857626850000088e+04 2.090879540790000135e+02 -5.914473941979999694e+01 2.149522249599999952e+02
6.500000000000000222e-01 5.333616113260000020e+03 2.966017486939999799e+03 1.641152876489999835e+04 2.082385631829999966e+02 -5.831941183090000180e+01 2.150836773329999971e+02
6.500000000000000222e-01 5.535205433049999556e+03 2.728467042860000220e+03 1.646672153059999982e+04 2.087534380570000110e+02 -5.898789883370000098e+01 2.141100889539999912e+02
6.500000000000000222e-01 5.489954406179999751e+03 2.667585586229999990e+03 1.658670137560000148e+04 2.087694969869999966e+02 -5.895001237320000342e+01 2.136351166750000061e+02
6.500000000000000222e-01 5.411355359459999818e+03 2.976344713760000104e+03 1.640280325610000000e+04 2.085009007879999956e+02 -5.815931835420000340e+01 2.150048437400000125e+02
6.500000000000000222e-01 5.567485173029999714e+03 2.737177547539999978e+03 1.662062650569999823e+04 2.089551335440000059e+02 -5.910651914200000334e+01 2.141328595779999944e+02
6.500000000000000222e-01 5.301311433670000042e+03 3.000186668610000197e+03 1.666362981660000150e+04 2.092702446199999997e+02 -5.952765188819999764e+01 2.153146088059999954e+02
6.500000000000000222e-01 5.535392313899999863e+03 2.743131151170000066e+03 1.668084806359999857e+04 2.087808432999999866e+02 -5.888992999820000307e+01 2.141376916119999976e+02
6.500000000000000222e-01 5.537870668270000351e+03 2.931470662419999826e+03 1.643150956460000089e+04 2.090029354870000020e+02 -5.862267993780000097e+01 2.151667852349999919e+02
6.500000000000000222e-01 5.372764415489999919e+03 2.827674188720000075e+03 1.636702659619999940e+04 2.080757883379999953e+02 -5.940993917849999661e+01 2.146539045789999989e+02
6.500000000000000222e-01 5.389687591609999799e+03 2.827324222180000106e+03 1.636502293160000045e+04 2.083741436319999991e+02 -5.933940290009999785e+01 2.145813900539999963e+02
6.500000000000000222e-01 5.224711038190000181e+03 2.796733471110000210e+03 1.664452191550000134e+04 2.086032051360000139e+02 -5.892440768910000060e+01 2.140387946559999932e+02
6.500000000000000222e-01 5.434741900269999860e+03 3.038275091160000102e+03 1.665547874109999975e+04 2.084303653279999935e+02 -5.872561196040000198e+01 2.147278878420000012e+02
6.500000000000000222e-01 5.325760314119999748e+03 3.012196527550000155e+03 1.666714560469999924e+04 2.090330662220000022e+02 -5.910085868849999713e+01 2.141269725120000089e+02
6.500000000000000222e-01 5.520200430810000398e+03 2.695280966989999797e+03 1.662923869600000035e+04 2.088068079440000133e+02 -5.900754559660000353e+01 2.137734879280000087e+02
6.500000000000000222e-01 5.571218183709999721e+03 2.962796578099999806e+03 1.651341354720000163e+04 2.088152711209999950e+02 -5.919097469980000170e+01 2.145419642729999907e+02
6.500000000000000222e-01 5.408306422869999551e+03 2.923880078719999801e+03 1.676121968439999910e+04 2.086814984920000029e+02 -5.807527867959999668e+01 2.144200870640000005e+02
6.500000000000000222e-01 5.559535398760000135e+03 2.730423764900000151e+03 1.662295395099999951e+04 2.085172465189999969e+02 -5.870303189420000223e+01 2.148923624560000007e+02
6.500000000000000222e-01 5.203242010609999852e+03 2.850317647889999989e+03 1.659548104629999943e+04 2.087459610269999928e+02 -5.898455740280000015e+01 2.135808703280000032e+02
6.500000000000000222e-01 5.466963191949999782e+03 3.028329171909999786e+03 1.665872551559999920e+04 2.084584746710000047e+02 -5.861633382280000149e+01 2.144967811930000039e+02
6.500000000000000222e-01 5.599538225960000091e+03 2.883646201649999966e+03 1.662953346479999891e+04 2.085498816680000118e+02 -5.895887595680000004e+01 2.150803306859999964e+02
1.390000000000000000e+04 -8.349480957339999804e+03 1.073421529149999969e+03 1.441274268250000023e+04 -2.471569560670000101e+02 2.040559327219999943e+02 -3.176856812159999777e+02
6.500000000000000222e-01 -8.295959615469999335e+03 1.052498062679999975e+03 1.454357544070000040e+04 -2.477461554029999888e+02 2.043020765980000135e+02 -3.174387647739999920e+02
6.500000000000000222e-01 -8.375341212580000501e+03 1.100993650229999957e+03 1.427469328510000014e+04 -2.475261266939999985e+02 2.044959822229999986e+02 -3.175696459989999880e+02
6.500000000000000222e-01 -8.393474739260000206e+03 1.094642363660000001e+03 1.454726958689999992e+04 -2.466450895959999912e+02 2.037713244070000087e+02 -3.174030205130000013e+02
6.500000000000000222e-01 -8.271915483830000085e+03 9.707291110060000392e+02 1.435200785010000072e+04 -2.474078026660000091e+02 2.043989538900000014e+02 -3.181805949820000023e+02
6.500000000000000222e-01 -8.270871488869999666e+03 9.667007843459999776e+02 1.436149241260000053e+04 -2.472503573980000056e+02 2.041772697300000061e+02 -3.174450252980000187e+02
6.500000000000000222e-01 -8.416157869540000320e+03 1.049133476960000053e+03 1.453717611310000029e+04 -2.474498145739999870e+02 2.041003504089999865e+02 -3.177299291420000031e+02
6.500000000000000222e-01 -8.424136603439999817e+03 1.037688913779999893e+03 1.429632538620000014e+04 -2.466396250090000137e+02 2.041533985080000093e+02 -3.179752124070000150e+02
6.500000000000000222e-01 -8.252307594859999881e+03 1.067331094899999925e+03 1.430780408800000077e+04 -2.476095949969999879e+02 2.040806388210000080e+02 -3.182021746830000097e+02
6.500000000000000222e-01 -8.260108520039999348e+03 9.866796921879999900e+02 1.448080002190000050e+04 -2.473238170369999978e+02 2.042152042209999934e+02 -3.178911742299999901e+02
6.500000000000000222e-01 -8.390390736720000859e+03 9.432586129080000319e+02 1.437185940850000043e+04 -2.472690480690000072e+02 2.043375428660000068e+02 -3.178521491380000157e+02
6.500000000000000222e-01 -8.310015601740000420e+03 9.710231066930000452e+02 1.450287110580000081e+04 -2.475222351330000095e+02 2.045850156369999979e+02 -3.173399531030000276e+02
6.500000000000000222e-01 -8.227273394890000418e+03 9.993375202549999585e+02 1.441319656890000078e+04 -2.471898119960000031e+02 2.040889010369999994e+02 -3.183844122030000108e+02
6.500000000000000222e-01 -8.309407538179999392e+03 9.438516857959999697e+02 1.445485817780000070e+04 -2.473388204519999931e+02 2.042444803230000048e+02 -3.178777812860000154e+02
6.500000000000000222e-01 -8.322808452639999814e+03 9.855851260110000567e+02 1.452344665340000029e+04 -2.468779420840000114e+02 2.035969179139999881e+02 -3.178803709320000053e+02
6.500000000000000222e-01 -8.407632090099999914e+03 1.131216161730000067e+03 1.429521385240000018e+04 -2.468611387420000085e+02 2.037951938749999954e+02 -3.180245994649999943e+02
6.500000000000000222e-01 -8.210718131910000011e+03 1.105297819410000102e+03 1.440019873299999927e+04 -2.472494664639999939e+02 2.040277950429999976e+02 -3.183670271610000100e+02
6.500000000000000222e-01 -8.381467118140000821e+03 1.209829209669999955e+03 1.444136951249999947e+04 -2.471541757649999909e+02 2.038888965929999983e+02 -3.170353863870000168e+02
6.500000000000000222e-01 -8.242530548490000001e+03 1.099294725949999929e+03 1.450367015879999963e+04 -2.470327638720000039e+02 2.041616655050000020e+02 -3.180178241840000055e+02
6.500000000000000222e-01 -8.249785295550000228e+03 1.175528179590000036e+03 1.441937131829999998e+04 -2.471809322960000088e+02 2.039728385200000105e+02 -3.176400775640000234e+02
6.500000000000000222e-01 -8.320436202749999211e+03 1.208471084239999982e+03 1.445013905379999960e+04 -2.472913798859999872e+02 2.039231146209999963e+02 -3.171434845069999824e+02
6.500000000000000222e-01 -8.214156619089999367e+03 1.118941670579999936e+03 1.441901138569999966e+04 -2.471711838919999877e+02 2.040369548609999981e+02 -3.183619843359999777e+02
6.500000000000000222e-01 -8.431693674930000270e+03 9.776195918419999771e+02 1.447988005110000086e+04 -2.469942663649999872e+02 2.043638634170000046e+02 -3.170663703399999918e+02
6.500000000000000222e-01 -8.482559778049999295e+03 1.059649387299999944e+03 1.436288795550000032e+04 -2.471297144319999859e+02 2.040367735099999891e+02 -3.174755195889999868e+02
6.500000000000000222e-01 -8.367868394819999594e+03 1.214119634229999974e+03 1.439765381440000056e+04 -2.471184488039999962e+02 2.040074881840000103e+02 -3.171117859099999805e+02
6.500000000000000222e-01 -8.297214519760000258e+03 1.081688575200000059e+03 1.454562828789999912e+04 -2.475039132070000107e+02 2.039751804500000105e+02 -3.175435129609999763e+02
6.500000000000000222e-01 -8.396721320650000052e+03 9.411674711910000042e+02 1.438794442449999951e+04 -2.472418399190000002e+02 2.041768975360000127e+02 -3.173828289379999887e+02
6.500000000000000222e-01 -8.281774826830000166e+03 1.175617992290000075e+03 1.433899632989999918e+04 -2.473957847329999993e+02 2.038078714250000019e+02 -3.182642344999999864e+02
6.500000000000000222e-01 -8.378632606650000525e+03 9.405036586310000075e+02 1.445812934300000052e+04 -2.469832289219999950e+02 2.039074921600000039e+02 -3.177794335460000070e+02
6.500000000000000222e-01 -8.227814452389999133e+03 1.038035363890000099e+03 1.447849647879999975e+04 -2.469761993520000090e+02 2.040205686529999980e+02 -3.182534927190000076e+02
6.500000000000000222e-01 -8.457435953169999266e+03 9.826569386920000397e+02 1.438985409110000001e+04 -2.471736284250000040e+02 2.041741582450000010e+02 -3.176412660689999825e+02
6.500000000000000222e-01 -8.424404610859999593e+03 1.168670958079999991e+03 1.448889586629999940e+04 -2.469769194829999890e+02 2.037648574510000117e+02 -3.170786093799999890e+02
6.500000000000000222e-01 -8.302799893539999175e+03 1.114695008440000038e+03 1.428387140159999944e+04 -2.466558994009999992e+02 2.043640381630000036e+02 -3.174778649200000018e+02
6.500000000000000222e-01 -8.268444545259999359e+03 9.695916763760000094e+02 1.446853139980000014e+04 -2.470182244339999897e+02 2.038799582489999977e+02 -3.182888782059999926e+02
6.500000000000000222e-01 -8.232789368379999360e+03 1.155758395220000011e+03 1.440760112569999910e+04 -2.472083349829999861e+02 2.039992486380000116e+02 -3.183693420399999923e+02
6.500000000000000222e-01 -8.283689194230000794e+03 1.198402206219999925e+03 1.439162378840000019e+04 -2.471627863550000086e+02 2.038766102190000140e+02 -3.182286572250000063e+02
6.500000000000000222e-01 -8.451576158170000781e+03 9.822570392249999713e+02 1.445396856649999972e+04 -2.469776223179999874e+02 2.041910330380000005e+02 -3.170377787940000189e+02
6.500000000000000222e-01 -8.447534152779999204e+03 1.171889804220000087e+03 1.444624228500000027e+04 -2.472496220740000012e+02 2.041162939330000086e+02 -3.182577537490000168e+02
6.500000000000000222e-01 -8.265194293790000302e+03 9.669753820439999572e+02 1.445941324290000011e+04 -2.471414499740000110e+02 2.040702082280000127e+02 -3.173915738179999835e+02
6.500000000000000222e-01 -8.226517420969999876e+03 1.131892264000000068e+03 1.445594925839999996e+04 -2.473981324560000132e+02 2.039563758939999900e+02 -3.171109801829999810e+02
6.500000000000000222e-01 -8.409799770010000429e+03 1.037852511370000002e+03 1.453763896709999972e+04 -2.476838342650000016e+02 2.038844792250000069e+02 -3.179004238580000106e+02
3.690000000000000000e+05 2.615121528849999777e+03 8.069863355310000088e+02 -8.249624018030000343e+02 -8.659211227260000499e+01 1.861105369370000062e+01 -5.862576625810000053e+01
6.500000000000000222e-01 2.502989855129999796e+03 8.961062929700000268e+02 -7.929575160780000260e+02 -8.772695237259999601e+01 1.670882907740000078e+01 -6.058548884230000198e+01
6.500000000000000222e-01 2.535975816040000154e+03 7.825986484139999675e+02 -7.006592472119999684e+02 -9.103358847609999316e+01 1.706300742430000028e+01 -5.999082625970000038e+01
6.500000000000000222e-01 2.693366636360000030e+03 7.863167494240000224e+02 -7.088408398919999627e+02 -8.898063296479999451e+01 1.883059058719999967e+01 -6.070601891639999792e+01
6.500000000000000222e-01 2.710366826689999925e+03 8.493073446089999834e+02 -9.361948836870000150e+02 -8.176940800330000059e+01 2.000070568960000017e+01 -5.755177886250000086e+01
6.500000000000000222e-01 2.724259486779999861e+03 8.806667950129999554e+02 -7.656806184439999470e+02 -8.789897793820000516e+01 1.736541042980000071e+01 -5.868384752259999715e+01
6.500000000000000222e-01 2.570545650579999801e+03 8.916264522110000144e+02 -7.160612711920000493e+02 -8.718463094710000405e+01 1.425406899669999916e+01 -5.718584871280000215e+01
6.500000000000000222e-01 2.667022772150000037e+03 6.897728569199999811e+02 -8.802205487019999737e+02 -8.649177122849999932e+01 2.123526321679999995e+01 -5.635500960470000109e+01
6.500000000000000222e-01 2.563535573139999997e+03 6.808469333909999932e+02 -7.759271096749999970e+02 -8.863195477050000193e+01 2.173968281490000010e+01 -5.531191931349999891e+01
6.500000000000000222e-01 2.605633653849999973e+03 6.859957596760000342e+02 -7.385510372149999512e+02 -8.738459248110000033e+01 1.849014887830000120e+01 -5.941536937189999890e+01
6.500000000000000222e-01 2.674575217069999781e+03 9.108372757549999505e+02 -7.519095691349999697e+02 -8.600137376509999854e+01 1.492761559849999919e+01 -5.995098891610000180e+01
6.500000000000000222e-01 2.760490703269999813e+03 8.007728809290000527e+02 -8.639387388960000180e+02 -8.608809661339999764e+01 1.981181547450000124e+01 -6.301756498099999959e+01
6.500000000000000222e-01 2.640609089489999860e+03 6.693128313400000025e+02 -8.594375500740000007e+02 -8.604206662519999327e+01 2.016914176859999941e+01 -5.529089625249999784e+01
6.500000000000000222e-01 2.708739054109999870e+03 6.973631966240000111e+02 -8.476270592319999650e+02 -8.622322844769999506e+01 2.094203551049999845e+01 -5.953431605520000147e+01
6.500000000000000222e-01 2.624474776420000126e+03 7.094277819139999792e+02 -9.330197593679999954e+02 -8.420700683690000687e+01 1.784293193670000122e+01 -5.590997224619999884e+01
6.500000000000000222e-01 2.495683691799999906e+03 8.007406569600000239e+02 -7.315153756329999624e+02 -8.949494882380000149e+01 1.737906595879999827e+01 -5.869254320230000133e+01
6.500000000000000222e-01 2.732192868199999793e+03 7.221807871140000543e+02 -8.473835182149999810e+02 -8.573846002090000695e+01 2.056937078829999876e+01 -5.678731111780000163e+01
6.500000000000000222e-01 2.682694007250000141e+03 7.685165950320000547e+02 -9.487744756199999756e+02 -8.631162034099999403e+01 2.176581296939999888e+01 -5.958369659640000293e+01
6.500000000000000222e-01 2.681276029000000108e+03 7.850815276780000431e+02 -7.030180630600000313e+02 -8.636330906560000642e+01 1.817965546470000149e+01 -6.250215173349999986e+01
6.500000000000000222e-01 2.513680378489999839e+03 7.030198849030000474e+02 -8.389252608919999830e+02 -8.742698985469999684e+01 2.040509104810000096e+01 -5.710080616649999996e+01
6.500000000000000222e-01 2.552661102189999838e+03 9.193664785759999631e+02 -7.741024071909999975e+02 -8.586806195539999464e+01 1.476961053610000008e+01 -5.860481941489999969e+01
6.500000000000000222e-01 2.643694289970000227e+03 6.975930839469999682e+02 -7.329046753600000557e+02 -8.831968053360000681e+01 2.127176067079999910e+01 -5.737771204869999764e+01
6.500000000000000222e-01 2.561615348660000109e+03 8.094135402599999907e+02 -9.571540730489999760e+02 -8.168945993639999870e+01 1.874251642240000137e+01 -5.818383616759999910e+01
6.500000000000000222e-01 2.516504129209999974e+03 8.409415690560000485e+02 -7.159691195899999911e+02 -9.045263633790000313e+01 1.777915489929999993e+01 -5.972754151070000006e+01
6.500000000000000222e-01 2.692733196369999860e+03 8.806305628400000387e+02 -9.310975853420000021e+02 -8.514974218749999579e+01 1.954383974920000000e+01 -5.936709696639999834e+01
6.500000000000000222e-01 2.543507970560000103e+03 7.452627071560000331e+02 -9.310431810540000015e+02 -8.736269133890000660e+01 1.887024341340000078e+01 -5.466772613660000246e+01
6.500000000000000222e-01 2.598655407979999836e+03 7.277966863279999643e+02 -9.446899545029999672e+02 -8.408362574820000646e+01 1.805202070380000023e+01 -5.637548216310000271e+01
6.500000000000000222e-01 2.590763783880000119e+03 7.267830553909999480e+02 -9.388742961699999796e+02 -8.642768939719999821e+01 1.894351385010000044e+01 -5.551522447549999839e+01
6.500000000000000222e-01 2.757304664480000156e+03 7.978212153099999568e+02 -8.746989049469999600e+02 -8.612616683260000627e+01 1.994455755539999942e+01 -6.281392405129999901e+01
6.500000000000000222e-01 2.630506114480000178e+03 7.586015705040000512e+02 -6.914436907489999840e+02 -9.039611615530000677e+01 2.197219359749999867e+01 -5.894142190029999995e+01
6.500000000000000222e-01 2.616154280700000072e+03 6.683558029340000530e+02 -8.486585438869999507e+02 -8.725579347549999909e+01 2.111500490819999953e+01 -5.503267790870000198e+01
6.500000000000000222e-01 2.639023841979999816e+03 6.660194725610000432e+02 -8.193560346909999907e+02 -8.731586012809999886e+01 2.090217327550000093e+01 -6.144384610470000041e+01
6.500000000000000222e-01 2.687558063070000117e+03 7.649416990830000032e+02 -9.482145322119999946e+02 -8.680647460420000527e+01 2.188531443990000014e+01 -6.095396928920000335e+01
6.500000000000000222e-01 2.764314707909999925e+03 8.189644105569999510e+02 -8.267083793130000231e+02 -8.579608980150000264e+01 1.934602043379999969e+01 -5.803585720699999939e+01
6.500000000000000222e-01 2.682040006100000028e+03 8.706916694689999758e+02 -9.438703014579999717e+02 -8.604831863319999741e+01 1.833049348480000162e+01 -6.055324961080000179e+01
6.500000000000000222e-01 2.608350087540000004e+03 6.692416406239999560e+02 -7.870179652980000355e+02 -8.810559163189999765e+01 2.180730158269999919e+01 -5.505475642990000296e+01
6.500000000000000222e-01 2.518258440619999874e+03 9.026127533720000429e+02 -8.766684802070000160e+02 -8.649954213290000382e+01 1.785639519240000084e+01 -5.500342235789999989e+01
6.500000000000000222e-01 2.618034835049999856e+03 8.470881470440000385e+02 -6.882760484450000149e+02 -8.918730548579999606e+01 1.419087798490000019e+01 -5.947463500290000127e+01
6.500000000000000222e-01 2.688572383109999919e+03 7.956863392330000124e+02 -9.555737552419999474e+02 -8.182284388239999373e+01 1.923760247430000092e+01 -5.779935008559999687e+01
6.500000000000000222e-01 2.597267244749999918e+03 8.031087118509999527e+02 -6.813697544650000282e+02 -8.630370217349999962e+01 1.831390143750000021e+01 -5.964312020380000234e+01
6.500000000000000222e-01 2.549976767149999887e+03 7.849797562930000367e+02 -6.932296758310000087e+02 -9.217693602420000332e+01 1.699644843469999955e+01 -6.038513822200000192e+01
