3.450000000000000000e+05 3.857413679820000198e+03 -5.019367595179999626e+03 -6.913243469930000174e+03 -1.156008592679999936e+02 2.524950309029999929e+01 -4.980146708950000090e+01
6.500000000000000222e-01 3.771694260329999906e+03 -4.932520846739999797e+03 -6.654001908240000375e+03 -1.157369337290000004e+02 2.555261963699999939e+01 -4.920945218119999964e+01
6.500000000000000222e-01 3.682820942800000012e+03 -5.139369202769999902e+03 -7.101204241669999647e+03 -1.156637505679999975e+02 2.525975530690000070e+01 -4.895148461960000219e+01
6.500000000000000222e-01 4.047073481429999902e+03 -4.947247669399999722e+03 -6.716696125010000287e+03 -1.153187645609999947e+02 2.562407830529999941e+01 -5.120731111119999923e+01
6.500000000000000222e-01 3.836432135819999985e+03 -5.120382985840000401e+03 -7.182611320719999640e+03 -1.151469071239999948e+02 2.248561927069999911e+01 -4.957783048259999958e+01
6.500000000000000222e-01 3.969735576250000122e+03 -5.219640728039999885e+03 -7.074802595299999666e+03 -1.157572230560000008e+02 2.541681910349999995e+01 -5.003113230809999834e+01
6.500000000000000222e-01 3.957983118929999819e+03 -4.791017770170000404e+03 -7.042414064659999895e+03 -1.164406357059999948e+02 2.343477523600000012e+01 -5.153324370610000216e+01
6.500000000000000222e-01 3.629284496039999794e+03 -4.913625950769999690e+03 -7.042878965410000092e+03 -1.143202787240000049e+02 2.490942143930000086e+01 -5.054046774300000067e+01
6.500000000000000222e-01 4.022144790960000137e+03 -4.834215364560000125e+03 -7.044336428650000016e+03 -1.159736128069999950e+02 2.313857134159999873e+01 -5.113936396180000088e+01
6.500000000000000222e-01 3.633365668590000041e+03 -4.950416865690000122e+03 -6.740850103599999784e+03 -1.153730415590000007e+02 2.617926170890000037e+01 -4.826869779449999953e+01
6.500000000000000222e-01 3.585151808059999894e+03 -5.040796995720000268e+03 -6.837476550850000422e+03 -1.144777619740000034e+02 2.600061781539999828e+01 -4.695149131529999664e+01
6.500000000000000222e-01 3.683013584129999799e+03 -5.158735037379999994e+03 -7.087123968590000004e+03 -1.157632561180000010e+02 2.470866588710000045e+01 -4.834326712240000035e+01
6.500000000000000222e-01 3.942917130819999784e+03 -5.044492422430000261e+03 -6.645840205139999853e+03 -1.174943625730000036e+02 2.646819795329999891e+01 -4.967606191320000164e+01
6.500000000000000222e-01 3.796445029040000009e+03 -4.862142896139999721e+03 -7.145585740530000294e+03 -1.157689779709999982e+02 2.449655223730000131e+01 -4.989154190789999888e+01
6.500000000000000222e-01 3.702963307179999902e+03 -4.959246132240000406e+03 -7.140320463549999658e+03 -1.130257756759999950e+02 2.403051747190000142e+01 -5.084114790859999999e+01
6.500000000000000222e-01 4.010929781129999810e+03 -4.980325760779999655e+03 -6.681318379760000425e+03 -1.168858855839999933e+02 2.586542816240000064e+01 -5.003724322570000282e+01
6.500000000000000222e-01 3.729149037260000114e+03 -5.237013268040000185e+03 -7.041797564499999680e+03 -1.140110317139999978e+02 2.625922481019999921e+01 -5.232625047540000196e+01
6.500000000000000222e-01 3.639017186919999858e+03 -5.087848923020000257e+03 -7.075888241059999928e+03 -1.156951114689999969e+02 2.475585132260000165e+01 -4.784213643590000231e+01
6.500000000000000222e-01 3.868808959139999843e+03 -5.129112787750000280e+03 -6.656047096739999688e+03 -1.169446660029999947e+02 2.845992005249999934e+01 -4.921611233899999860e+01
6.500000000000000222e-01 3.746752792960000079e+03 -5.096443739530000130e+03 -6.662053506790000029e+03 -1.141139885110000023e+02 2.707027282549999825e+01 -4.854191136429999887e+01
6.500000000000000222e-01 3.902515912259999823e+03 -4.927524684130000423e+03 -7.176511630099999820e+03 -1.147969543499999929e+02 2.252700712989999943e+01 -5.023057405019999777e+01
6.500000000000000222e-01 3.657844410050000079e+03 -4.850378898369999661e+03 -7.030446840659999907e+03 -1.158592859160000046e+02 2.562059090660000038e+01 -4.790105202360000192e+01
6.500000000000000222e-01 3.703964673339999990e+03 -4.826565222410000388e+03 -7.052058376840000165e+03 -1.146936422830000026e+02 2.403823020380000131e+01 -5.085985309050000325e+01
6.500000000000000222e-01 3.985046595639999850e+03 -4.849231148070000017e+03 -6.724746854990000429e+03 -1.179540558660000045e+02 2.457943407000000136e+01 -4.788685067459999800e+01
6.500000000000000222e-01 4.088219970069999817e+03 -5.039049069530000452e+03 -6.755258329000000231e+03 -1.169730551469999966e+02 2.532538050309999988e+01 -4.979497364870000098e+01
6.500000000000000222e-01 4.077362578329999906e+03 -5.011319416790000105e+03 -6.739913751789999878e+03 -1.163061733600000025e+02 2.537066837509999928e+01 -5.074057940990000048e+01
6.500000000000000222e-01 3.831830104860000120e+03 -5.246081412389999969e+03 -6.745338989140000194e+03 -1.149332992770000033e+02 2.698147778919999951e+01 -4.864565115519999949e+01
6.500000000000000222e-01 3.732763529180000205e+03 -4.867031772139999703e+03 -7.120824307120000412e+03 -1.163035229890000011e+02 2.597446312670000168e+01 -4.825396996919999992e+01
6.500000000000000222e-01 3.664205683440000030e+03 -5.207684878940000090e+03 -6.992124680670000089e+03 -1.151940960839999946e+02 2.543407632459999945e+01 -4.797855790770000084e+01
6.500000000000000222e-01 3.752144165170000178e+03 -4.769452378769999996e+03 -7.011015782849999596e+03 -1.160913935549999962e+02 2.508474836599999946e+01 -4.910959142610000328e+01
6.500000000000000222e-01 3.731249490990000140e+03 -5.164523620760000085e+03 -6.705387081060000128e+03 -1.165440272999999962e+02 2.500831148929999870e+01 -5.120976763230000017e+01
6.500000000000000222e-01 4.045622879070000181e+03 -4.850938277739999648e+03 -6.789957020490000104e+03 -1.162267188019999935e+02 2.423121282940000043e+01 -4.956193873689999663e+01
6.500000000000000222e-01 3.626709120609999900e+03 -5.108818444929999714e+03 -6.774364712419999705e+03 -1.162791828579999986e+02 2.584068494410000127e+01 -5.130205833450000341e+01
6.500000000000000222e-01 3.579471415600000000e+03 -5.057741487749999578e+03 -6.931312965060000352e+03 -1.149402992140000066e+02 2.567295811569999842e+01 -4.699193008270000149e+01
6.500000000000000222e-01 3.923574711889999890e+03 -4.966685364889999619e+03 -7.186243334849999883e+03 -1.166407236750000038e+02 2.365588811579999984e+01 -5.053454890839999791e+01
6.500000000000000222e-01 3.744722092909999901e+03 -4.759512135609999859e+03 -6.885581417059999694e+03 -1.157132732489999967e+02 2.478320646879999956e+01 -4.675585296340000241e+01
6.500000000000000222e-01 3.853365348759999961e+03 -4.738803041430000121e+03 -6.959847056419999717e+03 -1.163334992679999971e+02 2.481065470720000121e+01 -4.889144329239999820e+01
6.500000000000000222e-01 3.887693490929999825e+03 -4.887230904799999735e+03 -7.156369107339999573e+03 -1.143436673869999964e+02 2.266385308439999946e+01 -4.992004810870000142e+01
6.500000000000000222e-01 3.933321333670000058e+03 -4.906821974790000240e+03 -6.662862922389999767e+03 -1.162909845369999999e+02 2.421960159540000035e+01 -4.905096368139999896e+01
6.500000000000000222e-01 3.725995402959999865e+03 -5.144519449890000033e+03 -6.696487664489999588e+03 -1.159708592719999984e+02 2.768833790340000078e+01 -4.923587145460000158e+01
6.500000000000000222e-01 3.929319635989999824e+03 -4.843408986090000326e+03 -6.699774366800000280e+03 -1.157817264380000069e+02 2.674674307089999914e+01 -5.067506735839999976e+01
4.560000000000000000e+04 6.459317729880000115e+03 2.549474461809999866e+03 1.763179681419999906e+04 2.055670328369999993e+02 -6.046944755319999842e+01 2.047562529690000019e+02
6.500000000000000222e-01 6.508449715099999594e+03 2.426792697729999873e+03 1.779259056390000114e+04 2.061207382750000079e+02 -6.097800721299999793e+01 2.046201539770000011e+02
6.500000000000000222e-01 6.588760419760000332e+03 2.654557455260000097e+03 1.751352268270000059e+04 2.051285949640000013e+02 -6.105076247270000067e+01 2.040510637319999887e+02
6.500000000000000222e-01 6.515762580579999849e+03 2.426869823900000029e+03 1.778655752399999983e+04 2.053135611429999869e+02 -5.964747272329999817e+01 2.055402576870000075e+02
6.500000000000000222e-01 6.257995291000000179e+03 2.535829037259999950e+03 1.759874690289999853e+04 2.057201488180000126e+02 -6.047452692609999758e+01 2.047739898389999951e+02
6.500000000000000222e-01 6.601392533240000375e+03 2.683946200190000127e+03 1.757351920930000051e+04 2.055392331140000124e+02 -6.035777191039999678e+01 2.057060362899999859e+02
6.500000000000000222e-01 6.369117769110000154e+03 2.731937018709999847e+03 1.763696642419999989e+04 2.057110074439999892e+02 -6.071433940459999690e+01 2.044821980010000004e+02
6.500000000000000222e-01 6.421495631259999755e+03 2.594111130560000220e+03 1.782895633520000047e+04 2.063721688800000038e+02 -6.120036612949999721e+01 2.052054644730000064e+02
6.500000000000000222e-01 6.457172818899999584e+03 2.753422372290000112e+03 1.762816435690000071e+04 2.055935244099999863e+02 -6.071826710119999859e+01 2.045127439240000058e+02
6.500000000000000222e-01 6.441550046790000124e+03 2.619900184789999912e+03 1.743850633150000067e+04 2.054152118130000133e+02 -6.109117639440000147e+01 2.043409650899999974e+02
6.500000000000000222e-01 6.369977197590000287e+03 2.547697641480000129e+03 1.744609074440000040e+04 2.056996897740000065e+02 -6.052667455150000109e+01 2.044838749440000072e+02
6.500000000000000222e-01 6.605766093989999717e+03 2.454618399829999817e+03 1.752952320020000116e+04 2.054144388990000039e+02 -6.035764657979999726e+01 2.052516539830000113e+02
6.500000000000000222e-01 6.411715003880000040e+03 2.553088447520000045e+03 1.783178548990000127e+04 2.057685188899999957e+02 -6.040390462090000057e+01 2.048873957250000046e+02
6.500000000000000222e-01 6.381486579329999586e+03 2.392929702389999875e+03 1.773967762750000111e+04 2.061031804099999931e+02 -6.060898549219999865e+01 2.048056493980000141e+02
6.500000000000000222e-01 6.434102343700000347e+03 2.354368564739999783e+03 1.757110599010000078e+04 2.057473425210000073e+02 -6.026678089880000044e+01 2.040015874540000027e+02
6.500000000000000222e-01 6.323858932940000159e+03 2.398190100480000183e+03 1.765349065419999897e+04 2.057744871369999942e+02 -6.028027542230000080e+01 2.054634815189999983e+02
6.500000000000000222e-01 6.554613400569999612e+03 2.386960981889999857e+03 1.756127151980000053e+04 2.052159001120000141e+02 -6.014481328259999771e+01 2.050662180139999862e+02
6.500000000000000222e-01 6.654701965500000370e+03 2.600283171380000113e+03 1.766597064189999946e+04 2.055069339370000137e+02 -6.051886198129999883e+01 2.044950305849999950e+02
6.500000000000000222e-01 6.662272288469999694e+03 2.570819904640000004e+03 1.763871590830000059e+04 2.053557124779999867e+02 -6.047067972610000197e+01 2.050356758000000070e+02
6.500000000000000222e-01 6.368641304810000292e+03 2.425191745749999882e+03 1.749473473000000013e+04 2.060684457080000129e+02 -6.054679054199999655e+01 2.042894132479999882e+02
6.500000000000000222e-01 6.386532690359999833e+03 2.613178081139999904e+03 1.781440629800000170e+04 2.059713687990000039e+02 -6.065065322299999906e+01 2.051753401379999957e+02
6.500000000000000222e-01 6.383778315030000158e+03 2.664869202649999806e+03 1.747766519319999861e+04 2.050116957790000072e+02 -5.991165717209999997e+01 2.051828904559999955e+02
6.500000000000000222e-01 6.587688321700000415e+03 2.424399485399999776e+03 1.752805028300000049e+04 2.054201296530000036e+02 -6.040713174639999750e+01 2.042623333290000005e+02
6.500000000000000222e-01 6.542692745639999885e+03 2.363866355759999806e+03 1.764568192400000044e+04 2.054988606610000090e+02 -6.031406230950000236e+01 2.038090958589999957e+02
6.500000000000000222e-01 6.462723014989999683e+03 2.675999494099999993e+03 1.746860777170000074e+04 2.052278470379999931e+02 -5.975571153300000304e+01 2.051293974499999990e+02
6.500000000000000222e-01 6.621091357839999546e+03 2.432564800869999999e+03 1.768228061149999849e+04 2.056575127549999991e+02 -6.050628737249999745e+01 2.043574065569999902e+02
6.500000000000000222e-01 6.357006882470000164e+03 2.692953921410000021e+03 1.773121705149999980e+04 2.061472068399999955e+02 -6.110031130809999667e+01 2.055078375960000017e+02
6.500000000000000222e-01 6.588217492409999977e+03 2.439631963129999804e+03 1.774256532639999932e+04 2.055212397559999999e+02 -6.028590979610000034e+01 2.043745460270000081e+02
6.500000000000000222e-01 6.591614413149999564e+03 2.628883334730000115e+03 1.749827079779999985e+04 2.056665913639999985e+02 -6.017799069349999996e+01 2.053399462799999924e+02
6.500000000000000222e-01 6.421974137299999711e+03 2.521214497070000107e+03 1.743089502319999883e+04 2.048040397430000041e+02 -6.091644465779999962e+01 2.047253876300000002e+02
6.500000000000000222e-01 6.440385081409999657e+03 2.521225293989999955e+03 1.742853672229999938e+04 2.050916736380000032e+02 -6.084520667150000151e+01 2.046581770319999976e+02
6.500000000000000222e-01 6.277086740230000032e+03 2.492904716179999923e+03 1.770543430010000156e+04 2.055059583149999867e+02 -6.037541831509999923e+01 2.041658151949999933e+02
6.500000000000000222e-01 6.485960174269999698e+03 2.735070515500000056e+03 1.772021338900000046e+04 2.052335970780000025e+02 -6.031713810570000334e+01 2.049682297720000008e+02
6.500000000000000222e-01 6.380216170200000306e+03 2.707116342320000058e+03 1.772872426489999998e+04 2.058977217050000093e+02 -6.068060869650000200e+01 2.043304347780000114e+02
6.500000000000000222e-01 6.573125793060000433e+03 2.391243303480000122e+03 1.768901135010000144e+04 2.055354217020000078e+02 -6.038136362200000207e+01 2.039783230550000042e+02
6.500000000000000222e-01 6.624039481570000135e+03 2.657309708239999964e+03 1.757713530959999844e+04 2.054905688180000141e+02 -6.075053172700000204e+01 2.047622193439999876e+02
6.500000000000000222e-01 6.460920462889999726e+03 2.624224594719999914e+03 1.782442892330000177e+04 2.055277613620000068e+02 -5.958068693780000302e+01 2.046736234470000113e+02
6.500000000000000222e-01 6.610928901279999991e+03 2.427875330379999923e+03 1.768846185129999867e+04 2.052251230059999898e+02 -6.009832918800000101e+01 2.051141559790000031e+02
6.500000000000000222e-01 6.256339853919999769e+03 2.546062511529999938e+03 1.765401303099999859e+04 2.056467292259999908e+02 -6.047870804730000316e+01 2.036894449129999884e+02
6.500000000000000222e-01 6.518276447569999618e+03 2.725703347510000185e+03 1.772231311959999948e+04 2.052444682340000099e+02 -6.019973715700000128e+01 2.047473113020000142e+02
6.500000000000000222e-01 6.651066013499999826e+03 2.579536708629999794e+03 1.769611130530000082e+04 2.052463888899999915e+02 -6.044837956389999789e+01 2.053418636240000126e+02
1.390000000000000000e+04 -9.579672198759999446e+03 2.099768959110000196e+03 1.278356404990000010e+04 -2.410001751160000083e+02 2.029821230990000061e+02 -3.277649267360000067e+02
6.500000000000000222e-01 -9.529397967650000282e+03 2.080154602619999878e+03 1.291566600380000091e+04 -2.416937570759999971e+02 2.032552568510000128e+02 -3.275145880239999769e+02
6.500000000000000222e-01 -9.607133248939999248e+03 2.129469072809999943e+03 1.264602830920000088e+04 -2.412703142830000047e+02 2.033858133770000052e+02 -3.276689750560000221e+02
6.500000000000000222e-01 -9.621266043699999500e+03 2.119553178929999831e+03 1.291971402210000088e+04 -2.405601753550000126e+02 2.026998757339999884e+02 -3.274123252800000046e+02
6.500000000000000222e-01 -9.503339853120000043e+03 1.998992722640000011e+03 1.272012222020000081e+04 -2.412343337300000030e+02 2.033931035249999866e+02 -3.283399797650000096e+02
6.500000000000000222e-01 -9.501520873379999102e+03 1.993858614159999888e+03 1.273332083710000006e+04 -2.410846624080000140e+02 2.031763322589999916e+02 -3.276026449170000205e+02
6.500000000000000222e-01 -9.647956005390000428e+03 2.075795772550000038e+03 1.290799154119999912e+04 -2.413453119449999917e+02 2.030636185870000077e+02 -3.277314944820000164e+02
6.500000000000000222e-01 -9.651432381470000109e+03 2.064583132279999973e+03 1.266570043369999985e+04 -2.403745306739999990e+02 2.030993076100000110e+02 -3.280447036020000269e+02
6.500000000000000222e-01 -9.484709344700000656e+03 2.093773419130000093e+03 1.267575921349999953e+04 -2.414209247940000012e+02 2.029925664879999943e+02 -3.283773894270000255e+02
6.500000000000000222e-01 -9.491344507080000767e+03 2.014014007230000061e+03 1.285047454479999942e+04 -2.412410351240000068e+02 2.032105026049999879e+02 -3.280176134060000095e+02
6.500000000000000222e-01 -9.621012462599999708e+03 1.971291794609999897e+03 1.274184302919999936e+04 -2.410602266239999949e+02 2.033634792400000038e+02 -3.279306487979999929e+02
6.500000000000000222e-01 -9.542230533960000685e+03 2.000265919080000003e+03 1.287542564850000053e+04 -2.414331927199999939e+02 2.035976673529999914e+02 -3.274283377379999820e+02
6.500000000000000222e-01 -9.457757560399999420e+03 2.025986995230000048e+03 1.278026966150000044e+04 -2.410761508209999988e+02 2.030645133269999860e+02 -3.285519216960000222e+02
6.500000000000000222e-01 -9.540613042860000860e+03 1.971423376810000036e+03 1.282464967830000023e+04 -2.412164179380000064e+02 2.032737824829999909e+02 -3.279844857119999801e+02
6.500000000000000222e-01 -9.551795905830000265e+03 2.009823738479999975e+03 1.289331919009999910e+04 -2.407972977519999915e+02 2.026021916930000089e+02 -3.279537988899999732e+02
6.500000000000000222e-01 -9.636075376639999376e+03 2.156107541110000057e+03 1.266433491870000034e+04 -2.406082315149999999e+02 2.026671381150000002e+02 -3.280945480969999721e+02
6.500000000000000222e-01 -9.441515876370000115e+03 2.131412318449999930e+03 1.276734684989999914e+04 -2.411413420830000121e+02 2.029176196820000087e+02 -3.285372041769999782e+02
6.500000000000000222e-01 -9.611679784399999335e+03 2.235066572270000052e+03 1.281558591829999932e+04 -2.410142767929999934e+02 2.027154383040000027e+02 -3.270690304610000112e+02
6.500000000000000222e-01 -9.472373493880000751e+03 2.126128634780000084e+03 1.287272580700000071e+04 -2.409792812290000086e+02 2.030702868390000049e+02 -3.281364115220000031e+02
6.500000000000000222e-01 -9.480237883280000460e+03 2.201231160499999987e+03 1.279028765519999979e+04 -2.410758186980000062e+02 2.028130511679999870e+02 -3.277701880600000095e+02
6.500000000000000222e-01 -9.551423235169999316e+03 2.233876142040000104e+03 1.282371566809999968e+04 -2.411809368309999968e+02 2.027471541310000021e+02 -3.272140009810000265e+02
6.500000000000000222e-01 -9.444589817089999997e+03 2.145079382259999875e+03 1.278621160000000054e+04 -2.410750149630000010e+02 2.029184801520000008e+02 -3.285226472630000103e+02
6.500000000000000222e-01 -9.661074006090000694e+03 2.005745012439999982e+03 1.285399848039999961e+04 -2.408435339099999908e+02 2.033768773529999976e+02 -3.270827126689999886e+02
6.500000000000000222e-01 -9.712379706089999672e+03 2.085936321669999870e+03 1.273494743039999958e+04 -2.408877020449999975e+02 2.029775080310000135e+02 -3.274837870250000265e+02
6.500000000000000222e-01 -9.597843038249999154e+03 2.239930709400000069e+03 1.277142462110000088e+04 -2.409557776100000126e+02 2.028238911679999887e+02 -3.271665806340000131e+02
6.500000000000000222e-01 -9.529437783539999145e+03 2.107638472619999902e+03 1.291720147800000086e+04 -2.414542731509999953e+02 2.029066168249999862e+02 -3.276151377250000110e+02
6.500000000000000222e-01 -9.627226922679999916e+03 1.968400180030000001e+03 1.276031869569999981e+04 -2.410416923509999947e+02 2.032069261780000033e+02 -3.274525707359999842e+02
6.500000000000000222e-01 -9.513135881730000619e+03 2.200472177149999879e+03 1.270674669429999994e+04 -2.412239194800000064e+02 2.026408363470000040e+02 -3.283979400210000108e+02
6.500000000000000222e-01 -9.607972947599999316e+03 1.966392828320000035e+03 1.282853511489999983e+04 -2.408356006500000035e+02 2.029440786350000110e+02 -3.278409207749999723e+02
6.500000000000000222e-01 -9.457337439729999460e+03 2.064276380799999970e+03 1.284630010930000026e+04 -2.409078836390000049e+02 2.029732721530000106e+02 -3.283965244049999797e+02
6.500000000000000222e-01 -9.687539153800000349e+03 2.009798301629999969e+03 1.276103979799999979e+04 -2.409534966379999901e+02 2.031757500289999996e+02 -3.276665951370000016e+02
6.500000000000000222e-01 -9.653749067450000439e+03 2.193387805819999812e+03 1.286299635169999965e+04 -2.408479304360000128e+02 2.026322605150000129e+02 -3.270759457490000273e+02
6.500000000000000222e-01 -9.530305272359999435e+03 2.142467558809999900e+03 1.265555420339999910e+04 -2.404366921230000003e+02 2.032389327809999884e+02 -3.276223728080000228e+02
6.500000000000000222e-01 -9.498105745349999779e+03 1.995269308820000106e+03 1.283619864029999917e+04 -2.409221143690000133e+02 2.028879094570000063e+02 -3.284162430210000139e+02
6.500000000000000222e-01 -9.463374899059999734e+03 2.181629282289999992e+03 1.277479539610000029e+04 -2.410997837539999864e+02 2.028519933569999978e+02 -3.285168935080000097e+02
6.500000000000000222e-01 -9.513967139860000316e+03 2.223570208300000104e+03 1.275961074360000021e+04 -2.410267013870000028e+02 2.026980579639999860e+02 -3.283426840930000026e+02
6.500000000000000222e-01 -9.680807686860000103e+03 2.009498745670000062e+03 1.282824287080000067e+04 -2.408026813120000043e+02 2.031993792069999927e+02 -3.270483525309999777e+02
6.500000000000000222e-01 -9.678154028509999989e+03 2.198362460790000114e+03 1.281440032459999929e+04 -2.410822632830000032e+02 2.029768222460000118e+02 -3.282522901770000203e+02
6.500000000000000222e-01 -9.495466673850000006e+03 1.993614753999999948e+03 1.283159196800000063e+04 -2.410419697019999887e+02 2.030789033990000121e+02 -3.275227816749999761e+02
6.500000000000000222e-01 -9.458147304500000246e+03 2.157609580280000046e+03 1.282951631710000038e+04 -2.413236701280000034e+02 2.028336321399999918e+02 -3.272495997760000250e+02
6.500000000000000222e-01 -9.642783368160000464e+03 2.063449594789999992e+03 1.290758211819999997e+04 -2.415809001019999869e+02 2.028565669390000039e+02 -3.279069791499999837e+02
1.190000000000000000e+04 -5.287924289780000436e+03 6.151310404169999856e+03 -1.315245898409999973e+04 -2.680388446520000230e+02 -2.927934755789999954e+01 8.153950456740000163e+01
6.500000000000000222e-01 -5.386357826460000069e+03 6.234761173220000273e+03 -1.311998920840000028e+04 -2.680636111140000253e+02 -2.924215382599999913e+01 8.084724207029999832e+01
6.500000000000000222e-01 -5.350510638419999850e+03 6.131696559390000402e+03 -1.303624335780000001e+04 -2.682200832020000121e+02 -2.952281589760000102e+01 8.139130777500000136e+01
6.500000000000000222e-01 -5.213143175789999987e+03 6.131699057849999917e+03 -1.304240919919999942e+04 -2.681638616810000144e+02 -2.941490484759999902e+01 8.181592632390000119e+01
6.500000000000000222e-01 -5.211628824260000329e+03 6.187242962100000113e+03 -1.325600509299999976e+04 -2.677580912920000173e+02 -2.904156114459999927e+01 8.183965990500000487e+01
6.500000000000000222e-01 -5.187570526149999750e+03 6.219487044860000424e+03 -1.309867904249999992e+04 -2.683869155099999944e+02 -2.950063597700000173e+01 8.209486375490000398e+01
6.500000000000000222e-01 -5.326846680550000201e+03 6.235041245190000154e+03 -1.305645930779999981e+04 -2.678101218599999811e+02 -2.980295854899999952e+01 8.194442269459999295e+01
6.500000000000000222e-01 -5.241588601299999937e+03 6.041403742350000357e+03 -1.320650724730000002e+04 -2.681825608180000131e+02 -2.914129615879999946e+01 8.204494335040000408e+01
6.500000000000000222e-01 -5.330361354059999940e+03 6.031931367019999925e+03 -1.311349463560000004e+04 -2.679862740990000134e+02 -2.895557324800000032e+01 8.209094512529999577e+01
6.500000000000000222e-01 -5.294844074630000250e+03 6.042503054709999560e+03 -1.307155086590000064e+04 -2.676601231669999947e+02 -2.960160406119999976e+01 8.160836090799999454e+01
6.500000000000000222e-01 -5.235698363430000427e+03 6.251147181989999808e+03 -1.308391348420000031e+04 -2.679170927600000027e+02 -2.980108924900000034e+01 8.171005714109999474e+01
6.500000000000000222e-01 -5.158357780469999852e+03 6.143564601050000419e+03 -1.317939632379999966e+04 -2.683138357779999978e+02 -2.927170002629999956e+01 8.118699926649999554e+01
6.500000000000000222e-01 -5.266136529119999977e+03 6.024981566890000067e+03 -1.318958532070000001e+04 -2.679523656349999783e+02 -2.935550539979999840e+01 8.217850868120000030e+01
6.500000000000000222e-01 -5.204564801280000211e+03 6.048560962419999669e+03 -1.317076069079999979e+04 -2.680705676250000238e+02 -2.923364026930000037e+01 8.168380375460000664e+01
6.500000000000000222e-01 -5.284124859319999814e+03 6.065774723739999899e+03 -1.325559885000000031e+04 -2.679040476509999849e+02 -2.965541717949999878e+01 8.184905310080000618e+01
6.500000000000000222e-01 -5.389585690849999992e+03 6.147569720569999845e+03 -1.306706766640000023e+04 -2.680042183159999922e+02 -2.934820707380000115e+01 8.134472133820000295e+01
6.500000000000000222e-01 -5.184512490580000303e+03 6.071571629410000241e+03 -1.317596097100000043e+04 -2.680747738079999749e+02 -2.926761523409999910e+01 8.226615403869999454e+01
6.500000000000000222e-01 -5.227857433449999917e+03 6.111356690579999849e+03 -1.326302430959999947e+04 -2.685080182479999849e+02 -2.887213149549999969e+01 8.138296184850000259e+01
6.500000000000000222e-01 -5.228853382139999667e+03 6.131808114280000154e+03 -1.303366401020000012e+04 -2.675936335829999848e+02 -2.951576251110000015e+01 8.145053130159999455e+01
6.500000000000000222e-01 -5.377351403650000066e+03 6.054680095120000260e+03 -1.316759027629999946e+04 -2.679311210480000227e+02 -2.907095008559999982e+01 8.140113336160000301e+01
6.500000000000000222e-01 -5.345347059599999739e+03 6.259250052839999626e+03 -1.310681646370000090e+04 -2.677806929710000077e+02 -2.961252074609999951e+01 8.143619585129999905e+01
6.500000000000000222e-01 -5.258976627619999817e+03 6.047598108180000054e+03 -1.307036007090000021e+04 -2.679223388760000262e+02 -2.910952080730000091e+01 8.215117433250000545e+01
6.500000000000000222e-01 -5.345228541720000067e+03 6.153951917590000448e+03 -1.327373499570000058e+04 -2.675157923279999750e+02 -2.916291765420000104e+01 8.113053287360000354e+01
6.500000000000000222e-01 -5.369087504260000060e+03 6.182787128169999960e+03 -1.305104692129999967e+04 -2.682234413670000208e+02 -2.920523717660000074e+01 8.130514425760000563e+01
6.500000000000000222e-01 -5.221079045229999792e+03 6.216166515220000292e+03 -1.324796433959999922e+04 -2.683942625020000037e+02 -2.904637635759999981e+01 8.147523332330000301e+01
6.500000000000000222e-01 -5.350872079550000308e+03 6.095985779659999935e+03 -1.325629976159999933e+04 -2.684232664109999860e+02 -2.928299029249999919e+01 8.179383729360000643e+01
6.500000000000000222e-01 -5.307521843010000339e+03 6.081921955800000433e+03 -1.326541152669999974e+04 -2.678996180789999926e+02 -2.954093547709999967e+01 8.164464843019999307e+01
6.500000000000000222e-01 -5.310212455599999885e+03 6.079290924040000391e+03 -1.326170646049999959e+04 -2.683209996479999973e+02 -2.937333534700000115e+01 8.179985095360000003e+01
6.500000000000000222e-01 -5.161154198719999840e+03 6.140717815560000417e+03 -1.318956441610000002e+04 -2.683520221900000138e+02 -2.924822104960000146e+01 8.119143615190000673e+01
6.500000000000000222e-01 -5.266876574230000188e+03 6.100774777139999969e+03 -1.302973494000000028e+04 -2.682081860819999974e+02 -2.881756495249999972e+01 8.197957678160000228e+01
6.500000000000000222e-01 -5.285790446209999573e+03 6.022278662280000390e+03 -1.318023438220000025e+04 -2.680978316829999812e+02 -2.915926462619999882e+01 8.216442364440000290e+01
6.500000000000000222e-01 -5.264981787669999903e+03 6.020363677770000322e+03 -1.314117303859999993e+04 -2.679825677570000266e+02 -2.924436643599999996e+01 8.114896155120000287e+01
6.500000000000000222e-01 -5.222528648489999796e+03 6.107897495760000311e+03 -1.325985641260000011e+04 -2.685958006349999891e+02 -2.886650311780000067e+01 8.115423856590000184e+01
6.500000000000000222e-01 -5.155580667610000091e+03 6.160653600640000150e+03 -1.315521158309999919e+04 -2.681921229120000021e+02 -2.931901678150000023e+01 8.218952959630000521e+01
6.500000000000000222e-01 -5.228975631459999931e+03 6.209595786820000285e+03 -1.325724531489999936e+04 -2.685772572989999958e+02 -2.928216050780000046e+01 8.120279233159999421e+01
6.500000000000000222e-01 -5.291155351559999872e+03 6.021444949059999999e+03 -1.312404698649999955e+04 -2.680030984719999765e+02 -2.902887953910000007e+01 8.228142341459999898e+01
6.500000000000000222e-01 -5.375156641319999835e+03 6.238904981100000441e+03 -1.320702118340000015e+04 -2.682325904699999910e+02 -2.904499770050000151e+01 8.173354966789999310e+01
6.500000000000000222e-01 -5.280416816670000117e+03 6.194988463020000381e+03 -1.302637297570000010e+04 -2.680925038130000075e+02 -3.000891387320000092e+01 8.182844396510000706e+01
6.500000000000000222e-01 -5.231081489670000337e+03 6.140644914260000405e+03 -1.327290622000000076e+04 -2.677307974359999889e+02 -2.927203386409999908e+01 8.168424511700000323e+01
6.500000000000000222e-01 -5.304386913989999812e+03 6.147665930719999778e+03 -1.301952162519999911e+04 -2.673790026849999890e+02 -2.931668035659999916e+01 8.172843535009999982e+01
6.500000000000000222e-01 -5.335798800610000399e+03 6.133904392540000117e+03 -1.302867564759999914e+04 -2.684417757109999911e+02 -2.955460414710000094e+01 8.141330290160000516e+01
