3.450000000000000000e+05 2.852447425910000220e+03 -4.743169932069999959e+03 -7.212125773179999669e+03 -1.271052978839999952e+02 4.208196601449999719e+01 -2.089850882469999860e+01
6.500000000000000222e-01 3.012406856929999776e+03 -4.904747044679999817e+03 -7.099840662839999823e+03 -1.289224090200000035e+02 4.382697923519999961e+01 -2.232548854159999863e+01
6.500000000000000222e-01 2.717101623149999796e+03 -4.837587496959999953e+03 -6.986401215509999929e+03 -1.255724996969999978e+02 4.434465053499999954e+01 -1.957968068499999958e+01
6.500000000000000222e-01 2.676286077220000152e+03 -4.787041045549999581e+03 -6.987026932830000078e+03 -1.258022802920000061e+02 4.490204052499999676e+01 -1.863975295079999839e+01
6.500000000000000222e-01 2.788777873970000201e+03 -4.977950302090000150e+03 -7.102913503179999680e+03 -1.263402120589999953e+02 4.475243222200000304e+01 -1.980309103860000164e+01
6.500000000000000222e-01 2.931584943769999882e+03 -4.873348693029999595e+03 -6.977349826849999772e+03 -1.278359037759999950e+02 4.374547227090000234e+01 -2.116220365010000037e+01
6.500000000000000222e-01 2.897619759440000053e+03 -4.602405040139999983e+03 -6.957731407360000048e+03 -1.280362604059999967e+02 4.472932848600000000e+01 -2.074782980089999995e+01
6.500000000000000222e-01 2.716163123530000121e+03 -4.671658618120000028e+03 -6.954060821940000096e+03 -1.289426115079999988e+02 4.418876469820000352e+01 -2.014696243259999875e+01
6.500000000000000222e-01 2.917335668100000021e+03 -4.617572051209999699e+03 -6.958364788920000137e+03 -1.287082851540000092e+02 4.448182184139999862e+01 -2.071517574310000143e+01
6.500000000000000222e-01 3.007043862460000128e+03 -4.785769764929999837e+03 -6.991418200449999858e+03 -1.281898567439999965e+02 4.278127264969999999e+01 -2.192505183569999971e+01
6.500000000000000222e-01 2.926616571489999842e+03 -4.722353655449999678e+03 -6.937608502019999833e+03 -1.267478867279999974e+02 4.374992372879999891e+01 -2.101813172869999846e+01
6.500000000000000222e-01 2.732636510519999774e+03 -4.828458655690000342e+03 -6.970431600849999995e+03 -1.255196744600000045e+02 4.508089158549999809e+01 -1.909582056369999847e+01
6.500000000000000222e-01 2.605674512269999923e+03 -4.652889537570000357e+03 -7.104724881209999694e+03 -1.262981353680000041e+02 4.289110421440000209e+01 -1.973623559299999997e+01
6.500000000000000222e-01 2.778971982409999782e+03 -4.532522249880000345e+03 -7.038714361160000408e+03 -1.273134871729999986e+02 4.186528563830000138e+01 -1.961250379419999845e+01
6.500000000000000222e-01 2.627967436989999896e+03 -4.642354909519999637e+03 -7.039354776369999854e+03 -1.282584037990000070e+02 4.394128956689999654e+01 -2.068666565050000017e+01
6.500000000000000222e-01 2.635380956810000043e+03 -4.780089725929999986e+03 -7.037148720440000034e+03 -1.260396599909999935e+02 4.377566868310000103e+01 -1.970049703069999936e+01
6.500000000000000222e-01 2.770455907640000078e+03 -4.845173461860000316e+03 -6.961966721460000372e+03 -1.287732527459999972e+02 4.263936022389999891e+01 -2.156851670549999866e+01
6.500000000000000222e-01 2.707935437730000103e+03 -4.766702506220000032e+03 -6.958178458430000319e+03 -1.255053756340000035e+02 4.477952585839999955e+01 -1.850409475500000056e+01
6.500000000000000222e-01 2.810244958090000182e+03 -4.493410259940000287e+03 -7.087236358160000236e+03 -1.277497736260000067e+02 4.202068362250000177e+01 -2.050015816979999883e+01
6.500000000000000222e-01 3.038480231479999929e+03 -4.592231514019999850e+03 -7.087101987560000453e+03 -1.288500908469999899e+02 4.255205311289999770e+01 -2.233965977209999920e+01
6.500000000000000222e-01 2.912868735380000089e+03 -4.485349651569999878e+03 -7.099129585550000229e+03 -1.294212236060000123e+02 4.245359954900000332e+01 -2.044573525859999918e+01
6.500000000000000222e-01 2.765891331350000200e+03 -4.666047087150000152e+03 -6.937801084990000163e+03 -1.267579054050000025e+02 4.247490945210000035e+01 -1.892280417750000154e+01
6.500000000000000222e-01 2.746779462789999798e+03 -4.610024299280000378e+03 -6.959493376639999951e+03 -1.291234780519999958e+02 4.473897357810000130e+01 -2.018386456080000002e+01
6.500000000000000222e-01 2.732225811929999963e+03 -4.885100952679999864e+03 -7.006198068620000413e+03 -1.276287291419999974e+02 4.277187851109999883e+01 -2.206832398850000132e+01
6.500000000000000222e-01 2.682967163459999938e+03 -4.711627672329999768e+03 -6.968604123969999819e+03 -1.279650070200000016e+02 4.409077654650000255e+01 -1.990191160030000006e+01
6.500000000000000222e-01 2.679584695359999841e+03 -4.731446807070000432e+03 -6.973384959680000065e+03 -1.266389040929999936e+02 4.407852999459999666e+01 -1.920160076819999873e+01
6.500000000000000222e-01 2.852851200990000052e+03 -4.546890514929999881e+03 -6.980473923300000024e+03 -1.290559423210000034e+02 4.481197901369999670e+01 -2.049666319889999855e+01
6.500000000000000222e-01 2.730217418509999789e+03 -4.590316471629999796e+03 -6.992272660710000309e+03 -1.264514543119999956e+02 4.152551888060000351e+01 -1.770702444619999838e+01
6.500000000000000222e-01 2.804475587609999820e+03 -4.771462884270000359e+03 -6.928071359939999638e+03 -1.262945174919999971e+02 4.539184831120000041e+01 -1.968452225249999898e+01
6.500000000000000222e-01 2.812829411560000153e+03 -4.646754717380000329e+03 -6.936524521190000087e+03 -1.278629003679999983e+02 4.299367864759999947e+01 -1.969422302810000147e+01
6.500000000000000222e-01 2.957652259280000180e+03 -4.591897720949999893e+03 -6.996195420650000415e+03 -1.303667489800000112e+02 4.120537989889999864e+01 -1.841049911660000049e+01
6.500000000000000222e-01 2.747035583490000135e+03 -4.798097199750000073e+03 -6.951945927490000031e+03 -1.282039040420000049e+02 4.481251664119999845e+01 -2.045411968859999874e+01
6.500000000000000222e-01 2.945691974880000089e+03 -4.690410442129999865e+03 -6.950520399070000167e+03 -1.309905775359999893e+02 4.229279395559999699e+01 -1.943880806769999836e+01
6.500000000000000222e-01 2.839274451209999825e+03 -4.727627037199999904e+03 -6.919139741859999958e+03 -1.261160020629999963e+02 4.424336188699999894e+01 -1.985903717749999942e+01
6.500000000000000222e-01 3.055157556850000219e+03 -4.583884780530000171e+03 -7.136659050420000312e+03 -1.285125887929999919e+02 4.116772726730000187e+01 -2.215692285889999980e+01
6.500000000000000222e-01 2.854774367280000206e+03 -4.762510049739999886e+03 -6.924614630070000203e+03 -1.277243252140000038e+02 4.218008831969999761e+01 -2.048511535300000119e+01
6.500000000000000222e-01 2.845893704069999785e+03 -4.687576782430000094e+03 -6.924827899380000417e+03 -1.282059788900000115e+02 4.311887597679999828e+01 -1.999337108929999829e+01
6.500000000000000222e-01 2.853337646559999939e+03 -4.484357824830000027e+03 -7.054402743740000005e+03 -1.296196592560000056e+02 4.304482551219999920e+01 -1.960745895310000009e+01
6.500000000000000222e-01 2.711346143329999904e+03 -4.924501090859999749e+03 -7.081783388849999938e+03 -1.273231309159999967e+02 4.468410292069999912e+01 -2.194631978989999865e+01
6.500000000000000222e-01 2.994237296769999830e+03 -4.593580395570000292e+03 -7.026932756420000260e+03 -1.282173649409999996e+02 4.163016545960000059e+01 -2.086541274769999887e+01
6.500000000000000222e-01 2.772212590290000207e+03 -4.903451388020000195e+03 -7.009416486989999612e+03 -1.266322548769999941e+02 4.587623261680000297e+01 -1.957349888779999958e+01
4.560000000000000000e+04 8.129013175330000195e+03 2.045564921090000098e+03 1.926036265970000022e+04 2.003556027029999882e+02 -6.210334166049999993e+01 1.909893500249999931e+02
6.500000000000000222e-01 8.068546767789999649e+03 2.198303428629999871e+03 1.939282392239999899e+04 2.003071515249999948e+02 -6.219007851789999819e+01 1.914720897519999880e+02
6.500000000000000222e-01 8.223009994480000387e+03 2.126689750959999856e+03 1.942733775709999827e+04 2.008381716959999892e+02 -6.156912205609999944e+01 1.908439287649999869e+02
6.500000000000000222e-01 8.065010399779999716e+03 2.189347711169999911e+03 1.939181416170000011e+04 2.003367836179999983e+02 -6.169720352259999885e+01 1.904435437060000140e+02
6.500000000000000222e-01 8.100789649430000281e+03 2.044240857519999963e+03 1.946520816800000102e+04 2.008100881629999890e+02 -6.201001252999999735e+01 1.912210478789999968e+02
6.500000000000000222e-01 8.169085942650000106e+03 2.079781703780000043e+03 1.946247388979999960e+04 1.999411078759999896e+02 -6.275104154739999984e+01 1.915851744670000016e+02
6.500000000000000222e-01 8.131608667260000402e+03 2.044730752630000097e+03 1.946792704560000129e+04 2.004160898469999950e+02 -6.171119822459999682e+01 1.912424171769999930e+02
6.500000000000000222e-01 8.256744339240000045e+03 1.899304243439999937e+03 1.931397169120000035e+04 2.003293768000000057e+02 -6.193623429289999649e+01 1.902381900210000083e+02
6.500000000000000222e-01 8.130823159540000233e+03 2.053054212149999785e+03 1.946786804839999968e+04 2.005691228240000044e+02 -6.170389131670000182e+01 1.912317948730000126e+02
6.500000000000000222e-01 8.092020012410000163e+03 2.229032656740000220e+03 1.932689181599999938e+04 2.006836679339999989e+02 -6.239068878530000006e+01 1.904206358739999985e+02
6.500000000000000222e-01 7.947669469870000285e+03 2.042553286370000023e+03 1.934755923329999860e+04 2.007064396039999963e+02 -6.209049277470000305e+01 1.907369790429999910e+02
6.500000000000000222e-01 8.214592965280000499e+03 1.990960423429999992e+03 1.944356116280000060e+04 2.001487537559999907e+02 -6.180030555049999919e+01 1.915812520380000024e+02
6.500000000000000222e-01 8.325535440980000203e+03 2.032876315010000098e+03 1.931078680529999838e+04 2.000894791329999975e+02 -6.203827925979999947e+01 1.912130711640000129e+02
6.500000000000000222e-01 8.174352573420000226e+03 2.147118377180000152e+03 1.943745235899999898e+04 2.001262194519999866e+02 -6.177154307170000180e+01 1.912539448560000039e+02
6.500000000000000222e-01 8.118880247430000054e+03 1.985995853670000088e+03 1.945710637510000015e+04 2.003083079099999964e+02 -6.234436455630000040e+01 1.910103168390000121e+02
6.500000000000000222e-01 8.149695426670000415e+03 2.068356603180000093e+03 1.946651466490000166e+04 2.010776988389999929e+02 -6.139943450709999695e+01 1.911944667019999997e+02
6.500000000000000222e-01 8.169081252730000415e+03 1.985263093089999984e+03 1.945655529359999855e+04 2.005690572180000117e+02 -6.183633515889999899e+01 1.913666124169999989e+02
6.500000000000000222e-01 8.101856403089999731e+03 2.039757483540000067e+03 1.946543480120000095e+04 2.010010688039999991e+02 -6.184923085690000022e+01 1.912674114270000132e+02
6.500000000000000222e-01 8.123707339169999614e+03 2.045730064619999894e+03 1.946770975610000096e+04 2.004499529139999936e+02 -6.202438228020000111e+01 1.912213258339999982e+02
6.500000000000000222e-01 8.040882971740000357e+03 1.944966231820000075e+03 1.941250698729999931e+04 2.001369355230000053e+02 -6.168806863929999906e+01 1.907988019759999929e+02
6.500000000000000222e-01 8.270929938249999395e+03 1.924294596290000072e+03 1.935250982379999914e+04 2.006437499429999889e+02 -6.220224205760000302e+01 1.906473008250000021e+02
6.500000000000000222e-01 8.054401472120000108e+03 2.165719359409999925e+03 1.940360589830000026e+04 2.011500264800000082e+02 -6.296118753889999908e+01 1.917938256200000069e+02
6.500000000000000222e-01 8.202210732400000779e+03 1.977296090699999922e+03 1.943786944769999900e+04 2.004996335079999881e+02 -6.194423744299999868e+01 1.909901119170000072e+02
6.500000000000000222e-01 8.128977484719999666e+03 2.051397911290000138e+03 1.946848709800000142e+04 2.010020125320000091e+02 -6.292592937290000066e+01 1.913377701539999975e+02
6.500000000000000222e-01 8.143270853420000094e+03 2.197147359049999977e+03 1.939296577249999973e+04 2.007536003349999874e+02 -6.310158855889999785e+01 1.918589252870000053e+02
6.500000000000000222e-01 8.092305425720000130e+03 2.074962639790000139e+03 1.946255334030000085e+04 2.009309337040000116e+02 -6.224406314720000211e+01 1.913312119059999930e+02
6.500000000000000222e-01 8.187598014510000212e+03 1.966172880410000062e+03 1.943948781049999889e+04 2.006574977770000032e+02 -6.222484872660000121e+01 1.908735884289999944e+02
6.500000000000000222e-01 8.055747604719999799e+03 2.109962068169999839e+03 1.943788197489999948e+04 2.013138366510000026e+02 -6.273906368640000153e+01 1.914805311000000074e+02
6.500000000000000222e-01 8.242432494759999827e+03 2.107625871339999776e+03 1.942390799770000012e+04 1.999821010789999889e+02 -6.258476298970000329e+01 1.918631099360000007e+02
6.500000000000000222e-01 7.977066563010000209e+03 1.923475939469999958e+03 1.931136670370000138e+04 2.008480676940000080e+02 -6.182378943129999982e+01 1.915858492119999994e+02
6.500000000000000222e-01 8.028173508910000237e+03 1.874383916779999936e+03 1.929698657109999840e+04 2.006866930529999991e+02 -6.178136142449999824e+01 1.913495421860000079e+02
6.500000000000000222e-01 8.197604548909999721e+03 2.065677225989999897e+03 1.945659162849999848e+04 2.000322553210000081e+02 -6.228978964070000046e+01 1.915198995369999864e+02
6.500000000000000222e-01 8.123099312360000113e+03 1.954478780189999952e+03 1.944717967770000178e+04 2.009218425370000034e+02 -6.227761649320000004e+01 1.911239958559999934e+02
6.500000000000000222e-01 8.166829684379999890e+03 1.971107509749999963e+03 1.944589057099999991e+04 1.999378275040000119e+02 -6.109509686309999665e+01 1.914917954930000121e+02
6.500000000000000222e-01 8.104083818369999790e+03 2.084404899499999829e+03 1.946211392889999843e+04 2.012254925249999928e+02 -6.289375627239999744e+01 1.914888346250000097e+02
6.500000000000000222e-01 8.174286164279999866e+03 2.079409333040000092e+03 1.946063636169999882e+04 2.004354747589999874e+02 -6.188000147620000035e+01 1.912610604619999890e+02
6.500000000000000222e-01 8.125608164399999623e+03 1.856635164620000069e+03 1.933933048970000164e+04 2.006125634470000136e+02 -6.161398448980000353e+01 1.917052353020000055e+02
6.500000000000000222e-01 8.088782482450000316e+03 2.079816294289999860e+03 1.945914386860000013e+04 2.005933302029999936e+02 -6.207399195789999879e+01 1.911220540250000113e+02
6.500000000000000222e-01 8.145281793830000424e+03 2.046811417359999950e+03 1.946829692660000001e+04 1.995714856209999937e+02 -6.202154934699999700e+01 1.914060739690000048e+02
6.500000000000000222e-01 8.107603139779999765e+03 1.958571481769999991e+03 1.944701090420000037e+04 2.010079410630000041e+02 -6.204631691230000001e+01 1.912223354770000014e+02
6.500000000000000222e-01 8.066405202160000044e+03 2.035759513369999922e+03 1.945608696369999961e+04 2.003024003339999979e+02 -6.210171405170000014e+01 1.910228789219999896e+02
1.390000000000000000e+04 -1.150593189650000022e+04 3.750022611599999891e+03 1.003856953199999953e+04 -2.285109776609999983e+02 1.994952661560000138e+02 -3.423979080230000136e+02
6.500000000000000222e-01 -1.162949500889999945e+04 3.797515779060000114e+03 1.009255885739999940e+04 -2.286966810849999945e+02 1.994842902510000044e+02 -3.425633224779999750e+02
6.500000000000000222e-01 -1.159816430489999948e+04 3.846387125279999964e+03 1.008597455789999913e+04 -2.283933806500000117e+02 1.991404777959999990e+02 -3.415471006010000110e+02
6.500000000000000222e-01 -1.138481053980000070e+04 3.691679952070000127e+03 1.007775388589999966e+04 -2.285443140989999904e+02 1.995481043689999865e+02 -3.432556401200000096e+02
6.500000000000000222e-01 -1.146627436970000053e+04 3.696160932759999923e+03 1.016574152829999912e+04 -2.284299612830000115e+02 1.991940596480000067e+02 -3.426161133680000148e+02
6.500000000000000222e-01 -1.147784423849999985e+04 3.710513463750000028e+03 1.017410497600000053e+04 -2.288513872149999884e+02 1.997352105269999925e+02 -3.422749058580000110e+02
6.500000000000000222e-01 -1.139190822509999998e+04 3.790419536309999785e+03 1.011039186549999977e+04 -2.288252360950000082e+02 1.992489828820000071e+02 -3.424022818249999887e+02
6.500000000000000222e-01 -1.161637871400000040e+04 3.701840717749999840e+03 1.011895568470000035e+04 -2.289117548950000014e+02 1.996656466070000135e+02 -3.425104682329999832e+02
6.500000000000000222e-01 -1.139843382139999994e+04 3.743369253880000088e+03 1.012871072380000078e+04 -2.283971554000000026e+02 1.994927555499999983e+02 -3.430349345280000080e+02
6.500000000000000222e-01 -1.155170867919999910e+04 3.792070582280000053e+03 1.016771385639999971e+04 -2.284498657679999951e+02 1.991489244960000065e+02 -3.420804759119999972e+02
6.500000000000000222e-01 -1.151804257549999966e+04 3.707353850569999850e+03 1.017620618800000011e+04 -2.286772657100000004e+02 1.993514554170000110e+02 -3.423429267370000275e+02
6.500000000000000222e-01 -1.153841562859999976e+04 3.832917806169999949e+03 1.014781349539999974e+04 -2.286634865069999876e+02 1.994448207400000115e+02 -3.424774091549999753e+02
6.500000000000000222e-01 -1.150165719039999931e+04 3.746297561819999828e+03 1.018298942820000048e+04 -2.282832993389999956e+02 1.992317841009999881e+02 -3.422862074129999996e+02
6.500000000000000222e-01 -1.151725790760000018e+04 3.784552239189999909e+03 1.017746547739999914e+04 -2.285992398150000042e+02 1.991247710430000097e+02 -3.422001012989999822e+02
6.500000000000000222e-01 -1.154250375659999918e+04 3.855916069469999911e+03 1.013435462320000079e+04 -2.289227851169999894e+02 1.993326277120000043e+02 -3.419384365409999873e+02
6.500000000000000222e-01 -1.159134420929999942e+04 3.832728616209999927e+03 1.011640011129999948e+04 -2.287670364219999897e+02 1.994839003790000049e+02 -3.425748230789999980e+02
6.500000000000000222e-01 -1.148846965300000011e+04 3.754928770269999859e+03 1.018146920610000052e+04 -2.282418302789999984e+02 1.996860500170000137e+02 -3.423702235700000074e+02
6.500000000000000222e-01 -1.149970696830000088e+04 3.714816303210000115e+03 1.017816699809999955e+04 -2.286594882079999991e+02 1.990104333870000062e+02 -3.424438849960000084e+02
6.500000000000000222e-01 -1.159029530290000002e+04 3.729816927719999967e+03 1.015489337970000088e+04 -2.283004851180000117e+02 1.996521099150000111e+02 -3.418681791930000031e+02
6.500000000000000222e-01 -1.151420923079999920e+04 3.745382011820000116e+03 1.018265694249999979e+04 -2.289037229399999944e+02 1.995443940129999874e+02 -3.422888491570000156e+02
6.500000000000000222e-01 -1.151641451950000010e+04 3.706433571089999987e+03 1.017600515579999956e+04 -2.288416516499999886e+02 1.990632847109999943e+02 -3.424367016200000080e+02
6.500000000000000222e-01 -1.150666924979999931e+04 3.751127418730000045e+03 1.018326849539999967e+04 -2.282396069600000033e+02 1.997685364989999925e+02 -3.422489713690000031e+02
6.500000000000000222e-01 -1.145982079840000006e+04 3.805344852170000195e+03 1.016152462410000044e+04 -2.284622800900000072e+02 1.998063184719999867e+02 -3.426729106529999740e+02
6.500000000000000222e-01 -1.155556756639999912e+04 3.746112418700000035e+03 1.017542883179999990e+04 -2.286133701569999914e+02 1.996291111140000112e+02 -3.421291439729999979e+02
6.500000000000000222e-01 -1.151011702610000066e+04 3.758326064039999892e+03 1.018299710050000067e+04 -2.287981676709999874e+02 1.990083105969999906e+02 -3.422155062069999758e+02
6.500000000000000222e-01 -1.163869677749999937e+04 3.730095398020000175e+03 1.009020080330000019e+04 -2.286371046289999924e+02 1.996338059359999875e+02 -3.423799024319999944e+02
6.500000000000000222e-01 -1.151360990990000028e+04 3.729564704540000093e+03 1.018139432169999964e+04 -2.286197514049999882e+02 1.998064287040000124e+02 -3.422366415380000149e+02
6.500000000000000222e-01 -1.146272815439999977e+04 3.814872759140000198e+03 1.015758341579999978e+04 -2.284878999169999929e+02 1.997486851429999888e+02 -3.426831580840000129e+02
6.500000000000000222e-01 -1.150216446890000043e+04 3.795436388919999899e+03 1.017584254999999939e+04 -2.290582457989999909e+02 1.995184040359999926e+02 -3.422568484540000213e+02
6.500000000000000222e-01 -1.156347463459999926e+04 3.766115858789999947e+03 1.017162439850000010e+04 -2.282028474059999894e+02 1.993596699940000008e+02 -3.418727746010000033e+02
6.500000000000000222e-01 -1.152451784509999925e+04 3.734907093950000217e+03 1.018119709399999920e+04 -2.287328817609999874e+02 1.995490887590000000e+02 -3.422638260840000157e+02
6.500000000000000222e-01 -1.145668866659999912e+04 3.685724584550000145e+03 1.015531339300000036e+04 -2.284498666490000005e+02 1.992408852179999883e+02 -3.427826483489999987e+02
6.500000000000000222e-01 -1.141566414930000064e+04 3.832338502630000221e+03 1.010744822779999959e+04 -2.290324284939999870e+02 1.991376119470000106e+02 -3.419562774720000107e+02
6.500000000000000222e-01 -1.153814780129999963e+04 3.787976205959999788e+03 1.017556576309999946e+04 -2.284687348580000048e+02 1.990331176630000130e+02 -3.419447626510000191e+02
6.500000000000000222e-01 -1.149756760570000006e+04 3.758144169830000010e+03 1.018250049989999934e+04 -2.283237792550000052e+02 1.999176719230000003e+02 -3.423178677849999758e+02
6.500000000000000222e-01 -1.149646708159999980e+04 3.775455008169999928e+03 1.018020643729999938e+04 -2.286559124789999942e+02 2.000056865210000012e+02 -3.423772915580000245e+02
6.500000000000000222e-01 -1.147274156310000035e+04 3.782910701610000160e+03 1.017402767619999941e+04 -2.284505555650000019e+02 1.999018470670000056e+02 -3.425254386340000110e+02
6.500000000000000222e-01 -1.149098821780000071e+04 3.733132354989999840e+03 1.018051863140000023e+04 -2.292887717010000017e+02 2.000571742340000014e+02 -3.421915025549999996e+02
6.500000000000000222e-01 -1.154193258170000081e+04 3.791895957920000001e+03 1.017410024220000014e+04 -2.291215116850000015e+02 1.998557058529999892e+02 -3.423217958239999916e+02
6.500000000000000222e-01 -1.155406147249999958e+04 3.728668612460000077e+03 1.017430800300000010e+04 -2.293063910710000073e+02 1.993531759439999860e+02 -3.423967272109999840e+02
6.500000000000000222e-01 -1.140349465389999932e+04 3.809709237789999861e+03 1.011405043160000059e+04 -2.289870559930000127e+02 1.991251531489999991e+02 -3.420503141120000237e+02
