3.450000000000000000e+05 3.618061028189999888e+03 -4.963485186210000393e+03 -7.007833877250000114e+03 -1.187632074689999939e+02 2.947269018320000100e+01 -4.280737099240000276e+01
6.500000000000000222e-01 3.531952562819999912e+03 -4.875844457060000423e+03 -6.747199838610000370e+03 -1.190065566789999991e+02 2.994729564669999888e+01 -4.203396014970000039e+01
6.500000000000000222e-01 3.443608380199999829e+03 -5.083479552660000081e+03 -7.194101112829999693e+03 -1.185633547510000056e+02 2.946909657499999824e+01 -4.200068547170000244e+01
6.500000000000000222e-01 3.808019364629999927e+03 -4.890563828970000031e+03 -6.814165417739999612e+03 -1.187530676319999969e+02 2.988332020289999846e+01 -4.421889860470000144e+01
6.500000000000000222e-01 3.598196289970000180e+03 -5.070273217859999932e+03 -7.276876081909999812e+03 -1.181245079100000055e+02 2.658366104179999923e+01 -4.271473090210000123e+01
6.500000000000000222e-01 3.730131746690000000e+03 -5.163457507830000395e+03 -7.170101102710000305e+03 -1.188544872989999988e+02 2.960023629270000001e+01 -4.327202329650000223e+01
6.500000000000000222e-01 3.716839787700000215e+03 -4.739099890690000393e+03 -7.140469600000000355e+03 -1.196766299779999940e+02 2.740473031799999859e+01 -4.446939884310000224e+01
6.500000000000000222e-01 3.392758298939999804e+03 -4.858521322309999960e+03 -7.138814944370000376e+03 -1.172749008010000011e+02 2.904972827949999825e+01 -4.338786245280000031e+01
6.500000000000000222e-01 3.781922631949999868e+03 -4.782898178499999631e+03 -7.141654160109999793e+03 -1.192422471440000038e+02 2.711306404850000007e+01 -4.414072931710000347e+01
6.500000000000000222e-01 3.394530120490000172e+03 -4.892469467750000149e+03 -6.832084788830000434e+03 -1.184830638829999998e+02 3.056480132780000147e+01 -4.105310038609999879e+01
6.500000000000000222e-01 3.348267911020000156e+03 -4.983221940270000232e+03 -6.926094031679999716e+03 -1.174678509529999957e+02 3.037887781339999904e+01 -3.980845795359999784e+01
6.500000000000000222e-01 3.443596454200000153e+03 -5.103949766920000002e+03 -7.178789154840000265e+03 -1.186642100450000044e+02 2.893899655139999894e+01 -4.140274752210000031e+01
6.500000000000000222e-01 3.699490921350000008e+03 -4.985937821470000017e+03 -6.740175779399999556e+03 -1.208582281359999939e+02 3.087166791430000146e+01 -4.268065192480000292e+01
6.500000000000000222e-01 3.556871022610000182e+03 -4.808033887110000251e+03 -7.240279425529999571e+03 -1.188117225459999986e+02 2.848833236910000011e+01 -4.281994685589999960e+01
6.500000000000000222e-01 3.469088792399999875e+03 -4.906002578409999842e+03 -7.236970275810000203e+03 -1.159737869519999975e+02 2.810629647560000066e+01 -4.378699048000000005e+01
6.500000000000000222e-01 3.768692668759999833e+03 -4.923090043049999622e+03 -6.776392498979999800e+03 -1.203026205440000069e+02 3.018285470080000010e+01 -4.304292297079999940e+01
6.500000000000000222e-01 3.493276789869999902e+03 -5.179004150149999987e+03 -7.141666380540000318e+03 -1.169452923620000035e+02 3.054439690230000082e+01 -4.545341129149999659e+01
6.500000000000000222e-01 3.399746293300000161e+03 -5.032984057560000110e+03 -7.166452909179999551e+03 -1.185887042399999984e+02 2.896964080680000109e+01 -4.082607124190000292e+01
6.500000000000000222e-01 3.626596994189999805e+03 -5.066424955980000050e+03 -6.749467415230000370e+03 -1.202191458039999929e+02 3.292712761639999997e+01 -4.224438005289999865e+01
6.500000000000000222e-01 3.510406333060000179e+03 -5.036573869310000191e+03 -6.754003732999999556e+03 -1.173057573229999946e+02 3.155679167959999987e+01 -4.148003614419999963e+01
6.500000000000000222e-01 3.664885130369999843e+03 -4.877453964690000248e+03 -7.272007592549999572e+03 -1.178816426890000031e+02 2.650384847799999832e+01 -4.326711753120000026e+01
6.500000000000000222e-01 3.418125279460000002e+03 -4.793856502460000229e+03 -7.120956974450000416e+03 -1.188627401300000059e+02 2.972763724749999881e+01 -4.071288074120000289e+01
6.500000000000000222e-01 3.466596528109999781e+03 -4.773320558770000389e+03 -7.148626669559999755e+03 -1.177259675600000008e+02 2.809969705800000028e+01 -4.368752449809999661e+01
6.500000000000000222e-01 3.740627034420000200e+03 -4.794719134549999580e+03 -6.815325861280000026e+03 -1.213711889159999942e+02 2.880211732629999943e+01 -4.079126716750000270e+01
6.500000000000000222e-01 3.845811972470000001e+03 -4.982964339099999961e+03 -6.849942841320000298e+03 -1.203837161670000029e+02 2.959614339970000074e+01 -4.290412882180000054e+01
6.500000000000000222e-01 3.836305674060000001e+03 -4.955143615639999553e+03 -6.836500151150000420e+03 -1.197272857739999949e+02 2.963966176219999937e+01 -4.382108320660000089e+01
6.500000000000000222e-01 3.593843817380000019e+03 -5.186405510589999722e+03 -6.837682617309999841e+03 -1.180932970039999930e+02 3.145616993799999861e+01 -4.176206196119999703e+01
6.500000000000000222e-01 3.492133504989999892e+03 -4.809864878839999619e+03 -7.212134184229999846e+03 -1.193111801489999948e+02 3.000493207159999898e+01 -4.114328520130000300e+01
6.500000000000000222e-01 3.425932427920000009e+03 -5.151316618969999581e+03 -7.083046890270000404e+03 -1.181131505230000016e+02 2.976389018869999958e+01 -4.103936054119999710e+01
6.500000000000000222e-01 3.511842866670000149e+03 -4.714087529350000295e+03 -7.103981879760000083e+03 -1.192006109729999963e+02 2.912996794769999909e+01 -4.190905826929999733e+01
6.500000000000000222e-01 3.490003183299999819e+03 -5.108855857599999581e+03 -6.802842078740000034e+03 -1.196729555699999992e+02 2.950366676510000019e+01 -4.420377607359999672e+01
6.500000000000000222e-01 3.804724622499999896e+03 -4.797207406620000256e+03 -6.884013068580000436e+03 -1.196509230740000049e+02 2.838483182770000113e+01 -4.252205568960000193e+01
6.500000000000000222e-01 3.386104045999999926e+03 -5.051499270809999871e+03 -6.871925220029999764e+03 -1.193094725140000065e+02 3.028769111609999953e+01 -4.421536090739999736e+01
6.500000000000000222e-01 3.341703910549999819e+03 -5.000895314690000305e+03 -7.020049022180000065e+03 -1.178707466350000033e+02 2.999272215930000129e+01 -3.988475886150000349e+01
6.500000000000000222e-01 3.682181210910000118e+03 -4.914299573160000364e+03 -7.282400773250000384e+03 -1.197224772360000031e+02 2.764208175510000132e+01 -4.361047671490000255e+01
6.500000000000000222e-01 3.505124323959999856e+03 -4.704675249140000233e+03 -6.973689744610000162e+03 -1.188897405379999981e+02 2.891527233889999948e+01 -3.950477260630000131e+01
6.500000000000000222e-01 3.612454369860000043e+03 -4.684013213659999565e+03 -7.052386741860000257e+03 -1.195557880300000022e+02 2.884138889580000154e+01 -4.170887699730000264e+01
6.500000000000000222e-01 3.650975750300000072e+03 -4.836886731460000192e+03 -7.251188393219999853e+03 -1.174407332189999948e+02 2.663467816240000019e+01 -4.291479887919999925e+01
6.500000000000000222e-01 3.692320534290000069e+03 -4.852946887539999807e+03 -6.755816368290000355e+03 -1.196861373649999933e+02 2.853787589970000127e+01 -4.195277000010000279e+01
6.500000000000000222e-01 3.485910400769999796e+03 -5.083380348480000066e+03 -6.789889463129999967e+03 -1.191095511710000068e+02 3.218154446070000319e+01 -4.220759631770000198e+01
6.500000000000000222e-01 3.689361243809999905e+03 -4.784438118119999672e+03 -6.796003206399999726e+03 -1.191745784200000031e+02 3.099979943740000010e+01 -4.353594435019999764e+01
9.810000000000000000e+05 8.284945796280000650e+04 -1.856097063210000044e+02 3.500571517689999746e+04 -9.941509429130000797e+00 2.647888438440000058e+01 -5.283322261330000202e+01
6.500000000000000222e-01 8.338641599019999558e+04 -1.596802443320000066e+03 3.694545357030000014e+04 -9.172899710730000322e+00 2.558752581039999896e+01 -5.319477358919999688e+01
6.500000000000000222e-01 8.443155880519999482e+04 1.120285691219999990e+03 3.366003614920000109e+04 -1.025324974159999947e+01 2.585304615749999968e+01 -5.373974698269999806e+01
6.500000000000000222e-01 8.354992529379999905e+04 -1.722073980720000009e+03 3.678592036940000253e+04 -1.023028287110000001e+01 2.736931393389999911e+01 -5.194674936090000017e+01
6.500000000000000222e-01 8.043405187710000610e+04 -3.487164591289999862e+02 3.460261403150000115e+04 -1.008626063280000018e+01 2.649786549199999897e+01 -5.267341470190000052e+01
6.500000000000000222e-01 8.454475076029999764e+04 1.405289125040000044e+03 3.422233896410000307e+04 -9.715269118389999292e+00 2.678950433059999980e+01 -5.160196636900000300e+01
6.500000000000000222e-01 8.176133530299999984e+04 2.010568732960000034e+03 3.509343593720000354e+04 -9.936872541279999638e+00 2.636448389359999922e+01 -5.324969766929999793e+01
6.500000000000000222e-01 8.232733969379999326e+04 4.173511410639999895e+02 3.732511416469999676e+04 -9.026225322520000205e+00 2.547412946869999928e+01 -5.248265701510000270e+01
6.500000000000000222e-01 8.282206284860000596e+04 2.267093037189999905e+03 3.498758070679999946e+04 -9.934143008890000459e+00 2.637664823649999946e+01 -5.324501378000000074e+01
6.500000000000000222e-01 8.264727738929999759e+04 7.099184290949999649e+02 3.272920402879999892e+04 -1.009685528500000018e+01 2.581245828990000035e+01 -5.316223355430000197e+01
6.500000000000000222e-01 8.176698102999999537e+04 -2.037164050640000141e+02 3.280377170230000047e+04 -9.843288933040000188e+00 2.649235387350000082e+01 -5.291288464470000008e+01
6.500000000000000222e-01 8.460673135450000700e+04 -1.326558941179999920e+03 3.373592902570000297e+04 -9.820626356109999122e+00 2.654329425099999895e+01 -5.206259214939999680e+01
6.500000000000000222e-01 8.226795911229999911e+04 -1.467950712660000079e+02 3.738857507649999752e+04 -9.842744909420000354e+00 2.649312555899999921e+01 -5.289264717049999831e+01
6.500000000000000222e-01 8.187298384509999596e+04 -2.036050292200000058e+03 3.629012655970000196e+04 -9.391418954409999742e+00 2.608208861150000146e+01 -5.280730781270000307e+01
6.500000000000000222e-01 8.252956537769999704e+04 -2.529306374570000116e+03 3.434738178360000165e+04 -9.692151768220000463e+00 2.655585539180000154e+01 -5.367761997929999751e+01
6.500000000000000222e-01 8.121494506369999726e+04 -2.005630169860000024e+03 3.519336184540000249e+04 -9.896997296020000334e+00 2.657229045809999946e+01 -5.178456760640000311e+01
6.500000000000000222e-01 8.401637444860000687e+04 -2.152355769639999835e+03 3.413194635320000089e+04 -1.018191958210000081e+01 2.674273073000000167e+01 -5.230020424450000149e+01
6.500000000000000222e-01 8.518557472760000383e+04 4.253342598759999760e+02 3.544567955780000193e+04 -9.700227141919999241e+00 2.642945444529999932e+01 -5.334255390629999738e+01
6.500000000000000222e-01 8.528930293849999725e+04 6.954488561600000196e+01 3.506761770729999989e+04 -9.870452859029999360e+00 2.647181902080000171e+01 -5.257059934530000334e+01
6.500000000000000222e-01 8.171693781629999285e+04 -1.660284079510000083e+03 3.340379832870000246e+04 -9.359847602720000381e+00 2.630491594000000077e+01 -5.318721974169999811e+01
6.500000000000000222e-01 8.194824211999999534e+04 5.920681463939999958e+02 3.715298192649999692e+04 -9.617103113220000665e+00 2.624055730839999967e+01 -5.249816772900000217e+01
6.500000000000000222e-01 8.199798105810000561e+04 1.133874270909999950e+03 3.311747159439999814e+04 -1.076223780890000015e+01 2.743274784140000122e+01 -5.206950673730000290e+01
6.500000000000000222e-01 8.439067042090000177e+04 -1.681876301159999912e+03 3.381143579180000233e+04 -9.842512335220000352e+00 2.644431047970000037e+01 -5.337242125739999921e+01
6.500000000000000222e-01 8.384968499680000241e+04 -2.410559794710000006e+03 3.526232194889999664e+04 -9.865041495079999834e+00 2.645539432889999887e+01 -5.408965895520000089e+01
6.500000000000000222e-01 8.291839894070000446e+04 1.251847507700000051e+03 3.301619952119999652e+04 -1.032765388550000019e+01 2.764793809160000038e+01 -5.217099080900000274e+01
6.500000000000000222e-01 8.477043952440000430e+04 -1.573505888670000104e+03 3.565153793109999970e+04 -9.543494331799999841e+00 2.625282250449999921e+01 -5.346280525259999905e+01
6.500000000000000222e-01 8.157776830149999296e+04 1.583837399600000026e+03 3.612461521399999765e+04 -9.412224895219999610e+00 2.576791491410000035e+01 -5.196594857889999730e+01
6.500000000000000222e-01 8.439299663219999638e+04 -1.509678028909999966e+03 3.637148222649999661e+04 -9.810446095159999658e+00 2.653467468970000098e+01 -5.350185777619999783e+01
6.500000000000000222e-01 8.441392039240000304e+04 7.315300709809999944e+02 3.335453272860000288e+04 -9.519160330780000123e+00 2.700052160339999929e+01 -5.196944414410000235e+01
6.500000000000000222e-01 8.247130043590000423e+04 -4.821456140079999955e+02 3.259987614570000005e+04 -1.092886636269999912e+01 2.594012425269999866e+01 -5.258075059990000000e+01
6.500000000000000222e-01 8.266342446629999904e+04 -4.887315960519999862e+02 3.257846823310000036e+04 -1.051091720970000054e+01 2.603390753460000084e+01 -5.267678340420000183e+01
6.500000000000000222e-01 8.068458652979999897e+04 -8.681081955030000472e+02 3.593897204120000242e+04 -1.037339827759999977e+01 2.653302825009999921e+01 -5.362411094929999678e+01
6.500000000000000222e-01 8.320166306459999760e+04 2.011687084480000067e+03 3.604787702610000269e+04 -1.040027414769999936e+01 2.684871162490000174e+01 -5.275220947070000221e+01
6.500000000000000222e-01 8.187820120840000163e+04 1.712804982110000083e+03 3.620735971569999674e+04 -9.703958142330000314e+00 2.634118131489999826e+01 -5.356522703929999807e+01
6.500000000000000222e-01 8.421022569969999313e+04 -2.077561810159999823e+03 3.576652917329999764e+04 -9.786812482740000263e+00 2.637486451510000052e+01 -5.394234485549999647e+01
6.500000000000000222e-01 8.481943211219999648e+04 1.125432423620000009e+03 3.435565071339999849e+04 -9.739571500889999456e+00 2.622715236109999992e+01 -5.287987306739999838e+01
6.500000000000000222e-01 8.287748554419999709e+04 6.225777583000000277e+02 3.732274940860000061e+04 -1.008301228570000063e+01 2.766946219549999952e+01 -5.322042854330000239e+01
6.500000000000000222e-01 8.469035521680000238e+04 -1.667987809290000087e+03 3.565339286729999731e+04 -1.013757127519999912e+01 2.679208366150000131e+01 -5.244234135500000349e+01
6.500000000000000222e-01 8.042282313039999281e+04 -2.258033339920000060e+02 3.536804685800000152e+04 -1.021072937209999942e+01 2.647765924080000133e+01 -5.421354887100000042e+01
6.500000000000000222e-01 8.358593422860000283e+04 1.889122519880000027e+03 3.609473788580000110e+04 -1.032909517390000076e+01 2.699037047910000098e+01 -5.306264686680000153e+01
6.500000000000000222e-01 8.516758481169999868e+04 1.718285890850000044e+02 3.572607664500000101e+04 -1.006430659870000000e+01 2.648953019209999837e+01 -5.222784524539999751e+01
4.560000000000000000e+04 6.877835423599999558e+03 2.425477156559999912e+03 1.804625921150000067e+04 2.042780718539999896e+02 -6.095049821530000145e+01 2.011392974279999919e+02
6.500000000000000222e-01 6.949329828369999632e+03 2.398677053960000194e+03 1.823772917439999947e+04 2.035385728990000018e+02 -6.048527937010000244e+01 2.016985366140000053e+02
6.500000000000000222e-01 6.835204791250000198e+03 2.469345469849999972e+03 1.784873729879999883e+04 2.035247272679999924e+02 -6.039081587670000317e+01 2.011679760419999923e+02
6.500000000000000222e-01 6.822169727530000273e+03 2.453026280990000032e+03 1.824242375080000056e+04 2.053291687189999948e+02 -6.134941825810000182e+01 2.016152600210000116e+02
6.500000000000000222e-01 6.985103661649999594e+03 2.282256021629999850e+03 1.795407049890000053e+04 2.036833468410000023e+02 -6.032617191479999974e+01 2.004242377159999933e+02
6.500000000000000222e-01 6.988430287230000431e+03 2.274075096109999777e+03 1.797583425100000022e+04 2.039352941250000129e+02 -6.065042812469999944e+01 2.015462490719999948e+02
6.500000000000000222e-01 6.780710196789999827e+03 2.391483700230000068e+03 1.822392306280000048e+04 2.041178733929999964e+02 -6.081023354130000058e+01 2.010536318110000025e+02
6.500000000000000222e-01 6.775432038910000301e+03 2.375004326899999796e+03 1.787460209749999922e+04 2.049470707080000125e+02 -6.083096860799999916e+01 2.004585671499999933e+02
6.500000000000000222e-01 7.010497298610000144e+03 2.416859197020000011e+03 1.789076347199999873e+04 2.032984651650000103e+02 -6.093717746579999783e+01 2.004334871570000018e+02
6.500000000000000222e-01 7.004439672139999857e+03 2.303416387039999790e+03 1.814268204459999833e+04 2.040163844070000039e+02 -6.056159491329999867e+01 2.009928455509999878e+02
6.500000000000000222e-01 6.817500294389999908e+03 2.242195125690000168e+03 1.798476800070000172e+04 2.040667416740000135e+02 -6.039846662930000321e+01 2.007237995579999961e+02
6.500000000000000222e-01 6.931141435059999822e+03 2.285092597110000042e+03 1.817988954020000165e+04 2.038109784259999913e+02 -5.998480331350000228e+01 2.017551226479999968e+02
6.500000000000000222e-01 7.052087117899999612e+03 2.319989090779999970e+03 1.804043183789999966e+04 2.040687728800000116e+02 -6.079185200980000303e+01 2.002538068529999862e+02
6.500000000000000222e-01 6.933452336010000181e+03 2.242336403799999971e+03 1.810482831989999977e+04 2.040018530929999940e+02 -6.048744210230000107e+01 2.008907166959999984e+02
6.500000000000000222e-01 6.920222544530000050e+03 2.295074095380000017e+03 1.820340705370000069e+04 2.048347610829999894e+02 -6.148606001859999992e+01 2.009400711469999976e+02
6.500000000000000222e-01 6.796680021150000357e+03 2.504880656299999828e+03 1.787293131469999935e+04 2.046084760649999907e+02 -6.147933861100000286e+01 2.004559408689999884e+02
6.500000000000000222e-01 7.075072217009999804e+03 2.470915400930000033e+03 1.802242165169999862e+04 2.039575387179999950e+02 -6.100921778549999885e+01 2.003468299539999862e+02
6.500000000000000222e-01 6.832644174559999556e+03 2.618854202850000092e+03 1.809463321139999971e+04 2.043958225369999866e+02 -6.135228560400000219e+01 2.021598407410000107e+02
6.500000000000000222e-01 7.033181627570000273e+03 2.464048030450000169e+03 1.817468311430000176e+04 2.044945779489999893e+02 -6.075849931900000200e+01 2.009001510980000091e+02
6.500000000000000222e-01 7.020285265399999844e+03 2.570807206020000194e+03 1.805775590179999926e+04 2.041537903139999912e+02 -6.117083580149999733e+01 2.014299777720000009e+02
6.500000000000000222e-01 6.918468214489999809e+03 2.617394559480000225e+03 1.810675801510000019e+04 2.041295711820000065e+02 -6.128227464430000282e+01 2.021039336100000128e+02
6.500000000000000222e-01 7.071259289470000112e+03 2.490588151670000116e+03 1.804952789399999892e+04 2.041142917059999888e+02 -6.100289236900000134e+01 2.003697233329999960e+02
6.500000000000000222e-01 6.762785625239999717e+03 2.291892945070000223e+03 1.814844664650000050e+04 2.047184141029999864e+02 -6.035778624809999826e+01 2.019526817670000014e+02
6.500000000000000222e-01 6.687344207119999737e+03 2.405258395759999985e+03 1.797526421710000068e+04 2.043981582719999892e+02 -6.101178951819999696e+01 2.011854662879999864e+02
6.500000000000000222e-01 6.851974360899999738e+03 2.626188913030000094e+03 1.803108194740000181e+04 2.043615505079999934e+02 -6.119770772150000226e+01 2.020333032149999895e+02
6.500000000000000222e-01 6.950266857479999999e+03 2.436847982230000071e+03 1.823958806199999890e+04 2.039141601229999878e+02 -6.101052148099999783e+01 2.015528080750000015e+02
6.500000000000000222e-01 6.808933079059999727e+03 2.237468926370000190e+03 1.801300818789999903e+04 2.041425091140000063e+02 -6.063182381269999865e+01 2.014366484440000136e+02
6.500000000000000222e-01 6.971248274079999646e+03 2.568843957109999792e+03 1.793489900739999939e+04 2.037315478380000116e+02 -6.146555275309999899e+01 2.003664241200000049e+02
6.500000000000000222e-01 6.838461113870000190e+03 2.233759106659999816e+03 1.810980072880000080e+04 2.046270555099999910e+02 -6.100363088839999648e+01 2.009256702620000112e+02
6.500000000000000222e-01 7.054480307800000446e+03 2.374784108219999780e+03 1.813588288340000145e+04 2.045089567169999896e+02 -6.091011676120000118e+01 2.005201606809999930e+02
6.500000000000000222e-01 6.722989302670000143e+03 2.296731301230000099e+03 1.801230535560000135e+04 2.043311658709999961e+02 -6.069575415109999739e+01 2.009638073239999869e+02
6.500000000000000222e-01 6.773723188279999704e+03 2.558677494900000056e+03 1.816190144520000104e+04 2.047852878790000091e+02 -6.147735462760000047e+01 2.020426780169999859e+02
6.500000000000000222e-01 6.948605611719999615e+03 2.487613824540000223e+03 1.786385240409999824e+04 2.047669349509999961e+02 -6.058660144070000086e+01 2.014471386970000140e+02
6.500000000000000222e-01 6.995738686319999942e+03 2.275226081920000070e+03 1.812050216029999865e+04 2.044644144499999925e+02 -6.105526709949999997e+01 2.003596345349999979e+02
6.500000000000000222e-01 7.044125524410000253e+03 2.542798529570000028e+03 1.803292279970000163e+04 2.040681815680000000e+02 -6.111105778900000018e+01 2.003355256629999985e+02
6.500000000000000222e-01 6.971732092829999601e+03 2.602353136560000166e+03 1.801102138360000026e+04 2.041790052480000099e+02 -6.136303776580000147e+01 2.004705288019999898e+02
6.500000000000000222e-01 6.734260418099999697e+03 2.296529555539999819e+03 1.811126976120000108e+04 2.047262506929999972e+02 -6.063891787290000224e+01 2.019430165139999929e+02
6.500000000000000222e-01 6.737190236360000199e+03 2.567005358400000205e+03 1.808727708649999840e+04 2.043327339680000136e+02 -6.097757804279999760e+01 2.001847636360000138e+02
6.500000000000000222e-01 6.998905675639999572e+03 2.273555990259999817e+03 1.811732620949999909e+04 2.042596602000000132e+02 -6.076877428310000084e+01 2.017162433109999995e+02
6.500000000000000222e-01 7.051518955059999826e+03 2.508318099359999906e+03 1.811635058170000048e+04 2.038519467650000081e+02 -6.112346243249999844e+01 2.022781505760000016e+02
6.500000000000000222e-01 6.787212626530000307e+03 2.372971677240000190e+03 1.822275164410000070e+04 2.037558106459999863e+02 -6.112141377500000061e+01 2.008007435549999968e+02
1.390000000000000000e+04 -1.006904307390000031e+04 2.513672466359999817e+03 1.211023230110000077e+04 -2.381966562220000014e+02 2.023236774789999970e+02 -3.316018451420000019e+02
6.500000000000000222e-01 -1.017522079389999999e+04 2.603125448719999895e+03 1.214546558609999920e+04 -2.383338769480000110e+02 2.023444167570000047e+02 -3.320137384070000053e+02
6.500000000000000222e-01 -1.013804637170000024e+04 2.493077552620000006e+03 1.223488440140000057e+04 -2.386669422070000053e+02 2.022205399179999858e+02 -3.316642238059999954e+02
6.500000000000000222e-01 -9.990165812020000885e+03 2.493393599569999878e+03 1.222749955810000029e+04 -2.385225313649999919e+02 2.023441349699999989e+02 -3.315101637739999774e+02
6.500000000000000222e-01 -9.985249611110000842e+03 2.551803576899999825e+03 1.199938541729999997e+04 -2.376409509869999965e+02 2.024264447850000010e+02 -3.313920076480000034e+02
6.500000000000000222e-01 -9.962319356870000775e+03 2.586663861890000135e+03 1.216820434000000023e+04 -2.386095536320000008e+02 2.021319963640000026e+02 -3.311527796720000083e+02
6.500000000000000222e-01 -1.011143978070000048e+04 2.602891405219999797e+03 1.221487755590000052e+04 -2.381653158729999973e+02 2.018428840530000059e+02 -3.309953480799999852e+02
6.500000000000000222e-01 -1.001897758500000054e+04 2.396050883710000107e+03 1.205195138229999975e+04 -2.382204617529999950e+02 2.024699281700000029e+02 -3.313058139870000218e+02
6.500000000000000222e-01 -1.011513909609999973e+04 2.386868620570000076e+03 1.215253271950000089e+04 -2.382596973709999872e+02 2.027717576160000021e+02 -3.310923816860000102e+02
6.500000000000000222e-01 -1.007684931619999952e+04 2.397336807929999850e+03 1.219621294510000007e+04 -2.379926606539999909e+02 2.021507040840000116e+02 -3.316592175700000098e+02
6.500000000000000222e-01 -1.001333249849999993e+04 2.620016829780000080e+03 1.218412591950000024e+04 -2.381731466859999955e+02 2.018133901690000016e+02 -3.314088561560000130e+02
6.500000000000000222e-01 -9.929999301669999113e+03 2.505367631869999968e+03 1.207916420499999913e+04 -2.383664839189999896e+02 2.023217592240000045e+02 -3.322533529269999804e+02
6.500000000000000222e-01 -1.004514456539999992e+04 2.378178650219999781e+03 1.207049634530000003e+04 -2.380299725140000078e+02 2.022722252560000129e+02 -3.311336610899999755e+02
6.500000000000000222e-01 -9.979399095200000374e+03 2.403860908189999918e+03 1.208915610329999981e+04 -2.381631838179999932e+02 2.024206808989999899e+02 -3.317562978000000271e+02
6.500000000000000222e-01 -1.006358630289999928e+04 2.420713278499999888e+03 1.199976737280000089e+04 -2.378439740130000075e+02 2.018512787829999979e+02 -3.313786395299999867e+02
6.500000000000000222e-01 -1.017927782069999921e+04 2.510088903800000026e+03 1.220239875729999949e+04 -2.383950293649999992e+02 2.023486394550000114e+02 -3.316046766700000035e+02
6.500000000000000222e-01 -9.957727831000000151e+03 2.428357437550000213e+03 1.208463768399999935e+04 -2.381390838510000094e+02 2.023646442710000031e+02 -3.311605069269999717e+02
6.500000000000000222e-01 -1.000412473379999938e+04 2.470958611279999786e+03 1.199056004249999933e+04 -2.384280495350000137e+02 2.026432166509999888e+02 -3.319367091749999759e+02
6.500000000000000222e-01 -1.000611531169999944e+04 2.493380396359999850e+03 1.223638717449999967e+04 -2.379576286889999892e+02 2.022490382249999925e+02 -3.318551439949999917e+02
6.500000000000000222e-01 -1.016492953929999931e+04 2.410529822439999862e+03 1.209407872879999923e+04 -2.381121931979999999e+02 2.025669846499999949e+02 -3.316756299169999807e+02
6.500000000000000222e-01 -1.013069173589999991e+04 2.628732195940000111e+03 1.216042662919999930e+04 -2.380381694170000060e+02 2.019619152500000041e+02 -3.314509193950000281e+02
6.500000000000000222e-01 -1.003875544550000086e+04 2.403751240560000042e+03 1.219809894499999973e+04 -2.382455743700000141e+02 2.026667152299999941e+02 -3.311664706760000172e+02
6.500000000000000222e-01 -1.012827155470000071e+04 2.515724765989999923e+03 1.198039159169999948e+04 -2.374245313710000005e+02 2.022843207109999923e+02 -3.318855975160000185e+02
6.500000000000000222e-01 -1.015779348419999951e+04 2.548172455630000059e+03 1.221948489709999922e+04 -2.386418753970000068e+02 2.025022189219999973e+02 -3.316488789379999957e+02
6.500000000000000222e-01 -9.996675140280000051e+03 2.582783032530000128e+03 1.200759943009999915e+04 -2.383243304270000067e+02 2.024147044279999932e+02 -3.317211878869999850e+02
6.500000000000000222e-01 -1.013626108329999988e+04 2.453636102680000022e+03 1.199987703239999973e+04 -2.384123989169999902e+02 2.022129215239999951e+02 -3.312613337679999859e+02
6.500000000000000222e-01 -1.008860624090000056e+04 2.438099110310000015e+03 1.198927143790000082e+04 -2.378293044520000024e+02 2.019468344070000114e+02 -3.315213534050000135e+02
6.500000000000000222e-01 -1.009232155050000074e+04 2.435623775000000023e+03 1.199350950999999986e+04 -2.382765841380000040e+02 2.021274172569999905e+02 -3.313610875040000110e+02
6.500000000000000222e-01 -9.932962352709999323e+03 2.502286056349999853e+03 1.206829681180000080e+04 -2.383864837669999872e+02 2.023346749060000036e+02 -3.322458034260000090e+02
6.500000000000000222e-01 -1.004819530280000072e+04 2.461482023309999931e+03 1.224171815029999925e+04 -2.386264800980000018e+02 2.029933362840000086e+02 -3.312708995030000096e+02
6.500000000000000222e-01 -1.006665796340000088e+04 2.375708626690000074e+03 1.208066758760000084e+04 -2.382118722639999930e+02 2.024880593299999987e+02 -3.311130823789999909e+02
6.500000000000000222e-01 -1.004459455530000014e+04 2.373865764829999989e+03 1.212029740200000015e+04 -2.381726434999999924e+02 2.024570549379999989e+02 -3.322252059119999785e+02
6.500000000000000222e-01 -9.998615031870000166e+03 2.467311945710000145e+03 1.199342436819999966e+04 -2.385258247620000134e+02 2.026571927610000046e+02 -3.321925967390000096e+02
6.500000000000000222e-01 -9.926985121390000131e+03 2.523695448399999805e+03 1.210705275120000078e+04 -2.382795858689999875e+02 2.022878102340000055e+02 -3.311909782949999794e+02
6.500000000000000222e-01 -1.000541866680000021e+04 2.575244216189999861e+03 1.199719028040000012e+04 -2.385016812389999927e+02 2.021611262799999906e+02 -3.319967915400000038e+02
6.500000000000000222e-01 -1.007290048139999999e+04 2.375479398620000211e+03 1.214106643029999941e+04 -2.382350380610000116e+02 2.026931520079999984e+02 -3.309882267149999961e+02
6.500000000000000222e-01 -1.016242016340000009e+04 2.607220729029999802e+03 1.205388448500000050e+04 -2.383122362260000102e+02 2.024330461940000134e+02 -3.310979275049999728e+02
6.500000000000000222e-01 -1.006245482179999999e+04 2.559982236639999883e+03 1.224599090310000065e+04 -2.385056989450000060e+02 2.016975814879999973e+02 -3.312713770679999925e+02
6.500000000000000222e-01 -1.000597168830000010e+04 2.501410856580000200e+03 1.198088025869999910e+04 -2.375926777470000104e+02 2.021917552330000092e+02 -3.315691368789999842e+02
6.500000000000000222e-01 -1.008704727269999967e+04 2.510714731149999807e+03 1.225304739940000036e+04 -2.377978919660000088e+02 2.024530348860000117e+02 -3.313859983419999935e+02
6.500000000000000222e-01 -1.012272576850000041e+04 2.495457805070000177e+03 1.224285776869999972e+04 -2.389056893069999887e+02 2.021981828499999949e+02 -3.316721392250000235e+02
1.190000000000000000e+04 -5.833645810449999772e+03 6.089610107120000066e+03 -1.298155468490000021e+04 -2.663492529200000263e+02 -3.113902193859999912e+01 8.581417625839999630e+01
6.500000000000000222e-01 -5.918169100420000177e+03 5.998477904510000371e+03 -1.293489626459999999e+04 -2.662489925790000029e+02 -3.125587284730000093e+01 8.535129368379999448e+01
6.500000000000000222e-01 -5.923851749989999917e+03 5.996984202900000128e+03 -1.295306526210000084e+04 -2.661268987550000134e+02 -3.090107159900000156e+01 8.637034113650000222e+01
6.500000000000000222e-01 -5.717355281520000062e+03 6.124390546659999927e+03 -1.303415366069999982e+04 -2.663726589049999802e+02 -3.106663576909999946e+01 8.634564333110000689e+01
6.500000000000000222e-01 -5.732022827419999885e+03 6.005612937699999748e+03 -1.299751083619999918e+04 -2.665083082460000128e+02 -3.103785067889999993e+01 8.553903027619999477e+01
6.500000000000000222e-01 -5.850395658690000346e+03 6.187328195320000304e+03 -1.307136155470000085e+04 -2.662965749129999722e+02 -3.160523904589999944e+01 8.512772633909999342e+01
6.500000000000000222e-01 -5.912355247960000270e+03 6.193227078650000294e+03 -1.295408555970000089e+04 -2.662167264450000062e+02 -3.131854432149999923e+01 8.618252792709999710e+01
6.500000000000000222e-01 -5.800761290520000330e+03 6.083591821760000130e+03 -1.285136190879999958e+04 -2.661219950149999818e+02 -3.131159544169999975e+01 8.592426950050000301e+01
6.500000000000000222e-01 -5.953429548500000237e+03 6.061891697680000107e+03 -1.303049097400000028e+04 -2.662278381780000132e+02 -3.106293281729999833e+01 8.592362140829999362e+01
6.500000000000000222e-01 -5.872658650389999821e+03 5.995306751320000330e+03 -1.306731062910000037e+04 -2.663161260580000089e+02 -3.136513680299999862e+01 8.619664449869999601e+01
6.500000000000000222e-01 -5.809636033920000045e+03 6.038358092229999784e+03 -1.286078059969999958e+04 -2.664491433599999937e+02 -3.108219427419999903e+01 8.597094879259999800e+01
6.500000000000000222e-01 -5.932755377909999879e+03 6.003511917499999981e+03 -1.299705858289999924e+04 -2.662124655270000062e+02 -3.104683614569999861e+01 8.637334445999999843e+01
6.500000000000000222e-01 -5.793629493120000006e+03 6.044996991719999642e+03 -1.310034680189999926e+04 -2.661554872219999766e+02 -3.133383245130000105e+01 8.603886607009999921e+01
6.500000000000000222e-01 -5.904105370950000179e+03 6.158684430489999613e+03 -1.289354364669999995e+04 -2.658919381540000018e+02 -3.160155906079999966e+01 8.622897482749999654e+01
6.500000000000000222e-01 -5.757839001860000280e+03 6.196247414260000369e+03 -1.296172909249999975e+04 -2.665091589549999753e+02 -3.120948664750000034e+01 8.532269080170000564e+01
6.500000000000000222e-01 -5.741543819470000017e+03 6.071670493890000216e+03 -1.288649592950000078e+04 -2.666904075570000145e+02 -3.116987475710000055e+01 8.624064781750000463e+01
6.500000000000000222e-01 -5.961174588779999794e+03 6.115253137880000395e+03 -1.300614998960000048e+04 -2.661318603110000254e+02 -3.112311282159999948e+01 8.556409893830000613e+01
6.500000000000000222e-01 -5.749190289119999761e+03 6.118414744169999722e+03 -1.288165321729999960e+04 -2.664838342549999766e+02 -3.149198832349999932e+01 8.610403453419999664e+01
6.500000000000000222e-01 -5.811297884069999782e+03 6.088614520889999767e+03 -1.284889398579999943e+04 -2.656902753059999895e+02 -3.130877691419999920e+01 8.588864053679999699e+01
6.500000000000000222e-01 -5.828545596539999678e+03 6.034548426960000143e+03 -1.285983336229999986e+04 -2.664778249450000089e+02 -3.068350482900000031e+01 8.616917885479999484e+01
6.500000000000000222e-01 -5.831237932979999641e+03 6.221467258470000161e+03 -1.299096378130000085e+04 -2.663652431219999812e+02 -3.131161683790000083e+01 8.606902765220000617e+01
6.500000000000000222e-01 -5.709396585329999652e+03 6.051986889380000321e+03 -1.295135777389999930e+04 -2.665004351459999725e+02 -3.119772327100000098e+01 8.607181189710000524e+01
6.500000000000000222e-01 -5.893392063340000277e+03 5.974070463940000081e+03 -1.295356399989999954e+04 -2.661283785879999755e+02 -3.116964575120000092e+01 8.555174122660000080e+01
6.500000000000000222e-01 -5.737749083939999764e+03 6.171928963350000231e+03 -1.294216925479999918e+04 -2.663267434530000060e+02 -3.121859185650000157e+01 8.525573274149999747e+01
6.500000000000000222e-01 -5.815162341229999583e+03 5.958874036819999674e+03 -1.297098009819999970e+04 -2.663482804129999977e+02 -3.093490116990000161e+01 8.636642540409999924e+01
6.500000000000000222e-01 -5.957425712029999886e+03 6.047974209750000227e+03 -1.296048868290000064e+04 -2.660776354960000276e+02 -3.102330354160000070e+01 8.621573997749999307e+01
6.500000000000000222e-01 -5.911920262499999808e+03 6.144341646969999601e+03 -1.307581225660000018e+04 -2.666572496169999908e+02 -3.084765569969999888e+01 8.601260585350000554e+01
6.500000000000000222e-01 -5.830678850090000196e+03 5.961974293610000132e+03 -1.295027208319999954e+04 -2.664197610879999729e+02 -3.090024435659999824e+01 8.583149808880000364e+01
6.500000000000000222e-01 -5.811804297390000102e+03 6.183289002499999697e+03 -1.307494459049999932e+04 -2.663647298889999888e+02 -3.074930800059999925e+01 8.605656561259999648e+01
6.500000000000000222e-01 -5.911794894540000314e+03 6.196133955919999607e+03 -1.296382471070000065e+04 -2.663502232970000136e+02 -3.115928380480000115e+01 8.516515561719999994e+01
6.500000000000000222e-01 -5.909192588900000374e+03 6.121131510870000056e+03 -1.287595200590000059e+04 -2.665072706619999963e+02 -3.108221960970000097e+01 8.560228118000000563e+01
6.500000000000000222e-01 -5.944725811790000080e+03 6.079274280990000079e+03 -1.291037507720000031e+04 -2.663640001699999971e+02 -3.121385868810000019e+01 8.539507275200000436e+01
6.500000000000000222e-01 -5.896008711960000255e+03 6.029773637969999982e+03 -1.287953935269999965e+04 -2.658952641820000053e+02 -3.078663245099999912e+01 8.633372162240000591e+01
6.500000000000000222e-01 -5.788280946320000112e+03 6.148732608930000424e+03 -1.287087471130000085e+04 -2.660418331239999929e+02 -3.094071782660000025e+01 8.556321603659999653e+01
6.500000000000000222e-01 -5.840841121710000152e+03 6.222167694679999840e+03 -1.298657975559999977e+04 -2.664003412640000192e+02 -3.125410448890000126e+01 8.625173875999999495e+01
6.500000000000000222e-01 -5.956440715800000362e+03 6.095932051929999943e+03 -1.303247797890000038e+04 -2.660532848459999968e+02 -3.104451016060000157e+01 8.526905273619999548e+01
6.500000000000000222e-01 -5.827397952880000048e+03 6.162189378840000245e+03 -1.309334030270000039e+04 -2.662527112949999832e+02 -3.094419168960000022e+01 8.585460506610000664e+01
6.500000000000000222e-01 -5.764257135840000046e+03 6.158964502580000044e+03 -1.307198728040000060e+04 -2.661983632949999787e+02 -3.111933399360000152e+01 8.598707010770000636e+01
6.500000000000000222e-01 -5.899051264689999698e+03 6.015327671289999671e+03 -1.306974706780000088e+04 -2.663396786339999949e+02 -3.053763930799999926e+01 8.550078241810000179e+01
6.500000000000000222e-01 -5.728264644439999756e+03 6.009502349190000132e+03 -1.299100049530000069e+04 -2.665004421429999866e+02 -3.106102281680000132e+01 8.568508509439999443e+01
6.500000000000000222e-01 -5.782579154189999826e+03 6.185192791180000313e+03 -1.305928890470000078e+04 -2.662911732960000109e+02 -3.093263422209999902e+01 8.613944414889999734e+01
