3.450000000000000000e+05 3.309241594009999972e+03 -4.881286261549999836e+03 -7.105993913639999846e+03 -1.224743881520000031e+02 3.474727205279999964e+01 -3.384975145260000318e+01
6.500000000000000222e-01 3.222352058399999805e+03 -4.792153628189999836e+03 -6.843072473559999708e+03 -1.228387724560000009e+02 3.543870668160000292e+01 -3.283282865799999684e+01
6.500000000000000222e-01 3.135719873399999869e+03 -5.001315901230000236e+03 -7.290281770089999554e+03 -1.219473227099999946e+02 3.472260863420000021e+01 -3.311288879850000200e+01
6.500000000000000222e-01 3.498788720300000023e+03 -4.807252564749999692e+03 -6.915930915869999808e+03 -1.228059359880000017e+02 3.520633535900000055e+01 -3.525211819980000172e+01
6.500000000000000222e-01 3.291298840930000097e+03 -4.995669322280000415e+03 -7.375032965749999676e+03 -1.216131712189999945e+02 3.170236702589999922e+01 -3.394434838160000112e+01
6.500000000000000222e-01 3.421168343729999833e+03 -5.080993602800000190e+03 -7.269835809420000260e+03 -1.224982103300000063e+02 3.482711183730000215e+01 -3.461700277319999941e+01
6.500000000000000222e-01 3.405567229069999939e+03 -4.662603543860000173e+03 -7.242776583220000248e+03 -1.234771031509999943e+02 3.235919080800000103e+01 -3.542863713930000102e+01
6.500000000000000222e-01 3.088090267340000082e+03 -4.777550232999999935e+03 -7.238222737899999629e+03 -1.207177431369999994e+02 3.420873714950000277e+01 -3.424706945450000006e+01
6.500000000000000222e-01 3.471703613149999910e+03 -4.707137750120000419e+03 -7.243224097459999939e+03 -1.230894170690000067e+02 3.207649897689999818e+01 -3.518137063670000231e+01
6.500000000000000222e-01 3.086525641220000125e+03 -4.807217297340000187e+03 -6.925390932049999719e+03 -1.221153087529999937e+02 3.604025611649999661e+01 -3.181004379559999862e+01
6.500000000000000222e-01 3.043048120259999905e+03 -4.898456836569999723e+03 -7.016340734340000381e+03 -1.209559709800000036e+02 3.584572380419999860e+01 -3.066616416930000000e+01
6.500000000000000222e-01 3.135447357770000053e+03 -5.023106619479999608e+03 -7.273455762350000441e+03 -1.220501081019999958e+02 3.422148453159999804e+01 -3.252787891850000079e+01
6.500000000000000222e-01 3.384991556869999840e+03 -4.899861136569999871e+03 -6.837986099849999846e+03 -1.248159310369999986e+02 3.637936610220000233e+01 -3.369895918670000157e+01
6.500000000000000222e-01 3.248120246510000015e+03 -4.728731820760000119e+03 -7.338361015710000174e+03 -1.223721138960000019e+02 3.346719508390000186e+01 -3.377840544720000082e+01
6.500000000000000222e-01 3.167751726989999952e+03 -4.827548324239999602e+03 -7.337564572260000205e+03 -1.194182196440000041e+02 3.318605042429999941e+01 -3.477623487430000182e+01
6.500000000000000222e-01 3.455527278649999971e+03 -4.838914814210000259e+03 -6.875133813630000077e+03 -1.243299340949999987e+02 3.558251358489999916e+01 -3.406444284799999878e+01
6.500000000000000222e-01 3.189471429119999812e+03 -5.093973301680000077e+03 -7.246810458099999778e+03 -1.203758004689999979e+02 3.588622740459999960e+01 -3.666345923669999962e+01
6.500000000000000222e-01 3.091806259940000018e+03 -4.952089993409999806e+03 -7.259521249450000141e+03 -1.219615472210000036e+02 3.423045526749999823e+01 -3.185561687390000074e+01
6.500000000000000222e-01 3.313874232990000110e+03 -4.974988196250000328e+03 -6.846199560729999575e+03 -1.240674077740000030e+02 3.851112655189999856e+01 -3.329293902509999725e+01
6.500000000000000222e-01 3.205274223559999882e+03 -4.948617225799999687e+03 -6.848644154479999997e+03 -1.210501806839999972e+02 3.716187865890000097e+01 -3.242462480399999691e+01
6.500000000000000222e-01 3.358440115830000195e+03 -4.803250342510000337e+03 -7.371412329019999561e+03 -1.215020955030000067e+02 3.146919229290000075e+01 -3.436596371059999910e+01
6.500000000000000222e-01 3.109314154010000038e+03 -4.711197467969999707e+03 -7.213451563820000047e+03 -1.223669029499999965e+02 3.485069522269999709e+01 -3.151906100009999889e+01
6.500000000000000222e-01 3.160649839000000156e+03 -4.694906039890000102e+03 -7.248768437169999743e+03 -1.212656020189999992e+02 3.316159358600000218e+01 -3.452061344220000194e+01
6.500000000000000222e-01 3.424730213970000023e+03 -4.714225416199999927e+03 -6.908140185500000371e+03 -1.253946210330000071e+02 3.408773043699999761e+01 -3.168507599269999986e+01
6.500000000000000222e-01 3.532440492040000208e+03 -4.900362458800000240e+03 -6.948499227690000225e+03 -1.244113604249999980e+02 3.494054574489999965e+01 -3.405957974319999693e+01
6.500000000000000222e-01 3.524599511580000126e+03 -4.872436519070000031e+03 -6.937358480539999618e+03 -1.237663703479999953e+02 3.497863723500000077e+01 -3.494129014619999651e+01
6.500000000000000222e-01 3.286738018420000117e+03 -5.098720725129999664e+03 -6.933335951160000150e+03 -1.218062429120000019e+02 3.705092227330000298e+01 -3.293500289370000189e+01
6.500000000000000222e-01 3.182161940240000149e+03 -4.726618770199999744e+03 -7.305856289209999886e+03 -1.228261592380000025e+02 3.503208286849999809e+01 -3.204803239820000016e+01
6.500000000000000222e-01 3.119165385180000158e+03 -5.068201227800000197e+03 -7.176780686009999954e+03 -1.215212347530000017e+02 3.517214891780000130e+01 -3.216154965270000332e+01
6.500000000000000222e-01 3.201998288480000156e+03 -4.633057176719999916e+03 -7.199515417849999722e+03 -1.228362976639999999e+02 3.417591346399999708e+01 -3.269669199469999654e+01
6.500000000000000222e-01 3.178921983029999865e+03 -5.026141111269999783e+03 -6.904552814360000411e+03 -1.233293821970000010e+02 3.511931316919999801e+01 -3.522671442810000286e+01
6.500000000000000222e-01 3.493212994410000192e+03 -4.717897572410000066e+03 -6.981355206600000201e+03 -1.236900259319999975e+02 3.357913265420000215e+01 -3.349342871080000350e+01
6.500000000000000222e-01 3.076114765069999976e+03 -4.966862257730000238e+03 -6.973541119450000224e+03 -1.228391864830000060e+02 3.583590144690000301e+01 -3.514194605040000141e+01
6.500000000000000222e-01 3.035547345869999845e+03 -4.917212892790000296e+03 -7.110554298119999658e+03 -1.212851796799999988e+02 3.538588534790000040e+01 -3.079297655219999896e+01
6.500000000000000222e-01 3.371030370410000160e+03 -4.837167407490000187e+03 -7.382743918109999868e+03 -1.233376405940000069e+02 3.261900998189999967e+01 -3.475517919829999869e+01
6.500000000000000222e-01 3.195968080539999846e+03 -4.624047903429999678e+03 -7.062979292369999712e+03 -1.226092461230000055e+02 3.407710245919999892e+01 -3.022083652419999922e+01
6.500000000000000222e-01 3.301517257439999867e+03 -4.603740938060000190e+03 -7.147429889209999601e+03 -1.233350547000000006e+02 3.387288858019999793e+01 -3.251247847439999816e+01
6.500000000000000222e-01 3.345640112930000214e+03 -4.762358822760000294e+03 -7.349622394240000176e+03 -1.210761367989999968e+02 3.159157158620000061e+01 -3.395946311019999797e+01
6.500000000000000222e-01 3.380773790000000190e+03 -4.772979162499999802e+03 -6.851602930840000226e+03 -1.236807130119999982e+02 3.394050792029999997e+01 -3.284638118920000238e+01
6.500000000000000222e-01 3.176249991929999851e+03 -4.993814947869999742e+03 -6.886446728699999767e+03 -1.227836732819999952e+02 3.779380808410000014e+01 -3.319490788329999731e+01
6.500000000000000222e-01 3.379127690169999823e+03 -4.698283189239999956e+03 -6.895774567340000431e+03 -1.231662685630000027e+02 3.631088487240000262e+01 -3.437623214199999921e+01
4.560000000000000000e+04 7.398664197910000439e+03 2.268755730110000059e+03 1.855550403759999972e+04 2.026503593539999883e+02 -6.148611451629999891e+01 1.967697343970000077e+02
6.500000000000000222e-01 7.450391850650000379e+03 2.143921004580000044e+03 1.871577991470000052e+04 2.032247554100000002e+02 -6.191478041500000273e+01 1.966798783730000082e+02
6.500000000000000222e-01 7.525890274399999726e+03 2.371020013759999983e+03 1.843402109969999947e+04 2.021267700370000000e+02 -6.212840059599999876e+01 1.960804706039999985e+02
6.500000000000000222e-01 7.453979929379999703e+03 2.150119414230000075e+03 1.871398151739999957e+04 2.024137245940000014e+02 -6.058558041719999920e+01 1.976001400869999998e+02
6.500000000000000222e-01 7.198225560099999711e+03 2.255078148019999844e+03 1.852237791650000145e+04 2.028795188059999930e+02 -6.149468757430000210e+01 1.967197305589999985e+02
6.500000000000000222e-01 7.540444159730000138e+03 2.403578301059999831e+03 1.850169008849999955e+04 2.025514779130000136e+02 -6.144421527619999779e+01 1.977595095099999867e+02
6.500000000000000222e-01 7.309236374119999709e+03 2.449865350130000024e+03 1.855940166580000005e+04 2.028407864849999953e+02 -6.182772095600000029e+01 1.964901846879999994e+02
6.500000000000000222e-01 7.364716826980000405e+03 2.310021516249999877e+03 1.875484429330000057e+04 2.035281226470000036e+02 -6.222038927549999698e+01 1.972665008859999887e+02
6.500000000000000222e-01 7.396658896019999702e+03 2.471313026650000211e+03 1.855079816500000015e+04 2.026841994419999935e+02 -6.184007144529999778e+01 1.965457010949999983e+02
6.500000000000000222e-01 7.380091302730000280e+03 2.336186973729999863e+03 1.836018036859999847e+04 2.024523619560000043e+02 -6.216396632450000226e+01 1.963027493820000018e+02
6.500000000000000222e-01 7.309897885630000019e+03 2.266664268869999887e+03 1.836836154800000077e+04 2.027666952129999913e+02 -6.156457595639999880e+01 1.964197770810000065e+02
6.500000000000000222e-01 7.544187216829999670e+03 2.174517654279999988e+03 1.845552252980000048e+04 2.024026189200000090e+02 -6.132972314690000104e+01 1.972716563619999874e+02
6.500000000000000222e-01 7.352166852129999825e+03 2.272710837950000041e+03 1.875619468280000001e+04 2.029283494659999860e+02 -6.140431747480000269e+01 1.969419689359999950e+02
6.500000000000000222e-01 7.323435173339999892e+03 2.111775271259999954e+03 1.866359465730000011e+04 2.032441429209999910e+02 -6.153746068480000275e+01 1.968115264349999904e+02
6.500000000000000222e-01 7.374245751960000234e+03 2.074800260330000128e+03 1.849123752299999978e+04 2.028163185610000028e+02 -6.119011916520000227e+01 1.959719654890000129e+02
6.500000000000000222e-01 7.264298127439999917e+03 2.118518293900000117e+03 1.858034232880000127e+04 2.029167864839999993e+02 -6.122139079040000098e+01 1.974300437969999962e+02
6.500000000000000222e-01 7.492187593939999715e+03 2.107925618780000150e+03 1.848638699400000041e+04 2.022326647220000098e+02 -6.108020654029999719e+01 1.970730677859999957e+02
6.500000000000000222e-01 7.593606631300000117e+03 2.319301670089999789e+03 1.858863986579999982e+04 2.025200424029999908e+02 -6.155094147279999817e+01 1.965787667769999985e+02
6.500000000000000222e-01 7.600452941559999999e+03 2.290089383519999956e+03 1.856385464320000028e+04 2.023569320329999925e+02 -6.149013310339999805e+01 1.971117791160000081e+02
6.500000000000000222e-01 7.310282007200000407e+03 2.144226353999999901e+03 1.841611275820000083e+04 2.031453162580000082e+02 -6.151614220889999984e+01 1.962264698630000055e+02
6.500000000000000222e-01 7.327936391309999635e+03 2.331588550380000015e+03 1.874012884480000139e+04 2.031388757990000045e+02 -6.168356239519999917e+01 1.972247986760000060e+02
6.500000000000000222e-01 7.320552493459999823e+03 2.386533002140000008e+03 1.840321290460000091e+04 2.020875601390000043e+02 -6.100689429580000223e+01 1.971439482289999887e+02
6.500000000000000222e-01 7.526151676509999561e+03 2.144103263949999928e+03 1.844947329339999851e+04 2.024150290370000107e+02 -6.136550170550000161e+01 1.962721400050000113e+02
6.500000000000000222e-01 7.481635541689999627e+03 2.084096033360000092e+03 1.856505076399999962e+04 2.025438705850000076e+02 -6.123099089629999980e+01 1.958318977090000033e+02
6.500000000000000222e-01 7.400407840550000401e+03 2.398372105649999867e+03 1.839396001949999845e+04 2.022678632330000141e+02 -6.085483814869999719e+01 1.971124022809999872e+02
6.500000000000000222e-01 7.560718625409999731e+03 2.151841395999999804e+03 1.860426508829999875e+04 2.026833188290000010e+02 -6.145264847250000173e+01 1.964195650560000104e+02
6.500000000000000222e-01 7.299203951039999993e+03 2.409176182950000111e+03 1.865841522719999921e+04 2.033076834720000079e+02 -6.218370423169999839e+01 1.975339896479999879e+02
6.500000000000000222e-01 7.527288944140000240e+03 2.159926548020000155e+03 1.866464469660000032e+04 2.025775892329999976e+02 -6.123086200099999843e+01 1.964430920730000025e+02
6.500000000000000222e-01 7.531205024820000290e+03 2.349388750739999978e+03 1.842468891680000161e+04 2.026584126669999932e+02 -6.124455825089999905e+01 1.973648844790000112e+02
6.500000000000000222e-01 7.357709631849999823e+03 2.238421034540000164e+03 1.835429492300000129e+04 2.018444243570000083e+02 -6.193977662430000208e+01 1.966689244780000081e+02
6.500000000000000222e-01 7.377423632840000209e+03 2.238760617200000070e+03 1.835163878209999893e+04 2.021231678270000032e+02 -6.186816477400000025e+01 1.966067424910000057e+02
6.500000000000000222e-01 7.216377851240000382e+03 2.212688652159999947e+03 1.862633799079999881e+04 2.026855347869999946e+02 -6.136232284969999995e+01 1.961416291829999921e+02
6.500000000000000222e-01 7.423821639789999608e+03 2.454857468119999794e+03 1.864501689709999846e+04 2.023384079889999896e+02 -6.141776780250000201e+01 1.970323673519999943e+02
6.500000000000000222e-01 7.321240962720000425e+03 2.425252528930000153e+03 1.865051935510000112e+04 2.030477629799999875e+02 -6.177184186600000260e+01 1.963629537589999927e+02
6.500000000000000222e-01 7.512237744650000423e+03 2.111143150649999825e+03 1.860921290030000091e+04 2.025809711999999934e+02 -6.130701989869999835e+01 1.960239596419999941e+02
6.500000000000000222e-01 7.562843962310000279e+03 2.375169694050000089e+03 1.850097239099999933e+04 2.024927640690000032e+02 -6.182174777830000068e+01 1.968197696219999955e+02
6.500000000000000222e-01 7.400217516079999768e+03 2.347552873640000143e+03 1.874789916480000102e+04 2.026676825819999976e+02 -6.061681413209999647e+01 1.967473121380000123e+02
6.500000000000000222e-01 7.548579432090000410e+03 2.149036844350000138e+03 1.861392441029999827e+04 2.022567748630000040e+02 -6.104157247589999713e+01 1.971743645109999932e+02
6.500000000000000222e-01 7.196270242999999937e+03 2.265292992440000035e+03 1.857268957040000168e+04 2.028222831100000008e+02 -6.149887478549999997e+01 1.956503297829999894e+02
6.500000000000000222e-01 7.456156593489999977e+03 2.446044385990000137e+03 1.864611974399999963e+04 2.023359139679999998e+02 -6.129456161899999955e+01 1.968199807430000021e+02
6.500000000000000222e-01 7.588794609270000365e+03 2.298911297799999829e+03 1.862268944980000015e+04 2.022696751130000052e+02 -6.146694590549999759e+01 1.974306163539999943e+02
1.390000000000000000e+04 -1.067397308390000035e+04 3.030322808700000223e+03 1.125539457640000001e+04 -2.343898358730000098e+02 2.013059573360000059e+02 -3.362625981250000109e+02
6.500000000000000222e-01 -1.062711354070000016e+04 3.012031721270000162e+03 1.138861637390000033e+04 -2.351803992780000101e+02 2.016085761370000000e+02 -3.360296320369999989e+02
6.500000000000000222e-01 -1.070246099990000039e+04 3.061787861410000005e+03 1.111830519439999989e+04 -2.345655796220000013e+02 2.016680831259999991e+02 -3.361605403780000074e+02
6.500000000000000222e-01 -1.071372750660000020e+04 3.048837283790000129e+03 1.139328491779999968e+04 -2.340332004880000056e+02 2.010383567640000138e+02 -3.358615880510000125e+02
6.500000000000000222e-01 -1.059863924149999912e+04 2.931560318320000079e+03 1.118913175459999911e+04 -2.345857707030000086e+02 2.017683824380000033e+02 -3.369136482370000181e+02
6.500000000000000222e-01 -1.059615346809999937e+04 2.925442791089999901e+03 1.120572371749999911e+04 -2.344461112520000086e+02 2.015581228259999875e+02 -3.361767394770000124e+02
6.500000000000000222e-01 -1.074398511540000072e+04 3.006826297250000152e+03 1.138011528729999918e+04 -2.347982047650000084e+02 2.014336670129999902e+02 -3.361707588250000072e+02
6.500000000000000222e-01 -1.074262384109999948e+04 2.995710198979999859e+03 1.113629698620000090e+04 -2.336640103629999885e+02 2.014374643369999944e+02 -3.365162237939999841e+02
6.500000000000000222e-01 -1.058083480710000003e+04 3.024319013780000205e+03 1.114458514610000020e+04 -2.347583297250000101e+02 2.012896323269999925e+02 -3.369542330770000262e+02
6.500000000000000222e-01 -1.058688532839999971e+04 2.945760999420000189e+03 1.132100240760000088e+04 -2.346855487820000121e+02 2.015957018480000045e+02 -3.365792718139999806e+02
6.500000000000000222e-01 -1.071546770069999911e+04 2.903808282959999815e+03 1.121291355669999939e+04 -2.343956767900000102e+02 2.017775910560000057e+02 -3.364269101819999719e+02
6.500000000000000222e-01 -1.063865939660000004e+04 2.933838705359999949e+03 1.134874730129999989e+04 -2.348807947640000009e+02 2.020027672969999912e+02 -3.359543824390000282e+02
6.500000000000000222e-01 -1.055245449899999949e+04 2.957007160730000123e+03 1.124826556999999957e+04 -2.344820123069999909e+02 2.014246154479999973e+02 -3.371440152789999729e+02
6.500000000000000222e-01 -1.063596026270000038e+04 2.903535847000000103e+03 1.129538008400000035e+04 -2.346262704149999934e+02 2.016916399179999928e+02 -3.365236486989999776e+02
6.500000000000000222e-01 -1.064531990419999966e+04 2.938808072859999811e+03 1.136424673339999936e+04 -2.342544518770000082e+02 2.010047778969999968e+02 -3.364700173009999844e+02
6.500000000000000222e-01 -1.072837430139999924e+04 3.085091318950000186e+03 1.113471156700000029e+04 -2.339122842259999970e+02 2.009381799150000063e+02 -3.365611411360000034e+02
6.500000000000000222e-01 -1.053653158299999996e+04 3.061573026720000144e+03 1.123541996859999927e+04 -2.345561473829999954e+02 2.011976384310000014e+02 -3.371239768789999971e+02
6.500000000000000222e-01 -1.070611383799999930e+04 3.164194384299999911e+03 1.129072897620000003e+04 -2.344365960050000126e+02 2.009537534520000008e+02 -3.355180460789999870e+02
6.500000000000000222e-01 -1.056678348990000086e+04 3.057048163039999963e+03 1.134272750549999910e+04 -2.344570068269999865e+02 2.013761336709999910e+02 -3.366888917940000283e+02
6.500000000000000222e-01 -1.057498477839999941e+04 3.130815544520000003e+03 1.126198456149999947e+04 -2.345072249350000106e+02 2.010525427350000029e+02 -3.363155985910000254e+02
6.500000000000000222e-01 -1.064667131569999947e+04 3.163137854579999839e+03 1.129810431740000058e+04 -2.346224175460000083e+02 2.009795444419999910e+02 -3.357016539819999821e+02
6.500000000000000222e-01 -1.053933102200000030e+04 3.075229338910000024e+03 1.125436849110000003e+04 -2.345036532309999870e+02 2.011923091520000071e+02 -3.371024378490000117e+02
6.500000000000000222e-01 -1.075468942969999989e+04 2.938315011889999823e+03 1.132908259229999931e+04 -2.342503386969999895e+02 2.017890151489999937e+02 -3.355325521280000203e+02
6.500000000000000222e-01 -1.080600974990000032e+04 3.016510192589999861e+03 1.120825024649999978e+04 -2.342130652490000102e+02 2.013204708840000023e+02 -3.359015952170000219e+02
6.500000000000000222e-01 -1.069195105940000030e+04 3.169527872449999904e+03 1.124608453460000055e+04 -2.343527015429999949e+02 2.010485627509999915e+02 -3.356295328890000178e+02
6.500000000000000222e-01 -1.062606050630000027e+04 3.037867606750000050e+03 1.138969905149999977e+04 -2.349452313859999890e+02 2.012411590330000024e+02 -3.361258051679999994e+02
6.500000000000000222e-01 -1.072162164610000036e+04 2.900209427050000158e+03 1.123360410109999975e+04 -2.343884448109999994e+02 2.016271981799999935e+02 -3.359428565659999890e+02
6.500000000000000222e-01 -1.060841568019999977e+04 3.129243097969999781e+03 1.117557332920000044e+04 -2.345901177309999923e+02 2.008708748440000136e+02 -3.369328802030000247e+02
6.500000000000000222e-01 -1.070153248460000032e+04 2.897013234999999895e+03 1.130002714580000065e+04 -2.342316654779999965e+02 2.013738517170000080e+02 -3.363358612760000028e+02
6.500000000000000222e-01 -1.055137125779999951e+04 2.994837545190000128e+03 1.131504912220000006e+04 -2.343634195809999881e+02 2.013170544790000065e+02 -3.369734018670000069e+02
6.500000000000000222e-01 -1.078150492730000042e+04 2.941411322429999927e+03 1.123344574219999959e+04 -2.342919109270000035e+02 2.015737369219999948e+02 -3.361100924350000128e+02
6.500000000000000222e-01 -1.074745231319999948e+04 3.122230392680000023e+03 1.133817082080000000e+04 -2.342862167069999941e+02 2.009140214889999925e+02 -3.354986312469999916e+02
6.500000000000000222e-01 -1.062185989010000048e+04 3.074070858290000160e+03 1.112793385230000058e+04 -2.337581358099999989e+02 2.015031283410000071e+02 -3.361638645840000095e+02
6.500000000000000222e-01 -1.059214512579999973e+04 2.925558036169999923e+03 1.130488876580000033e+04 -2.343511519630000066e+02 2.012844420890000094e+02 -3.369793592870000225e+02
6.500000000000000222e-01 -1.055821152129999973e+04 3.111414067369999884e+03 1.124301690269999926e+04 -2.345210749620000001e+02 2.011002220089999923e+02 -3.370792685260000212e+02
6.500000000000000222e-01 -1.060842624029999934e+04 3.152586351429999922e+03 1.122872086510000008e+04 -2.344316175799999939e+02 2.009206547800000067e+02 -3.368660424810000222e+02
6.500000000000000222e-01 -1.077418610300000000e+04 2.941242509400000017e+03 1.130350674699999945e+04 -2.341883833839999909e+02 2.016075310310000077e+02 -3.354880112239999903e+02
6.500000000000000222e-01 -1.077284763799999928e+04 3.128769611400000031e+03 1.128418266070000027e+04 -2.344817463750000002e+02 2.012488683999999921e+02 -3.366641007459999742e+02
6.500000000000000222e-01 -1.059005576690000089e+04 2.924783516729999974e+03 1.130439118410000083e+04 -2.344711764129999949e+02 2.014760836359999985e+02 -3.360867069340000057e+02
6.500000000000000222e-01 -1.055409629440000026e+04 3.087369577840000147e+03 1.130357460229999924e+04 -2.347814475469999991e+02 2.011085457769999891e+02 -3.358114056169999913e+02
6.500000000000000222e-01 -1.073989521229999991e+04 2.993546475210000153e+03 1.137888637129999915e+04 -2.350327424250000092e+02 2.012350295649999907e+02 -3.363514918029999876e+02
1.190000000000000000e+04 -6.512497592259999692e+03 6.006952098900000237e+03 -1.275512272110000049e+04 -2.640051108260000206e+02 -3.343587678429999954e+01 9.108234582919999411e+01
6.500000000000000222e-01 -6.610913361599999917e+03 6.090472276520000378e+03 -1.272600664160000088e+04 -2.639742591940000125e+02 -3.344208167680000088e+01 9.031578925729999696e+01
6.500000000000000222e-01 -6.575702507709999736e+03 5.986145835809999880e+03 -1.263954531459999998e+04 -2.640919044770000141e+02 -3.370947273760000229e+01 9.095097095510000429e+01
6.500000000000000222e-01 -6.438275026559999787e+03 5.986589332870000362e+03 -1.264361884520000058e+04 -2.641200555649999728e+02 -3.362676445059999963e+01 9.143760112469999513e+01
6.500000000000000222e-01 -6.435135859279999750e+03 6.044009388919999765e+03 -1.285732717380000031e+04 -2.638230365449999795e+02 -3.318608686329999813e+01 9.136760653839999691e+01
6.500000000000000222e-01 -6.413860911149999993e+03 6.073916003180000189e+03 -1.269872005449999961e+04 -2.644012216090000038e+02 -3.374207476979999853e+01 9.166786362240000585e+01
6.500000000000000222e-01 -6.550251875040000414e+03 6.088074034039999788e+03 -1.265731853140000021e+04 -2.637258269449999943e+02 -3.404541764550000238e+01 9.146082722389999731e+01
6.500000000000000222e-01 -6.466895173810000415e+03 5.897867615379999734e+03 -1.280671930889999931e+04 -2.641793191599999773e+02 -3.321715075440000220e+01 9.164307576580000614e+01
6.500000000000000222e-01 -6.554540668949999599e+03 5.889199328360000436e+03 -1.271350551119999909e+04 -2.638857344410000110e+02 -3.305266350189999969e+01 9.168224964690000434e+01
6.500000000000000222e-01 -6.517534709599999587e+03 5.896722196120000262e+03 -1.267372296679999999e+04 -2.635641817079999782e+02 -3.373127817360000336e+01 9.122592993169999431e+01
6.500000000000000222e-01 -6.459759246910000002e+03 6.104156550030000290e+03 -1.268579761399999916e+04 -2.639030812190000006e+02 -3.405807507160000114e+01 9.125122905119999928e+01
6.500000000000000222e-01 -6.384403203730000314e+03 5.999225946990000011e+03 -1.278356488170000011e+04 -2.643685023030000139e+02 -3.343567153259999714e+01 9.078264066760000617e+01
6.500000000000000222e-01 -6.490324547170000187e+03 5.880472552399999586e+03 -1.278917695219999950e+04 -2.639234146329999930e+02 -3.342555094440000119e+01 9.177871626419999984e+01
6.500000000000000222e-01 -6.429374903480000285e+03 5.904534742140000162e+03 -1.277257842010000059e+04 -2.640747748919999935e+02 -3.333775689440000178e+01 9.130649936679999712e+01
6.500000000000000222e-01 -6.508149975540000014e+03 5.919909373030000097e+03 -1.285681899080000039e+04 -2.639023469449999766e+02 -3.371512269219999780e+01 9.140117839369999331e+01
6.500000000000000222e-01 -6.613769208179999623e+03 6.002852049959999931e+03 -1.267066504659999919e+04 -2.638706913319999785e+02 -3.352210321540000137e+01 9.086909502439999642e+01
6.500000000000000222e-01 -6.409384984430000259e+03 5.927354477529999713e+03 -1.277510653920000004e+04 -2.640974031709999963e+02 -3.338709926850000187e+01 9.188599747719999300e+01
6.500000000000000222e-01 -6.454767192549999891e+03 5.969019031840000025e+03 -1.286638859570000022e+04 -2.645516443010000103e+02 -3.296581789340000057e+01 9.093591821699999400e+01
6.500000000000000222e-01 -6.451331576630000200e+03 5.986231819349999569e+03 -1.263656442319999951e+04 -2.635375204310000186e+02 -3.372845449119999728e+01 9.106808261570000695e+01
6.500000000000000222e-01 -6.601278230359999725e+03 5.911466112920000342e+03 -1.277088953650000076e+04 -2.638328648080000107e+02 -3.314647381700000039e+01 9.094304226399999891e+01
6.500000000000000222e-01 -6.568653267229999983e+03 6.113189470330000404e+03 -1.271009812679999959e+04 -2.637134619880000059e+02 -3.384200880870000105e+01 9.091656741719999957e+01
6.500000000000000222e-01 -6.482924025530000108e+03 5.904056359129999692e+03 -1.267000237190000007e+04 -2.638473909019999724e+02 -3.325085057009999900e+01 9.178285543769999322e+01
6.500000000000000222e-01 -6.567440707130000192e+03 6.010280963019999945e+03 -1.287843158840000069e+04 -2.635047751839999819e+02 -3.325385855689999914e+01 9.060851369690000467e+01
6.500000000000000222e-01 -6.594307791039999756e+03 6.038653539689999889e+03 -1.265483221210000011e+04 -2.641017078900000001e+02 -3.341132943910000108e+01 9.082713564430000019e+01
6.500000000000000222e-01 -6.447504317099999753e+03 6.072868802320000214e+03 -1.285099955100000079e+04 -2.644551292930000272e+02 -3.320885765949999779e+01 9.098715372819999914e+01
6.500000000000000222e-01 -6.577207189099999596e+03 5.951822975850000148e+03 -1.285787497339999936e+04 -2.643879460869999889e+02 -3.334739072789999881e+01 9.130106090990000212e+01
6.500000000000000222e-01 -6.531511802889999672e+03 5.936581864810000297e+03 -1.286762020130000019e+04 -2.638921155580000004e+02 -3.360123368899999718e+01 9.117575824680000096e+01
6.500000000000000222e-01 -6.536130860330000360e+03 5.934723898889999873e+03 -1.286319920470000034e+04 -2.643085775490000060e+02 -3.343292969510000034e+01 9.133149094990000094e+01
6.500000000000000222e-01 -6.387380152140000064e+03 5.996503430890000345e+03 -1.279371959170000082e+04 -2.644089115319999905e+02 -3.340517861219999673e+01 9.078406305469999893e+01
6.500000000000000222e-01 -6.492109930839999834e+03 5.958464069970000310e+03 -1.263020378150000033e+04 -2.641202824509999800e+02 -3.300762370820000058e+01 9.159471185329999798e+01
6.500000000000000222e-01 -6.510609493979999570e+03 5.878675711560000309e+03 -1.277990116019999914e+04 -2.640522875839999983e+02 -3.322789843249999819e+01 9.175965234269999371e+01
6.500000000000000222e-01 -6.489260663529999874e+03 5.876321290029999545e+03 -1.274546080310000070e+04 -2.639324228250000033e+02 -3.333337239619999792e+01 9.076656785580000530e+01
6.500000000000000222e-01 -6.449846010289999867e+03 5.965585532189999867e+03 -1.286426351620000059e+04 -2.646409250070000212e+02 -3.296019169950000105e+01 9.071136264529999949e+01
6.500000000000000222e-01 -6.381051545100000112e+03 6.016044912299999851e+03 -1.275476241870000013e+04 -2.642399328710000077e+02 -3.350598484959999723e+01 9.178702272350000158e+01
6.500000000000000222e-01 -6.456238040739999633e+03 6.065236290679999911e+03 -1.286154206990000057e+04 -2.646361091979999856e+02 -3.343426691559999853e+01 9.071125894360000075e+01
6.500000000000000222e-01 -6.515473070170000028e+03 5.878383663579999848e+03 -1.272313710670000000e+04 -2.639285100029999853e+02 -3.312274324370000045e+01 9.189255624460000149e+01
6.500000000000000222e-01 -6.600594642240000212e+03 6.095606577159999688e+03 -1.280901556580000033e+04 -2.641894213990000253e+02 -3.320959119409999971e+01 9.117898780909999346e+01
6.500000000000000222e-01 -6.505137197860000015e+03 6.047073605470000075e+03 -1.262765168520000043e+04 -2.640136399830000187e+02 -3.425116148970000296e+01 9.139453643560000273e+01
6.500000000000000222e-01 -6.454432842100000016e+03 5.996439480140000342e+03 -1.287492515400000048e+04 -2.637829160979999870e+02 -3.337773353210000238e+01 9.121995147190000353e+01
6.500000000000000222e-01 -6.525763930930000242e+03 6.003001608309999938e+03 -1.262122754419999910e+04 -2.632746042719999764e+02 -3.353093991099999727e+01 9.130829118699999469e+01
6.500000000000000222e-01 -6.562024375220000366e+03 5.988189594389999911e+03 -1.263185795590000089e+04 -2.643190529969999716e+02 -3.374899472010000068e+01 9.098103201200000001e+01
