3.450000000000000000e+05 4.574308700429999590e+03 -5.139720947890000389e+03 -6.518636375860000044e+03 -1.043212074310000048e+02 1.166000634479999931e+01 -7.128663654460000032e+01
6.500000000000000222e-01 4.753536030879999998e+03 -5.320006099950000134e+03 -6.394902538760000425e+03 -1.051671191620000059e+02 1.249963716180000084e+01 -7.134898844609999458e+01
6.500000000000000222e-01 4.418088163639999948e+03 -5.253299895240000296e+03 -6.309175728899999740e+03 -1.030020312080000053e+02 1.200175834300000055e+01 -7.036095387109999422e+01
6.500000000000000222e-01 4.381686367559999780e+03 -5.211985323879999669e+03 -6.320606160129999807e+03 -1.033580781739999992e+02 1.268448884100000029e+01 -6.982370135680000089e+01
6.500000000000000222e-01 4.503399919810000029e+03 -5.401476803079999627e+03 -6.432068519249999554e+03 -1.041370550949999938e+02 1.267481549839999921e+01 -6.930943786199999579e+01
6.500000000000000222e-01 4.656590916830000424e+03 -5.282438751290000255e+03 -6.284062189420000323e+03 -1.040335973570000050e+02 1.174715319889999954e+01 -7.091155302030000485e+01
6.500000000000000222e-01 4.621851332320000438e+03 -5.032692731340000137e+03 -6.258391604950000328e+03 -1.036775905460000047e+02 1.357668166720000080e+01 -7.207864427059999457e+01
6.500000000000000222e-01 4.462455624279999938e+03 -5.088830440540000382e+03 -6.261144189550000192e+03 -1.056839690049999945e+02 1.234827071750000016e+01 -7.183898797209999998e+01
6.500000000000000222e-01 4.650810085510000135e+03 -5.044220852270000250e+03 -6.260815275920000204e+03 -1.042577690880000034e+02 1.334450716829999983e+01 -7.186616100790000417e+01
6.500000000000000222e-01 4.732726005630000145e+03 -5.185033770750000258e+03 -6.285594930399999612e+03 -1.037745578020000039e+02 1.137767463740000018e+01 -7.183593807910000351e+01
6.500000000000000222e-01 4.632179574859999775e+03 -5.134172674819999884e+03 -6.239374001690000114e+03 -1.024740887420000064e+02 1.208271539080000068e+01 -7.169782393949999744e+01
6.500000000000000222e-01 4.431700540099999671e+03 -5.254925666670000282e+03 -6.300289727929999572e+03 -1.028088458259999953e+02 1.272133768940000031e+01 -6.986805028429999709e+01
6.500000000000000222e-01 4.322171884680000403e+03 -5.055985719510000308e+03 -6.416345464439999887e+03 -1.043002496820000005e+02 1.169845890510000075e+01 -7.174690592730000560e+01
6.500000000000000222e-01 4.498843339860000015e+03 -4.924649542309999561e+03 -6.350858281460000399e+03 -1.037636083889999981e+02 1.127299311099999990e+01 -7.173685148779999565e+01
6.500000000000000222e-01 4.369906284960000448e+03 -5.058715294280000307e+03 -6.336157718489999752e+03 -1.057550117480000011e+02 1.244601007860000053e+01 -7.273938307820000659e+01
6.500000000000000222e-01 4.347107866450000074e+03 -5.189951488099999551e+03 -6.354303923020000184e+03 -1.039428987419999970e+02 1.175589754700000000e+01 -7.101988408680000475e+01
6.500000000000000222e-01 4.514848859560000164e+03 -5.235461591090000184e+03 -6.256664053229999809e+03 -1.056210123750000065e+02 1.029501642189999977e+01 -7.214467132900000479e+01
6.500000000000000222e-01 4.406478091300000415e+03 -5.189771179630000006e+03 -6.293194167439999546e+03 -1.027373046889999983e+02 1.255930057099999964e+01 -6.975150173410000320e+01
6.500000000000000222e-01 4.535777270380000118e+03 -4.891406052149999596e+03 -6.386501257820000319e+03 -1.040941247399999980e+02 1.189247490009999986e+01 -7.259132336330000612e+01
6.500000000000000222e-01 4.771857478470000387e+03 -4.998456102600000122e+03 -6.369951336420000189e+03 -1.041412315379999995e+02 1.250170320179999983e+01 -7.294329214309999543e+01
6.500000000000000222e-01 4.658729666649999672e+03 -4.892161711880000439e+03 -6.402403371770000376e+03 -1.052006210480000021e+02 1.267290380650000081e+01 -7.206721145710000087e+01
6.500000000000000222e-01 4.477638523010000426e+03 -5.058507806599999640e+03 -6.263344468149999557e+03 -1.032393850830000019e+02 1.074541585929999954e+01 -7.059707422920000397e+01
6.500000000000000222e-01 4.493531817539999793e+03 -5.037863341180000134e+03 -6.264536386730000231e+03 -1.055704091510000069e+02 1.323066607870000055e+01 -7.205570557880000138e+01
6.500000000000000222e-01 4.463414715920000162e+03 -5.277143336570000429e+03 -6.294681171930000346e+03 -1.049857313149999953e+02 1.038002063849999956e+01 -7.252291010849999964e+01
6.500000000000000222e-01 4.417548700530000133e+03 -5.126186233290000018e+03 -6.280182148459999553e+03 -1.050865558739999983e+02 1.208888951580000004e+01 -7.150459967829999641e+01
6.500000000000000222e-01 4.395552596759999687e+03 -5.145407920480000030e+03 -6.296036013609999827e+03 -1.039204350400000010e+02 1.202185353620000008e+01 -7.072683686429999739e+01
6.500000000000000222e-01 4.593617988209999567e+03 -4.980347527289999562e+03 -6.281765845539999646e+03 -1.048621913230000047e+02 1.391484524250000021e+01 -7.223387040049999541e+01
6.500000000000000222e-01 4.439446655359999568e+03 -4.973113772259999678e+03 -6.332545380929999737e+03 -1.031980780760000016e+02 1.038430990720000047e+01 -6.984593925080000076e+01
6.500000000000000222e-01 4.509517863639999632e+03 -5.203577361229999951e+03 -6.248219775079999636e+03 -1.028441311579999962e+02 1.317551204669999976e+01 -7.054695884170000397e+01
6.500000000000000222e-01 4.538262058729999808e+03 -5.048111938430000009e+03 -6.251438525259999551e+03 -1.039831644270000055e+02 1.142676532509999987e+01 -7.123690126990000238e+01
6.500000000000000222e-01 4.714371265089999724e+03 -4.974235158659999797e+03 -6.333399465399999826e+03 -1.057471251989999956e+02 1.069402280359999935e+01 -6.949323742560000028e+01
6.500000000000000222e-01 4.483385646290000295e+03 -5.220967449089999718e+03 -6.260743477979999625e+03 -1.051183575179999963e+02 1.250699574929999969e+01 -7.132113736370000368e+01
6.500000000000000222e-01 4.712312884830000257e+03 -5.083423402229999738e+03 -6.275612036260000423e+03 -1.064548479770000000e+02 1.105515222180000023e+01 -7.008881124600000589e+01
6.500000000000000222e-01 4.539073737759999858e+03 -5.144392092029999731e+03 -6.235409763960000419e+03 -1.023115508190000043e+02 1.225421157549999940e+01 -7.089714306480000516e+01
6.500000000000000222e-01 4.784142754249999598e+03 -4.972320622160000312e+03 -6.422878974620000008e+03 -1.038945773519999989e+02 1.148688414659999957e+01 -7.270062091399999815e+01
6.500000000000000222e-01 4.577883412989999670e+03 -5.148532530600000428e+03 -6.233455063139999766e+03 -1.038235265640000051e+02 1.019233965919999996e+01 -7.129255306029999417e+01
6.500000000000000222e-01 4.575261864400000377e+03 -5.089588559740000164e+03 -6.237833679870000196e+03 -1.041842570169999931e+02 1.140100235190000078e+01 -7.119017412690000413e+01
6.500000000000000222e-01 4.603431154939999942e+03 -4.897110848070000429e+03 -6.367552209020000191e+03 -1.055533445789999973e+02 1.289320508139999966e+01 -7.154956123969999737e+01
6.500000000000000222e-01 4.441934888259999752e+03 -5.346079776749999837e+03 -6.374743924749999678e+03 -1.052351114519999982e+02 1.244276484110000069e+01 -7.205226404290000630e+01
6.500000000000000222e-01 4.718628316039999845e+03 -4.983315558799999963e+03 -6.329130600679999588e+03 -1.035452255689999959e+02 1.122016232300000027e+01 -7.180258514889999333e+01
6.500000000000000222e-01 4.488194952140000169e+03 -5.341609049339999729e+03 -6.337403839319999861e+03 -1.040041999320000059e+02 1.351939868390000044e+01 -6.964509371370000679e+01
6.500000000000000222e-01 4.492255741979999584e+03 -4.927142061509999621e+03 -6.342136942330000238e+03 -1.052560688819999939e+02 1.211256358550000023e+01 -7.024857556960000693e+01
6.500000000000000222e-01 4.696183572169999934e+03 -5.036895986810000068e+03 -6.282264204179999979e+03 -1.036427253610000037e+02 1.312470043130000086e+01 -7.238058968919999359e+01
6.500000000000000222e-01 4.486851272539999627e+03 -4.948301419659999738e+03 -6.325156451840000045e+03 -1.052204839510000056e+02 1.323279080020000009e+01 -7.265474433280000710e+01
6.500000000000000222e-01 4.528150253660000089e+03 -5.142513748139999734e+03 -6.237006942340000023e+03 -1.041015552430000071e+02 1.194828173580000019e+01 -7.114847885129999838e+01
6.500000000000000222e-01 4.637965453679999882e+03 -5.080308270769999581e+03 -6.246912866589999794e+03 -1.059400007960000067e+02 1.027689839690000007e+01 -7.055830798440000251e+01
6.500000000000000222e-01 4.577756795989999773e+03 -5.147177571090000129e+03 -6.233464838019999661e+03 -1.049302591969999980e+02 1.259080439270000085e+01 -7.123707470729999613e+01
6.500000000000000222e-01 4.751400470440000390e+03 -5.344153997680000430e+03 -6.430209521359999599e+03 -1.040649630610000003e+02 1.135225648669999998e+01 -7.369285417310000241e+01
6.500000000000000222e-01 4.573914438370000425e+03 -5.135844165489999796e+03 -6.233326434380000137e+03 -1.045818265209999964e+02 1.264742688079999944e+01 -7.125205256140000643e+01
6.500000000000000222e-01 4.517619284299999890e+03 -4.881457929100000001e+03 -6.415091958699999850e+03 -1.041549475850000022e+02 1.175441173379999960e+01 -7.261988853569999947e+01
6.500000000000000222e-01 4.318133332530000189e+03 -5.143731150069999785e+03 -6.393245024009999725e+03 -1.043783270630000004e+02 1.189956843989999946e+01 -7.142776880920000337e+01
6.500000000000000222e-01 4.697037549429999672e+03 -5.219853458169999612e+03 -6.273353016969999771e+03 -1.051395941720000025e+02 1.208093661210000036e+01 -7.070542216869999663e+01
6.500000000000000222e-01 4.850621045179999783e+03 -5.158275118950000433e+03 -6.451396744579999904e+03 -1.045139236859999983e+02 1.154559696119999934e+01 -7.163292008259999477e+01
6.500000000000000222e-01 4.641792143190000388e+03 -5.005077811199999815e+03 -6.275654585489999590e+03 -1.054784787189999946e+02 1.277624186899999970e+01 -7.128430510409999954e+01
6.500000000000000222e-01 4.562086737749999884e+03 -5.216848856149999847e+03 -6.244647103539999989e+03 -1.051259191510000051e+02 1.092652011590000072e+01 -7.172021955499999990e+01
6.500000000000000222e-01 4.590876890659999845e+03 -5.120197167280000031e+03 -6.234412546360000306e+03 -1.033641834390000014e+02 1.339186647190000023e+01 -7.138528454270000623e+01
6.500000000000000222e-01 4.626734370479999598e+03 -5.226987995059999776e+03 -6.251586146349999581e+03 -1.043519392449999970e+02 1.203916576469999988e+01 -7.106119162049999716e+01
6.500000000000000222e-01 4.526206897510000090e+03 -5.151547440850000385e+03 -6.237536764700000276e+03 -1.036485258769999973e+02 1.229670774739999928e+01 -7.103877515489999439e+01
6.500000000000000222e-01 4.566251344029999927e+03 -5.140194109619999836e+03 -6.233412339790000260e+03 -1.048811826099999962e+02 1.188524924380000058e+01 -7.125313741739999784e+01
6.500000000000000222e-01 4.457316333589999886e+03 -5.285267941019999853e+03 -6.303624044930000309e+03 -1.055396462180000015e+02 1.235448294380000078e+01 -7.183843602400000350e+01
6.500000000000000222e-01 4.765552698010000313e+03 -5.304854327570000351e+03 -6.383601940980000109e+03 -1.034605599479999967e+02 1.083501035619999975e+01 -7.286598226200000283e+01
6.500000000000000222e-01 4.457709710439999981e+03 -4.958246726360000139e+03 -6.333052931819999685e+03 -1.033553307859999961e+02 1.025068779000000063e+01 -6.942141112650000423e+01
6.500000000000000222e-01 4.673620272039999691e+03 -5.236095606169999883e+03 -6.270802904029999809e+03 -1.043516733539999990e+02 1.171839205380000060e+01 -7.201989742359999980e+01
6.500000000000000222e-01 4.563643653389999599e+03 -5.116248430820000067e+03 -6.234344658899999558e+03 -1.036090050509999969e+02 9.834265507770000525e+00 -7.096890189609999311e+01
6.500000000000000222e-01 4.587415197610000178e+03 -4.912488065780000397e+03 -6.348560926660000405e+03 -1.040048502880000001e+02 9.934596956980000115e+00 -6.958252938169999879e+01
6.500000000000000222e-01 4.514238778529999763e+03 -5.095960195769999700e+03 -6.242616028940000433e+03 -1.038729020260000055e+02 1.152412331570000070e+01 -7.083583944000000088e+01
6.500000000000000222e-01 4.650628739390000192e+03 -5.246389867750000121e+03 -6.266542295899999772e+03 -1.040326844770000037e+02 1.105021034239999977e+01 -7.223943272190000187e+01
6.500000000000000222e-01 4.456804210219999732e+03 -5.038940115499999592e+03 -6.279776289759999599e+03 -1.030448361750000004e+02 1.056366614440000085e+01 -7.025654429639999421e+01
6.500000000000000222e-01 4.738314199649999864e+03 -5.045058279040000343e+03 -6.305309131289999641e+03 -1.055038300939999942e+02 1.066906974990000023e+01 -7.007295504610000592e+01
6.500000000000000222e-01 4.356054468520000228e+03 -5.312792225469999721e+03 -6.459292447720000382e+03 -1.036642726799999963e+02 1.200482059560000003e+01 -6.946241404209999359e+01
6.500000000000000222e-01 4.429427859569999782e+03 -5.381282078850000289e+03 -6.475044893539999975e+03 -1.037876108880000032e+02 1.185115616580000086e+01 -7.018421962230000588e+01
6.500000000000000222e-01 4.675686421180000252e+03 -5.108030261939999946e+03 -6.253881229919999896e+03 -1.056022233019999987e+02 1.125354876039999930e+01 -7.080586474819999410e+01
6.500000000000000222e-01 4.556895699220000097e+03 -5.261526749419999760e+03 -6.260615572900000188e+03 -1.036169031090000061e+02 1.096232499459999943e+01 -7.142851973690000023e+01
6.500000000000000222e-01 4.634892550329999722e+03 -5.259807406900000387e+03 -6.268833058459999847e+03 -1.057442640499999982e+02 1.367864273100000005e+01 -7.075843997750000369e+01
6.500000000000000222e-01 4.525215267200000198e+03 -5.071331128750000062e+03 -6.245951676900000166e+03 -1.031688751819999936e+02 1.005986701700000019e+01 -7.048835503550000681e+01
6.500000000000000222e-01 4.636281292110000322e+03 -5.096392452349999985e+03 -6.243656007630000204e+03 -1.047719903630000005e+02 1.228375494480000008e+01 -7.132358944690000158e+01
6.500000000000000222e-01 4.565454894550000063e+03 -5.408665085399999953e+03 -6.421927583190000405e+03 -1.037870900620000043e+02 1.207119344810000072e+01 -6.982141804420000142e+01
6.500000000000000222e-01 4.515419201339999745e+03 -5.092340050759999940e+03 -6.243623855050000202e+03 -1.046601095390000040e+02 1.194809405480000031e+01 -7.132343262589999711e+01
6.500000000000000222e-01 4.611758074520000264e+03 -5.138783379339999556e+03 -6.235813071939999645e+03 -1.068411334120000049e+02 1.185709662100000017e+01 -7.093485419149999416e+01
6.500000000000000222e-01 4.533965810880000390e+03 -5.260019213319999835e+03 -6.262684610999999677e+03 -1.034604553519999968e+02 1.152812084390000003e+01 -7.113638888750000433e+01
6.500000000000000222e-01 4.489732770049999999e+03 -5.152573106480000206e+03 -6.246368403440000293e+03 -1.053416383429999996e+02 1.173262115310000020e+01 -7.148658802350000485e+01
6.500000000000000222e-01 4.331663615380000010e+03 -5.044467150290000063e+03 -6.403413325640000039e+03 -1.048763621300000040e+02 1.197136716239999998e+01 -7.276178193609999312e+01
6.500000000000000222e-01 4.386234062710000217e+03 -4.939804662460000145e+03 -6.442423245349999888e+03 -1.038171615220000064e+02 1.114341374810000040e+01 -6.894382391519999942e+01
6.500000000000000222e-01 4.815376436520000425e+03 -5.256513508529999854e+03 -6.422170323059999646e+03 -1.038794816289999972e+02 1.142356711689999926e+01 -7.364820509829999651e+01
6.500000000000000222e-01 4.648480848180000066e+03 -5.237501158119999673e+03 -6.260633627909999632e+03 -1.031473596809999975e+02 1.022394607909999920e+01 -7.210760480220000090e+01
6.500000000000000222e-01 4.635841231880000123e+03 -5.222681036840000161e+03 -6.252213072909999937e+03 -1.046068272899999982e+02 1.220446658130000017e+01 -7.097828684229999396e+01
6.500000000000000222e-01 4.806950749450000330e+03 -5.054081119350000336e+03 -6.377505212000000029e+03 -1.046901831039999990e+02 1.114615324140000041e+01 -7.072603701510000462e+01
6.500000000000000222e-01 4.363203747960000328e+03 -5.237547556630000145e+03 -6.353212560820000363e+03 -1.054580418609999981e+02 1.186975023870000001e+01 -7.256114069279999512e+01
6.500000000000000222e-01 4.783046959340000285e+03 -5.152696809570000369e+03 -6.325221250579999833e+03 -1.030735363720000066e+02 1.163913753900000003e+01 -7.307901146490000599e+01
6.500000000000000222e-01 4.478452549720000206e+03 -5.046683402370000294e+03 -6.267374652120000064e+03 -1.034037497730000013e+02 1.078968179039999953e+01 -7.072368148370000540e+01
6.500000000000000222e-01 4.551561475630000132e+03 -5.218969058550000227e+03 -6.245349149829999988e+03 -1.040943063590000008e+02 1.084458322090000060e+01 -7.147896242299999869e+01
6.500000000000000222e-01 4.510411423130000003e+03 -4.973838271849999728e+03 -6.297099403909999637e+03 -1.042205409019999962e+02 1.213355351450000086e+01 -7.199797074990000567e+01
6.500000000000000222e-01 4.573707786789999773e+03 -5.139201549620000151e+03 -6.233241264039999805e+03 -1.026082618580000059e+02 1.073897795809999955e+01 -7.119468687859999534e+01
6.500000000000000222e-01 4.550520487460000368e+03 -5.061054606790000435e+03 -6.245772936250000384e+03 -1.037878125069999982e+02 1.065545048090000080e+01 -7.095254851239999994e+01
6.500000000000000222e-01 4.508995782369999688e+03 -4.925775474129999566e+03 -6.337237121379999735e+03 -1.052352589709999933e+02 1.189673078070000045e+01 -7.007531822110000519e+01
6.500000000000000222e-01 4.408499740739999652e+03 -4.975090314379999654e+03 -6.356123819340000409e+03 -1.048880535299999934e+02 1.225190935090000011e+01 -7.260447480759999905e+01
6.500000000000000222e-01 4.598876450949999708e+03 -5.133702304600000389e+03 -6.234416249339999922e+03 -1.024316553449999958e+02 1.238601419589999963e+01 -7.141617115770000623e+01
6.500000000000000222e-01 4.587369715519999772e+03 -5.195783909699999640e+03 -6.239236832530000356e+03 -1.039575698470000020e+02 9.725559679499999888e+00 -7.171874923549999892e+01
6.500000000000000222e-01 4.398725604170000224e+03 -5.181923663010000382e+03 -6.297968740430000253e+03 -1.030521968890000011e+02 1.204676616729999949e+01 -7.020987621129999923e+01
6.500000000000000222e-01 4.564418056759999672e+03 -5.148803920790000120e+03 -6.233632060769999953e+03 -1.048180243670000067e+02 1.180023520489999989e+01 -7.126409877140000049e+01
6.500000000000000222e-01 4.558767374869999912e+03 -5.213545093959999576e+03 -6.243434780130000036e+03 -1.046321406940000003e+02 9.841134357710000558e+00 -7.178769801769999503e+01
1.390000000000000000e+04 -7.984526678979999815e+03 7.731240821359999700e+02 1.487729691830000047e+04 -2.485100091799999973e+02 2.042183191329999943e+02 -3.151436813440000151e+02
6.500000000000000222e-01 -7.991489337599999999e+03 7.708115120840000145e+02 1.502017096510000010e+04 -2.479570563229999891e+02 2.044243103510000026e+02 -3.150745470250000153e+02
6.500000000000000222e-01 -7.941489610249999714e+03 8.233406609190000154e+02 1.500409360369999922e+04 -2.481545115499999952e+02 2.046049426840000081e+02 -3.154180329139999799e+02
6.500000000000000222e-01 -8.034531402849999722e+03 7.680555047829999467e+02 1.501126629080000021e+04 -2.483851748650000104e+02 2.042612960689999966e+02 -3.150402564830000074e+02
6.500000000000000222e-01 -7.986758306710000397e+03 7.890062853880000375e+02 1.501946382819999963e+04 -2.485134937029999946e+02 2.036836941390000106e+02 -3.150447619619999955e+02
6.500000000000000222e-01 -8.115569979199999580e+03 7.521775176139999530e+02 1.493076401420000002e+04 -2.486467435280000018e+02 2.042390542699999969e+02 -3.154064394299999776e+02
6.500000000000000222e-01 -7.992719114059999811e+03 7.490712534919999825e+02 1.501810202460000073e+04 -2.483501013169999965e+02 2.044112986149999927e+02 -3.150597505260000162e+02
6.500000000000000222e-01 -7.943979579840000042e+03 8.335426909799999748e+02 1.500037970270000005e+04 -2.481865627379999921e+02 2.045707428780000043e+02 -3.154365479990000267e+02
6.500000000000000222e-01 -7.975042265650000445e+03 8.179998532859999614e+02 1.501290523559999929e+04 -2.487620116619999919e+02 2.042799806319999902e+02 -3.150801053420000244e+02
6.500000000000000222e-01 -8.048421450849999928e+03 7.916848099669999783e+02 1.500391766690000077e+04 -2.479873881530000119e+02 2.040386896509999985e+02 -3.148117567159999908e+02
6.500000000000000222e-01 -8.001831372470000133e+03 7.580525276260000282e+02 1.501849907940000048e+04 -2.484117583949999926e+02 2.041395838839999897e+02 -3.151050337930000182e+02
6.500000000000000222e-01 -7.938056427290000101e+03 7.139377781399999776e+02 1.499894624610000028e+04 -2.481924448409999968e+02 2.037878772130000016e+02 -3.154648668990000147e+02
6.500000000000000222e-01 -7.888396656439999788e+03 8.592499959530000524e+02 1.493872761940000055e+04 -2.487884418579999988e+02 2.040528195100000062e+02 -3.145875714740000149e+02
6.500000000000000222e-01 -8.019513194709999880e+03 8.178737532159999546e+02 1.500865257729999939e+04 -2.482082578499999954e+02 2.037750078990000020e+02 -3.148479935249999926e+02
6.500000000000000222e-01 -7.981219555419999779e+03 7.755008599420000337e+02 1.502029459599999973e+04 -2.480285433489999889e+02 2.045889398170000106e+02 -3.151270937460000141e+02
6.500000000000000222e-01 -7.975277316149999933e+03 7.912246077089999972e+02 1.501889934309999990e+04 -2.483558015929999954e+02 2.047149493189999987e+02 -3.151867449459999762e+02
6.500000000000000222e-01 -7.954622386099999858e+03 7.999742646959999774e+02 1.501456359800000064e+04 -2.481394969529999912e+02 2.046395587840000019e+02 -3.152916515200000163e+02
6.500000000000000222e-01 -7.960383242769999924e+03 7.488215599689999635e+02 1.501616703280000002e+04 -2.489963271759999941e+02 2.046758412199999952e+02 -3.149606634310000004e+02
6.500000000000000222e-01 -8.013600849929999640e+03 8.097352850639999815e+02 1.501267150199999924e+04 -2.488671387109999955e+02 2.045879759260000128e+02 -3.152157571910000229e+02
6.500000000000000222e-01 -8.022807894739999938e+03 7.549210928620000232e+02 1.501394253430000026e+04 -2.490761308360000044e+02 2.039528654039999935e+02 -3.152889822770000023e+02
6.500000000000000222e-01 -7.876981622219999736e+03 8.371684227790000250e+02 1.494644516099999964e+04 -2.487271087229999864e+02 2.039910981220000110e+02 -3.146509551419999866e+02
6.500000000000000222e-01 -7.954457366609999553e+03 7.476145396939999728e+02 1.501481507459999921e+04 -2.489810962210000014e+02 2.045872565779999945e+02 -3.149461983539999892e+02
6.500000000000000222e-01 -7.864200722710000264e+03 8.087630618829999776e+02 1.494557655410000007e+04 -2.488286463970000000e+02 2.041900061009999945e+02 -3.147307249200000001e+02
6.500000000000000222e-01 -8.097543712229999983e+03 8.013744463150000001e+02 1.496061391369999910e+04 -2.486966956189999962e+02 2.043105684939999946e+02 -3.152720967309999764e+02
6.500000000000000222e-01 -7.882064007519999905e+03 8.209046099250000452e+02 1.496476659690000088e+04 -2.489253287859999944e+02 2.040526417970000068e+02 -3.146399597810000159e+02
6.500000000000000222e-01 -8.029018629379999766e+03 7.429127281659999653e+02 1.500985875669999950e+04 -2.489301883200000134e+02 2.038754807439999865e+02 -3.153199749679999968e+02
6.500000000000000222e-01 -7.942514005349999934e+03 6.824035974280000119e+02 1.497966734209999959e+04 -2.483099874410000041e+02 2.037905528009999898e+02 -3.155771229759999983e+02
6.500000000000000222e-01 -7.960021169339999688e+03 7.164457842929999742e+02 1.500656165900000087e+04 -2.485611358699999869e+02 2.044780754859999945e+02 -3.149178544879999890e+02
6.500000000000000222e-01 -7.971784482949999983e+03 8.087975561539999489e+02 1.501518027059999986e+04 -2.482966862639999874e+02 2.045249602380000056e+02 -3.152389829659999805e+02
6.500000000000000222e-01 -7.977283630199999607e+03 8.600460925050000469e+02 1.499119136819999949e+04 -2.488567533890000050e+02 2.043897757059999947e+02 -3.150432679130000224e+02
6.500000000000000222e-01 -8.016983746310000242e+03 7.089616800159999457e+02 1.500078300999999919e+04 -2.488562005969999973e+02 2.043050891569999976e+02 -3.152253850949999787e+02
6.500000000000000222e-01 -7.958436905229999866e+03 7.715534167060000073e+02 1.501792331170000034e+04 -2.481081559479999896e+02 2.041900042139999982e+02 -3.152012340559999757e+02
6.500000000000000222e-01 -7.977518943570000374e+03 7.299339321630000086e+02 1.501339894610000010e+04 -2.487203796119999879e+02 2.048666173100000094e+02 -3.149329745079999725e+02
6.500000000000000222e-01 -7.971986504880000211e+03 7.575544540990000542e+02 1.501889112980000027e+04 -2.486231032579999862e+02 2.042995417550000070e+02 -3.151191365949999863e+02
6.500000000000000222e-01 -7.981824603279999792e+03 6.610619001679999656e+02 1.496543124050000006e+04 -2.487217355500000053e+02 2.047632721950000132e+02 -3.147089981999999964e+02
6.500000000000000222e-01 -7.891860763550000229e+03 7.762118593279999459e+02 1.498609759689999919e+04 -2.487806229660000099e+02 2.042209653330000094e+02 -3.149668421920000014e+02
6.500000000000000222e-01 -7.960804148039999745e+03 7.548119144089999963e+02 1.501716372129999945e+04 -2.490457553660000087e+02 2.046055746719999888e+02 -3.149800873579999916e+02
6.500000000000000222e-01 -7.886979162859999633e+03 7.070299606129999574e+02 1.495906275020000066e+04 -2.482712774359999912e+02 2.040011704769999881e+02 -3.153771458830000256e+02
6.500000000000000222e-01 -8.106361651870000060e+03 8.125840083020000293e+02 1.494073671730000024e+04 -2.482229632410000022e+02 2.040934304079999890e+02 -3.145764342389999797e+02
6.500000000000000222e-01 -7.994728634459999739e+03 7.617990259059999971e+02 1.501953698210000039e+04 -2.486145761129999983e+02 2.040508530259999986e+02 -3.151313064080000004e+02
6.500000000000000222e-01 -7.961657147269999768e+03 7.301843392890000359e+02 1.501154203960000086e+04 -2.487311290309999947e+02 2.044130843510000091e+02 -3.151274844260000236e+02
6.500000000000000222e-01 -8.006693575440000131e+03 8.546929751820000547e+02 1.499306597739999961e+04 -2.488102599510000061e+02 2.047781416290000038e+02 -3.154283919580000202e+02
6.500000000000000222e-01 -8.111738571390000288e+03 7.775791533410000511e+02 1.494250927039999988e+04 -2.487794497030000116e+02 2.042260395730000084e+02 -3.156417476830000055e+02
6.500000000000000222e-01 -7.881462681940000039e+03 7.333037454589999697e+02 1.496838842549999936e+04 -2.486941893300000004e+02 2.042292589159999920e+02 -3.148567404710000233e+02
6.500000000000000222e-01 -7.908360384870000416e+03 8.409672375039999679e+02 1.497751344219999919e+04 -2.483645259449999969e+02 2.039558885810000106e+02 -3.151095296269999722e+02
6.500000000000000222e-01 -8.067609865280000122e+03 6.963303521410000485e+02 1.496477789929999926e+04 -2.481573551509999902e+02 2.043709665949999987e+02 -3.146603002090000132e+02
6.500000000000000222e-01 -8.022134035510000103e+03 6.577764181170000484e+02 1.495226890180000009e+04 -2.487211045649999903e+02 2.046492472920000125e+02 -3.148797496469999828e+02
6.500000000000000222e-01 -8.016439008610000201e+03 6.583370047050000267e+02 1.495677019509999991e+04 -2.482946674700000074e+02 2.044113500219999935e+02 -3.146552388299999734e+02
6.500000000000000222e-01 -7.947573817489999783e+03 7.699898385919999555e+02 1.501543488190000062e+04 -2.481176319459999888e+02 2.041759120750000136e+02 -3.152379409119999991e+02
6.500000000000000222e-01 -8.033950373050000053e+03 8.918171387480000476e+02 1.493971942099999978e+04 -2.486052813819999869e+02 2.044202426699999933e+02 -3.156921113540000192e+02
6.500000000000000222e-01 -7.983645428519999768e+03 7.390093364860000520e+02 1.501626621759999944e+04 -2.484804525920000060e+02 2.046983202780000113e+02 -3.149787825720000001e+02
6.500000000000000222e-01 -7.987234662709999611e+03 7.881669926390000001e+02 1.501954610180000054e+04 -2.484793153630000120e+02 2.036920920299999977e+02 -3.150483419130000016e+02
6.500000000000000222e-01 -7.891154545350000262e+03 7.108062956830000303e+02 1.496585435300000063e+04 -2.482108635179999965e+02 2.040089236599999936e+02 -3.156540006579999726e+02
6.500000000000000222e-01 -7.977265258419999554e+03 7.736517423740000368e+02 1.502016245530000015e+04 -2.491550323030000129e+02 2.041782536519999951e+02 -3.150798352520000094e+02
6.500000000000000222e-01 -7.903332010029999765e+03 8.473605518309999525e+02 1.496861939100000018e+04 -2.482003072999999915e+02 2.041842230409999956e+02 -3.154381379870000046e+02
6.500000000000000222e-01 -7.983874470880000445e+03 7.985506717440000557e+02 1.501806028660000084e+04 -2.485071473460000107e+02 2.048056799999999953e+02 -3.152205960420000110e+02
6.500000000000000222e-01 -8.026757377920000181e+03 8.153752857810000023e+02 1.500706219140000030e+04 -2.481235322930000109e+02 2.037943200009999885e+02 -3.149183833179999965e+02
6.500000000000000222e-01 -8.006478686430000380e+03 6.418298649749999640e+02 1.492954312720000053e+04 -2.485407520809999937e+02 2.040123629450000067e+02 -3.157267396610000105e+02
6.500000000000000222e-01 -7.856874117000000297e+03 7.487343605040000512e+02 1.493662343660000079e+04 -2.487867703489999940e+02 2.042944291709999902e+02 -3.147084414450000054e+02
6.500000000000000222e-01 -7.845482225099999596e+03 7.975952726829999619e+02 1.489962744170000042e+04 -2.484649961490000010e+02 2.042332975490000138e+02 -3.157458022320000168e+02
6.500000000000000222e-01 -7.858503179389999787e+03 8.174357395419999648e+02 1.492822007540000050e+04 -2.487542061839999974e+02 2.041180152459999988e+02 -3.145658474620000220e+02
6.500000000000000222e-01 -7.947289019720000397e+03 8.127873074589999760e+02 1.500956733270000041e+04 -2.489949566589999961e+02 2.038382376319999878e+02 -3.148841318629999932e+02
6.500000000000000222e-01 -7.966714988660000017e+03 7.913225399440000274e+02 1.501805180350000046e+04 -2.481464908540000067e+02 2.045413599750000060e+02 -3.152089951180000185e+02
6.500000000000000222e-01 -7.925848740589999579e+03 7.902860437210000555e+02 1.500659310449999975e+04 -2.490683032229999867e+02 2.040357084949999944e+02 -3.148640187600000218e+02
6.500000000000000222e-01 -7.973887018720000015e+03 7.643270502079999460e+02 1.501966468700000041e+04 -2.482132701419999989e+02 2.039504792179999981e+02 -3.151604146550000110e+02
6.500000000000000222e-01 -8.000247426099999757e+03 8.624622692179999603e+02 1.498805570489999991e+04 -2.486908792749999861e+02 2.047424704130000066e+02 -3.155089807479999990e+02
6.500000000000000222e-01 -7.969095156319999660e+03 7.527551504100000557e+02 1.501806479570000010e+04 -2.481797357300000044e+02 2.037323851069999989e+02 -3.152158170690000247e+02
6.500000000000000222e-01 -8.121573660160000145e+03 7.953109405669999887e+02 1.491124934120000034e+04 -2.484148539450000044e+02 2.041817117319999966e+02 -3.148989352379999787e+02
6.500000000000000222e-01 -8.037153068200000234e+03 7.611510032429999910e+02 1.500983477700000003e+04 -2.483513124410000046e+02 2.043253095420000136e+02 -3.150079254199999923e+02
6.500000000000000222e-01 -8.023011033800000405e+03 6.860928088570000227e+02 1.498387685170000077e+04 -2.485233075929999984e+02 2.047810185650000108e+02 -3.147443735869999841e+02
6.500000000000000222e-01 -8.040498682999999801e+03 8.878775198240000464e+02 1.494002770419999979e+04 -2.482690109760000041e+02 2.039127120640000044e+02 -3.150258731399999874e+02
6.500000000000000222e-01 -8.001253840200000013e+03 7.590142363200000091e+02 1.501867756600000030e+04 -2.481879716560000020e+02 2.046612015620000022e+02 -3.150205744539999841e+02
6.500000000000000222e-01 -7.898299538760000360e+03 6.766294056740000542e+02 1.493827167019999979e+04 -2.486938724489999970e+02 2.044227816670000095e+02 -3.145761197159999938e+02
6.500000000000000222e-01 -7.920281551979999676e+03 7.100243039550000503e+02 1.498830718850000085e+04 -2.482124456340000052e+02 2.039069976129999873e+02 -3.155399230959999954e+02
6.500000000000000222e-01 -7.999427071279999836e+03 7.521525377369999887e+02 1.501803140349999921e+04 -2.482045170979999966e+02 2.045405176099999949e+02 -3.150232586910000236e+02
6.500000000000000222e-01 -8.081157358280000153e+03 7.914921675010000399e+02 1.498102193289999923e+04 -2.487060358829999984e+02 2.042092158739999945e+02 -3.153307146849999754e+02
6.500000000000000222e-01 -8.008763293920000251e+03 7.779916964179999468e+02 1.501821806509999988e+04 -2.486537719979999963e+02 2.042584374310000044e+02 -3.151258786839999857e+02
6.500000000000000222e-01 -8.083075583959999676e+03 7.370803649929999892e+02 1.497469176350000089e+04 -2.487739577970000084e+02 2.042785190929999999e+02 -3.152808175380000080e+02
6.500000000000000222e-01 -8.126342381180000302e+03 7.733770523429999457e+02 1.489553390220000074e+04 -2.484086175449999985e+02 2.042195447960000081e+02 -3.144986313979999863e+02
6.500000000000000222e-01 -7.999172647579999648e+03 8.992633120839999492e+02 1.494175285420000000e+04 -2.483338120260000039e+02 2.041325798100000100e+02 -3.154616084699999874e+02
6.500000000000000222e-01 -7.984485466090000045e+03 7.861956911480000372e+02 1.501976146519999929e+04 -2.486022013749999928e+02 2.038186505669999917e+02 -3.150716043140000124e+02
6.500000000000000222e-01 -8.013995627739999691e+03 7.819351215460000049e+02 1.501704276260000006e+04 -2.486583043219999922e+02 2.042795025329999987e+02 -3.151268354090000230e+02
6.500000000000000222e-01 -7.969396297500000401e+03 8.022293518799999674e+02 1.501654824369999915e+04 -2.488394343479999975e+02 2.039632727320000072e+02 -3.150239793869999971e+02
6.500000000000000222e-01 -8.020484982429999945e+03 7.421322552999999971e+02 1.501226278549999915e+04 -2.480980838080000126e+02 2.046445093959999895e+02 -3.148881783019999716e+02
6.500000000000000222e-01 -7.985471334990000287e+03 7.798094279220000544e+02 1.502018629529999998e+04 -2.485807382389999987e+02 2.045812615540000081e+02 -3.151310481919999802e+02
6.500000000000000222e-01 -7.966855735529999947e+03 7.790558393799999521e+02 1.501912084160000086e+04 -2.481002161209999883e+02 2.043478026159999956e+02 -3.151765901069999813e+02
6.500000000000000222e-01 -8.069675916639999741e+03 8.321824285599999484e+02 1.497604362399999991e+04 -2.481919689679999976e+02 2.039846013830000118e+02 -3.146351887870000041e+02
6.500000000000000222e-01 -7.985280247290000261e+03 8.066330911720000358e+02 1.501626166440000088e+04 -2.483961892030000058e+02 2.038846242770000003e+02 -3.150713497579999967e+02
6.500000000000000222e-01 -7.960936817679999876e+03 8.731972643489999655e+02 1.497673336620000009e+04 -2.486737254649999898e+02 2.037806793070000140e+02 -3.146603179289999730e+02
6.500000000000000222e-01 -7.970012864299999819e+03 7.533186158869999645e+02 1.501825135299999965e+04 -2.487769467660000089e+02 2.045786004329999912e+02 -3.150297067789999801e+02
6.500000000000000222e-01 -7.878090864660000079e+03 7.288616057030000093e+02 1.496229226899999958e+04 -2.486668850510000084e+02 2.042239591789999906e+02 -3.148532123680000154e+02
6.500000000000000222e-01 -7.904957184320000124e+03 7.801871987309999668e+02 1.499585564089999934e+04 -2.490000881210000045e+02 2.041959013020000100e+02 -3.148493925669999953e+02
6.500000000000000222e-01 -7.908963572890000250e+03 8.456239845119999927e+02 1.497464006639999934e+04 -2.481809941410000135e+02 2.044158758119999959e+02 -3.155879621990000032e+02
6.500000000000000222e-01 -8.057470237540000198e+03 6.764924061430000393e+02 1.495341990660000010e+04 -2.482965021070000091e+02 2.045140648610000085e+02 -3.145599961780000058e+02
6.500000000000000222e-01 -7.985073902639999687e+03 7.830596098539999730e+02 1.502000706180000088e+04 -2.485077724399999965e+02 2.035724055080000028e+02 -3.150631061600000180e+02
6.500000000000000222e-01 -8.034556181279999691e+03 7.754280218420000210e+02 1.501131119720000061e+04 -2.489317013149999980e+02 2.042316902999999968e+02 -3.152525023219999980e+02
6.500000000000000222e-01 -7.977654310500000065e+03 8.940744963460000463e+02 1.495406664699999965e+04 -2.487577496890000077e+02 2.041484030150000137e+02 -3.147499338100000159e+02
6.500000000000000222e-01 -7.916581492889999936e+03 8.447263235430000350e+02 1.498074048369999946e+04 -2.489404991019999898e+02 2.041558178740000074e+02 -3.148507277499999759e+02
6.500000000000000222e-01 -8.042092068900000413e+03 7.016040564219999851e+02 1.498704954709999947e+04 -2.485001357950000056e+02 2.038262427930000058e+02 -3.153407522050000011e+02
6.500000000000000222e-01 -7.978004276890000256e+03 7.681591379750000215e+02 1.502010313440000027e+04 -2.483119458230000021e+02 2.040472525330000053e+02 -3.151341579990000241e+02
6.500000000000000222e-01 -7.944120486339999843e+03 8.498400508390000141e+02 1.499106952420000016e+04 -2.488525650249999899e+02 2.038259222499999908e+02 -3.147458366029999866e+02
