3.450000000000000000e+05 -3.686642422720000013e+03 1.501403750550000041e+03 1.424943449540000074e+03 5.869498752089999982e+01 1.070678101419999990e+02 2.803842765780000263e+02
6.500000000000000222e-01 -3.555518071980000059e+03 1.380186340700000073e+03 1.466261003190000110e+03 6.534762262680000333e+01 1.049768730239999996e+02 2.803691960589999894e+02
6.500000000000000222e-01 -3.389165241409999908e+03 1.706004153200000019e+03 1.895585601709999992e+03 7.444810413160000451e+01 1.058311792150000059e+02 2.661807800529999781e+02
6.500000000000000222e-01 -3.347358201699999881e+03 1.738353165250000075e+03 2.006235650359999909e+03 7.730542635330000678e+01 1.035136878889999963e+02 2.633254685769999810e+02
6.500000000000000222e-01 -3.582378026100000170e+03 1.643876243599999952e+03 1.525982662699999992e+03 6.381855645160000279e+01 1.106339177520000021e+02 2.747889936120000129e+02
6.500000000000000222e-01 -3.566465094310000040e+03 1.666854990360000102e+03 1.726445107660000076e+03 6.418632575270000018e+01 1.087184553910000062e+02 2.703208983150000222e+02
6.500000000000000222e-01 -3.445408557379999820e+03 1.735586392239999896e+03 2.028558918989999938e+03 7.032772623329999817e+01 9.802163291399999423e+01 2.646831886229999782e+02
6.500000000000000222e-01 -3.486960196049999922e+03 1.730444685030000073e+03 1.987979335779999928e+03 7.411102826959999845e+01 1.013199798570000070e+02 2.623641204819999757e+02
6.500000000000000222e-01 -3.483218613380000079e+03 1.727054478280000012e+03 2.003565131509999901e+03 6.909795919970000000e+01 9.915472935059999315e+01 2.649238805090000142e+02
6.500000000000000222e-01 -3.609774366869999994e+03 1.625006508230000009e+03 1.689592253159999927e+03 6.108205085069999996e+01 1.070593029180000002e+02 2.719001433760000168e+02
6.500000000000000222e-01 -3.422421010470000056e+03 1.705004826650000041e+03 1.956851436740000054e+03 6.959040396010000507e+01 1.028924765889999975e+02 2.661589835880000123e+02
6.500000000000000222e-01 -3.347899216010000146e+03 1.742651919520000092e+03 1.981459202080000068e+03 7.559942472429999327e+01 1.045853614130000011e+02 2.643721668539999996e+02
6.500000000000000222e-01 -3.484411205809999956e+03 1.610777326639999956e+03 1.773041365959999894e+03 7.388112436170000308e+01 1.017969133779999993e+02 2.695319898629999784e+02
6.500000000000000222e-01 -3.439556504799999857e+03 1.628653925789999903e+03 1.976313573200000064e+03 7.335452589729999318e+01 9.909295419219999701e+01 2.654603662669999835e+02
6.500000000000000222e-01 -3.546048925460000191e+03 1.671733999880000056e+03 1.816660196730000052e+03 7.276768732419999708e+01 1.006306147640000006e+02 2.670614072750000219e+02
6.500000000000000222e-01 -3.444434900889999881e+03 1.664736969730000055e+03 1.818184939510000049e+03 7.455345140309999863e+01 1.048051720539999963e+02 2.676527853659999892e+02
6.500000000000000222e-01 -3.598888959020000129e+03 1.644307498240000086e+03 1.709639723069999945e+03 6.799190228519999835e+01 1.090646312330000001e+02 2.680091306429999918e+02
6.500000000000000222e-01 -3.295987334339999961e+03 1.754609175589999950e+03 2.089074709410000196e+03 7.838867293389999702e+01 1.027425855949999942e+02 2.614195347620000121e+02
6.500000000000000222e-01 -3.523294870530000026e+03 1.595477337470000066e+03 1.849824304940000047e+03 6.927904589989999806e+01 9.790862127340000143e+01 2.694560107749999815e+02
6.500000000000000222e-01 -3.682020156260000022e+03 1.562835804000000053e+03 1.623779197999999951e+03 5.766800811510000102e+01 1.012333810239999963e+02 2.752060472690000097e+02
6.500000000000000222e-01 -3.607105226839999887e+03 1.600128318600000057e+03 1.823971713610000052e+03 6.489743117070000267e+01 9.786380747249999956e+01 2.704258555690000208e+02
6.500000000000000222e-01 -3.332174536349999926e+03 1.705411611120000089e+03 2.122614005349999843e+03 7.751564516150000372e+01 1.024472275579999945e+02 2.599507160590000012e+02
6.500000000000000222e-01 -3.479475525920000109e+03 1.747129219350000085e+03 2.031326111750000109e+03 7.366727262729999381e+01 9.861203926410000520e+01 2.622097882379999874e+02
6.500000000000000222e-01 -3.608125076729999819e+03 1.613598688540000012e+03 1.569770034390000092e+03 6.663488637039999674e+01 1.098188308419999970e+02 2.715354077530000154e+02
6.500000000000000222e-01 -3.458521888629999921e+03 1.718637258900000006e+03 1.960242431030000034e+03 7.507254101399999513e+01 1.025188905840000047e+02 2.631609695750000242e+02
6.500000000000000222e-01 -3.381282653419999860e+03 1.721615023789999896e+03 2.007928667260000111e+03 7.696860375049999448e+01 1.027840813889999936e+02 2.626671863500000086e+02
6.500000000000000222e-01 -3.487149300139999923e+03 1.734983747009999888e+03 2.030314800339999920e+03 7.065425259879999942e+01 9.643642541890000075e+01 2.641868832129999873e+02
6.500000000000000222e-01 -3.307064751330000036e+03 1.668371012150000070e+03 2.157125030170000173e+03 7.920642328770000518e+01 1.011419651479999970e+02 2.596282332480000150e+02
6.500000000000000222e-01 -3.346442244899999878e+03 1.772491511089999904e+03 2.058361372849999952e+03 7.470160696959999314e+01 1.023410975710000059e+02 2.627088534609999897e+02
6.500000000000000222e-01 -3.402101193760000115e+03 1.711376050809999924e+03 2.078259805189999952e+03 7.455375754560000701e+01 1.015106508679999990e+02 2.613431380060000038e+02
6.500000000000000222e-01 -3.527876263990000098e+03 1.641327261520000093e+03 2.045233649869999908e+03 6.899016012420000266e+01 1.031627508140000060e+02 2.628002569820000076e+02
6.500000000000000222e-01 -3.496707421919999888e+03 1.732654491289999896e+03 1.892552138750000040e+03 7.197273641309999448e+01 1.047296758469999958e+02 2.648944501170000194e+02
6.500000000000000222e-01 -3.575722084859999995e+03 1.678724971410000080e+03 1.981617781939999986e+03 6.771814209839999421e+01 1.052299350969999949e+02 2.629958805379999944e+02
6.500000000000000222e-01 -3.328925948820000031e+03 1.746354787600000009e+03 2.084606768680000187e+03 7.474632382980000500e+01 1.021133470009999940e+02 2.622552853330000175e+02
6.500000000000000222e-01 -3.727900589079999918e+03 1.479540483120000090e+03 1.514053121850000025e+03 5.522303213400000033e+01 1.024344833929999936e+02 2.761488402460000202e+02
6.500000000000000222e-01 -3.456416804599999978e+03 1.674209930230000055e+03 1.942711874630000011e+03 7.144362334699999906e+01 1.064555559270000060e+02 2.640585002889999942e+02
6.500000000000000222e-01 -3.431055069900000035e+03 1.713924164510000082e+03 2.044288576350000085e+03 7.294654726209999751e+01 1.028933407850000066e+02 2.620077696629999764e+02
6.500000000000000222e-01 -3.541776483990000088e+03 1.657867892700000084e+03 1.972511337809999986e+03 6.936097992780000254e+01 9.693894225459999348e+01 2.659450098249999996e+02
6.500000000000000222e-01 -3.621493622880000203e+03 1.610878155469999911e+03 1.426592779719999953e+03 6.492990481459999330e+01 1.071829011549999962e+02 2.755126437420000229e+02
6.500000000000000222e-01 -3.545039907010000206e+03 1.600027582570000050e+03 1.847990329400000064e+03 6.476815153690000670e+01 1.019976175909999938e+02 2.696261247859999912e+02
6.500000000000000222e-01 -3.472461208100000022e+03 1.730030102530000022e+03 1.808350598779999928e+03 7.014684455869999624e+01 1.068168406810000022e+02 2.686434857460000103e+02
6.500000000000000222e-01 -3.412606640169999991e+03 1.700489357160000054e+03 2.151078181010000208e+03 7.642325478310000619e+01 9.793171285760000444e+01 2.599473127350000254e+02
6.500000000000000222e-01 -3.522971607659999790e+03 1.682876296809999985e+03 1.894168600909999896e+03 6.571761970949999920e+01 9.971672524839999596e+01 2.685596177250000096e+02
6.500000000000000222e-01 -3.508530474799999865e+03 1.693051116419999971e+03 1.954737547940000013e+03 7.208525943979999795e+01 9.660511667490000320e+01 2.654274720980000097e+02
6.500000000000000222e-01 -3.417862193450000177e+03 1.735619217890000073e+03 2.028065499289999934e+03 7.379885181539999905e+01 1.031267225919999930e+02 2.622344004490000202e+02
6.500000000000000222e-01 -3.523336723290000009e+03 1.680786667220000027e+03 2.014424851579999995e+03 7.078621574810000538e+01 1.055270154939999969e+02 2.614192299829999797e+02
6.500000000000000222e-01 -3.473154009800000040e+03 1.747996488150000005e+03 2.006544097920000013e+03 7.162467717670000411e+01 1.027511638790000035e+02 2.627605909389999965e+02
6.500000000000000222e-01 -3.861078654800000095e+03 1.463226212179999948e+03 1.034117996330000096e+03 4.404415603129999823e+01 1.139453487929999937e+02 2.883021587060000002e+02
6.500000000000000222e-01 -3.451544223960000181e+03 1.750171290940000063e+03 2.026616077310000037e+03 7.214042230850000692e+01 1.021925949930000002e+02 2.625520689019999736e+02
6.500000000000000222e-01 -3.540523577060000207e+03 1.570995656370000006e+03 1.801220523230000026e+03 6.876643651930000090e+01 9.807748009220000540e+01 2.707540605859999800e+02
6.500000000000000222e-01 -3.482882419569999911e+03 1.637219448099999909e+03 1.759879941299999928e+03 7.383079710920000593e+01 1.036594860019999942e+02 2.692671937910000111e+02
6.500000000000000222e-01 -3.583778079870000056e+03 1.688096972390000019e+03 1.820098366749999968e+03 6.479808314459999963e+01 1.068794345139999962e+02 2.677704195150000146e+02
6.500000000000000222e-01 -3.819820884239999941e+03 1.544542639530000088e+03 1.449542310040000075e+03 5.040721852389999924e+01 1.111293797919999946e+02 2.848039704020000045e+02
6.500000000000000222e-01 -3.506670606359999965e+03 1.718434570359999952e+03 2.047221302550000019e+03 7.021146403349999332e+01 9.944511306629999581e+01 2.628600733299999774e+02
6.500000000000000222e-01 -3.555281552819999888e+03 1.675950240469999926e+03 1.804772877099999960e+03 6.859281832819999636e+01 1.075464778650000000e+02 2.666235921740000094e+02
6.500000000000000222e-01 -3.399425895289999971e+03 1.763646721289999959e+03 2.061130267519999961e+03 7.217364428300000156e+01 1.002077746629999950e+02 2.631335953469999822e+02
6.500000000000000222e-01 -3.517934229059999780e+03 1.706378041120000034e+03 1.863192863100000068e+03 6.778765013189999422e+01 1.062467024769999995e+02 2.667096321139999873e+02
6.500000000000000222e-01 -3.392121170349999829e+03 1.746753605180000022e+03 2.045416693339999938e+03 7.414139843869999424e+01 1.026338958439999942e+02 2.622412040500000217e+02
6.500000000000000222e-01 -3.471435803979999946e+03 1.729335101529999974e+03 1.997904605019999963e+03 7.204699405930000466e+01 1.036348345490000042e+02 2.626275488669999731e+02
6.500000000000000222e-01 -3.588047624870000163e+03 1.682274061450000090e+03 1.672876403250000067e+03 6.816250085560000116e+01 1.071529833139999965e+02 2.698784171809999748e+02
6.500000000000000222e-01 -3.779084270219999780e+03 1.511207989799999950e+03 1.255608162920000041e+03 4.897975862580000239e+01 1.133119171820000020e+02 2.843428924689999917e+02
6.500000000000000222e-01 -3.297216195219999918e+03 1.672648036699999921e+03 2.201021682189999865e+03 7.956481243819999349e+01 1.011248683550000038e+02 2.583873992260000136e+02
6.500000000000000222e-01 -3.619028445030000057e+03 1.650491084329999921e+03 1.664297300669999913e+03 6.217151707869999910e+01 1.074910997190000046e+02 2.714803615569999806e+02
6.500000000000000222e-01 -3.415715273520000210e+03 1.675407200899999907e+03 2.010227533730000005e+03 7.335013816110000562e+01 1.060087507749999958e+02 2.622983605879999800e+02
6.500000000000000222e-01 -3.394064477830000214e+03 1.628490809480000053e+03 2.130679855240000052e+03 7.459909208290000038e+01 1.015914599219999985e+02 2.610011006689999817e+02
6.500000000000000222e-01 -3.376364790560000074e+03 1.731470009990000108e+03 2.098309187050000219e+03 7.570014024169999800e+01 1.024022430819999983e+02 2.604483231809999779e+02
6.500000000000000222e-01 -3.612836513459999878e+03 1.632949815279999939e+03 1.632151146129999916e+03 6.236500353219999937e+01 1.085725504579999949e+02 2.719164934280000239e+02
6.500000000000000222e-01 -3.305860081499999978e+03 1.699356134280000106e+03 2.150965242329999910e+03 7.870544290809999666e+01 1.021846387509999943e+02 2.592969606269999758e+02
6.500000000000000222e-01 -3.561765350740000031e+03 1.640116577280000001e+03 1.954952301609999950e+03 6.666657897349999473e+01 1.049924674549999963e+02 2.648108254160000001e+02
6.500000000000000222e-01 -3.487204503519999889e+03 1.619753131169999961e+03 1.621223364660000016e+03 7.050119342749999873e+01 1.086564534289999955e+02 2.732324775760000080e+02
6.500000000000000222e-01 -3.787680666579999979e+03 1.577455495639999981e+03 1.355846181010000009e+03 5.114933837329999733e+01 1.091341733419999969e+02 2.794563274600000113e+02
6.500000000000000222e-01 -3.545012916879999921e+03 1.688870193859999972e+03 1.959341887419999921e+03 6.836126366999999959e+01 1.049058584510000003e+02 2.637669701799999871e+02
6.500000000000000222e-01 -3.506095392589999847e+03 1.667214679570000044e+03 1.773890794310000047e+03 6.832819150470000125e+01 1.084274566210000046e+02 2.685344014629999947e+02
6.500000000000000222e-01 -3.577934983029999785e+03 1.746877705560000095e+03 1.842936604190000025e+03 6.635217690880000418e+01 1.051326239490000063e+02 2.669500814190000142e+02
6.500000000000000222e-01 -3.343406458710000152e+03 1.693529674110000087e+03 2.115543042310000146e+03 7.641373712639999383e+01 1.040990165040000051e+02 2.599105402069999968e+02
6.500000000000000222e-01 -3.490124090660000093e+03 1.721858783160000030e+03 2.001524378950000028e+03 6.997421655419999809e+01 1.022670099799999974e+02 2.635544100889999868e+02
6.500000000000000222e-01 -3.656863923259999865e+03 1.614740421470000001e+03 1.425911914510000088e+03 5.793913912960000090e+01 1.112349233629999929e+02 2.757377241510000090e+02
6.500000000000000222e-01 -3.430395762550000200e+03 1.733078278810000029e+03 2.051725351510000110e+03 7.440193805440000574e+01 1.018738258810000019e+02 2.613931633909999732e+02
6.500000000000000222e-01 -3.565028775729999779e+03 1.729526411920000101e+03 1.978478867309999941e+03 7.007145147190000500e+01 1.045681874649999941e+02 2.619329483189999905e+02
6.500000000000000222e-01 -3.468817431469999974e+03 1.692641501269999935e+03 1.832301609039999903e+03 7.004265896760000487e+01 1.072611136289999934e+02 2.673924096920000011e+02
6.500000000000000222e-01 -3.486199727879999955e+03 1.721873067799999944e+03 1.955897848990000057e+03 7.322961508459999891e+01 1.040389973590000068e+02 2.628965901400000007e+02
6.500000000000000222e-01 -3.544443457349999790e+03 1.607189758859999984e+03 1.704160443190000024e+03 7.180392371989999845e+01 1.011790081219999990e+02 2.708393848540000022e+02
6.500000000000000222e-01 -3.342251521589999811e+03 1.634715238459999910e+03 2.097040626840000186e+03 7.897662545020000380e+01 9.991076729540000656e+01 2.621594582970000147e+02
6.500000000000000222e-01 -3.850137076890000117e+03 1.472420474210000066e+03 1.134021052730000065e+03 4.449819280970000079e+01 1.116365610600000053e+02 2.870004522919999772e+02
6.500000000000000222e-01 -3.566251621190000151e+03 1.616418672960000094e+03 1.667413158110000040e+03 6.351434378340000109e+01 1.094736034619999998e+02 2.715677724390000094e+02
6.500000000000000222e-01 -3.525989269900000181e+03 1.711736295570000038e+03 1.872803784530000030e+03 6.764078479939999511e+01 1.059962209039999976e+02 2.664234113730000217e+02
6.500000000000000222e-01 -3.661477118849999897e+03 1.564445714929999895e+03 1.710958445900000015e+03 5.921671963429999863e+01 1.054407115390000058e+02 2.722908871650000151e+02
6.500000000000000222e-01 -3.600697452370000065e+03 1.628901431660000071e+03 1.578958483529999967e+03 6.880582448529999340e+01 1.064299632059999965e+02 2.720441732350000166e+02
6.500000000000000222e-01 -3.713383084779999990e+03 1.550995583529999976e+03 1.482581037400000014e+03 5.387839181119999665e+01 1.051595166989999939e+02 2.759137015030000271e+02
6.500000000000000222e-01 -3.344327877289999833e+03 1.701296151139999893e+03 2.113598822800000107e+03 7.724243951430000266e+01 1.021393631239999991e+02 2.602126553109999918e+02
6.500000000000000222e-01 -3.496698659839999891e+03 1.678981300129999909e+03 1.843509766240000090e+03 6.990390632620000133e+01 1.073759573100000040e+02 2.663805022340000050e+02
6.500000000000000222e-01 -3.440059796250000090e+03 1.687915799970000080e+03 2.020818665210000063e+03 7.359935978660000444e+01 9.864284486280000408e+01 2.636917645550000202e+02
6.500000000000000222e-01 -3.386698986649999824e+03 1.692531924050000043e+03 1.999863078280000082e+03 7.266815831019999905e+01 1.048784060509999989e+02 2.637735984519999874e+02
6.500000000000000222e-01 -3.394312713469999835e+03 1.697012302139999974e+03 2.078463832179999827e+03 7.461721034619999671e+01 1.031415066029999963e+02 2.610322877250000033e+02
6.500000000000000222e-01 -3.407988590209999984e+03 1.699192682160000004e+03 2.166678812780000044e+03 7.638438401839999869e+01 9.830413563800000532e+01 2.594964163820000067e+02
6.500000000000000222e-01 -3.503808323870000095e+03 1.650130898990000105e+03 1.873956048700000110e+03 7.306522653449999893e+01 9.873888050070000588e+01 2.670109647699999869e+02
6.500000000000000222e-01 -3.381874586200000067e+03 1.729913877120000052e+03 2.022034509679999928e+03 7.173990487259999327e+01 1.020461236910000054e+02 2.643697979180000175e+02
6.500000000000000222e-01 -3.518178855999999996e+03 1.640440956919999962e+03 1.809692644239999936e+03 6.856459538570000234e+01 1.087229381829999966e+02 2.670221797550000247e+02
6.500000000000000222e-01 -3.335570674200000212e+03 1.727862356450000107e+03 2.025693052990000069e+03 7.747714447479999933e+01 1.035115821130000029e+02 2.627224648889999798e+02
6.500000000000000222e-01 -3.473162621769999987e+03 1.726020496999999978e+03 1.985405004709999957e+03 7.190342944239999667e+01 1.039880439880000011e+02 2.629139706779999983e+02
6.500000000000000222e-01 -3.545794649420000042e+03 1.643036353740000095e+03 1.780355869920000032e+03 6.861599536539999633e+01 1.090681406340000024e+02 2.670763669359999994e+02
1.390000000000000000e+04 -2.244973032099999909e+04 1.474201474260000032e+04 -1.274319083019999925e+04 -1.298581576869999878e+02 1.493483106170000099e+02 -3.521669714270000213e+02
6.500000000000000222e-01 -2.245263504829999874e+04 1.476533255889999964e+04 -1.261955815040000016e+04 -1.298782945890000065e+02 1.496352716659999942e+02 -3.529014843749999955e+02
6.500000000000000222e-01 -2.242247617410000021e+04 1.480358111699999972e+04 -1.266437544870000056e+04 -1.302450692989999936e+02 1.492064869490000092e+02 -3.531986735799999906e+02
6.500000000000000222e-01 -2.252736421709999922e+04 1.476157607610000014e+04 -1.261077050029999918e+04 -1.302925093290000120e+02 1.497834222889999864e+02 -3.526212402020000241e+02
6.500000000000000222e-01 -2.249107886570000119e+04 1.472728358069999922e+04 -1.261733407649999936e+04 -1.303757698919999939e+02 1.490247076130000039e+02 -3.528546484159999750e+02
6.500000000000000222e-01 -2.260578208649999942e+04 1.475833688540000003e+04 -1.268627480339999966e+04 -1.303042050040000106e+02 1.501923633730000063e+02 -3.522954151150000257e+02
6.500000000000000222e-01 -2.248091385159999845e+04 1.475350314299999991e+04 -1.261885101039999972e+04 -1.301888943250000068e+02 1.498688727930000084e+02 -3.528687541529999976e+02
6.500000000000000222e-01 -2.242796188439999969e+04 1.480793990160000067e+04 -1.266736038689999987e+04 -1.302985065899999881e+02 1.491154780919999894e+02 -3.531761220399999956e+02
6.500000000000000222e-01 -2.250585887730000104e+04 1.478846205130000089e+04 -1.262145512140000028e+04 -1.308596426729999962e+02 1.493005971089999946e+02 -3.528111512959999914e+02
6.500000000000000222e-01 -2.251129087739999886e+04 1.476183948059999966e+04 -1.259730031760000020e+04 -1.299402531739999915e+02 1.494480293599999925e+02 -3.523706786879999981e+02
6.500000000000000222e-01 -2.249602063849999831e+04 1.474385144209999999e+04 -1.261989497710000069e+04 -1.302761603659999992e+02 1.496767244979999987e+02 -3.528856522560000144e+02
6.500000000000000222e-01 -2.239683456870000009e+04 1.467323794000000089e+04 -1.268160499469999922e+04 -1.296464161339999919e+02 1.493260748989999911e+02 -3.532820497260000252e+02
6.500000000000000222e-01 -2.240845990650000022e+04 1.477667619059999925e+04 -1.266976155060000019e+04 -1.307197170379999989e+02 1.482973316380000028e+02 -3.523675602879999929e+02
6.500000000000000222e-01 -2.250413100929999928e+04 1.475688730360000045e+04 -1.260046785529999943e+04 -1.302294794729999978e+02 1.489830314449999946e+02 -3.524887048140000161e+02
6.500000000000000222e-01 -2.244962857109999823e+04 1.477922477550000076e+04 -1.262355236189999960e+04 -1.299947057939999979e+02 1.497100986879999880e+02 -3.529513784470000246e+02
6.500000000000000222e-01 -2.247291656639999928e+04 1.479954992619999939e+04 -1.262805095389999951e+04 -1.304211581630000012e+02 1.497467840010000089e+02 -3.529878007720000141e+02
6.500000000000000222e-01 -2.243391769429999840e+04 1.479414803070000016e+04 -1.264478301479999936e+04 -1.301804341010000030e+02 1.494730592059999879e+02 -3.531254029209999885e+02
6.500000000000000222e-01 -2.250174361629999839e+04 1.477049840770000083e+04 -1.261967051390000051e+04 -1.308912214919999997e+02 1.500594880879999948e+02 -3.528864221329999964e+02
6.500000000000000222e-01 -2.255360420449999947e+04 1.481255755479999971e+04 -1.262241956100000061e+04 -1.310516383410000003e+02 1.498122419599999944e+02 -3.528020775979999826e+02
6.500000000000000222e-01 -2.256712186450000081e+04 1.473308505390000028e+04 -1.262821219349999956e+04 -1.309370429939999951e+02 1.497120324850000088e+02 -3.528764115110000148e+02
6.500000000000000222e-01 -2.238979150099999970e+04 1.475621177709999938e+04 -1.267242442259999916e+04 -1.305790003840000111e+02 1.483627888249999955e+02 -3.524986987369999838e+02
6.500000000000000222e-01 -2.249281163379999998e+04 1.476196719400000075e+04 -1.261951670770000055e+04 -1.308287719440000103e+02 1.499605848420000029e+02 -3.528430476820000194e+02
6.500000000000000222e-01 -2.238101760890000151e+04 1.474981080169999950e+04 -1.268356604949999928e+04 -1.306035177180000062e+02 1.486768193050000093e+02 -3.526118757990000177e+02
6.500000000000000222e-01 -2.260947250749999876e+04 1.479651924409999992e+04 -1.265161604219999936e+04 -1.307085303220000014e+02 1.499197081130000129e+02 -3.523438217969999755e+02
6.500000000000000222e-01 -2.241310711539999829e+04 1.475379957280000053e+04 -1.265578254820000075e+04 -1.307842771459999938e+02 1.486128329919999942e+02 -3.526005149630000233e+02
6.500000000000000222e-01 -2.255786773140000150e+04 1.471943638420000025e+04 -1.263394169440000042e+04 -1.306986616650000030e+02 1.497214442369999858e+02 -3.528781613969999853e+02
6.500000000000000222e-01 -2.239963077179999891e+04 1.465252892509999947e+04 -1.270629651740000008e+04 -1.295574414840000088e+02 1.495653325400000142e+02 -3.532538020189999770e+02
6.500000000000000222e-01 -2.245680965669999932e+04 1.473080824079999911e+04 -1.262850074329999916e+04 -1.302089816520000056e+02 1.500063399089999905e+02 -3.528418693429999848e+02
6.500000000000000222e-01 -2.246502582769999935e+04 1.479594637999999941e+04 -1.263512760170000001e+04 -1.303736902610000072e+02 1.494361816679999890e+02 -3.530177696750000109e+02
6.500000000000000222e-01 -2.251807144619999963e+04 1.482363420070000029e+04 -1.263385534619999999e+04 -1.310874005409999938e+02 1.491281540729999904e+02 -3.526418518099999915e+02
6.500000000000000222e-01 -2.253364177969999946e+04 1.472431118199999946e+04 -1.264083700069999941e+04 -1.304842118059999905e+02 1.502130689949999862e+02 -3.528551579069999775e+02
6.500000000000000222e-01 -2.242901018000000113e+04 1.474445665539999936e+04 -1.263748052269999971e+04 -1.299626516419999973e+02 1.493300998160000006e+02 -3.530953753370000072e+02
6.500000000000000222e-01 -2.249384626600000047e+04 1.477216298850000021e+04 -1.261681270869999935e+04 -1.305530617249999921e+02 1.503442173400000001e+02 -3.527925725769999872e+02
6.500000000000000222e-01 -2.248283986739999818e+04 1.474856934829999955e+04 -1.262481578450000052e+04 -1.304759566399999926e+02 1.496749238790000049e+02 -3.529536070899999913e+02
6.500000000000000222e-01 -2.247332344400000147e+04 1.471675344319999931e+04 -1.264748792639999920e+04 -1.300468936359999930e+02 1.507049839439999914e+02 -3.524952643269999726e+02
6.500000000000000222e-01 -2.240934602140000061e+04 1.473904430639999919e+04 -1.266238140580000072e+04 -1.305635259039999880e+02 1.491074371599999893e+02 -3.529805154119999884e+02
6.500000000000000222e-01 -2.250642464710000058e+04 1.476852670860000035e+04 -1.261995530839999992e+04 -1.309396849830000065e+02 1.499488532320000047e+02 -3.528954999979999911e+02
6.500000000000000222e-01 -2.234045748689999891e+04 1.467129467629999999e+04 -1.272054692120000072e+04 -1.295210933939999904e+02 1.492433259430000021e+02 -3.531068622440000127e+02
6.500000000000000222e-01 -2.257774750119999953e+04 1.478631734409999990e+04 -1.261791271729999971e+04 -1.301441220629999975e+02 1.495910109060000082e+02 -3.516808684659999926e+02
6.500000000000000222e-01 -2.250317542970000068e+04 1.473586529660000087e+04 -1.261938631220000025e+04 -1.304231941779999886e+02 1.495075235140000132e+02 -3.528696131720000153e+02
6.500000000000000222e-01 -2.247473613249999835e+04 1.473688965500000086e+04 -1.263796618929999931e+04 -1.304480489949999935e+02 1.499132207289999883e+02 -3.530342738319999967e+02
6.500000000000000222e-01 -2.254501411359999838e+04 1.485283786730000065e+04 -1.265242657350000081e+04 -1.311304968860000031e+02 1.496225803600000006e+02 -3.528560059810000098e+02
6.500000000000000222e-01 -2.261952621839999847e+04 1.477526088060000075e+04 -1.269169024259999969e+04 -1.306043805770000006e+02 1.500473594050000088e+02 -3.525225134749999825e+02
6.500000000000000222e-01 -2.237967244379999829e+04 1.470776190459999998e+04 -1.267471138369999971e+04 -1.302026672940000083e+02 1.493286552319999885e+02 -3.528172236629999929e+02
6.500000000000000222e-01 -2.239959469230000104e+04 1.476205560069999956e+04 -1.267232462640000085e+04 -1.303376644450000015e+02 1.484200590920000025e+02 -3.529351883570000155e+02
6.500000000000000222e-01 -2.251973274120000133e+04 1.472297640399999909e+04 -1.262169719489999989e+04 -1.296335324659999912e+02 1.503918421749999936e+02 -3.520993963500000064e+02
6.500000000000000222e-01 -2.250845486320000055e+04 1.471223518660000082e+04 -1.266080069449999974e+04 -1.299718878909999944e+02 1.507970730110000090e+02 -3.524181406390000006e+02
6.500000000000000222e-01 -2.246974788370000169e+04 1.469225437509999938e+04 -1.264339715059999980e+04 -1.295253833900000018e+02 1.504864779510000119e+02 -3.522652252220000264e+02
6.500000000000000222e-01 -2.241773788259999856e+04 1.474029099320000023e+04 -1.264511785720000080e+04 -1.299524087290000125e+02 1.492804303309999909e+02 -3.531518223169999828e+02
6.500000000000000222e-01 -2.254489945570000054e+04 1.484978066030000082e+04 -1.270868512109999938e+04 -1.307982166699999880e+02 1.490753105610000091e+02 -3.526967471759999739e+02
6.500000000000000222e-01 -2.248226981529999830e+04 1.476597924640000019e+04 -1.261697882559999925e+04 -1.303318068490000030e+02 1.501364214280000056e+02 -3.528350028899999984e+02
6.500000000000000222e-01 -2.248969508420000057e+04 1.472815318719999959e+04 -1.261832122510000045e+04 -1.303997879869999963e+02 1.490341337490000058e+02 -3.528873632309999948e+02
6.500000000000000222e-01 -2.234175251270000081e+04 1.467505759500000022e+04 -1.273359742080000069e+04 -1.295145095629999901e+02 1.492476464300000032e+02 -3.533405042790000152e+02
6.500000000000000222e-01 -2.253345835490000172e+04 1.475595805090000067e+04 -1.261618509799999993e+04 -1.311041303480000124e+02 1.496118272379999894e+02 -3.528613964090000081e+02
6.500000000000000222e-01 -2.238061319640000147e+04 1.477906698080000024e+04 -1.270362403049999921e+04 -1.302137447880000138e+02 1.484739458100000036e+02 -3.531158372790000044e+02
6.500000000000000222e-01 -2.249524695499999871e+04 1.481272164680000060e+04 -1.262900907860000007e+04 -1.306356619690000116e+02 1.498354598770000052e+02 -3.529885899899999799e+02
6.500000000000000222e-01 -2.250292499859999953e+04 1.475734175340000002e+04 -1.260579541059999974e+04 -1.301166027760000077e+02 1.490302003950000085e+02 -3.525190983709999841e+02
6.500000000000000222e-01 -2.246268971500000043e+04 1.465054587859999992e+04 -1.274500320470000042e+04 -1.294894909410000139e+02 1.503272163290000094e+02 -3.529237614259999987e+02
6.500000000000000222e-01 -2.235758660590000000e+04 1.471593318259999978e+04 -1.269518089990000044e+04 -1.302533391549999919e+02 1.491355212859999995e+02 -3.525748635499999750e+02
6.500000000000000222e-01 -2.231302231469999970e+04 1.473477614999999969e+04 -1.279894277610000063e+04 -1.298558365730000048e+02 1.485832774380000103e+02 -3.531021138070000234e+02
6.500000000000000222e-01 -2.236586723799999891e+04 1.474761355299999923e+04 -1.268699652360000073e+04 -1.304615013689999898e+02 1.485019324620000134e+02 -3.523745347629999856e+02
6.500000000000000222e-01 -2.249274961830000029e+04 1.474949689059999946e+04 -1.261848806379999951e+04 -1.309680362119999870e+02 1.488862359370000092e+02 -3.527553637880000110e+02
6.500000000000000222e-01 -2.244593495379999877e+04 1.478417340650000006e+04 -1.263357460390000051e+04 -1.301558182500000100e+02 1.495190559940000128e+02 -3.530437416629999916e+02
6.500000000000000222e-01 -2.247341229509999903e+04 1.474501840199999970e+04 -1.262663723369999934e+04 -1.309536914079999974e+02 1.491025590689999945e+02 -3.528386266229999819e+02
6.500000000000000222e-01 -2.245192909629999849e+04 1.472573399769999924e+04 -1.262994349169999987e+04 -1.300309339540000053e+02 1.492735609020000140e+02 -3.530241600850000054e+02
6.500000000000000222e-01 -2.252815330320000066e+04 1.485267548229999920e+04 -1.266412621109999964e+04 -1.309913345729999889e+02 1.494700693560000104e+02 -3.529171371119999776e+02
6.500000000000000222e-01 -2.243970390340000085e+04 1.470221549090000008e+04 -1.263708433230000082e+04 -1.298783218039999952e+02 1.491641977619999864e+02 -3.530689287440000044e+02
6.500000000000000222e-01 -2.259671513219999906e+04 1.478173336209999979e+04 -1.266301746230000026e+04 -1.301715186630000005e+02 1.498316823709999994e+02 -3.517601413529999945e+02
6.500000000000000222e-01 -2.252640013679999902e+04 1.476279182580000088e+04 -1.261003529110000090e+04 -1.302724026420000030e+02 1.499185119649999933e+02 -3.526342572070000188e+02
6.500000000000000222e-01 -2.250893635480000012e+04 1.474129699190000065e+04 -1.262182360359999984e+04 -1.300730809730000033e+02 1.506867579620000015e+02 -3.524126412040000105e+02
6.500000000000000222e-01 -2.252276383649999843e+04 1.481027477779999936e+04 -1.266222395959999994e+04 -1.303294264609999971e+02 1.486279007020000051e+02 -3.522039320750000115e+02
6.500000000000000222e-01 -2.247994153780000124e+04 1.477763019770000028e+04 -1.261286520569999993e+04 -1.301151053309999952e+02 1.499904333919999999e+02 -3.528004389769999989e+02
6.500000000000000222e-01 -2.238067004219999944e+04 1.468532474410000032e+04 -1.267970329309999943e+04 -1.298882190610000009e+02 1.499107682020000141e+02 -3.524251616089999857e+02
6.500000000000000222e-01 -2.237754974040000161e+04 1.467518057559999943e+04 -1.270033590010000080e+04 -1.296289080950000141e+02 1.493609153259999971e+02 -3.533288105359999918e+02
6.500000000000000222e-01 -2.247752608939999845e+04 1.476478667289999976e+04 -1.261518670399999974e+04 -1.300827953950000051e+02 1.499394284740000103e+02 -3.528321014590000004e+02
6.500000000000000222e-01 -2.259615052060000016e+04 1.478136381280000023e+04 -1.264331769619999977e+04 -1.307039119279999966e+02 1.498483541170000137e+02 -3.525483560330000046e+02
6.500000000000000222e-01 -2.252600413119999939e+04 1.476601638389999971e+04 -1.261602931659999922e+04 -1.306346638029999951e+02 1.496777327810000031e+02 -3.528149155890000088e+02
6.500000000000000222e-01 -2.259302380650000123e+04 1.474987287950000064e+04 -1.264830412450000040e+04 -1.305288717980000115e+02 1.502523756770000034e+02 -3.525164534450000247e+02
6.500000000000000222e-01 -2.259475776100000076e+04 1.476972550039999987e+04 -1.264819752030000018e+04 -1.300340521919999901e+02 1.500009047270000053e+02 -3.513750098579999985e+02
6.500000000000000222e-01 -2.248820673330000136e+04 1.482484956450000027e+04 -1.270052458830000069e+04 -1.304375333810000086e+02 1.484953039030000070e+02 -3.526675242950000211e+02
6.500000000000000222e-01 -2.249499658089999866e+04 1.473516791580000063e+04 -1.261241215109999939e+04 -1.304713618849999932e+02 1.491341761920000124e+02 -3.527933512380000138e+02
6.500000000000000222e-01 -2.253203104760000133e+04 1.477082077749999917e+04 -1.261533939830000054e+04 -1.306582517509999946e+02 1.496888170850000108e+02 -3.527861613009999928e+02
6.500000000000000222e-01 -2.250262607059999937e+04 1.475493979209999998e+04 -1.261828127540000060e+04 -1.308156079599999941e+02 1.491348131750000050e+02 -3.528460788660000276e+02
6.500000000000000222e-01 -2.248822953530000086e+04 1.476819351959999949e+04 -1.260545654579999973e+04 -1.299458627070000034e+02 1.501577823130000127e+02 -3.526145703569999910e+02
6.500000000000000222e-01 -2.249839348199999949e+04 1.478538314050000008e+04 -1.262023609969999961e+04 -1.305912571599999978e+02 1.497991372539999873e+02 -3.529119396749999851e+02
6.500000000000000222e-01 -2.243949811630000113e+04 1.476212362469999971e+04 -1.263173021499999959e+04 -1.300240874120000001e+02 1.494392902769999978e+02 -3.530407270609999841e+02
6.500000000000000222e-01 -2.254977721830000155e+04 1.478820926119999967e+04 -1.259945267469999999e+04 -1.302634571890000075e+02 1.492590390199999888e+02 -3.519850519920000238e+02
6.500000000000000222e-01 -2.248312107850000029e+04 1.475217588050000086e+04 -1.261876583840000058e+04 -1.303652439589999972e+02 1.490168254870000055e+02 -3.528337573719999796e+02
6.500000000000000222e-01 -2.248279495099999986e+04 1.478351052229999914e+04 -1.262395607620000010e+04 -1.307625093160000063e+02 1.483985761639999907e+02 -3.523438695799999891e+02
6.500000000000000222e-01 -2.249340793059999851e+04 1.476628354890000082e+04 -1.262065782580000086e+04 -1.306643034170000135e+02 1.499301725439999871e+02 -3.528936385690000179e+02
6.500000000000000222e-01 -2.237166125630000170e+04 1.470324800390000019e+04 -1.268052234180000050e+04 -1.301268644209999934e+02 1.493269177450000029e+02 -3.527811668289999716e+02
6.500000000000000222e-01 -2.244327367320000121e+04 1.474452638459999980e+04 -1.264129221130000042e+04 -1.308209891580000033e+02 1.491717786229999945e+02 -3.528800009409999916e+02
6.500000000000000222e-01 -2.238649054930000057e+04 1.479533836589999919e+04 -1.270776320940000005e+04 -1.302360556980000013e+02 1.486871272660000045e+02 -3.532422092080000198e+02
6.500000000000000222e-01 -2.251504073150000113e+04 1.471828375690000030e+04 -1.262765981459999966e+04 -1.296621433210000021e+02 1.506071324719999893e+02 -3.520178603100000032e+02
6.500000000000000222e-01 -2.248814382589999877e+04 1.471581065499999931e+04 -1.261727791400000024e+04 -1.303551375019999909e+02 1.489674637040000107e+02 -3.528627806470000223e+02
6.500000000000000222e-01 -2.257213408269999854e+04 1.476780223259999912e+04 -1.262354879380000057e+04 -1.309326825199999860e+02 1.498350586249999878e+02 -3.527831733080000163e+02
6.500000000000000222e-01 -2.250591999639999995e+04 1.482536994039999990e+04 -1.264277381889999924e+04 -1.309401192850000086e+02 1.486356998260000069e+02 -3.522129575889999842e+02
6.500000000000000222e-01 -2.245699226289999933e+04 1.478437319510000088e+04 -1.264652259559999948e+04 -1.309700930140000139e+02 1.487128235639999900e+02 -3.527045650979999891e+02
6.500000000000000222e-01 -2.252255777740000121e+04 1.468646704339999997e+04 -1.265657645989999946e+04 -1.299542846969999914e+02 1.499099057249999873e+02 -3.528018823940000175e+02
6.500000000000000222e-01 -2.246532908129999851e+04 1.473611901509999916e+04 -1.262504795759999979e+04 -1.301701089020000097e+02 1.493563310909999871e+02 -3.529726089119999983e+02
6.500000000000000222e-01 -2.247986559560000023e+04 1.477038924399999996e+04 -1.262310635499999989e+04 -1.308992269990000068e+02 1.485644414909999966e+02 -3.525515092669999717e+02
3.690000000000000000e+05 1.645634060999999974e+03 2.542263389289999850e+03 9.850469495820000532e+01 -5.728337662010000386e+00 6.318893653060000304e+01 -1.150627526439999997e+02
6.500000000000000222e-01 1.735257385090000071e+03 2.547615707790000215e+03 -5.343253802379999797e+02 -1.476847556469999923e+01 4.645516813590000282e+01 -6.054246721279999832e+01
6.500000000000000222e-01 1.721212068829999907e+03 2.652722308259999863e+03 1.920777602450000074e+02 3.872177609460000003e+00 7.486206807080000658e+01 -1.104030785970000039e+02
6.500000000000000222e-01 1.642430071989999988e+03 2.558858679080000002e+03 -5.393334298409999974e+02 -2.140921380949999886e+01 4.265802503199999762e+01 -6.139870852010000135e+01
6.500000000000000222e-01 1.708816030140000066e+03 2.482320219589999851e+03 -4.543095100040000034e+02 -2.596550705119999947e+01 3.164287158890000029e+01 -7.913990519220000408e+01
6.500000000000000222e-01 1.704431529310000087e+03 2.473661296740000125e+03 -6.075990159699999822e+02 -3.015731876990000160e+01 2.518734899729999910e+01 -4.848366256570000132e+01
6.500000000000000222e-01 1.847124531700000034e+03 2.461784664060000068e+03 1.222041075940000070e+02 1.373398346109999935e+01 8.698199486469999897e+01 -1.086813386139999977e+02
6.500000000000000222e-01 1.606263664889999973e+03 2.590707353580000017e+03 -5.162780256580000469e+02 -2.267743031290000033e+01 4.103550150499999916e+01 -6.667939967569999737e+01
6.500000000000000222e-01 1.644737505549999923e+03 2.559407210639999903e+03 -5.401481730790000029e+02 -2.131753790550000005e+01 4.303031202769999908e+01 -6.132361305469999735e+01
6.500000000000000222e-01 1.751972970100000111e+03 2.509475204320000103e+03 -5.563796336719999545e+02 -2.330795942510000174e+01 3.049672235079999894e+01 -5.677465605689999961e+01
6.500000000000000222e-01 1.782127102420000028e+03 2.456615925170000082e+03 -3.553836690829999725e+02 -1.869751390400000091e+01 3.795709125719999832e+01 -9.070027814079999473e+01
6.500000000000000222e-01 1.762622508299999936e+03 2.542029888630000187e+03 -5.480202797819999887e+02 -1.075681633589999997e+01 4.721600490320000176e+01 -5.658597215639999689e+01
6.500000000000000222e-01 1.538835713630000100e+03 2.537790803020000112e+03 -4.231479212200000006e+02 -3.223345196660000056e+01 2.009308247210000076e+01 -8.493724158679999903e+01
6.500000000000000222e-01 1.690111040049999929e+03 2.508894565680000142e+03 -6.048154593269999850e+02 -2.795203903199999829e+01 2.599120048569999852e+01 -4.626829292410000249e+01
6.500000000000000222e-01 1.449730460049999920e+03 2.610435538149999957e+03 -2.714526619679999726e+02 -2.549926772110000073e+01 3.413391354910000075e+01 -1.021693990130000032e+02
6.500000000000000222e-01 1.768018658239999922e+03 2.530657071350000024e+03 -5.747714345419999518e+02 -1.602514765049999923e+01 4.233482862809999858e+01 -5.154305965070000184e+01
6.500000000000000222e-01 1.774681106839999984e+03 2.500009750260000146e+03 -6.135124772310000481e+02 -1.996643227190000047e+01 3.567713283270000346e+01 -4.099347612020000042e+01
6.500000000000000222e-01 1.703307896269999901e+03 2.536132089079999787e+03 -5.762524869879999869e+02 -2.146989181649999878e+01 4.164073716650000279e+01 -5.389295699459999867e+01
6.500000000000000222e-01 1.773583071219999965e+03 2.511425564380000196e+03 -5.617769696179999528e+02 -1.659425590940000106e+01 4.337122290479999975e+01 -5.498440841490000253e+01
6.500000000000000222e-01 1.560052097839999988e+03 2.573229890279999836e+03 -5.412272863379999990e+02 -2.940102253799999943e+01 2.725705365789999846e+01 -6.359522195489999774e+01
6.500000000000000222e-01 1.755679200410000021e+03 2.516019025699999929e+03 -5.615640208309999934e+02 -1.884251657660000134e+01 4.512561513109999822e+01 -5.705074927740000135e+01
6.500000000000000222e-01 1.751142944599999964e+03 2.485971484180000061e+03 -4.072867715379999822e+02 -1.511547483959999916e+01 5.390667436910000276e+01 -8.274641029510000578e+01
6.500000000000000222e-01 1.650127712429999974e+03 2.585790576320000127e+03 -5.002737213899999915e+02 -1.665741117540000005e+01 4.580690167889999742e+01 -6.793782672470000250e+01
6.500000000000000222e-01 1.656570610360000046e+03 2.584765980529999979e+03 -5.141571751100000256e+02 -1.744241770880000075e+01 4.541742370400000084e+01 -6.568377653539999983e+01
6.500000000000000222e-01 1.770482849980000083e+03 2.524324096889999964e+03 -6.018869205180000108e+02 -1.552307108279999959e+01 3.951580756250000093e+01 -4.387595752229999846e+01
6.500000000000000222e-01 1.753314846609999904e+03 2.499280203490000076e+03 -6.108873855230000345e+02 -2.024245384019999960e+01 3.925673195440000285e+01 -4.337375897279999748e+01
6.500000000000000222e-01 1.769427088740000045e+03 2.505037811629999851e+03 1.087468924949999973e+02 8.401455510270000815e+00 8.605931076550000114e+01 -1.095456477940000042e+02
6.500000000000000222e-01 1.581095897780000087e+03 2.551322963069999787e+03 -5.423149065909999536e+02 -3.018398992890000088e+01 2.372493370740000174e+01 -6.315367212320000334e+01
6.500000000000000222e-01 1.614115297419999933e+03 2.562177204470000106e+03 -5.110859720029999949e+02 -2.206708974000000012e+01 3.549935900980000270e+01 -6.562227344480000113e+01
6.500000000000000222e-01 1.804279879279999932e+03 2.479699404980000054e+03 -6.216866066379999438e+02 -1.876682298600000109e+01 3.645842149410000133e+01 -3.777748022690000340e+01
6.500000000000000222e-01 1.856042464899999914e+03 2.455058575869999913e+03 -5.241745698529999800e+02 -1.633445030300000056e+01 3.801959567059999756e+01 -6.238839174510000163e+01
6.500000000000000222e-01 1.660913999580000109e+03 2.559541061960000206e+03 -5.538621652309999490e+02 -2.264945798780000175e+01 4.106815826350000265e+01 -5.919180053499999872e+01
6.500000000000000222e-01 1.687239249089999930e+03 2.463278832880000209e+03 6.145980342169999631e+02 2.087050023970000012e+01 9.908243852770000615e+01 -7.787346076999999411e+01
6.500000000000000222e-01 1.826798088349999944e+03 2.480004196070000035e+03 -5.780576659470000322e+02 -1.744257883910000118e+01 3.756909526860000170e+01 -5.016652958529999751e+01
6.500000000000000222e-01 1.795219616469999892e+03 2.484168771050000032e+03 -5.962455633280000029e+02 -1.732926551619999955e+01 4.037341338059999885e+01 -4.593148841949999905e+01
6.500000000000000222e-01 1.699414577199999940e+03 2.546121362010000212e+03 -6.158570688959999870e+02 -2.084756176659999838e+01 3.569004452509999936e+01 -4.240269194529999908e+01
6.500000000000000222e-01 1.777521623170000112e+03 2.507288900470000044e+03 -5.286574618769999461e+02 -1.474028380839999919e+01 4.815529063030000145e+01 -6.203857459209999803e+01
6.500000000000000222e-01 1.762458390270000109e+03 2.502543664150000041e+03 -5.562047458020000477e+02 -2.113873730599999945e+01 3.841914838150000122e+01 -5.787403320549999819e+01
6.500000000000000222e-01 1.766224771169999940e+03 2.518293673059999946e+03 -5.681380438730000151e+02 -2.053279268169999838e+01 3.573651729209999672e+01 -5.369210338770000135e+01
6.500000000000000222e-01 1.514550539750000098e+03 2.494989879320000000e+03 -2.480978505230000053e+02 -2.944960399609999868e+01 3.361429602230000313e+01 -1.058959115029999936e+02
6.500000000000000222e-01 1.829330226280000034e+03 2.469357559269999911e+03 1.875615134239999975e+02 1.882209393389999974e+01 9.646508617560000687e+01 -1.048950851390000025e+02
6.500000000000000222e-01 1.815340624919999982e+03 2.495351623309999923e+03 -4.864243251969999733e+02 -1.267023123939999962e+01 5.411201765180000223e+01 -7.012985351320000404e+01
6.500000000000000222e-01 1.714261980589999894e+03 2.533916651129999991e+03 -5.734355031479999525e+02 -1.981547678069999918e+01 4.129497828659999925e+01 -5.339205504499999932e+01
6.500000000000000222e-01 1.763631677820000050e+03 2.470628070879999996e+03 -5.765766800710000552e+02 -2.552269931969999917e+01 2.636576669989999999e+01 -5.279624572790000059e+01
6.500000000000000222e-01 1.768399063289999958e+03 2.505528069710000182e+03 -5.283577125599999817e+02 -1.269110969559999980e+01 4.656553272130000209e+01 -5.997122951610000285e+01
6.500000000000000222e-01 1.785244363519999979e+03 2.511715335779999805e+03 -5.767394899839999880e+02 -1.839255763659999943e+01 3.831179811190000351e+01 -5.111691659049999714e+01
6.500000000000000222e-01 1.758822899259999986e+03 2.515697169680000115e+03 -5.580042428530000507e+02 -1.859485286989999864e+01 4.341413707550000112e+01 -5.709780208720000161e+01
6.500000000000000222e-01 1.651851466459999983e+03 2.561007932770000025e+03 -5.472905437639999491e+02 -2.520252407519999949e+01 3.486878059989999912e+01 -6.064279577909999830e+01
6.500000000000000222e-01 1.789190916009999910e+03 2.486822447089999969e+03 -5.819232949720000079e+02 -1.921890358779999985e+01 4.395110171919999686e+01 -5.302526268500000128e+01
6.500000000000000222e-01 1.837630981380000094e+03 2.440070572369999809e+03 -5.783076745370000253e+02 -2.058674455550000104e+01 3.593644587040000005e+01 -5.355933367619999785e+01
6.500000000000000222e-01 1.862690761889999976e+03 2.455803837840000142e+03 1.293364331989999982e+02 2.456189108719999936e+01 1.005213345060000023e+02 -1.056342908940000029e+02
6.500000000000000222e-01 1.690933924310000066e+03 2.474881593630000225e+03 -5.998316485589999729e+02 -3.084158616370000061e+01 2.365395181659999935e+01 -5.091423892979999977e+01
6.500000000000000222e-01 1.693122050270000045e+03 2.548519244210000124e+03 -5.802417269589999478e+02 -1.998093165230000068e+01 3.514358680910000032e+01 -5.103154568480000108e+01
6.500000000000000222e-01 1.733268062449999888e+03 2.514046800369999801e+03 -5.889523887840000498e+02 -1.955643376529999955e+01 4.144487977189999839e+01 -4.943918216489999651e+01
6.500000000000000222e-01 1.849708013050000091e+03 2.452173529770000187e+03 -4.552438594629999784e+02 -1.532782832430000042e+01 3.983166657350000150e+01 -7.477153466759999390e+01
6.500000000000000222e-01 1.817088408509999908e+03 2.473409154920000219e+03 -4.917068986200000040e+02 -1.868886862129999926e+01 3.442122553819999808e+01 -6.869083281429999488e+01
6.500000000000000222e-01 1.831803226960000075e+03 2.516858605519999855e+03 -2.631888768179999971e+01 1.240417777040000047e+01 8.550913328389999890e+01 -1.079726554349999930e+02
6.500000000000000222e-01 1.823115274530000079e+03 2.462347192310000082e+03 -3.890735215799999764e+02 -1.414410919150000012e+01 4.318482221349999861e+01 -8.399834575180000229e+01
6.500000000000000222e-01 1.753848237239999889e+03 2.461044500479999897e+03 -2.573537120589999745e+02 -1.672674240090000097e+01 4.289622077250000132e+01 -1.005651262269999933e+02
6.500000000000000222e-01 1.863339731219999976e+03 2.447816181770000185e+03 -5.071779547930000263e+02 -1.511895399329999989e+01 4.157662469649999792e+01 -6.629714931860000604e+01
6.500000000000000222e-01 1.800392805769999995e+03 2.511270277369999803e+03 -5.843949850290000541e+02 -1.382038020569999937e+01 4.231003713150000323e+01 -4.794388356240000348e+01
6.500000000000000222e-01 1.748517251060000035e+03 2.522878616609999881e+03 -5.770812836379999453e+02 -1.899489223899999857e+01 4.056318708029999698e+01 -5.199685500729999887e+01
6.500000000000000222e-01 1.752178060709999954e+03 2.514150416120000045e+03 -6.290915060519999997e+02 -1.985966168930000109e+01 3.384640258999999674e+01 -3.584453849359999822e+01
6.500000000000000222e-01 1.738234483089999912e+03 2.521451214010000058e+03 -5.592489957909999703e+02 -2.324607594509999942e+01 3.193318311459999848e+01 -5.636364031659999796e+01
6.500000000000000222e-01 1.806635275359999923e+03 2.494252288740000040e+03 1.315765809629999978e+02 1.059162856110000028e+01 8.582314691899999559e+01 -1.086428648490000057e+02
6.500000000000000222e-01 1.759398018979999961e+03 2.488649193730000206e+03 -5.679498173590000079e+02 -1.879264357839999988e+01 4.006022625960000028e+01 -5.295288354710000078e+01
6.500000000000000222e-01 1.675779627740000024e+03 2.542104172719999951e+03 -6.162253707549999717e+02 -2.298564540940000001e+01 3.148359562190000105e+01 -4.299038733830000325e+01
6.500000000000000222e-01 1.854615103780000027e+03 2.533343582009999864e+03 -1.621324599309999996e+02 8.549095900799999370e+00 7.503243738689999986e+01 -1.021180813569999941e+02
6.500000000000000222e-01 1.733652224870000055e+03 2.506883749820000048e+03 -6.118114122199999656e+02 -2.219969108349999942e+01 3.864383465859999944e+01 -4.438661887309999798e+01
6.500000000000000222e-01 1.738060697240000081e+03 2.475980654210000012e+03 -4.637857435939999959e+02 -2.073397831040000128e+01 3.818222832160000024e+01 -7.377009513679999486e+01
6.500000000000000222e-01 1.743671532849999949e+03 2.528427148060000036e+03 -5.625367363179999529e+02 -1.953731226420000056e+01 4.183762443989999724e+01 -5.608934729050000101e+01
6.500000000000000222e-01 1.564576880930000016e+03 2.557314237609999964e+03 -5.116557392770000092e+02 -3.085708132259999914e+01 2.391831829239999863e+01 -6.946855148029999327e+01
6.500000000000000222e-01 1.702110566020000078e+03 2.505444821649999994e+03 -6.498332396309999694e+02 -2.597361177979999880e+01 2.710739088489999915e+01 -2.977415119509999997e+01
6.500000000000000222e-01 1.754101752929999975e+03 2.488367282849999810e+03 -6.319642188010000154e+02 -2.230857667289999924e+01 3.629156539259999903e+01 -3.707692879769999905e+01
6.500000000000000222e-01 1.798342304349999949e+03 2.474151113970000097e+03 -3.755213389890000144e+02 -1.528562630190000071e+01 4.260399416189999755e+01 -8.603934370490000560e+01
6.500000000000000222e-01 1.652969605989999991e+03 2.563504366539999864e+03 -5.491685037109999712e+02 -2.292549828639999987e+01 4.021968122559999870e+01 -6.012331243260000235e+01
6.500000000000000222e-01 1.817373706600000105e+03 2.480700383270000202e+03 -5.382303879139999481e+02 -1.497071953020000024e+01 4.348841714640000333e+01 -5.925347783790000022e+01
6.500000000000000222e-01 1.769099282829999993e+03 2.503522346440000092e+03 -5.901650842679999869e+02 -1.985580226149999916e+01 3.869062624290000230e+01 -4.880413892400000009e+01
6.500000000000000222e-01 1.640507578729999977e+03 2.529848845410000195e+03 -6.223270783880000181e+02 -2.888670140560000021e+01 2.557083284320000161e+01 -4.216477285060000213e+01
6.500000000000000222e-01 1.775813345340000069e+03 2.485336381730000085e+03 -6.288551102789999732e+02 -2.076757165880000144e+01 3.581258742920000060e+01 -3.658832855840000065e+01
6.500000000000000222e-01 1.740604416970000102e+03 2.524077065280000170e+03 -5.656875230319999446e+02 -1.982468156439999873e+01 4.280494123150000263e+01 -5.586832867479999720e+01
6.500000000000000222e-01 1.695913623809999990e+03 2.527176171170000089e+03 -5.857358881300000348e+02 -2.566838125570000173e+01 3.044178170169999831e+01 -5.107510969140000157e+01
6.500000000000000222e-01 1.810108196169999928e+03 2.502272633179999957e+03 5.248142561190000066e+01 8.604740706459999444e+00 8.236150617890000092e+01 -1.099451157639999934e+02
6.500000000000000222e-01 1.657077257709999913e+03 2.480486838480000188e+03 -5.561559572339999704e+02 -3.122119923329999835e+01 2.090704064899999892e+01 -6.227206018839999757e+01
6.500000000000000222e-01 1.621591099870000107e+03 2.503000315360000059e+03 -5.238163570450000179e+02 -3.203168755909999987e+01 2.158743851770000077e+01 -6.823634477640000284e+01
6.500000000000000222e-01 1.796228057000000035e+03 2.454303602779999892e+03 -4.793528316090000203e+02 -2.163225986679999835e+01 3.115281158610000034e+01 -7.252787888519999626e+01
6.500000000000000222e-01 1.618042886310000085e+03 2.542804055760000210e+03 3.300365732239999943e+02 9.136830343530000675e+00 8.945282938649999949e+01 -1.005822072290000051e+02
6.500000000000000222e-01 1.615216380439999966e+03 2.505792160049999893e+03 -5.605794450849999748e+02 -3.261157702759999921e+01 2.030616739030000062e+01 -6.066303007249999979e+01
6.500000000000000222e-01 1.730861153750000085e+03 2.537233185950000006e+03 -5.577746096289999969e+02 -2.044547783160000165e+01 4.067964697010000208e+01 -5.727061628250000069e+01
6.500000000000000222e-01 1.812101418779999904e+03 2.485622309689999838e+03 -5.801572533680000561e+02 -1.664058589489999918e+01 4.036723242019999702e+01 -4.992393303539999749e+01
6.500000000000000222e-01 1.691650957450000078e+03 2.493496645140000055e+03 -3.889970158259999948e+02 -2.552310232339999985e+01 2.844625929180000057e+01 -8.744289472520000572e+01
6.500000000000000222e-01 1.638529266459999917e+03 2.565119971409999835e+03 -5.512262517289999550e+02 -2.408444354959999956e+01 3.456445810470000168e+01 -5.932032521379999679e+01
6.500000000000000222e-01 1.561472843250000096e+03 2.576278506990000096e+03 -5.400081411820000312e+02 -2.747055771240000155e+01 2.842915022869999930e+01 -6.412441978399999698e+01
6.500000000000000222e-01 1.625437053729999889e+03 2.568437796919999982e+03 -5.238045873080000092e+02 -2.161579192430000163e+01 4.298734723359999776e+01 -6.455342939290000004e+01
6.500000000000000222e-01 1.651867647690000013e+03 2.545601630690000093e+03 -5.348320407879999721e+02 -2.129194645930000007e+01 3.707900952619999657e+01 -6.052776635800000093e+01
6.500000000000000222e-01 1.840125331380000034e+03 2.493153019049999784e+03 2.201074612920000106e+01 1.517721507989999985e+01 9.020020318059999909e+01 -1.085505929659999964e+02
6.500000000000000222e-01 1.795846758590000036e+03 2.478864273499999854e+03 -5.976109392020000541e+02 -2.141491322679999953e+01 3.358348745130000168e+01 -4.628190484999999654e+01
6.500000000000000222e-01 1.667214236790000086e+03 2.483153556780000144e+03 -5.410399567749999505e+02 -2.641755334540000177e+01 3.098102207910000061e+01 -5.939293857709999713e+01
6.500000000000000222e-01 1.691337332359999891e+03 2.542829042110000046e+03 -6.203230579390000230e+02 -2.251396008529999904e+01 3.399212411039999893e+01 -4.115341905260000033e+01
6.500000000000000222e-01 1.790967544130000078e+03 2.462076432840000052e+03 -5.716042576910000435e+02 -2.380177797840000053e+01 2.830142573050000010e+01 -5.357754085589999704e+01
6.500000000000000222e-01 1.915353004360000114e+03 2.433657661480000115e+03 -1.231730431090000089e+01 1.772721255620000136e+01 8.988843375380000111e+01 -1.089279807540000036e+02
