3.450000000000000000e+05 3.372681082330000208e+03 -4.899060729599999831e+03 -7.087930771489999643e+03 -1.217440281110000058e+02 3.367823826909999951e+01 -3.568563801820000236e+01
6.500000000000000222e-01 3.285974819980000120e+03 -4.810275827679999566e+03 -6.825524373860000196e+03 -1.220850791139999956e+02 3.432546879830000108e+01 -3.471968854099999646e+01
6.500000000000000222e-01 3.198902728009999919e+03 -5.019078762389999611e+03 -7.272605537419999564e+03 -1.212831605249999996e+02 3.365819059369999877e+01 -3.493315518200000014e+01
6.500000000000000222e-01 3.562382426879999912e+03 -4.825262891719999971e+03 -6.897138297129999955e+03 -1.220061715859999936e+02 3.412717593450000209e+01 -3.709137761099999864e+01
6.500000000000000222e-01 3.354302392179999970e+03 -5.011870077710000260e+03 -7.356931159009999647e+03 -1.209271111110000021e+02 3.066489382860000035e+01 -3.574007196000000164e+01
6.500000000000000222e-01 3.484623407040000075e+03 -5.098812018309999985e+03 -7.251390234600000440e+03 -1.217802702470000042e+02 3.376759359209999900e+01 -3.639069044739999725e+01
6.500000000000000222e-01 3.469523016470000130e+03 -4.679154292719999830e+03 -7.223888902960000451e+03 -1.227288686640000037e+02 3.135539561830000110e+01 -3.728097867320000347e+01
6.500000000000000222e-01 3.150631467929999872e+03 -4.795051307929999894e+03 -7.219943922229999771e+03 -1.200425190490000062e+02 3.316421508660000228e+01 -3.611870932360000097e+01
6.500000000000000222e-01 3.535455378390000078e+03 -4.723541073950000282e+03 -7.224469160010000451e+03 -1.223311829080000024e+02 3.107057751989999872e+01 -3.701722739329999712e+01
6.500000000000000222e-01 3.149783080319999954e+03 -4.825652974169999652e+03 -6.908372204729999794e+03 -1.214021791669999999e+02 3.493066559460000065e+01 -3.370463695269999960e+01
6.500000000000000222e-01 3.105710691409999981e+03 -4.916791889459999766e+03 -6.999921850789999553e+03 -1.202715263690000000e+02 3.473783400199999960e+01 -3.253940043130000248e+01
6.500000000000000222e-01 3.198683505340000011e+03 -5.040607536659999823e+03 -7.256084138960000018e+03 -1.213855361039999963e+02 3.315094073659999907e+01 -3.434552312900000004e+01
6.500000000000000222e-01 3.449634716630000185e+03 -4.918471049669999957e+03 -6.819999440620000314e+03 -1.240361528920000040e+02 3.526237546950000024e+01 -3.554181930709999904e+01
6.500000000000000222e-01 3.311514564109999810e+03 -4.745856994079999822e+03 -7.320330862560000242e+03 -1.216724080439999938e+02 3.245870770959999874e+01 -3.563009276639999712e+01
6.500000000000000222e-01 3.229617446000000200e+03 -4.844522220419999940e+03 -7.319017870570000014e+03 -1.187417487090000066e+02 3.215745767979999670e+01 -3.662086585560000174e+01
6.500000000000000222e-01 3.519914190649999910e+03 -4.857116441529999975e+03 -6.856957494620000034e+03 -1.235357110700000050e+02 3.448746618900000271e+01 -3.590647598129999807e+01
6.500000000000000222e-01 3.251835293990000082e+03 -5.112336210129999927e+03 -7.227294777439999962e+03 -1.197018805710000038e+02 3.480449713849999682e+01 -3.846383404360000213e+01
6.500000000000000222e-01 3.154997185409999929e+03 -4.969596736249999594e+03 -7.242493817599999602e+03 -1.212999774089999931e+02 3.316439039779999831e+01 -3.369275663009999988e+01
6.500000000000000222e-01 3.378134219619999840e+03 -4.994701685910000378e+03 -6.828425448089999918e+03 -1.233096098869999935e+02 3.737897936779999952e+01 -3.512961163229999784e+01
6.500000000000000222e-01 3.267972142959999928e+03 -4.967628702750000230e+03 -6.831315894280000066e+03 -1.203134191489999978e+02 3.602569977329999773e+01 -3.428161064289999871e+01
6.500000000000000222e-01 3.421379073359999893e+03 -4.819338075880000360e+03 -7.353084454670000014e+03 -1.207895051560000041e+02 3.046296316820000172e+01 -3.618869883509999852e+01
6.500000000000000222e-01 3.172708914700000150e+03 -4.729033809100000326e+03 -7.196587003339999683e+03 -1.216792680030000042e+02 3.381295932230000290e+01 -3.340225197489999687e+01
6.500000000000000222e-01 3.223470578219999879e+03 -4.711868174090000139e+03 -7.230346096039999793e+03 -1.205707842160000069e+02 3.213663323770000346e+01 -3.639767887539999691e+01
6.500000000000000222e-01 3.489670580959999825e+03 -4.731656353780000245e+03 -6.891193250569999691e+03 -1.246016005710000059e+02 3.301539451589999885e+01 -3.355312525379999755e+01
6.500000000000000222e-01 3.596869483479999872e+03 -4.918233398110000053e+03 -6.930332611310000175e+03 -1.236163382449999943e+02 3.385642257460000337e+01 -3.587402286519999706e+01
6.500000000000000222e-01 3.588692848499999855e+03 -4.890327615670000341e+03 -6.918731951450000452e+03 -1.229691627410000052e+02 3.389590550460000173e+01 -3.676282428969999927e+01
6.500000000000000222e-01 3.349830182919999970e+03 -5.117674989160000223e+03 -6.915754715729999589e+03 -1.210751270469999952e+02 3.591643937359999939e+01 -3.474514558229999750e+01
6.500000000000000222e-01 3.245794585759999791e+03 -4.744554404980000072e+03 -7.288722153140000046e+03 -1.221358286340000063e+02 3.401381708769999790e+01 -3.391106809650000287e+01
6.500000000000000222e-01 3.182125616220000211e+03 -5.086189378109999780e+03 -7.159599100739999813e+03 -1.208522193329999936e+02 3.407596739499999927e+01 -3.398023228480000313e+01
6.500000000000000222e-01 3.265630003100000067e+03 -4.650547008509999614e+03 -7.182037992350000422e+03 -1.221220577480000031e+02 3.315380060609999902e+01 -3.458391907050000214e+01
6.500000000000000222e-01 3.242808879619999971e+03 -5.044090883060000124e+03 -6.885773163609999756e+03 -1.226113045959999965e+02 3.398105715359999834e+01 -3.706695405869999860e+01
6.500000000000000222e-01 3.557266765119999945e+03 -4.735069217549999848e+03 -6.963473081250000178e+03 -1.228931617810000034e+02 3.252576782690000101e+01 -3.534499930049999961e+01
6.500000000000000222e-01 3.139753746190000129e+03 -4.985188046749999558e+03 -6.954800553989999571e+03 -1.221470894490000063e+02 3.471195422849999801e+01 -3.700129533230000334e+01
6.500000000000000222e-01 3.098384808750000047e+03 -4.935312943490000180e+03 -7.094072345880000285e+03 -1.206155982660000063e+02 3.429299060240000330e+01 -3.265542732619999811e+01
6.500000000000000222e-01 3.434923270090000187e+03 -4.853851900349999596e+03 -7.364216170810000222e+03 -1.226262949869999943e+02 3.161046148950000045e+01 -3.656890259000000043e+01
6.500000000000000222e-01 3.259477434179999818e+03 -4.641480101309999554e+03 -7.046784139440000217e+03 -1.218780552180000001e+02 3.303079892579999921e+01 -3.212339314350000308e+01
6.500000000000000222e-01 3.365400476820000222e+03 -4.621074007359999996e+03 -7.130048837880000065e+03 -1.225915200630000044e+02 3.285337156960000016e+01 -3.439707322529999800e+01
6.500000000000000222e-01 3.408356998390000172e+03 -4.778510602489999656e+03 -7.331502799029999551e+03 -1.203605587179999930e+02 3.058713429379999837e+01 -3.579337921789999655e+01
6.500000000000000222e-01 3.444825280970000222e+03 -4.790327512079999906e+03 -6.834052732469999683e+03 -1.228936349079999957e+02 3.284466222569999871e+01 -3.471419994699999734e+01
6.500000000000000222e-01 3.239852314620000016e+03 -5.013154387769999630e+03 -6.868720567100000153e+03 -1.220615386000000058e+02 3.665630329039999680e+01 -3.504312284000000233e+01
6.500000000000000222e-01 3.442912063929999931e+03 -4.716868091889999960e+03 -6.877426712710000174e+03 -1.223797703320000068e+02 3.523451584530000247e+01 -3.625503964520000011e+01
9.810000000000000000e+05 8.282863932089999435e+04 -1.315846242389999929e+02 3.489769290139999794e+04 -1.046637266009999934e+01 2.647988919959999876e+01 -5.305704730690000304e+01
6.500000000000000222e-01 8.336717972139999620e+04 -1.544586354490000076e+03 3.683668802300000243e+04 -9.683838811759999388e+00 2.559796341199999858e+01 -5.342410312869999700e+01
6.500000000000000222e-01 8.441010654789999535e+04 1.173024867020000102e+03 3.355017930119999801e+04 -1.077573702119999943e+01 2.584520080109999896e+01 -5.394888292350000114e+01
6.500000000000000222e-01 8.352853174489999947e+04 -1.666221738539999933e+03 3.667970272890000342e+04 -1.074115861830000007e+01 2.738056108689999846e+01 -5.217451030179999805e+01
6.500000000000000222e-01 8.041292054760000610e+04 -2.946513583060000201e+02 3.449490566730000137e+04 -1.062814688599999968e+01 2.650013352510000075e+01 -5.290913805390000135e+01
6.500000000000000222e-01 8.452439983599999687e+04 1.459937031530000013e+03 3.411684171429999697e+04 -1.023411539309999974e+01 2.677980012700000145e+01 -5.181311132849999979e+01
6.500000000000000222e-01 8.174052031690000149e+04 2.064344574530000045e+03 3.498455746679999720e+04 -1.046742725840000077e+01 2.634996310729999891e+01 -5.347986703579999812e+01
6.500000000000000222e-01 8.230839866900000197e+04 4.693220387160000087e+02 3.721779375799999980e+04 -9.541095855840000084e+00 2.547100354479999851e+01 -5.271960149579999921e+01
6.500000000000000222e-01 8.280125937820000399e+04 2.320892220719999841e+03 3.487871837519999826e+04 -1.045886430110000020e+01 2.636068119580000157e+01 -5.346873044889999704e+01
6.500000000000000222e-01 8.262612791539999307e+04 7.625773738169999660e+02 3.262052039869999862e+04 -1.063532892509999961e+01 2.580713877779999876e+01 -5.337633065579999680e+01
6.500000000000000222e-01 8.174634352609999769e+04 -1.496636528379999902e+02 3.269559149669999897e+04 -1.038703317839999940e+01 2.649354085610000098e+01 -5.313219090529999988e+01
6.500000000000000222e-01 8.458616326560000016e+04 -1.272394644349999908e+03 3.362949459070000012e+04 -1.034164125030000037e+01 2.655194996239999838e+01 -5.227117391190000006e+01
6.500000000000000222e-01 8.224735218269999314e+04 -9.274121688559999654e+01 3.728041755430000194e+04 -1.035760563750000074e+01 2.649385302479999993e+01 -5.313020682909999692e+01
6.500000000000000222e-01 8.185328936890000477e+04 -1.982821597670000074e+03 3.618214583249999851e+04 -9.914489285209999281e+00 2.609601880740000013e+01 -5.304223754040000216e+01
6.500000000000000222e-01 8.250925033840000106e+04 -2.475107491000000209e+03 3.423763823720000073e+04 -1.022207213179999918e+01 2.657329266229999831e+01 -5.389994697089999676e+01
6.500000000000000222e-01 8.119420864670000446e+04 -1.951401179290000073e+03 3.508746895059999952e+04 -1.043028910810000021e+01 2.658636820499999942e+01 -5.201835048379999904e+01
6.500000000000000222e-01 8.399506794690000243e+04 -2.097778761630000190e+03 3.402502221719999943e+04 -1.070419162429999993e+01 2.675707992530000112e+01 -5.251359953600000097e+01
6.500000000000000222e-01 8.516526453430000402e+04 4.792543511619999776e+02 3.533662875740000163e+04 -1.020923304159999923e+01 2.642640300089999883e+01 -5.355594219740000028e+01
6.500000000000000222e-01 8.526864405570000235e+04 1.235537849720000025e+02 3.496014413120000245e+04 -1.038081393929999940e+01 2.647109413489999952e+01 -5.278180159450000275e+01
6.500000000000000222e-01 8.169728998119999596e+04 -1.606603052650000109e+03 3.329505519959999947e+04 -9.900340059390000391e+00 2.631659327310000052e+01 -5.340967075839999723e+01
6.500000000000000222e-01 8.192809238600000390e+04 6.456014970290000292e+02 3.704562841599999956e+04 -1.013507406599999960e+01 2.623618904710000166e+01 -5.273654162519999744e+01
6.500000000000000222e-01 8.197547204639999836e+04 1.189835868780000055e+03 3.301101186679999955e+04 -1.130265320310000021e+01 2.742431503479999932e+01 -5.228905008689999789e+01
6.500000000000000222e-01 8.437005684600000677e+04 -1.627911480609999899e+03 3.370232749260000128e+04 -1.036434682670000029e+01 2.645539479139999983e+01 -5.358243541320000247e+01
6.500000000000000222e-01 8.382903019689999928e+04 -2.356567361939999955e+03 3.515174073840000347e+04 -1.038223372430000069e+01 2.647137980260000134e+01 -5.430904251660000170e+01
6.500000000000000222e-01 8.289678199109999696e+04 1.308247471820000101e+03 3.290953837650000060e+04 -1.086277669959999947e+01 2.763884003429999936e+01 -5.238500698810000245e+01
6.500000000000000222e-01 8.475044797290000133e+04 -1.519932766469999933e+03 3.554223875189999671e+04 -1.005361659339999925e+01 2.626291680270000128e+01 -5.367916863890000201e+01
6.500000000000000222e-01 8.155802854030000162e+04 1.636399230040000020e+03 3.601835003880000295e+04 -9.938068992330000739e+00 2.575648348220000017e+01 -5.220190188960000199e+01
6.500000000000000222e-01 8.437246210479999718e+04 -1.455530260839999983e+03 3.626209815700000036e+04 -1.031892662029999919e+01 2.654436856230000075e+01 -5.372333335409999933e+01
6.500000000000000222e-01 8.439396411469999293e+04 7.866130614109999897e+02 3.324828911959999823e+04 -1.004336766730000008e+01 2.699527973520000046e+01 -5.217725943720000004e+01
6.500000000000000222e-01 8.244845155050000176e+04 -4.292175475349999942e+02 3.249237856409999949e+04 -1.146919227240000083e+01 2.594328456330000066e+01 -5.279517586250000249e+01
6.500000000000000222e-01 8.264142944560000615e+04 -4.356121535460000018e+02 3.247077588900000046e+04 -1.105012745189999990e+01 2.603710030850000123e+01 -5.289006081630000011e+01
6.500000000000000222e-01 8.066287905620000674e+04 -8.139675883959999965e+02 3.582931922389999818e+04 -1.090578490799999933e+01 2.653898903389999830e+01 -5.386452253440000248e+01
6.500000000000000222e-01 8.317991666299999633e+04 2.066451474059999782e+03 3.594001739120000275e+04 -1.091705376520000037e+01 2.683477503659999996e+01 -5.297863243279999779e+01
6.500000000000000222e-01 8.185786853180000617e+04 1.766535591589999967e+03 3.609783298959999956e+04 -1.022755156939999921e+01 2.632892755820000019e+01 -5.379980200459999651e+01
6.500000000000000222e-01 8.418973522990000492e+04 -2.023736144400000057e+03 3.565624814940000215e+04 -1.029937406770000052e+01 2.638843428039999850e+01 -5.416209594659999738e+01
6.500000000000000222e-01 8.479903388889999769e+04 1.178934956309999961e+03 3.424754699290000281e+04 -1.025618032799999924e+01 2.621938582199999956e+01 -5.309023215919999927e+01
6.500000000000000222e-01 8.285639150070000323e+04 6.790263334019999775e+02 3.721392693529999815e+04 -1.059483629039999997e+01 2.766497108829999974e+01 -5.345425222370000284e+01
6.500000000000000222e-01 8.466915115510000032e+04 -1.613313792189999958e+03 3.554617527500000142e+04 -1.064811941950000040e+01 2.680282206260000066e+01 -5.265913099819999843e+01
6.500000000000000222e-01 8.040144240830000490e+04 -1.717803905979999968e+02 3.525719248040000093e+04 -1.074815208330000083e+01 2.647901469529999829e+01 -5.445292699929999714e+01
6.500000000000000222e-01 8.356433550309999555e+04 1.944176894429999948e+03 3.598624678590000258e+04 -1.084347048889999954e+01 2.697737835870000112e+01 -5.328719697609999884e+01
6.500000000000000222e-01 8.514653315350000048e+04 2.258729447599999958e+02 3.561929879590000201e+04 -1.057198399199999983e+01 2.648813950739999967e+01 -5.244256216299999807e+01
4.560000000000000000e+04 7.293295893219999925e+03 2.300672749840000051e+03 1.845305055290000018e+04 2.029815545380000117e+02 -6.138310752860000008e+01 1.976423696770000049e+02
6.500000000000000222e-01 7.363292445430000043e+03 2.274837226310000005e+03 1.864569227559999854e+04 2.022528815640000062e+02 -6.090304653550000324e+01 1.982314228760000105e+02
6.500000000000000222e-01 7.249111277959999825e+03 2.345663163390000136e+03 1.825555932630000098e+04 2.022116362879999940e+02 -6.084261562740000073e+01 1.976440734040000109e+02
6.500000000000000222e-01 7.239810451209999883e+03 2.327409459320000224e+03 1.865020386729999882e+04 2.040674479669999926e+02 -6.178065498450000348e+01 1.981353783749999877e+02
6.500000000000000222e-01 7.399315946050000093e+03 2.158756559569999808e+03 1.835939997729999959e+04 2.023529927760000078e+02 -6.072843915960000061e+01 1.969246328220000066e+02
6.500000000000000222e-01 7.403158697679999932e+03 2.149917158629999903e+03 1.838345571299999938e+04 2.026070097729999873e+02 -6.104964887860000289e+01 1.980493842509999922e+02
6.500000000000000222e-01 7.195884208659999786e+03 2.266979382959999839e+03 1.863054705520000061e+04 2.028607193990000042e+02 -6.122940625230000222e+01 1.975637346489999970e+02
6.500000000000000222e-01 7.192253503199999614e+03 2.250446213029999853e+03 1.827996794560000126e+04 2.036465210780000064e+02 -6.126110979260000278e+01 1.969261432899999988e+02
6.500000000000000222e-01 7.423913617260000137e+03 2.292079238740000164e+03 1.829611314159999893e+04 2.019576888729999951e+02 -6.137237772150000126e+01 1.969351225860000056e+02
6.500000000000000222e-01 7.419352687259999584e+03 2.179439869599999838e+03 1.854919681869999840e+04 2.027067939830000114e+02 -6.096077334760000355e+01 1.975175701679999918e+02
6.500000000000000222e-01 7.232530306040000141e+03 2.118556158129999858e+03 1.839068861889999971e+04 2.027708899680000059e+02 -6.079293374929999771e+01 1.972046239450000087e+02
6.500000000000000222e-01 7.345653881989999718e+03 2.162297439550000036e+03 1.858795376140000008e+04 2.025194559319999996e+02 -6.037959874690000106e+01 1.982741681960000051e+02
6.500000000000000222e-01 7.467085308480000094e+03 2.195535202070000196e+03 1.844543396500000017e+04 2.027379958049999971e+02 -6.119836244639999734e+01 1.967739449409999963e+02
6.500000000000000222e-01 7.348343351759999678e+03 2.118522858039999846e+03 1.851111871009999959e+04 2.026996732309999913e+02 -6.087520351439999899e+01 1.973998976629999902e+02
6.500000000000000222e-01 7.336829028479999579e+03 2.169213943289999861e+03 1.860981091640000159e+04 2.035482559609999953e+02 -6.188276423090000122e+01 1.974616018680000025e+02
6.500000000000000222e-01 7.212808518189999631e+03 2.378969870549999996e+03 1.827830012390000047e+04 2.033058497019999891e+02 -6.193847232489999755e+01 1.969315153949999910e+02
6.500000000000000222e-01 7.489839266650000354e+03 2.345982871669999895e+03 1.842762098150000020e+04 2.026226699899999915e+02 -6.144995396299999868e+01 1.968741118959999881e+02
6.500000000000000222e-01 7.248362909960000252e+03 2.493187144470000021e+03 1.850351555979999830e+04 2.031168603360000020e+02 -6.182666767799999974e+01 1.986713496280000015e+02
6.500000000000000222e-01 7.449071994750000158e+03 2.339634616209999876e+03 1.858102334830000109e+04 2.031866428440000050e+02 -6.119194753320000046e+01 1.974389832530000035e+02
6.500000000000000222e-01 7.435469317860000046e+03 2.445522720160000063e+03 1.846516665170000124e+04 2.028350913959999957e+02 -6.163320077920000273e+01 1.979586521839999875e+02
6.500000000000000222e-01 7.333629148209999585e+03 2.491872826199999963e+03 1.851553862859999936e+04 2.028364749630000006e+02 -6.175425912189999877e+01 1.986274618369999985e+02
6.500000000000000222e-01 7.486350779239999611e+03 2.365665158299999803e+03 1.845477743449999980e+04 2.027839233889999946e+02 -6.144692757699999675e+01 1.969003800870000020e+02
6.500000000000000222e-01 7.179177410250000321e+03 2.168331228829999873e+03 1.855688941479999994e+04 2.034539489549999871e+02 -6.075793953929999702e+01 1.984478568540000083e+02
6.500000000000000222e-01 7.103076582169999710e+03 2.280327456760000132e+03 1.838211569550000058e+04 2.031277034459999982e+02 -6.144576136260000254e+01 1.976553895529999920e+02
6.500000000000000222e-01 7.267611530049999601e+03 2.500832624000000123e+03 1.843970143340000141e+04 2.030712330419999887e+02 -6.167656406740000108e+01 1.985403088070000024e+02
6.500000000000000222e-01 7.364996396059999825e+03 2.311928075700000136e+03 1.864725588910000079e+04 2.026290413689999923e+02 -6.143647424689999781e+01 1.980876727239999866e+02
6.500000000000000222e-01 7.224122954129999925e+03 2.113355986200000189e+03 1.842038533889999962e+04 2.028518290799999875e+02 -6.102419820450000287e+01 1.979195423779999885e+02
6.500000000000000222e-01 7.385563918380000359e+03 2.442952124469999944e+03 1.834011886299999969e+04 2.024060195890000102e+02 -6.193370958799999926e+01 1.968747384140000065e+02
6.500000000000000222e-01 7.254646190739999838e+03 2.108892470459999913e+03 1.851615074489999824e+04 2.033427961060000086e+02 -6.139129653869999714e+01 1.974234628760000021e+02
6.500000000000000222e-01 7.470389517800000249e+03 2.250080360550000023e+03 1.854144219180000073e+04 2.031907878229999938e+02 -6.132502359090000255e+01 1.970535808999999858e+02
6.500000000000000222e-01 7.138581216149999818e+03 2.172472601190000205e+03 1.841870901450000019e+04 2.030570781490000059e+02 -6.110305088799999851e+01 1.974380773340000133e+02
6.500000000000000222e-01 7.190255099750000227e+03 2.432771230649999779e+03 1.857054252640000050e+04 2.035243773370000042e+02 -6.193620412650000162e+01 1.985519795339999973e+02
6.500000000000000222e-01 7.365027236560000347e+03 2.363530433609999818e+03 1.827126206019999881e+04 2.034350575109999966e+02 -6.103999291680000283e+01 1.979409157949999951e+02
6.500000000000000222e-01 7.411564713669999946e+03 2.150247294570000122e+03 1.852572025930000018e+04 2.031537878949999936e+02 -6.144961460660000085e+01 1.968797736840000141e+02
6.500000000000000222e-01 7.459126675419999629e+03 2.417641672390000167e+03 1.843809945059999882e+04 2.027414264260000039e+02 -6.156790946310000123e+01 1.968631160070000021e+02
6.500000000000000222e-01 7.386971024630000102e+03 2.476666191329999947e+03 1.841646427269999913e+04 2.028635598580000021e+02 -6.183541685019999790e+01 1.969891198779999968e+02
6.500000000000000222e-01 7.150669004250000398e+03 2.172391272360000130e+03 1.851968488300000172e+04 2.034625464050000119e+02 -6.104192706340000285e+01 1.984304948049999950e+02
6.500000000000000222e-01 7.152796490499999891e+03 2.442112550360000114e+03 1.849211414359999981e+04 2.030694660919999990e+02 -6.144250618230000072e+01 1.966810050359999877e+02
6.500000000000000222e-01 7.414312682519999726e+03 2.149162069980000069e+03 1.852531269220000104e+04 2.029477284349999877e+02 -6.116274272190000261e+01 1.982369476709999958e+02
6.500000000000000222e-01 7.466088141510000241e+03 2.383147815360000095e+03 1.852549988519999897e+04 2.025343069420000006e+02 -6.156876379319999870e+01 1.988146807009999861e+02
6.500000000000000222e-01 7.201646298949999618e+03 2.247836804699999902e+03 1.862885949890000120e+04 2.024970802429999992e+02 -6.153634526169999930e+01 1.973106600010000022e+02
1.390000000000000000e+04 -1.055199343039999985e+04 2.925680375219999860e+03 1.142985063719999926e+04 -2.351880949320000127e+02 2.015299418410000101e+02 -3.353323070850000249e+02
6.500000000000000222e-01 -1.065845671039999979e+04 3.015156387189999805e+03 1.146428462039999977e+04 -2.353314927010000019e+02 2.015320937879999974e+02 -3.357037493710000149e+02
6.500000000000000222e-01 -1.062198565149999922e+04 2.904895534860000225e+03 1.155440166780000072e+04 -2.356876655439999979e+02 2.014473210870000059e+02 -3.353694574790000047e+02
6.500000000000000222e-01 -1.047382350419999966e+04 2.905454204269999991e+03 1.154728617200000008e+04 -2.355554292070000031e+02 2.015611737300000073e+02 -3.352597453129999963e+02
6.500000000000000222e-01 -1.046704308689999925e+04 2.963994582459999947e+03 1.131940288180000061e+04 -2.346093154470000002e+02 2.016062187359999882e+02 -3.351504926609999870e+02
6.500000000000000222e-01 -1.044614551559999927e+04 2.998255110690000038e+03 1.148871562470000026e+04 -2.356335840460000099e+02 2.013130618440000035e+02 -3.349063485760000276e+02
6.500000000000000222e-01 -1.059435914810000031e+04 3.013900912210000115e+03 1.153575891240000055e+04 -2.351897001700000089e+02 2.010324038379999934e+02 -3.347009761630000071e+02
6.500000000000000222e-01 -1.050195673800000077e+04 2.808388154159999885e+03 1.137214612390000002e+04 -2.351919337489999862e+02 2.017063284769999996e+02 -3.350633254559999727e+02
6.500000000000000222e-01 -1.059821872620000067e+04 2.799837865290000082e+03 1.147319707729999936e+04 -2.352517959779999899e+02 2.020244043300000101e+02 -3.348167265810000117e+02
6.500000000000000222e-01 -1.055940178310000010e+04 2.809036281759999838e+03 1.151571251549999943e+04 -2.350019540030000087e+02 2.014007673659999966e+02 -3.353919940850000216e+02
6.500000000000000222e-01 -1.049626976359999935e+04 3.030951747359999899e+03 1.150413359839999976e+04 -2.351989469730000053e+02 2.009884589350000113e+02 -3.351439183210000010e+02
6.500000000000000222e-01 -1.041330035730000054e+04 2.917363181489999988e+03 1.139740828870000041e+04 -2.353612881900000104e+02 2.015193201289999934e+02 -3.360280439740000133e+02
6.500000000000000222e-01 -1.052773698719999993e+04 2.790121121040000162e+03 1.139104987930000061e+04 -2.350034446660000071e+02 2.015171417089999863e+02 -3.348838694919999739e+02
6.500000000000000222e-01 -1.046227712749999955e+04 2.816095296689999941e+03 1.140842210250000062e+04 -2.351499530019999895e+02 2.016546779749999985e+02 -3.355235128780000196e+02
6.500000000000000222e-01 -1.054577807220000068e+04 2.831778637540000091e+03 1.131982589929999995e+04 -2.347967240579999952e+02 2.010782234570000071e+02 -3.351237090029999877e+02
6.500000000000000222e-01 -1.066264958680000018e+04 2.922162788569999975e+03 1.152204933610000080e+04 -2.354034410929999979e+02 2.015700965579999888e+02 -3.352980932749999852e+02
6.500000000000000222e-01 -1.044055922680000003e+04 2.840467916120000154e+03 1.140511425009999948e+04 -2.351283579729999929e+02 2.015892068279999876e+02 -3.349325979179999990e+02
6.500000000000000222e-01 -1.048751418080000076e+04 2.883618742789999942e+03 1.130946534109999993e+04 -2.353864761920000035e+02 2.018493235790000142e+02 -3.356959967870000128e+02
6.500000000000000222e-01 -1.048862139989999923e+04 2.905248619410000174e+03 1.155547506989999965e+04 -2.349915181910000115e+02 2.014677290330000119e+02 -3.355997710579999875e+02
6.500000000000000222e-01 -1.064768678270000055e+04 2.823072124520000216e+03 1.141356692819999989e+04 -2.350833796430000007e+02 2.018106736510000019e+02 -3.353860337599999752e+02
6.500000000000000222e-01 -1.061333475259999977e+04 3.039972680370000035e+03 1.148038318110000000e+04 -2.350459518549999984e+02 2.011396965280000018e+02 -3.351516437679999854e+02
6.500000000000000222e-01 -1.052182884340000055e+04 2.816499385520000033e+03 1.151859293609999986e+04 -2.352596019270000056e+02 2.019126071050000064e+02 -3.349099707760000229e+02
6.500000000000000222e-01 -1.060960106049999922e+04 2.927645092759999898e+03 1.129944230020000032e+04 -2.343713812990000065e+02 2.014833309450000058e+02 -3.356043206759999862e+02
6.500000000000000222e-01 -1.064167849629999910e+04 2.960547620220000226e+03 1.153904288479999923e+04 -2.356597382829999958e+02 2.017118190889999880e+02 -3.353446702589999973e+02
6.500000000000000222e-01 -1.047986621449999984e+04 2.994941351099999792e+03 1.132695201149999957e+04 -2.352960456280000017e+02 2.015859698330000072e+02 -3.354729620339999769e+02
6.500000000000000222e-01 -1.061960750000000007e+04 2.865433122299999923e+03 1.132020023899999978e+04 -2.353605669739999939e+02 2.014339667540000107e+02 -3.349812876130000063e+02
6.500000000000000222e-01 -1.057076351350000004e+04 2.849354422979999981e+03 1.130904745729999922e+04 -2.347777007919999903e+02 2.011689061589999881e+02 -3.352577993040000024e+02
6.500000000000000222e-01 -1.057539198749999923e+04 2.847249106430000211e+03 1.131361379379999926e+04 -2.352255921199999875e+02 2.013510485509999910e+02 -3.350962313669999730e+02
6.500000000000000222e-01 -1.041630032240000037e+04 2.914308293699999922e+03 1.138655639789999987e+04 -2.353774571179999953e+02 2.015325515840000037e+02 -3.360203419229999895e+02
6.500000000000000222e-01 -1.053206142489999911e+04 2.874881869620000089e+03 1.156200884330000008e+04 -2.356560247250000089e+02 2.022248938490000114e+02 -3.350048601139999960e+02
6.500000000000000222e-01 -1.054962232179999955e+04 2.788094552590000148e+03 1.140127020839999932e+04 -2.351862501150000071e+02 2.017360744700000055e+02 -3.348563170880000257e+02
6.500000000000000222e-01 -1.052749293629999920e+04 2.786190508990000126e+03 1.143862621050000052e+04 -2.351606620480000061e+02 2.017070927860000040e+02 -3.359733866770000077e+02
6.500000000000000222e-01 -1.048220521489999919e+04 2.880001720549999845e+03 1.131180552229999921e+04 -2.354854180620000079e+02 2.018643919689999962e+02 -3.359539365460000226e+02
6.500000000000000222e-01 -1.041011916930000007e+04 2.935617872299999817e+03 1.142746661900000072e+04 -2.352846786720000125e+02 2.014816639329999930e+02 -3.349635606830000256e+02
6.500000000000000222e-01 -1.048896687340000062e+04 2.986887417710000136e+03 1.131598207309999998e+04 -2.354687386139999887e+02 2.013346244569999897e+02 -3.357470204690000060e+02
6.500000000000000222e-01 -1.055592997130000003e+04 2.788288638389999960e+03 1.146192897769999945e+04 -2.352270859250000115e+02 2.019460505609999927e+02 -3.347266506130000039e+02
6.500000000000000222e-01 -1.064558600210000077e+04 3.019423093989999870e+03 1.137456387460000042e+04 -2.352843340219999959e+02 2.016113253830000076e+02 -3.347954842220000273e+02
6.500000000000000222e-01 -1.054608020559999932e+04 2.970708374570000160e+03 1.156629277990000082e+04 -2.355411010100000055e+02 2.008998811810000120e+02 -3.349932758209999974e+02
6.500000000000000222e-01 -1.048765557570000055e+04 2.913139332579999973e+03 1.130053753700000016e+04 -2.345500678900000082e+02 2.013875429750000023e+02 -3.353264244989999838e+02
6.500000000000000222e-01 -1.056922521439999946e+04 2.922999722300000030e+03 1.157311926800000037e+04 -2.348300557500000139e+02 2.016724898589999952e+02 -3.351042509630000268e+02
6.500000000000000222e-01 -1.060715623889999915e+04 2.907229115980000188e+03 1.156235498870000083e+04 -2.359303622070000017e+02 2.014239127030000134e+02 -3.353812284240000281e+02
1.190000000000000000e+04 -6.375210779969999749e+03 6.024202893259999655e+03 -1.280216711899999973e+04 -2.645008811359999754e+02 -3.297305234630000115e+01 9.002185867679999376e+01
6.500000000000000222e-01 -6.459489169440000296e+03 5.932854445830000259e+03 -1.275644539219999933e+04 -2.643611348840000232e+02 -3.306797795739999657e+01 8.956612423359999298e+01
6.500000000000000222e-01 -6.464924789269999565e+03 5.932089155310000024e+03 -1.277253859059999922e+04 -2.642410757829999852e+02 -3.270885970869999682e+01 9.058196458330000667e+01
6.500000000000000222e-01 -6.259013014850000218e+03 6.059122488770000018e+03 -1.285367237009999917e+04 -2.645682316969999874e+02 -3.290925939259999922e+01 9.056298709700000416e+01
6.500000000000000222e-01 -6.273935337009999785e+03 5.940428847610000048e+03 -1.281864809339999920e+04 -2.646821932999999945e+02 -3.285558988060000019e+01 8.978271296370000698e+01
6.500000000000000222e-01 -6.391876050050000231e+03 6.120964799459999995e+03 -1.289341078410000046e+04 -2.644710551559999772e+02 -3.344414873990000103e+01 8.930012773599999321e+01
6.500000000000000222e-01 -6.453632681349999984e+03 6.127427780160000111e+03 -1.277398091749999912e+04 -2.643517821190000063e+02 -3.317780893060000125e+01 9.035632248769999819e+01
6.500000000000000222e-01 -6.341843477790000179e+03 6.017803468109999812e+03 -1.267172311540000010e+04 -2.642544722679999722e+02 -3.317399893900000052e+01 9.015785409990000687e+01
6.500000000000000222e-01 -6.494722953669999697e+03 5.996667934490000334e+03 -1.285090599590000056e+04 -2.643565052330000071e+02 -3.286924479820000045e+01 9.010573762330000136e+01
6.500000000000000222e-01 -6.414155155540000123e+03 5.929484409409999898e+03 -1.288714314240000022e+04 -2.644670760849999738e+02 -3.315389818229999719e+01 9.040396185660000583e+01
6.500000000000000222e-01 -6.351381119310000031e+03 5.973052629800000432e+03 -1.268104031770000074e+04 -2.645771139710000170e+02 -3.293004396980000337e+01 9.021057247900000675e+01
6.500000000000000222e-01 -6.474010508659999687e+03 5.938327692310000202e+03 -1.281653507299999910e+04 -2.643341299589999949e+02 -3.284658580650000204e+01 9.057595513510000274e+01
6.500000000000000222e-01 -6.334830336089999946e+03 5.979225293399999828e+03 -1.292049975120000090e+04 -2.643378354609999974e+02 -3.313568319440000209e+01 9.024794396420000453e+01
6.500000000000000222e-01 -6.444706436919999760e+03 6.092303095240000403e+03 -1.271332703430000038e+04 -2.640133610350000026e+02 -3.346527071220000238e+01 9.041952048129999753e+01
6.500000000000000222e-01 -6.299756021760000294e+03 6.130657443379999677e+03 -1.278334854190000078e+04 -2.646859640769999942e+02 -3.308178928150000075e+01 8.952642031809999423e+01
6.500000000000000222e-01 -6.283807818569999654e+03 6.006176539950000006e+03 -1.270620177040000090e+04 -2.648443869339999992e+02 -3.302724576810000201e+01 9.048408024670000316e+01
6.500000000000000222e-01 -6.502269928620000428e+03 6.049888256960000035e+03 -1.282730793889999950e+04 -2.642583782759999735e+02 -3.294735287030000137e+01 8.973697026889999506e+01
6.500000000000000222e-01 -6.291034011020000435e+03 6.052250930809999772e+03 -1.270164864979999948e+04 -2.646390574249999759e+02 -3.336173663659999988e+01 9.033686498180000513e+01
6.500000000000000222e-01 -6.351496379520000119e+03 6.022830969939999704e+03 -1.266933078919999934e+04 -2.638200084410000272e+02 -3.317210927920000074e+01 9.011938209650000431e+01
6.500000000000000222e-01 -6.370343546439999955e+03 5.970058833090000007e+03 -1.267969171950000054e+04 -2.646002968099999748e+02 -3.252899390259999990e+01 9.040570893429999444e+01
6.500000000000000222e-01 -6.372849987190000320e+03 6.155675090239999918e+03 -1.281108478880000075e+04 -2.645311791859999744e+02 -3.317786840530000347e+01 9.024891427260000398e+01
6.500000000000000222e-01 -6.251293551599999773e+03 5.986452348159999929e+03 -1.277140646940000079e+04 -2.646746565280000141e+02 -3.303926876439999916e+01 9.031704144459999384e+01
6.500000000000000222e-01 -6.434474378009999782e+03 5.908631044519999705e+03 -1.277469635930000004e+04 -2.642486362889999896e+02 -3.297386235820000167e+01 8.977431091239999716e+01
6.500000000000000222e-01 -6.279293147690000296e+03 6.106320797719999973e+03 -1.276391326169999957e+04 -2.645026755600000001e+02 -3.309051409389999776e+01 8.947127087239999810e+01
6.500000000000000222e-01 -6.356716298459999962e+03 5.893914205940000102e+03 -1.279043302439999934e+04 -2.644908095189999813e+02 -3.273864803829999914e+01 9.060613419439999916e+01
6.500000000000000222e-01 -6.498395609109999896e+03 5.982820804670000143e+03 -1.278029617390000021e+04 -2.641894052110000075e+02 -3.283985312170000270e+01 9.040899234830000353e+01
6.500000000000000222e-01 -6.454117471970000224e+03 6.079541214150000087e+03 -1.289606049139999959e+04 -2.648131159569999795e+02 -3.266966160890000026e+01 9.018047883500000239e+01
6.500000000000000222e-01 -6.372370458540000072e+03 5.897081608309999865e+03 -1.277081749920000038e+04 -2.645542922530000283e+02 -3.270740924100000058e+01 9.007001724580000257e+01
6.500000000000000222e-01 -6.353434155380000448e+03 6.118670054129999698e+03 -1.289509059410000009e+04 -2.645492716439999867e+02 -3.259024084539999677e+01 9.023702465030000042e+01
6.500000000000000222e-01 -6.453347300270000233e+03 6.130660973760000161e+03 -1.278579760300000089e+04 -2.644879235569999878e+02 -3.301714054450000191e+01 8.933712205189999622e+01
6.500000000000000222e-01 -6.451040690150000046e+03 6.055816498039999715e+03 -1.269700481299999956e+04 -2.646203982750000137e+02 -3.293927856220000194e+01 8.980165343769999708e+01
6.500000000000000222e-01 -6.486275606459999835e+03 6.013712321359999805e+03 -1.273185411329999988e+04 -2.644714038469999764e+02 -3.304967842780000353e+01 8.959100487109999733e+01
6.500000000000000222e-01 -6.436604011540000101e+03 5.965085236019999684e+03 -1.269907803640000020e+04 -2.640042116910000232e+02 -3.262071562380000245e+01 9.055445923359999938e+01
6.500000000000000222e-01 -6.329213122240000303e+03 6.083686733489999824e+03 -1.269198689600000034e+04 -2.641877157100000204e+02 -3.281711179620000252e+01 8.978284799259999716e+01
6.500000000000000222e-01 -6.382521285429999807e+03 6.156492676959999699e+03 -1.280632956430000013e+04 -2.645628485990000058e+02 -3.312054148669999876e+01 9.043004443329999731e+01
6.500000000000000222e-01 -6.497380892940000194e+03 6.030737664850000328e+03 -1.285423648700000012e+04 -2.641849173350000228e+02 -3.285884191019999889e+01 8.944334907139999302e+01
6.500000000000000222e-01 -6.368797087160000046e+03 6.097183494439999777e+03 -1.291389955150000060e+04 -2.644352015889999734e+02 -3.277462661770000096e+01 9.003389114329999643e+01
6.500000000000000222e-01 -6.305557430380000369e+03 6.093592099710000184e+03 -1.289225976669999909e+04 -2.643924287240000126e+02 -3.295881410869999684e+01 9.018265776309999637e+01
6.500000000000000222e-01 -6.440591251339999872e+03 5.951191162889999759e+03 -1.289100937859999976e+04 -2.644863176250000265e+02 -3.232883962769999897e+01 8.969812098890000129e+01
6.500000000000000222e-01 -6.270161169609999888e+03 5.944268158320000111e+03 -1.281183896690000074e+04 -2.646743570400000181e+02 -3.288153561810000269e+01 8.992955443910000213e+01
6.500000000000000222e-01 -6.324063656790000095e+03 6.120193387760000405e+03 -1.287925801510000019e+04 -2.644802239890000237e+02 -3.277987410619999764e+01 9.032761149709999415e+01
