3.450000000000000000e+05 4.738573695220000445e+03 -5.155650404500000150e+03 -6.400627121769999576e+03 -1.012440370599999966e+02 8.258483916919999501e+00 -7.643162136850000365e+01
6.500000000000000222e-01 4.919084062990000348e+03 -5.337212273969999842e+03 -6.276932140259999869e+03 -1.020044804019999987e+02 9.017119186809999576e+00 -7.631903366640000286e+01
6.500000000000000222e-01 4.580255298819999553e+03 -5.269606220790000407e+03 -6.192620310469999822e+03 -9.993705661079999913e+01 8.387286761420000403e+00 -7.553766954479999640e+01
6.500000000000000222e-01 4.544430754840000191e+03 -5.229391488270000082e+03 -6.204877227349999885e+03 -1.003034481499999941e+02 9.081103333730000671e+00 -7.504056366890000618e+01
6.500000000000000222e-01 4.667431929819999823e+03 -5.418890144840000175e+03 -6.317299852840000312e+03 -1.011374489560000001e+02 9.100452450620000633e+00 -7.435222174330000655e+01
6.500000000000000222e-01 4.820311385230000269e+03 -5.298381464150000284e+03 -6.166731185480000022e+03 -1.008498577689999962e+02 8.187657777029999195e+00 -7.595653149989999520e+01
6.500000000000000222e-01 4.784938560810000126e+03 -5.051619135119999555e+03 -6.139070544999999584e+03 -1.004121922850000033e+02 1.009229227550000019e+01 -7.728061574599999517e+01
6.500000000000000222e-01 4.628826825150000332e+03 -5.105733822709999913e+03 -6.142166603509999732e+03 -1.025157394750000037e+02 8.788296062909999762e+00 -7.709088983910000081e+01
6.500000000000000222e-01 4.814817394300000160e+03 -5.062781411420000040e+03 -6.141851013710000188e+03 -1.009836641259999936e+02 9.866783636890000153e+00 -7.704632579169999929e+01
6.500000000000000222e-01 4.895978462969999782e+03 -5.200437942180000391e+03 -6.166774588160000349e+03 -1.005227722580000034e+02 7.883372490610000227e+00 -7.689623843139999337e+01
6.500000000000000222e-01 4.793359597669999857e+03 -5.150672339810000267e+03 -6.120708949390000271e+03 -9.922897399039999300e+01 8.548883483650000059e+00 -7.684045763909999494e+01
6.500000000000000222e-01 4.593550711679999949e+03 -5.272380835470000420e+03 -6.184527482450000207e+03 -9.973367008920000387e+01 9.105649364730000528e+00 -7.503762599620000628e+01
6.500000000000000222e-01 4.486442683899999793e+03 -5.071895854669999608e+03 -6.297457073130000026e+03 -1.012710137189999955e+02 8.194677673230000181e+00 -7.707278113559999611e+01
6.500000000000000222e-01 4.662125005290000445e+03 -4.939941712820000248e+03 -6.231991760580000118e+03 -1.005691107770000059e+02 7.847360284669999686e+00 -7.705490502179999623e+01
6.500000000000000222e-01 4.536450360640000326e+03 -5.075794514490000438e+03 -6.215696537109999554e+03 -1.026610240920000052e+02 8.910310084769999861e+00 -7.804810645220000254e+01
6.500000000000000222e-01 4.510807780310000453e+03 -5.205887261750000107e+03 -6.236642629580000175e+03 -1.009142669680000068e+02 8.169233570459999427e+00 -7.626338402989999565e+01
6.500000000000000222e-01 4.681136022919999959e+03 -5.249048526599999605e+03 -6.137284773129999849e+03 -1.024739483320000062e+02 6.690803018149999559e+00 -7.728778226400000051e+01
6.500000000000000222e-01 4.568204043769999771e+03 -5.206978359200000341e+03 -6.177577946219999831e+03 -9.964942308199999843e+01 8.957267457020000379e+00 -7.497165322870000637e+01
6.500000000000000222e-01 4.699578350920000048e+03 -4.907724948969999787e+03 -6.266273224669999763e+03 -1.008887194600000043e+02 8.513059905089999546e+00 -7.790439560949999986e+01
6.500000000000000222e-01 4.935665805159999763e+03 -5.015764966749999985e+03 -6.249302781790000154e+03 -1.008514881170000024e+02 9.143560824350000615e+00 -7.807735001279999665e+01
6.500000000000000222e-01 4.824258435439999630e+03 -4.909765883349999967e+03 -6.283065564300000005e+03 -1.019449657539999947e+02 9.341968944310000467e+00 -7.731343011990000491e+01
6.500000000000000222e-01 4.640090776629999709e+03 -5.072865495050000391e+03 -6.146343090010000196e+03 -1.000554995659999946e+02 7.205119428389999747e+00 -7.585989278370000477e+01
6.500000000000000222e-01 4.659696968639999795e+03 -5.056203596569999718e+03 -6.145202381109999806e+03 -1.023713356260000040e+02 9.704380921160000284e+00 -7.732012624659999744e+01
6.500000000000000222e-01 4.628733080920000248e+03 -5.290856223890000365e+03 -6.174698497499999576e+03 -1.018969412000000005e+02 6.763143077789999680e+00 -7.766510653839999634e+01
6.500000000000000222e-01 4.583001083119999748e+03 -5.142659473210000215e+03 -6.161739149869999892e+03 -1.019633988610000017e+02 8.509138649180000513e+00 -7.675646577070000376e+01
6.500000000000000222e-01 4.559162357789999987e+03 -5.161769189810000171e+03 -6.178836906260000433e+03 -1.008236050710000029e+02 8.435971371899999127e+00 -7.597759853239999472e+01
6.500000000000000222e-01 4.758604267589999836e+03 -4.999835072419999960e+03 -6.162163759789999858e+03 -1.016042055909999959e+02 1.045652396860000088e+01 -7.747718848229999367e+01
6.500000000000000222e-01 4.601853969009999673e+03 -4.986945437719999973e+03 -6.216695813999999700e+03 -1.000405385969999941e+02 6.908063084910000207e+00 -7.516998125729999458e+01
6.500000000000000222e-01 4.671359300179999991e+03 -5.221771520340000279e+03 -6.131376565479999954e+03 -9.968709386390000304e+01 9.576519963390000001e+00 -7.571123502339999334e+01
6.500000000000000222e-01 4.701870995940000284e+03 -5.063572696360000009e+03 -6.133434226100000160e+03 -1.007593536690000064e+02 7.904530913200000342e+00 -7.647486869749999983e+01
6.500000000000000222e-01 4.880745652999999947e+03 -4.988634480560000156e+03 -6.218227401789999931e+03 -1.024571069720000054e+02 7.310178008680000339e+00 -7.467300372539999387e+01
6.500000000000000222e-01 4.648880308900000273e+03 -5.238086709989999690e+03 -6.142661848929999906e+03 -1.019849761859999973e+02 8.899730517389999207e+00 -7.648702602970000441e+01
6.500000000000000222e-01 4.879824152909999611e+03 -5.098336767709999549e+03 -6.159531182329999865e+03 -1.031723635169999937e+02 7.592146674310000343e+00 -7.521442077150000216e+01
6.500000000000000222e-01 4.700031303939999816e+03 -5.161135504269999728e+03 -6.117990814720000344e+03 -9.911307982750000178e+01 8.682166187449999128e+00 -7.608182972980000613e+01
6.500000000000000222e-01 4.947567238980000184e+03 -4.988042595400000209e+03 -6.302615455109999857e+03 -1.006178375439999968e+02 8.172481868760000268e+00 -7.783840896569999757e+01
6.500000000000000222e-01 4.741245788320000429e+03 -5.161987455690000388e+03 -6.115421912390000216e+03 -1.006095885839999937e+02 6.630162699449999586e+00 -7.645521704550000663e+01
6.500000000000000222e-01 4.739183350340000288e+03 -5.104998072020000109e+03 -6.119936855900000410e+03 -1.009496102450000024e+02 7.866261569029999734e+00 -7.638675217130000306e+01
6.500000000000000222e-01 4.769531477129999985e+03 -4.915035778899999968e+03 -6.249017880190000142e+03 -1.023074198839999980e+02 9.522966573459999751e+00 -7.682544859509999924e+01
6.500000000000000222e-01 4.607709300739999890e+03 -5.363097501379999812e+03 -6.255541785559999880e+03 -1.022191629120000016e+02 8.836751225900000506e+00 -7.715864016349999588e+01
6.500000000000000222e-01 4.881483290369999850e+03 -4.998550775759999851e+03 -6.210273365269999886e+03 -1.002540158169999955e+02 7.829665509429999837e+00 -7.697637611429999538e+01
6.500000000000000222e-01 4.651969796960000167e+03 -5.360344115599999895e+03 -6.222061457900000278e+03 -1.009478286399999973e+02 9.909841240100000448e+00 -7.473447818340000026e+01
6.500000000000000222e-01 4.657921787670000413e+03 -4.943768912360000286e+03 -6.225646199249999881e+03 -1.020611152999999973e+02 8.678645147050000119e+00 -7.556910042990000420e+01
6.500000000000000222e-01 4.859197861079999711e+03 -5.055129299039999751e+03 -6.162494616220000353e+03 -1.003559530489999929e+02 9.677110071379999567e+00 -7.753988269360000629e+01
6.500000000000000222e-01 4.652460899099999551e+03 -4.966701367579999896e+03 -6.204826988800000436e+03 -1.020258216529999942e+02 9.777051009539999171e+00 -7.796747584359999905e+01
6.500000000000000222e-01 4.691972093049999785e+03 -5.158766986730000099e+03 -6.119181531889999860e+03 -1.009077853390000001e+02 8.374707542319999476e+00 -7.633909552880000149e+01
6.500000000000000222e-01 4.804669259319999583e+03 -5.093946350459999849e+03 -6.130047923529999935e+03 -1.026761939379999973e+02 6.773848570690000237e+00 -7.572675281380000456e+01
6.500000000000000222e-01 4.742878934919999665e+03 -5.164470223270000133e+03 -6.115519725250000192e+03 -1.017076966449999986e+02 9.031689779940000662e+00 -7.639976050270000485e+01
6.500000000000000222e-01 4.915207571959999768e+03 -5.359533339970000270e+03 -6.308504039409999677e+03 -1.009275457050000000e+02 7.877659662440000155e+00 -7.865048757430000137e+01
6.500000000000000222e-01 4.738482300100000430e+03 -5.153227846970000428e+03 -6.115351042799999959e+03 -1.013612022869999976e+02 9.090518217850000582e+00 -7.642286810080000237e+01
6.500000000000000222e-01 4.681533856420000120e+03 -4.897567689020000216e+03 -6.294809069740000268e+03 -1.009699829139999991e+02 8.389377801429999337e+00 -7.794468129310000393e+01
6.500000000000000222e-01 4.482543905059999815e+03 -5.159921844360000250e+03 -6.274902935719999732e+03 -1.013681821609999929e+02 8.344602144450000480e+00 -7.670786053070000321e+01
6.500000000000000222e-01 4.862489000769999620e+03 -5.236355597570000100e+03 -6.156339872489999834e+03 -1.019101326279999995e+02 8.554383306189999203e+00 -7.576454705810000689e+01
6.500000000000000222e-01 5.015070737039999585e+03 -5.174057375940000384e+03 -6.332944853199999670e+03 -1.012826859219999989e+02 8.189507939049999408e+00 -7.663797837559999948e+01
6.500000000000000222e-01 4.807748843319999651e+03 -5.022748213140000189e+03 -6.157600191409999752e+03 -1.022026429419999971e+02 9.321210226199999838e+00 -7.648940322110000523e+01
6.500000000000000222e-01 4.727554782019999948e+03 -5.231457974900000409e+03 -6.125955737180000142e+03 -1.019439569959999972e+02 7.338842950900000162e+00 -7.685097900249999725e+01
6.500000000000000222e-01 4.753489278729999569e+03 -5.138779923230000350e+03 -6.116224092440000277e+03 -1.001315771059999946e+02 9.846823528399999859e+00 -7.655633058099999744e+01
6.500000000000000222e-01 4.790947003690000201e+03 -5.243392355259999931e+03 -6.133978423800000201e+03 -1.011470930189999962e+02 8.473328258900000520e+00 -7.615331087369999352e+01
6.500000000000000222e-01 4.689308423270000276e+03 -5.168353992430000289e+03 -6.119889979380000113e+03 -1.004593863529999993e+02 8.718744612280000084e+00 -7.622522551039999428e+01
6.500000000000000222e-01 4.731301962870000352e+03 -5.156356175339999936e+03 -6.115433964259999811e+03 -1.016660764720000003e+02 8.323821777290000057e+00 -7.642562145940000562e+01
6.500000000000000222e-01 4.623528190439999889e+03 -5.302135592960000395e+03 -6.184737635679999585e+03 -1.024616071290000008e+02 8.737225932019999419e+00 -7.697711370849999923e+01
6.500000000000000222e-01 4.928361418929999672e+03 -5.319403803469999730e+03 -6.263204127459999654e+03 -1.002821266520000023e+02 7.356308183500000375e+00 -7.784064792579999903e+01
6.500000000000000222e-01 4.620357239570000274e+03 -4.971875174810000317e+03 -6.217882460030000402e+03 -1.001839607849999965e+02 6.787531006460000071e+00 -7.474445005050000645e+01
6.500000000000000222e-01 4.837824471289999565e+03 -5.252005337659999896e+03 -6.151687074899999971e+03 -1.011368640989999932e+02 8.175128683760000570e+00 -7.708215230899999426e+01
6.500000000000000222e-01 4.726656208430000333e+03 -5.129141076160000011e+03 -6.116807904799999960e+03 -1.003872397770000049e+02 6.282879560299999611e+00 -7.615765068710000207e+01
6.500000000000000222e-01 4.751043756459999713e+03 -4.925668729119999625e+03 -6.233167603330000020e+03 -1.007623322679999944e+02 6.543810277110000406e+00 -7.486175298710000447e+01
6.500000000000000222e-01 4.677690482070000144e+03 -5.111549703699999554e+03 -6.125263655419999850e+03 -1.006730291819999934e+02 7.968205827530000285e+00 -7.605992133469999317e+01
6.500000000000000222e-01 4.814332900999999765e+03 -5.261220567850000407e+03 -6.147070598569999675e+03 -1.008299095290000054e+02 7.492660133760000285e+00 -7.730823755119999419e+01
6.500000000000000222e-01 4.618955478030000450e+03 -5.053016065140000137e+03 -6.163302907590000359e+03 -9.987334034639999913e+01 7.034261271630000145e+00 -7.553979785699999638e+01
6.500000000000000222e-01 4.904298205459999735e+03 -5.059387444220000361e+03 -6.189249108859999978e+03 -1.022119274549999943e+02 7.247176675939999591e+00 -7.520442747490000102e+01
6.500000000000000222e-01 4.519377099569999700e+03 -5.329136953270000049e+03 -6.344187005820000195e+03 -1.007218992260000050e+02 8.432504377040000776e+00 -7.462179734400000086e+01
6.500000000000000222e-01 4.592940970079999715e+03 -5.397385540150000452e+03 -6.358844578059999549e+03 -1.008372835750000007e+02 8.284358260050000311e+00 -7.526997354510000093e+01
6.500000000000000222e-01 4.841846773749999556e+03 -5.123232685779999883e+03 -6.136648939869999595e+03 -1.023340842079999931e+02 7.755130212570000126e+00 -7.593869414990000166e+01
6.500000000000000222e-01 4.719973302579999654e+03 -5.276184647439999935e+03 -6.142408788710000408e+03 -1.004614847020000070e+02 7.363935898270000280e+00 -7.653631865959999914e+01
6.500000000000000222e-01 4.801342484509999849e+03 -5.278830754309999975e+03 -6.151728803940000034e+03 -1.025552968690000029e+02 1.011191697379999965e+01 -7.582547826889999953e+01
6.500000000000000222e-01 4.687532302749999872e+03 -5.084594101540000338e+03 -6.129147650990000329e+03 -9.995678631219999488e+01 6.520720892359999965e+00 -7.572140423019999389e+01
6.500000000000000222e-01 4.801122746050000387e+03 -5.113229302020000432e+03 -6.125574673889999758e+03 -1.015135005810000024e+02 8.770191483179999636e+00 -7.648379676790000303e+01
6.500000000000000222e-01 4.728901729459999842e+03 -5.425123299330000009e+03 -6.306366053769999780e+03 -1.007549973189999974e+02 8.508732246779999286e+00 -7.483244798990000390e+01
6.500000000000000222e-01 4.680127376139999797e+03 -5.108609378219999599e+03 -6.125491543580000325e+03 -1.014582814959999979e+02 8.395068207759999623e+00 -7.654836155540000675e+01
6.500000000000000222e-01 4.779923102409999956e+03 -5.154914717679999740e+03 -6.118361656729999595e+03 -1.036040912819999988e+02 8.313956841339999571e+00 -7.608387680929999419e+01
6.500000000000000222e-01 4.696802915530000064e+03 -5.275576381650000258e+03 -6.144935214240000278e+03 -1.003169942490000039e+02 7.923581629330000098e+00 -7.625601271739999731e+01
6.500000000000000222e-01 4.655557377709999855e+03 -5.168472392960000434e+03 -6.127992680440000186e+03 -1.021742127490000058e+02 8.147291942460000769e+00 -7.668982209780000403e+01
6.500000000000000222e-01 4.496842674460000126e+03 -5.060813589280000087e+03 -6.282900640460000432e+03 -1.018314313160000069e+02 8.467749692559999986e+00 -7.809077479779999464e+01
6.500000000000000222e-01 4.549688148309999633e+03 -4.954896756739999546e+03 -6.327989468779999697e+03 -1.007320537610000031e+02 7.726730564910000432e+00 -7.430039914159999626e+01
6.500000000000000222e-01 4.978838481990000219e+03 -5.272047372209999594e+03 -6.300523547230000077e+03 -1.006809312080000041e+02 8.000037432599999221e+00 -7.862154282769999725e+01
6.500000000000000222e-01 4.810766586499999903e+03 -5.251011392999999771e+03 -6.141366888900000049e+03 -9.993986262110000496e+01 6.666182375640000046e+00 -7.718374586589999353e+01
6.500000000000000222e-01 4.800456715860000259e+03 -5.239353709719999642e+03 -6.134739668979999806e+03 -1.013964244250000064e+02 8.643916509480000343e+00 -7.606800889849999692e+01
6.500000000000000222e-01 4.971641465970000354e+03 -5.069218073570000342e+03 -6.260437642259999848e+03 -1.014073866429999953e+02 7.781290876249999933e+00 -7.581237331440000560e+01
6.500000000000000222e-01 4.529329360959999576e+03 -5.253653529500000332e+03 -6.233116565850000370e+03 -1.024350297929999982e+02 8.268305597830000409e+00 -7.776910529570000108e+01
6.500000000000000222e-01 4.945167890839999927e+03 -5.168559352029999900e+03 -6.204422786619999897e+03 -9.980762858010000116e+01 8.195644194170000674e+00 -7.812908865529999503e+01
6.500000000000000222e-01 4.641165549950000241e+03 -5.061117931359999602e+03 -6.150166302710000309e+03 -1.002174278960000038e+02 7.257043449890000275e+00 -7.599234756580000294e+01
6.500000000000000222e-01 4.715386431359999733e+03 -5.233444047420000061e+03 -6.127039787450000404e+03 -1.009191621859999941e+02 7.252792339500000018e+00 -7.661429066739999882e+01
6.500000000000000222e-01 4.674409391809999761e+03 -4.990466876340000454e+03 -6.177837975039999947e+03 -1.010086844829999961e+02 8.659328789570000851e+00 -7.728755759320000607e+01
6.500000000000000222e-01 4.735123572239999703e+03 -5.153533848369999760e+03 -6.115358083559999613e+03 -9.938977215209999372e+01 7.179959832379999796e+00 -7.636538350639999351e+01
6.500000000000000222e-01 4.713813628640000388e+03 -5.075279393320000054e+03 -6.128233207649999713e+03 -1.005594870019999973e+02 7.129003059080000426e+00 -7.617778678320000552e+01
6.500000000000000222e-01 4.674619582729999820e+03 -4.942060249289999774e+03 -6.221029045129999759e+03 -1.020290513780000055e+02 8.466431805279999168e+00 -7.538851100990000020e+01
6.500000000000000222e-01 4.573629340280000179e+03 -4.991907279570000355e+03 -6.235857404510000379e+03 -1.017574952319999966e+02 8.776406558199999708e+00 -7.793945471089999444e+01
6.500000000000000222e-01 4.759999363969999649e+03 -5.150675509659999989e+03 -6.116187300610000420e+03 -9.919991390719999913e+01 8.838144325349999164e+00 -7.657635368569999912e+01
6.500000000000000222e-01 4.750953383989999566e+03 -5.208485330489999797e+03 -6.120547548040000038e+03 -1.007537219430000022e+02 6.152188856869999611e+00 -7.685009316059999662e+01
6.500000000000000222e-01 4.560957497399999738e+03 -5.198314573159999782e+03 -6.181613742470000034e+03 -9.996760174690000156e+01 8.448135962580000324e+00 -7.543807376329999670e+01
6.500000000000000222e-01 4.729370809160000135e+03 -5.164826823929999591e+03 -6.115639287830000285e+03 -1.016067541710000057e+02 8.234655263420000537e+00 -7.643269551059999856e+01
6.500000000000000222e-01 4.723446400400000130e+03 -5.226419787990000259e+03 -6.124632323689999794e+03 -1.014500798300000071e+02 6.253393473570000083e+00 -7.692279228820000014e+01
1.390000000000000000e+04 -7.584951011039999685e+03 4.456828088490000255e+02 1.537989535740000065e+04 -2.500384979289999876e+02 2.043382215860000031e+02 -3.119898839119999820e+02
6.500000000000000222e-01 -7.592818011889999980e+03 4.430421619140000189e+02 1.552267273139999998e+04 -2.494634759379999878e+02 2.045417739279999978e+02 -3.119384691980000071e+02
6.500000000000000222e-01 -7.542506095830000049e+03 4.952717307109999751e+02 1.550713849429999937e+04 -2.496554923539999891e+02 2.047347939310000129e+02 -3.122727409149999858e+02
6.500000000000000222e-01 -7.635167648450000343e+03 4.405480549960000189e+02 1.551371790700000020e+04 -2.498993347109999945e+02 2.043780279359999952e+02 -3.119100459649999948e+02
6.500000000000000222e-01 -7.587197391030000290e+03 4.624170639920000099e+02 1.552191769159999967e+04 -2.500170164060000104e+02 2.038098102970000127e+02 -3.119084471470000040e+02
6.500000000000000222e-01 -7.715766728810000131e+03 4.247081709110000247e+02 1.543380586500000027e+04 -2.501859522029999994e+02 2.043527065240000127e+02 -3.122800886499999820e+02
6.500000000000000222e-01 -7.593417404290000377e+03 4.213268074879999858e+02 1.552057979800000066e+04 -2.498569656399999985e+02 2.045237416900000085e+02 -3.119233340999999768e+02
6.500000000000000222e-01 -7.544943937150000238e+03 5.055266491940000151e+02 1.550345438230000036e+04 -2.496884817659999953e+02 2.047029834360000109e+02 -3.122913725889999910e+02
6.500000000000000222e-01 -7.575082098930000029e+03 4.904529437400000234e+02 1.551541360879999957e+04 -2.502666540250000082e+02 2.044084617800000103e+02 -3.119411031399999956e+02
6.500000000000000222e-01 -7.649692773650000163e+03 4.645298276350000037e+02 1.550600448399999914e+04 -2.495047264110000071e+02 2.041608157709999887e+02 -3.116833015670000009e+02
6.500000000000000222e-01 -7.602425422110000000e+03 4.307472180620000017e+02 1.552105190360000051e+04 -2.499318362989999969e+02 2.042429056290000062e+02 -3.119730245409999725e+02
6.500000000000000222e-01 -7.539011241809999774e+03 3.871983755790000146e+02 1.550206405959999938e+04 -2.496944136179999987e+02 2.038931392629999948e+02 -3.123170446529999822e+02
6.500000000000000222e-01 -7.488394956629999797e+03 5.320582701549999456e+02 1.544042861649999941e+04 -2.502918277569999930e+02 2.041922310729999879e+02 -3.114263623869999833e+02
6.500000000000000222e-01 -7.620434749250000095e+03 4.911364706520000141e+02 1.551079438560000017e+04 -2.497202828020000140e+02 2.039032679960000110e+02 -3.117157213890000094e+02
6.500000000000000222e-01 -7.582434934269999758e+03 4.474667604169999890e+02 1.552287928500000089e+04 -2.495333377450000114e+02 2.047074475240000027e+02 -3.119894115459999853e+02
6.500000000000000222e-01 -7.575968919009999809e+03 4.629855296220000014e+02 1.552157891229999950e+04 -2.498596197260000054e+02 2.048371772330000056e+02 -3.120481316679999964e+02
6.500000000000000222e-01 -7.555662637610000274e+03 4.718543046039999922e+02 1.551740833500000008e+04 -2.496408802159999993e+02 2.047639073940000003e+02 -3.121493722989999924e+02
6.500000000000000222e-01 -7.560049336750000293e+03 4.206529952239999943e+02 1.551848150309999983e+04 -2.504986275470000123e+02 2.047883600979999983e+02 -3.118187161899999751e+02
6.500000000000000222e-01 -7.613467529780000405e+03 4.816965466099999844e+02 1.551540224130000024e+04 -2.503775960010000006e+02 2.047141741620000062e+02 -3.120828138659999809e+02
6.500000000000000222e-01 -7.622338355640000373e+03 4.279103479089999951e+02 1.551679134340000019e+04 -2.505880834859999879e+02 2.040667239390000134e+02 -3.121569515720000254e+02
6.500000000000000222e-01 -7.477080508719999671e+03 5.100797244729999989e+02 1.544824669670000003e+04 -2.502276507029999948e+02 2.041254397330000074e+02 -3.114884963210000137e+02
6.500000000000000222e-01 -7.554148552949999612e+03 4.195880676250000079e+02 1.551710547059999953e+04 -2.504825381160000006e+02 2.046996474180000121e+02 -3.118031608539999979e+02
6.500000000000000222e-01 -7.464138144460000149e+03 4.813607173450000118e+02 1.544750380860000041e+04 -2.503275447510000049e+02 2.043179101970000033e+02 -3.115656646869999804e+02
6.500000000000000222e-01 -7.697666758280000067e+03 4.737817336229999796e+02 1.546344126549999964e+04 -2.502280723439999974e+02 2.044350683449999906e+02 -3.121467845529999749e+02
6.500000000000000222e-01 -7.481846902020000016e+03 4.937205267100000015e+02 1.546655268590000014e+04 -2.504237496259999887e+02 2.041829633829999864e+02 -3.114802248990000066e+02
6.500000000000000222e-01 -7.628781622909999896e+03 4.160282234879999805e+02 1.551275760079999964e+04 -2.504438731299999858e+02 2.039866158389999953e+02 -3.121883940459999849e+02
6.500000000000000222e-01 -7.543277181970000129e+03 3.556655033659999958e+02 1.548296356329999981e+04 -2.498159076709999908e+02 2.038888599809999960e+02 -3.124274154299999964e+02
6.500000000000000222e-01 -7.560383384089999709e+03 3.885999026200000230e+02 1.550880627710000044e+04 -2.500651927430000114e+02 2.045835424079999996e+02 -3.117744199709999862e+02
6.500000000000000222e-01 -7.572570807459999742e+03 4.808596716870000023e+02 1.551794300040000053e+04 -2.498005514969999865e+02 2.046513260479999872e+02 -3.120996486459999915e+02
6.500000000000000222e-01 -7.577168733200000133e+03 5.323153887729999951e+02 1.549363949309999953e+04 -2.503649479700000029e+02 2.045279020600000024e+02 -3.119026867040000184e+02
6.500000000000000222e-01 -7.616865452250000089e+03 3.813946233839999991e+02 1.550352743530000043e+04 -2.503696829669999886e+02 2.044086759479999955e+02 -3.120903779880000002e+02
6.500000000000000222e-01 -7.559527231299999585e+03 4.441592535739999903e+02 1.552062360350000017e+04 -2.496097377250000022e+02 2.043079189929999870e+02 -3.120595829609999896e+02
6.500000000000000222e-01 -7.577624789749999763e+03 4.014630381729999726e+02 1.551567084799999975e+04 -2.502258700040000008e+02 2.049748442800000134e+02 -3.117932762600000274e+02
6.500000000000000222e-01 -7.572249711810000008e+03 4.299872422830000005e+02 1.552146146530000078e+04 -2.501268260070000053e+02 2.044143408520000094e+02 -3.119794805120000092e+02
6.500000000000000222e-01 -7.581921080699999948e+03 3.327687253029999965e+02 1.546733955219999916e+04 -2.502360356169999989e+02 2.048564999749999913e+02 -3.115636257859999887e+02
6.500000000000000222e-01 -7.491877009120000366e+03 4.487665078100000073e+02 1.548841045139999915e+04 -2.502773171780000041e+02 2.043407348769999885e+02 -3.118106765840000207e+02
6.500000000000000222e-01 -7.560391232070000115e+03 4.267546702889999892e+02 1.551950951689999965e+04 -2.505477889089999906e+02 2.047197174979999943e+02 -3.118383696959999725e+02
6.500000000000000222e-01 -7.487808457330000238e+03 3.799493036530000154e+02 1.546202942930000063e+04 -2.497720459779999942e+02 2.041055623299999979e+02 -3.122163117260000149e+02
6.500000000000000222e-01 -7.707240320689999862e+03 4.853370820360000266e+02 1.544244851949999975e+04 -2.497589737339999942e+02 2.042207247119999920e+02 -3.114504583980000234e+02
6.500000000000000222e-01 -7.595003044799999770e+03 4.346298785100000259e+02 1.552212994729999991e+04 -2.501213963209999918e+02 2.041663513869999917e+02 -3.119954822020000051e+02
6.500000000000000222e-01 -7.561747463710000375e+03 4.024401843940000276e+02 1.551412345470000037e+04 -2.502344729669999879e+02 2.045215935679999859e+02 -3.119850162679999812e+02
6.500000000000000222e-01 -7.606649915230000261e+03 5.263410034209999822e+02 1.549613540040000044e+04 -2.503225647289999927e+02 2.049147364410000023e+02 -3.122927344349999998e+02
6.500000000000000222e-01 -7.711724786249999852e+03 4.501261355940000044e+02 1.544592911620000086e+04 -2.503159745529999896e+02 2.043453192970000032e+02 -3.125164150109999923e+02
6.500000000000000222e-01 -7.481616102859999955e+03 4.058526913910000076e+02 1.547052124779999940e+04 -2.501925085990000071e+02 2.043395952209999962e+02 -3.116962154080000005e+02
6.500000000000000222e-01 -7.509040836060000402e+03 5.139349942469999633e+02 1.548005710940000063e+04 -2.498646815289999950e+02 2.040902518309999891e+02 -3.119558731000000193e+02
6.500000000000000222e-01 -7.668600828239999828e+03 3.686598744679999982e+02 1.546661989039999935e+04 -2.496844221810000022e+02 2.044718486760000076e+02 -3.115293077050000079e+02
6.500000000000000222e-01 -7.622224905639999633e+03 3.296666661780000140e+02 1.545445507589999943e+04 -2.502436476999999968e+02 2.047416777759999889e+02 -3.117394721900000150e+02
6.500000000000000222e-01 -7.617214759620000223e+03 3.306084180299999957e+02 1.545859611869999935e+04 -2.498155495940000037e+02 2.045039852710000048e+02 -3.115144977179999728e+02
6.500000000000000222e-01 -7.548649932870000157e+03 4.426184658729999910e+02 1.551819234750000032e+04 -2.496179760960000067e+02 2.042935674729999960e+02 -3.120942472840000050e+02
6.500000000000000222e-01 -7.634225269270000354e+03 5.640314612759999591e+02 1.544321077589999913e+04 -2.501299554770000100e+02 2.045659447730000124e+02 -3.125553532659999973e+02
6.500000000000000222e-01 -7.584135511469999983e+03 4.108065769799999885e+02 1.551861272680000002e+04 -2.499863871240000037e+02 2.048085758109999972e+02 -3.118405440509999949e+02
6.500000000000000222e-01 -7.587724616360000255e+03 4.615708887740000250e+02 1.552200512610000078e+04 -2.499877220529999988e+02 2.038101209129999916e+02 -3.119113130929999897e+02
6.500000000000000222e-01 -7.492081078969999908e+03 3.837125862799999823e+02 1.546926595889999953e+04 -2.497111461659999918e+02 2.041141007399999978e+02 -3.124946206789999792e+02
6.500000000000000222e-01 -7.576675805390000278e+03 4.462761245990000134e+02 1.552267077830000017e+04 -2.506588200189999895e+02 2.042965558559999977e+02 -3.119413486380000222e+02
6.500000000000000222e-01 -7.504275166899999931e+03 5.199608573240000169e+02 1.547168851410000025e+04 -2.497010815399999899e+02 2.043203808560000141e+02 -3.122829309840000178e+02
6.500000000000000222e-01 -7.584322302649999983e+03 4.701648172559999921e+02 1.552079525409999951e+04 -2.500124443859999985e+02 2.049295871829999953e+02 -3.120833671369999820e+02
6.500000000000000222e-01 -7.627813547839999956e+03 4.886075779139999895e+02 1.550931761840000036e+04 -2.496370393320000005e+02 2.039219255259999954e+02 -3.117870908740000004e+02
6.500000000000000222e-01 -7.606857512239999778e+03 3.147435181690000263e+02 1.543308261400000083e+04 -2.500645835439999871e+02 2.041016188270000100e+02 -3.125811780750000253e+02
6.500000000000000222e-01 -7.456878027679999832e+03 4.211755740109999806e+02 1.543851246720000017e+04 -2.502863890650000087e+02 2.044087637199999961e+02 -3.115403488829999787e+02
6.500000000000000222e-01 -7.445998675240000011e+03 4.701249495629999728e+02 1.540317481790000056e+04 -2.499685258229999931e+02 2.043593790719999959e+02 -3.125722068069999864e+02
6.500000000000000222e-01 -7.458558338410000033e+03 4.901469270320000078e+02 1.542988076569999976e+04 -2.502550390920000041e+02 2.042482046149999917e+02 -3.113979274989999908e+02
6.500000000000000222e-01 -7.546958358750000116e+03 4.859492509980000250e+02 1.551175751119999950e+04 -2.504959646290000137e+02 2.039657348380000030e+02 -3.117401130590000093e+02
6.500000000000000222e-01 -7.567743036799999572e+03 4.633616468939999891e+02 1.552076585739999973e+04 -2.496491285930000004e+02 2.046636622629999920e+02 -3.120689435929999718e+02
6.500000000000000222e-01 -7.525402572959999816e+03 4.631354515869999773e+02 1.550874767959999917e+04 -2.505667011209999941e+02 2.041582414169999993e+02 -3.117158854470000051e+02
6.500000000000000222e-01 -7.574807210779999878e+03 4.373182810839999775e+02 1.552230164490000061e+04 -2.497169170619999932e+02 2.040665957180000021e+02 -3.120213391830000091e+02
6.500000000000000222e-01 -7.600395295240000451e+03 5.341659102400000165e+02 1.549125311490000058e+04 -2.502029505170000050e+02 2.048809941769999909e+02 -3.123718574480000143e+02
6.500000000000000222e-01 -7.570077350849999675e+03 4.260963439390000076e+02 1.552079040569999961e+04 -2.496735428929999898e+02 2.038516651660000036e+02 -3.120760398850000001e+02
6.500000000000000222e-01 -7.722138964290000331e+03 4.679254220739999823e+02 1.541347724310000012e+04 -2.499579841119999912e+02 2.043053678320000017e+02 -3.117718914339999969e+02
6.500000000000000222e-01 -7.637843004250000376e+03 4.335422737879999886e+02 1.551223473840000042e+04 -2.498661985560000005e+02 2.044403946909999945e+02 -3.118779242709999835e+02
6.500000000000000222e-01 -7.623423212450000392e+03 3.577669713720000004e+02 1.548584929569999986e+04 -2.500406489290000138e+02 2.048795157129999893e+02 -3.116081423040000118e+02
6.500000000000000222e-01 -7.641311629320000065e+03 5.609060868799999753e+02 1.544245198979999986e+04 -2.497949099850000039e+02 2.040575340590000053e+02 -3.118901318640000113e+02
6.500000000000000222e-01 -7.602215198109999619e+03 4.308620037530000104e+02 1.552109269449999920e+04 -2.496844147699999894e+02 2.047872547530000134e+02 -3.118829481380000175e+02
6.500000000000000222e-01 -7.498447156670000368e+03 3.488784282039999880e+02 1.543995352079999975e+04 -2.501999672839999960e+02 2.045203593569999896e+02 -3.114141333129999794e+02
6.500000000000000222e-01 -7.521205028309999761e+03 3.830944939290000093e+02 1.549154192569999941e+04 -2.497134671430000026e+02 2.040115759749999995e+02 -3.123879335510000033e+02
6.500000000000000222e-01 -7.600357813560000068e+03 4.242005260739999812e+02 1.552045161750000079e+04 -2.497125203950000127e+02 2.046535075399999926e+02 -3.118879879610000216e+02
6.500000000000000222e-01 -7.681269997890000013e+03 4.640638409929999852e+02 1.548394278940000004e+04 -2.502317487409999899e+02 2.043313413799999978e+02 -3.122049100599999747e+02
6.500000000000000222e-01 -7.608973077820000071e+03 4.504869757929999992e+02 1.552080424259999927e+04 -2.501628507670000090e+02 2.043774571060000085e+02 -3.119923773450000226e+02
6.500000000000000222e-01 -7.683078005059999668e+03 4.095508096600000272e+02 1.547753173029999925e+04 -2.503013004759999944e+02 2.043884217970000066e+02 -3.121539298349999854e+02
6.500000000000000222e-01 -7.726914865390000159e+03 4.459347628279999753e+02 1.539711912529999972e+04 -2.499552242350000029e+02 2.043383881309999879e+02 -3.113702786750000087e+02
6.500000000000000222e-01 -7.599887037290000080e+03 5.719371279539999477e+02 1.544487039840000034e+04 -2.498530473689999951e+02 2.042802503179999860e+02 -3.123195268210000108e+02
6.500000000000000222e-01 -7.584781471360000069e+03 4.593941152759999795e+02 1.552225768380000045e+04 -2.501068387980000125e+02 2.039399054719999924e+02 -3.119344658379999942e+02
6.500000000000000222e-01 -7.614197289490000003e+03 4.543958448889999886e+02 1.551963112899999942e+04 -2.501684563489999960e+02 2.043995043810000141e+02 -3.119941313609999725e+02
6.500000000000000222e-01 -7.569313175680000313e+03 4.751930163900000252e+02 1.551896602410000014e+04 -2.503426417969999989e+02 2.040881374100000016e+02 -3.118842249290000268e+02
6.500000000000000222e-01 -7.621583069109999997e+03 4.140153164590000188e+02 1.551446860659999948e+04 -2.496101473200000100e+02 2.047553190090000044e+02 -3.117555081450000216e+02
6.500000000000000222e-01 -7.585801081730000078e+03 4.517870976550000250e+02 1.552277787410000019e+04 -2.500861877950000007e+02 2.047005006599999888e+02 -3.119940157569999997e+02
6.500000000000000222e-01 -7.567957992130000093e+03 4.514074317079999901e+02 1.552178292870000041e+04 -2.496028059770000027e+02 2.044673440379999931e+02 -3.120365233649999936e+02
6.500000000000000222e-01 -7.670613393960000394e+03 5.051065706379999938e+02 1.547784816169999976e+04 -2.497166722279999931e+02 2.041160969850000129e+02 -3.115075133309999842e+02
6.500000000000000222e-01 -7.585905528590000358e+03 4.797220021399999723e+02 1.551875753439999971e+04 -2.499020010700000114e+02 2.040105155640000021e+02 -3.119342625909999924e+02
6.500000000000000222e-01 -7.561115382279999722e+03 5.464400988840000082e+02 1.547856432560000030e+04 -2.501817863199999863e+02 2.039222394399999985e+02 -3.115155830290000267e+02
6.500000000000000222e-01 -7.570021743829999650e+03 4.253069762119999950e+02 1.552067729270000018e+04 -2.502898313430000030e+02 2.046861854450000067e+02 -3.118892863759999727e+02
6.500000000000000222e-01 -7.478287670890000300e+03 4.014198345159999803e+02 1.546441844730000048e+04 -2.501656568900000082e+02 2.043333092580000141e+02 -3.116914671320000139e+02
6.500000000000000222e-01 -7.504621378439999717e+03 4.527814675980000061e+02 1.549798289549999936e+04 -2.504971633250000025e+02 2.043163794419999988e+02 -3.116964910949999989e+02
6.500000000000000222e-01 -7.509937734729999647e+03 5.178533497570000463e+02 1.547795063180000034e+04 -2.496817230869999946e+02 2.045515824979999877e+02 -3.124343695410000237e+02
6.500000000000000222e-01 -7.658237761039999896e+03 3.485960443989999931e+02 1.545509853309999926e+04 -2.498240203420000114e+02 2.046106020729999955e+02 -3.114258096230000206e+02
6.500000000000000222e-01 -7.585520729120000397e+03 4.566536294919999932e+02 1.552248970499999996e+04 -2.500130912570000135e+02 2.036924821949999966e+02 -3.119260254679999775e+02
6.500000000000000222e-01 -7.634316497929999969e+03 4.479665970840000000e+02 1.551410308280000027e+04 -2.504457292680000080e+02 2.043501953640000011e+02 -3.121223484800000278e+02
6.500000000000000222e-01 -7.577693336799999997e+03 5.667239734820000194e+02 1.545604164300000048e+04 -2.502718296600000087e+02 2.042948150359999886e+02 -3.116056017290000000e+02
6.500000000000000222e-01 -7.516338093760000447e+03 5.173728779220000433e+02 1.548287073339999915e+04 -2.504414687510000022e+02 2.042911122609999950e+02 -3.116987697559999901e+02
6.500000000000000222e-01 -7.642539659199999733e+03 3.748057904490000283e+02 1.548998092519999955e+04 -2.500196443350000095e+02 2.039282940349999933e+02 -3.122082340219999992e+02
6.500000000000000222e-01 -7.578765741229999549e+03 4.409946342640000125e+02 1.552269861169999967e+04 -2.498163061420000020e+02 2.041641429919999950e+02 -3.119958157759999722e+02
6.500000000000000222e-01 -7.544016174149999642e+03 5.230147104589999572e+02 1.549303636290000031e+04 -2.503559096900000043e+02 2.039621025950000046e+02 -3.115996883020000041e+02
3.690000000000000000e+05 2.816890003900000011e+03 7.366191982540000254e+02 -6.033026282250000349e+02 -5.062352849260000198e+01 2.884690824089999950e+01 -9.088200441380000427e+01
6.500000000000000222e-01 2.846754791589999968e+03 7.933833075840000220e+02 -4.707300069739999913e+02 -5.272896554199999741e+01 2.834195573650000100e+01 -9.118335767560000704e+01
6.500000000000000222e-01 2.913552943740000046e+03 7.971665764330000457e+02 -5.102399139490000266e+02 -4.927636153419999943e+01 2.990969729360000073e+01 -9.426060966779999717e+01
6.500000000000000222e-01 2.828400792280000132e+03 7.782839571260000184e+02 -4.626456425490000015e+02 -5.029852146860000062e+01 3.151650964590000115e+01 -9.268176399019999678e+01
6.500000000000000222e-01 2.765858073670000067e+03 6.117683603120000271e+02 -5.448632321049999518e+02 -5.204920410950000331e+01 3.076600871890000022e+01 -8.985794204399999785e+01
6.500000000000000222e-01 2.730913880980000158e+03 6.496235694189999776e+02 -5.202658648870000206e+02 -5.114873670480000101e+01 3.075392204579999955e+01 -8.886867916549999791e+01
6.500000000000000222e-01 2.931649559760000102e+03 6.741745125500000313e+02 -5.335196673189999501e+02 -5.001379479980000298e+01 2.849112282700000165e+01 -9.213995189540000297e+01
6.500000000000000222e-01 2.789537543230000210e+03 8.075917038840000259e+02 -4.762028982279999809e+02 -5.271045258689999713e+01 3.057357977030000029e+01 -9.220701132710000536e+01
6.500000000000000222e-01 2.827036296950000178e+03 7.768295029240000531e+02 -4.620924427960000003e+02 -5.045760144129999958e+01 3.162981656490000049e+01 -9.263457969309999385e+01
6.500000000000000222e-01 2.785683395389999987e+03 7.080008685840000453e+02 -4.620757643879999819e+02 -5.348382415950000279e+01 2.656540719619999891e+01 -9.237516468530000679e+01
6.500000000000000222e-01 2.815695905149999817e+03 5.988814409039999873e+02 -5.478938381890000073e+02 -4.995160066769999929e+01 2.833725011610000166e+01 -9.103008550959999923e+01
6.500000000000000222e-01 2.843072110749999865e+03 8.477101966420000281e+02 -5.104434055890000081e+02 -5.114380284949999833e+01 2.616002076570000057e+01 -8.900858582120000051e+01
6.500000000000000222e-01 2.700975420390000181e+03 7.127416670359999671e+02 -5.145322482599999603e+02 -5.298926878460000012e+01 2.817654055339999886e+01 -9.321584895869999343e+01
6.500000000000000222e-01 2.741997980220000045e+03 7.206453042269999969e+02 -4.771501593319999870e+02 -5.135685006840000000e+01 2.829076035759999996e+01 -9.143144186179999622e+01
6.500000000000000222e-01 2.714250710480000180e+03 8.359108991020000303e+02 -5.632854352980000385e+02 -5.157743175689999759e+01 2.893923462409999914e+01 -9.209626098229999513e+01
6.500000000000000222e-01 2.827493614340000022e+03 7.842832359400000541e+02 -4.643097095339999782e+02 -5.238765169610000072e+01 2.698186773169999952e+01 -9.095570292140000390e+01
6.500000000000000222e-01 2.796714388639999925e+03 7.526908986820000109e+02 -4.583927868800000169e+02 -4.985361160419999749e+01 2.732967024499999908e+01 -9.139040154719999975e+01
6.500000000000000222e-01 2.815918267850000120e+03 7.390094792740000003e+02 -4.561095588480000060e+02 -5.196077422980000193e+01 3.138537447039999861e+01 -9.173768129159999773e+01
6.500000000000000222e-01 2.841565952280000147e+03 7.423027354739999737e+02 -4.583954220350000242e+02 -5.119135778070000242e+01 2.854470622510000055e+01 -9.182640899769999976e+01
6.500000000000000222e-01 2.715444679820000147e+03 7.830501013479999983e+02 -5.053927614039999980e+02 -5.218591671739999782e+01 2.916190918999999937e+01 -9.149797593709999433e+01
6.500000000000000222e-01 2.842339021820000198e+03 7.066156057130000363e+02 -4.616311509390000083e+02 -5.342103227730000015e+01 3.134074793639999967e+01 -9.091733155820000434e+01
6.500000000000000222e-01 2.904849764590000177e+03 6.249296191890000500e+02 -5.667636475230000315e+02 -5.157231336329999749e+01 3.033935865719999825e+01 -8.880533092170000486e+01
6.500000000000000222e-01 2.824734922319999896e+03 8.536699978289999535e+02 -5.127332231460000003e+02 -5.218428174150000132e+01 2.832519201599999903e+01 -9.001434430729999292e+01
6.500000000000000222e-01 2.817623920309999903e+03 8.370912825939999493e+02 -4.942976583970000206e+02 -5.245550366140000165e+01 2.878558758630000014e+01 -9.071714210589999539e+01
6.500000000000000222e-01 2.797094188619999841e+03 8.273004985759999954e+02 -4.899975153380000279e+02 -4.959581625650000092e+01 2.531910983219999878e+01 -8.979443820320000214e+01
6.500000000000000222e-01 2.812851951889999782e+03 7.344354456139999456e+02 -4.561341318600000250e+02 -4.883036128879999893e+01 2.998106322619999986e+01 -9.158465870759999916e+01
6.500000000000000222e-01 2.932523438610000085e+03 7.237266253999999890e+02 -5.128660370459999740e+02 -4.915769149860000198e+01 2.870897155709999993e+01 -9.387058104979999484e+01
6.500000000000000222e-01 2.709950457209999968e+03 7.568602772729999515e+02 -5.036397724139999923e+02 -5.178258607730000307e+01 2.832004973340000120e+01 -9.191881831000000602e+01
6.500000000000000222e-01 2.813354177319999962e+03 8.331475091319999819e+02 -4.936508835820000058e+02 -4.959190753029999854e+01 2.800819777410000100e+01 -9.261989486890000478e+01
6.500000000000000222e-01 2.804325315460000184e+03 7.422630961129999605e+02 -4.566783179999999902e+02 -4.857033368159999753e+01 2.729308586590000019e+01 -9.135215935249999575e+01
6.500000000000000222e-01 2.833109130910000204e+03 6.560038521440000068e+02 -4.800258264720000057e+02 -4.974458964600000144e+01 2.675487278299999971e+01 -9.222719827890000488e+01
6.500000000000000222e-01 2.805179500939999798e+03 7.592737572459999456e+02 -4.582761974539999983e+02 -5.267763354609999737e+01 3.142752786810000032e+01 -9.219663641210000549e+01
6.500000000000000222e-01 2.823399227769999925e+03 8.505159952699999621e+02 -5.115831618529999787e+02 -4.971939540889999876e+01 2.874846583260000088e+01 -9.345528316780000466e+01
6.500000000000000222e-01 2.823219445790000009e+03 7.109429503200000227e+02 -4.583959983010000201e+02 -5.044974080920000148e+01 2.662482993409999921e+01 -9.203054221159999315e+01
6.500000000000000222e-01 2.829433485689999998e+03 7.350022806719999835e+02 -4.566729156200000261e+02 -4.818448651469999788e+01 2.833199572450000048e+01 -9.199283070629999770e+01
6.500000000000000222e-01 2.761362900189999891e+03 8.273176595600000383e+02 -5.003962222150000230e+02 -5.045433286850000343e+01 2.693298638179999926e+01 -8.906006615009999905e+01
6.500000000000000222e-01 2.867681761060000099e+03 7.334314673479999556e+02 -4.653651777219999985e+02 -5.236657009679999675e+01 2.893158497330000145e+01 -9.146278239720000158e+01
6.500000000000000222e-01 2.816887356660000023e+03 6.840819489470000008e+02 -4.661998016109999980e+02 -5.243136735099999868e+01 2.988198219250000065e+01 -9.168823652669999547e+01
6.500000000000000222e-01 2.807183523040000182e+03 7.300333588199999895e+02 -4.565055942070000015e+02 -5.354509330999999861e+01 2.706551496810000046e+01 -9.186029668410000681e+01
6.500000000000000222e-01 2.889921493679999912e+03 6.341439276590000418e+02 -5.295079885809999496e+02 -5.158119877440000067e+01 2.977166402130000122e+01 -9.282976441360000308e+01
6.500000000000000222e-01 2.924912138520000099e+03 7.128516303760000028e+02 -5.066982227519999924e+02 -5.105846512000000104e+01 2.933338772120000115e+01 -9.212067120659999375e+01
6.500000000000000222e-01 2.901785499829999935e+03 7.018283128140000144e+02 -4.879953115899999716e+02 -5.297392056479999667e+01 2.966682200039999984e+01 -8.992262326659999871e+01
6.500000000000000222e-01 2.818332774299999983e+03 7.599027225339999632e+02 -4.580612572509999723e+02 -5.073141491829999694e+01 2.992707109030000012e+01 -9.203004463749999786e+01
6.500000000000000222e-01 2.761503814470000179e+03 6.676734436199999436e+02 -4.849438084930000059e+02 -5.070745014949999785e+01 2.722088097110000149e+01 -9.177938319240000453e+01
6.500000000000000222e-01 2.868794491269999980e+03 8.190305014970000457e+02 -4.934304861510000251e+02 -5.011318470380000178e+01 2.628555164839999847e+01 -9.091398821980000378e+01
6.500000000000000222e-01 2.818762193219999972e+03 7.405727495349999572e+02 -4.561818353780000166e+02 -5.242359119910000231e+01 2.697701120909999872e+01 -9.166768406360000654e+01
6.500000000000000222e-01 2.837833889619999809e+03 7.159155073770000399e+02 -4.592894143450000115e+02 -5.264925547360000024e+01 3.017941617210000160e+01 -9.150526824550000526e+01
6.500000000000000222e-01 2.779646071029999803e+03 7.513417502510000077e+02 -4.614117686060000096e+02 -5.421954547659999690e+01 2.976693348510000092e+01 -9.235135143169999594e+01
6.500000000000000222e-01 2.838738676930000111e+03 6.703346108870000535e+02 -4.736758542449999823e+02 -5.221389577520000103e+01 3.181785014800000155e+01 -9.000369221600000458e+01
6.500000000000000222e-01 2.804701967290000084e+03 6.200472325160000082e+02 -5.125775749729999688e+02 -5.002914139199999966e+01 2.975675002019999837e+01 -8.919562272470000153e+01
6.500000000000000222e-01 2.931296211119999953e+03 7.683176707840000290e+02 -5.157904287119999935e+02 -5.182562324229999717e+01 2.812108488189999989e+01 -8.995609821589999910e+01
6.500000000000000222e-01 2.720307845209999869e+03 6.511624547010000015e+02 -5.308065803570000298e+02 -5.106796827179999809e+01 3.044782291459999968e+01 -8.867452064319999749e+01
6.500000000000000222e-01 2.764317790499999774e+03 8.259553102070000250e+02 -5.005765076050000175e+02 -4.930956980090000030e+01 2.627201485180000162e+01 -9.063915083960000629e+01
6.500000000000000222e-01 2.825873997690000124e+03 7.450867225590000089e+02 -4.566561447359999875e+02 -4.929248996949999650e+01 3.032220677709999990e+01 -9.195984367699999495e+01
6.500000000000000222e-01 2.843093459679999796e+03 6.344640727779999452e+02 -4.986061496909999846e+02 -4.954371782730000007e+01 2.696140327459999853e+01 -9.230245311420000576e+01
6.500000000000000222e-01 2.816117363010000190e+03 6.613611471729999494e+02 -4.764451114519999919e+02 -5.105927863040000148e+01 2.599842638679999851e+01 -9.307462599010000304e+01
6.500000000000000222e-01 2.889260435239999879e+03 7.699247323759999517e+02 -4.795092829729999835e+02 -4.879124075810000249e+01 2.907353264199999998e+01 -9.314554485550000607e+01
6.500000000000000222e-01 2.870549682129999837e+03 6.546972595729999966e+02 -4.923061284269999760e+02 -4.926993003220000134e+01 2.674503645060000068e+01 -9.324420937950000621e+01
6.500000000000000222e-01 2.881239849489999870e+03 6.440139502690000199e+02 -5.072845481670000254e+02 -4.932572726899999793e+01 2.707148022189999992e+01 -9.351660428830000171e+01
6.500000000000000222e-01 2.848430946890000087e+03 6.366250445939999736e+02 -4.978718559499999969e+02 -4.975571143599999857e+01 2.803414150429999907e+01 -9.116666557199999943e+01
6.500000000000000222e-01 2.828634204810000028e+03 7.973397765480000317e+02 -4.702000414080000041e+02 -5.042537758259999947e+01 2.557375444210000026e+01 -9.084041429059999473e+01
6.500000000000000222e-01 2.820609442250000029e+03 7.485918704700000035e+02 -4.566691745080000260e+02 -5.153009496859999672e+01 2.885195382710000089e+01 -9.177030478349999498e+01
6.500000000000000222e-01 2.765526055199999973e+03 8.111706983909999735e+02 -4.878204373730000043e+02 -4.914123161370000048e+01 2.575267431600000023e+01 -8.960250462850000019e+01
6.500000000000000222e-01 2.788316685849999885e+03 7.201306846740000083e+02 -4.596471333150000191e+02 -5.396212147560000005e+01 2.707922893470000147e+01 -9.221605288969999492e+01
6.500000000000000222e-01 2.915273447290000149e+03 7.030221480239999892e+02 -4.995016652599999816e+02 -4.938453835250000168e+01 2.867726749379999873e+01 -9.377012228770000490e+01
6.500000000000000222e-01 2.852892765730000065e+03 7.379093712449999884e+02 -4.606780021609999949e+02 -4.804749280989999960e+01 2.885865941280000158e+01 -9.259057141030000082e+01
6.500000000000000222e-01 2.729708782849999807e+03 8.264859000249999781e+02 -5.262543383129999484e+02 -4.943876854669999688e+01 2.663042723790000110e+01 -8.836139364170000476e+01
6.500000000000000222e-01 2.859183962470000097e+03 8.522163927110000259e+02 -5.239252496479999763e+02 -4.952450401800000179e+01 2.645823328939999897e+01 -9.085515442979999534e+01
6.500000000000000222e-01 2.804865236420000201e+03 7.206434613430000127e+02 -4.573773974449999855e+02 -5.011774322189999964e+01 3.107820775729999951e+01 -9.126893927810000662e+01
6.500000000000000222e-01 2.880917574699999932e+03 7.036032773299999690e+02 -4.752518104640000161e+02 -4.907372246020000262e+01 2.801282058860000035e+01 -9.326261744939999687e+01
6.500000000000000222e-01 2.827224785360000169e+03 7.311141276560000506e+02 -4.565919001799999819e+02 -5.338819729730000319e+01 2.975173050469999936e+01 -9.154208377119999795e+01
6.500000000000000222e-01 2.714966804499999853e+03 7.462423071599999957e+02 -4.965078673309999999e+02 -5.302729246610000047e+01 2.876189136789999878e+01 -9.257686046979999617e+01
6.500000000000000222e-01 2.722790246930000194e+03 7.872198930429999564e+02 -5.014361761110000089e+02 -4.908087647570000200e+01 2.714990120710000099e+01 -8.862349600619999990e+01
6.500000000000000222e-01 2.794318969429999925e+03 7.220094077840000182e+02 -4.584107409480000115e+02 -4.867513928000000334e+01 3.024263962470000067e+01 -9.097961617660000400e+01
6.500000000000000222e-01 2.863685201580000012e+03 6.574029736400000274e+02 -4.883618167349999908e+02 -4.984443714369999867e+01 2.691608424409999856e+01 -9.361456914260000417e+01
6.500000000000000222e-01 2.799947546360000160e+03 7.652481161599999950e+02 -4.598782930739999983e+02 -5.267288586029999919e+01 3.108081810670000067e+01 -9.232934026499999902e+01
6.500000000000000222e-01 2.858412891580000178e+03 7.133951619440000513e+02 -4.639328615370000080e+02 -4.929262560709999974e+01 2.763493003980000040e+01 -9.241528959570000268e+01
6.500000000000000222e-01 2.815792216790000111e+03 7.227259941150000486e+02 -4.567268832330000237e+02 -5.096048136900000003e+01 2.896155566910000090e+01 -9.167180846850000364e+01
6.500000000000000222e-01 2.715805347510000047e+03 7.677422028869999622e+02 -4.995005900919999817e+02 -5.061557425169999647e+01 2.851079865890000065e+01 -8.994506759259999740e+01
6.500000000000000222e-01 2.795583914220000224e+03 7.367206472679999933e+02 -4.575171459069999855e+02 -4.852178380400000179e+01 2.860820866510000116e+01 -9.117664313749999394e+01
6.500000000000000222e-01 2.830139352719999806e+03 7.205910135850000415e+02 -4.576803594739999994e+02 -5.299599327800000026e+01 3.074862995979999880e+01 -9.142033743339999319e+01
6.500000000000000222e-01 2.766999323579999782e+03 7.323291835249999622e+02 -4.645907530530000145e+02 -5.259476940190000249e+01 2.843574321899999902e+01 -9.192610476820000542e+01
6.500000000000000222e-01 2.919697128989999783e+03 7.108421492249999574e+02 -5.008951667279999924e+02 -4.885130596669999647e+01 2.834003294060000044e+01 -9.381952654639999878e+01
6.500000000000000222e-01 2.690874781009999879e+03 6.619253252239999483e+02 -5.829790122389999851e+02 -5.066127643699999794e+01 2.919838982539999961e+01 -8.702271167089999437e+01
6.500000000000000222e-01 2.710118300860000090e+03 6.654147493430000395e+02 -5.293151296290000118e+02 -5.201252834720000351e+01 2.976231797180000171e+01 -9.066522102209999900e+01
6.500000000000000222e-01 2.788682915589999993e+03 6.208386328889999959e+02 -5.148357953109999698e+02 -4.991926398420000055e+01 2.730121099899999848e+01 -9.179823679659999414e+01
6.500000000000000222e-01 2.867033112659999915e+03 8.652069470290000481e+02 -5.514469823580000138e+02 -5.032318415169999781e+01 2.955436502350000083e+01 -9.449467239460000201e+01
6.500000000000000222e-01 2.698466592839999976e+03 6.864875875809999570e+02 -5.295077478900000187e+02 -5.150079214160000163e+01 2.948005782359999927e+01 -9.017464327640000477e+01
6.500000000000000222e-01 2.820303033459999824e+03 7.353912718530000348e+02 -4.561451437690000148e+02 -5.418320780070000353e+01 2.956296047949999917e+01 -9.161785686369999837e+01
6.500000000000000222e-01 2.832643956830000207e+03 7.249364806270000372e+02 -4.574321922060000247e+02 -4.960880805880000111e+01 2.751106146760000115e+01 -9.201024406029999625e+01
6.500000000000000222e-01 2.770710836759999893e+03 6.379984150179999460e+02 -5.039146440920000032e+02 -5.268102580069999874e+01 2.772887256019999924e+01 -9.332745016670000382e+01
6.500000000000000222e-01 2.768669294199999968e+03 7.853237054559999706e+02 -4.734001139169999988e+02 -5.169070175929999778e+01 2.889154975250000135e+01 -9.238718272670000431e+01
6.500000000000000222e-01 2.699056448809999893e+03 8.124604046440000502e+02 -5.548570085090000248e+02 -5.078810545190000170e+01 2.831448540610000109e+01 -8.891759776230000512e+01
6.500000000000000222e-01 2.827094335639999827e+03 7.856952691879999975e+02 -4.648989472989999854e+02 -5.066125631330000090e+01 3.161792678649999999e+01 -9.280533371490000150e+01
6.500000000000000222e-01 2.832234841580000193e+03 8.145394166529999893e+02 -4.801705984899999748e+02 -4.949982388010000278e+01 2.832341986369999987e+01 -9.254847837869999694e+01
6.500000000000000222e-01 2.932348920850000013e+03 7.507923830009999620e+02 -5.127711083079999526e+02 -5.128561051530000015e+01 2.860472026900000131e+01 -9.105497283370000616e+01
6.500000000000000222e-01 2.797733659529999841e+03 6.948372175839999727e+02 -4.631560110799999848e+02 -5.059593527719999884e+01 2.780584378349999852e+01 -9.163301510230000702e+01
6.500000000000000222e-01 2.879527878389999842e+03 7.802643395239999791e+02 -4.774775999920000231e+02 -4.980377143940000195e+01 2.804109126930000073e+01 -9.219087683489999563e+01
6.500000000000000222e-01 2.757013164479999887e+03 8.122484919070000160e+02 -4.907900710630000276e+02 -5.061810152729999857e+01 2.743497403840000004e+01 -8.956921819039999377e+01
6.500000000000000222e-01 2.774642888540000058e+03 6.587963354080000045e+02 -4.848499734310000235e+02 -5.038589496459999850e+01 2.712001635349999873e+01 -9.176836336339999889e+01
6.500000000000000222e-01 2.930905757739999899e+03 6.498967853030000015e+02 -5.671922751199999766e+02 -5.105824646620000351e+01 2.958552901539999880e+01 -8.870851709469999946e+01
