3.450000000000000000e+05 3.925620177159999912e+03 -5.034263001139999687e+03 -6.883856120260000353e+03 -1.146368491180000007e+02 2.401317866089999953e+01 -5.181355823700000229e+01
6.500000000000000222e-01 4.098829954290000387e+03 -5.208634283549999964e+03 -6.762290236509999886e+03 -1.158350852500000059e+02 2.518092500690000080e+01 -5.247590092810000328e+01
6.500000000000000222e-01 3.777385282589999861e+03 -5.143533502420000332e+03 -6.668546193039999707e+03 -1.132534068610000020e+02 2.513016668219999872e+01 -5.075738386660000145e+01
6.500000000000000222e-01 3.738999547849999999e+03 -5.098306611670000166e+03 -6.676350950729999568e+03 -1.135659563610000049e+02 2.576784233580000105e+01 -5.006726110740000024e+01
6.500000000000000222e-01 3.856583570369999961e+03 -5.288115151949999927e+03 -6.786672033040000315e+03 -1.141934937270000034e+02 2.567532351530000057e+01 -5.020410715300000248e+01
6.500000000000000222e-01 4.008429219690000082e+03 -5.174707522030000291e+03 -6.648042782970000189e+03 -1.147513517059999941e+02 2.470374054719999890e+01 -5.175861723850000118e+01
6.500000000000000222e-01 3.974991146209999897e+03 -4.915008388049999667e+03 -6.627536482810000052e+03 -1.146604536029999934e+02 2.622781036650000175e+01 -5.232562299199999956e+01
6.500000000000000222e-01 3.804856532079999852e+03 -4.977600960699999632e+03 -6.628364292840000417e+03 -1.162695801090000032e+02 2.527713007950000090e+01 -5.191824927700000103e+01
6.500000000000000222e-01 4.000413437170000179e+03 -4.927963199920000079e+03 -6.628928606479999871e+03 -1.152758515910000057e+02 2.598012574110000017e+01 -5.218911538860000121e+01
6.500000000000000222e-01 4.085367210679999971e+03 -5.080193456220000371e+03 -6.654873238320000382e+03 -1.147400048220000031e+02 2.409541925750000146e+01 -5.262249428380000182e+01
6.500000000000000222e-01 3.992627648669999871e+03 -5.024774177399999644e+03 -6.606948228080000263e+03 -1.133991865689999941e+02 2.492642279689999896e+01 -5.218250719449999764e+01
6.500000000000000222e-01 3.792010280880000209e+03 -5.140884031390000018e+03 -6.656800463999999920e+03 -1.131071219189999937e+02 2.585520139260000150e+01 -5.028176035439999936e+01
6.500000000000000222e-01 3.674275365479999891e+03 -4.949266068670000095e+03 -6.782353576129999965e+03 -1.143724289110000001e+02 2.439542789109999887e+01 -5.161672547010000045e+01
6.500000000000000222e-01 3.852315738419999889e+03 -4.821252225629999884e+03 -6.716826884789999895e+03 -1.144523262579999994e+02 2.370248294680000001e+01 -5.160475044510000231e+01
6.500000000000000222e-01 3.712726992970000083e+03 -4.947218459779999648e+03 -6.708148379649999697e+03 -1.160510881990000058e+02 2.526318002549999875e+01 -5.263571298570000323e+01
6.500000000000000222e-01 3.701287474480000128e+03 -5.081967659369999637e+03 -6.716877353779999794e+03 -1.140336418549999991e+02 2.477003104610000150e+01 -5.118234056829999901e+01
6.500000000000000222e-01 3.857816020279999975e+03 -5.135867137670000375e+03 -6.626908987480000178e+03 -1.161447985420000037e+02 2.340525575670000080e+01 -5.264256001689999920e+01
6.500000000000000222e-01 3.767099821509999856e+03 -5.076843890070000270e+03 -6.648467254989999674e+03 -1.130706821020000064e+02 2.563987599600000067e+01 -4.997853960519999816e+01
6.500000000000000222e-01 3.887170849340000132e+03 -4.784854461980000451e+03 -6.757571746210000128e+03 -1.148245810070000061e+02 2.414572883170000139e+01 -5.247321143989999825e+01
6.500000000000000222e-01 4.121938799389999986e+03 -4.888473209779999706e+03 -6.744977487260000089e+03 -1.152362782600000060e+02 2.470093246740000126e+01 -5.345436582650000190e+01
6.500000000000000222e-01 4.002977328490000218e+03 -4.781470069480000348e+03 -6.771035857969999597e+03 -1.161386718990000020e+02 2.476771529579999864e+01 -5.216835220229999948e+01
6.500000000000000222e-01 3.834302190509999946e+03 -4.956959245789999841e+03 -6.623149427389999801e+03 -1.139015482819999932e+02 2.361214778320000107e+01 -5.066108311699999689e+01
6.500000000000000222e-01 3.836264652689999821e+03 -4.921784853410000323e+03 -6.632879813280000235e+03 -1.162723608569999953e+02 2.603100874540000120e+01 -5.207760643929999844e+01
6.500000000000000222e-01 3.810767257729999983e+03 -5.176936759829999573e+03 -6.667216296419999708e+03 -1.152982724160000032e+02 2.352380310390000062e+01 -5.304353426010000305e+01
6.500000000000000222e-01 3.763964094980000027e+03 -5.016286857789999885e+03 -6.645457267619999584e+03 -1.155112385609999990e+02 2.508651662930000015e+01 -5.159995841180000298e+01
6.500000000000000222e-01 3.749126506959999915e+03 -5.035841869599999882e+03 -6.656748236950000319e+03 -1.142622733209999950e+02 2.504084404760000027e+01 -5.083979348350000294e+01
6.500000000000000222e-01 3.939862265950000165e+03 -4.860949334859999908e+03 -6.651369103179999911e+03 -1.158005901760000000e+02 2.646737255500000074e+01 -5.232279792340000313e+01
6.500000000000000222e-01 3.796652757819999806e+03 -4.874399559340000451e+03 -6.687279111650000232e+03 -1.137577418009999946e+02 2.301418261290000089e+01 -4.970241272730000048e+01
6.500000000000000222e-01 3.868734471149999990e+03 -5.087023422790000041e+03 -6.608755770609999672e+03 -1.134425807930000047e+02 2.625002468630000152e+01 -5.095605757429999727e+01
6.500000000000000222e-01 3.890086999459999788e+03 -4.942721551769999678e+03 -6.615259436839999580e+03 -1.147932657279999944e+02 2.422852584290000166e+01 -5.137369667650000338e+01
6.500000000000000222e-01 4.054971544269999868e+03 -4.874590906020000148e+03 -6.687493887990000076e+03 -1.168295958450000001e+02 2.302744378259999891e+01 -4.982939595620000262e+01
6.500000000000000222e-01 3.829450872400000208e+03 -5.108272045919999982e+03 -6.625840202190000127e+03 -1.156036221530000034e+02 2.561603274229999982e+01 -5.172262534029999870e+01
6.500000000000000222e-01 4.048807721570000012e+03 -4.980781825400000344e+03 -6.633791176800000358e+03 -1.175080425249999934e+02 2.368071107869999992e+01 -5.061171755489999668e+01
6.500000000000000222e-01 3.901008052669999870e+03 -5.033578291069999977e+03 -6.597804544010000427e+03 -1.130565803289999991e+02 2.523249780940000164e+01 -5.123392356349999943e+01
6.500000000000000222e-01 4.135816900519999763e+03 -4.868806381870000223e+03 -6.796463541209999676e+03 -1.149456487920000001e+02 2.353093518040000021e+01 -5.321464443760000051e+01
6.500000000000000222e-01 3.930685969579999892e+03 -5.050000558259999707e+03 -6.598431055770000057e+03 -1.146256000919999991e+02 2.314962802289999999e+01 -5.171228590540000170e+01
6.500000000000000222e-01 3.925759123740000177e+03 -4.984199076199999581e+03 -6.601811080239999683e+03 -1.150430883869999974e+02 2.425602807909999825e+01 -5.147259309260000038e+01
6.500000000000000222e-01 3.945721284870000090e+03 -4.784687853759999598e+03 -6.732784001889999672e+03 -1.164440677949999952e+02 2.513370418490000091e+01 -5.153410424599999828e+01
6.500000000000000222e-01 3.788549597679999806e+03 -5.233797635529999752e+03 -6.744884243520000382e+03 -1.153021194119999961e+02 2.553760409850000102e+01 -5.270710956820000348e+01
6.500000000000000222e-01 4.072244174320000184e+03 -4.880549382440000045e+03 -6.696992721249999704e+03 -1.146359096439999945e+02 2.354812996060000074e+01 -5.217555603609999793e+01
6.500000000000000222e-01 3.841588090780000130e+03 -5.222884117380000134e+03 -6.693441739609999786e+03 -1.142524928870000025e+02 2.664165755659999846e+01 -5.034506688110000283e+01
6.500000000000000222e-01 3.836880152050000106e+03 -4.818644581819999985e+03 -6.699211241750000227e+03 -1.159493709470000056e+02 2.459088291839999840e+01 -5.008094900260000060e+01
6.500000000000000222e-01 4.049269380549999823e+03 -4.922268670129999919e+03 -6.653663318750000144e+03 -1.147173568310000036e+02 2.564798554180000068e+01 -5.278735748900000146e+01
6.500000000000000222e-01 3.831717767499999809e+03 -4.832997023259999878e+03 -6.696552151400000184e+03 -1.158998789959999982e+02 2.576311681909999862e+01 -5.251257242049999974e+01
6.500000000000000222e-01 3.879576972540000042e+03 -5.033480951440000354e+03 -6.600808871799999906e+03 -1.148112590939999933e+02 2.493824609760000044e+01 -5.145605461539999936e+01
6.500000000000000222e-01 3.977756252210000184e+03 -4.981859544179999830e+03 -6.607433083689999876e+03 -1.169039221639999937e+02 2.304136813990000121e+01 -5.093488814759999883e+01
6.500000000000000222e-01 3.924001566569999795e+03 -5.034471574549999787e+03 -6.598062402749999819e+03 -1.157347352820000026e+02 2.553802201359999913e+01 -5.163274207050000086e+01
6.500000000000000222e-01 4.103511408600000323e+03 -5.239701702440000190e+03 -6.811659650280000278e+03 -1.146317407359999976e+02 2.398519970599999951e+01 -5.489021290920000240e+01
6.500000000000000222e-01 3.922198434060000181e+03 -5.022843291729999692e+03 -6.597924487080000290e+03 -1.153945898390000053e+02 2.558012299159999969e+01 -5.161808705840000044e+01
6.500000000000000222e-01 3.868879220190000069e+03 -4.775884704729999612e+03 -6.786222088329999679e+03 -1.148078907200000032e+02 2.395222862720000023e+01 -5.246690057960000075e+01
6.500000000000000222e-01 3.669958727019999969e+03 -5.035257968140000230e+03 -6.757849806430000172e+03 -1.143903650029999994e+02 2.478873870980000049e+01 -5.146169413519999836e+01
6.500000000000000222e-01 4.041845192849999876e+03 -5.110483543139999711e+03 -6.635921308410000165e+03 -1.160197645639999990e+02 2.492515105200000036e+01 -5.148227609090000101e+01
6.500000000000000222e-01 4.199036637899999732e+03 -5.053915682670000024e+03 -6.820095242739999776e+03 -1.154356734269999976e+02 2.376375778390000093e+01 -5.263518446789999672e+01
6.500000000000000222e-01 3.984176164999999855e+03 -4.892405729009999959e+03 -6.640045906469999863e+03 -1.164907306070000033e+02 2.533958259170000105e+01 -5.151205634739999795e+01
6.500000000000000222e-01 3.907572279269999854e+03 -5.113687775499999589e+03 -6.612488513610000155e+03 -1.157936015829999974e+02 2.397862911069999825e+01 -5.225212190749999763e+01
6.500000000000000222e-01 3.946208544260000053e+03 -5.002940569080000387e+03 -6.599797306569999819e+03 -1.142349718570000050e+02 2.627060088200000010e+01 -5.175050721760000272e+01
6.500000000000000222e-01 3.976496277350000128e+03 -5.117468887240000186e+03 -6.615923285640000358e+03 -1.151305837109999999e+02 2.501491140090000087e+01 -5.172546988290000058e+01
6.500000000000000222e-01 3.880351926230000117e+03 -5.040411140539999906e+03 -6.600735963580000316e+03 -1.143476074799999935e+02 2.529975381819999924e+01 -5.136237971549999770e+01
6.500000000000000222e-01 3.912831358580000142e+03 -5.031649432909999632e+03 -6.598009738589999870e+03 -1.156691245869999989e+02 2.483805166439999823e+01 -5.161819644629999715e+01
6.500000000000000222e-01 3.801485545540000203e+03 -5.173375871750000442e+03 -6.672107584319999660e+03 -1.158216353330000032e+02 2.549596577080000159e+01 -5.235461668519999989e+01
6.500000000000000222e-01 4.120800689980000243e+03 -5.203404689519999920e+03 -6.759961057120000078e+03 -1.141771391240000071e+02 2.349042850069999844e+01 -5.399480526629999844e+01
6.500000000000000222e-01 3.813828089650000038e+03 -4.860449067190000278e+03 -6.685274974820000352e+03 -1.139689818330000008e+02 2.283988877590000044e+01 -4.927719860359999871e+01
6.500000000000000222e-01 4.023265181060000032e+03 -5.128718908910000209e+03 -6.641151957670000229e+03 -1.151718340339999997e+02 2.461129483839999921e+01 -5.280059848540000189e+01
6.500000000000000222e-01 3.917687294110000039e+03 -5.019937629369999740e+03 -6.597134496040000158e+03 -1.144200624319999946e+02 2.275812306739999968e+01 -5.129753570759999803e+01
6.500000000000000222e-01 3.938889900319999924e+03 -4.817309461730000294e+03 -6.702178978619999725e+03 -1.148925423780000017e+02 2.227362007769999863e+01 -4.958519701200000185e+01
6.500000000000000222e-01 3.866963745259999996e+03 -4.989627830630000062e+03 -6.604214316130000043e+03 -1.146002731110000070e+02 2.445015962840000157e+01 -5.102429471650000181e+01
6.500000000000000222e-01 4.002305440749999889e+03 -5.142817985540000336e+03 -6.638139733289999640e+03 -1.148027667470000068e+02 2.399402025390000048e+01 -5.300508856910000333e+01
6.500000000000000222e-01 3.814756641370000125e+03 -4.938586771279999994e+03 -6.637359723210000084e+03 -1.136602521819999936e+02 2.338984135780000173e+01 -5.025250129049999970e+01
6.500000000000000222e-01 4.080318468009999833e+03 -4.945149652860000060e+03 -6.663354165869999633e+03 -1.166005171789999935e+02 2.314237768339999946e+01 -5.058513092449999959e+01
6.500000000000000222e-01 3.712727594680000038e+03 -5.203464296410000316e+03 -6.813596339699999589e+03 -1.134782449329999992e+02 2.497749411939999931e+01 -4.995396520149999731e+01
6.500000000000000222e-01 3.785249116930000127e+03 -5.272910858250000274e+03 -6.834414563500000440e+03 -1.136468945600000069e+02 2.480900323799999896e+01 -5.094529801960000270e+01
6.500000000000000222e-01 4.017394347360000211e+03 -5.003859398319999855e+03 -6.616239930269999604e+03 -1.165983263130000012e+02 2.399634176969999899e+01 -5.130795813059999944e+01
6.500000000000000222e-01 3.911564475289999791e+03 -5.158048077440000270e+03 -6.627010332079999898e+03 -1.142048343700000004e+02 2.404975539559999831e+01 -5.205956913119999996e+01
6.500000000000000222e-01 3.976567779330000121e+03 -5.140568962569999712e+03 -6.631615576199999850e+03 -1.164711490610000055e+02 2.665901248739999829e+01 -5.149963849990000142e+01
6.500000000000000222e-01 3.881976907870000105e+03 -4.973828516069999750e+03 -6.605427880969999933e+03 -1.139411356629999972e+02 2.293383272770000048e+01 -5.065853579790000083e+01
6.500000000000000222e-01 3.983015414599999986e+03 -4.985998247569999876e+03 -6.608783264040000176e+03 -1.157298525820000066e+02 2.506424744390000114e+01 -5.172460226729999988e+01
6.500000000000000222e-01 3.920342936540000210e+03 -5.298997940549999839e+03 -6.779903420370000276e+03 -1.139702919860000065e+02 2.503146950609999877e+01 -5.083197411319999759e+01
6.500000000000000222e-01 3.863482012330000089e+03 -4.983533841030000076e+03 -6.608083799689999978e+03 -1.153858529670000053e+02 2.486121610760000067e+01 -5.150178067179999886e+01
6.500000000000000222e-01 3.946505761160000020e+03 -5.030565892509999685e+03 -6.598740919490000124e+03 -1.177053424270000050e+02 2.475943519209999977e+01 -5.136837948729999681e+01
6.500000000000000222e-01 3.889686888749999980e+03 -5.153133785969999735e+03 -6.627220069379999586e+03 -1.140059540729999981e+02 2.463390438689999939e+01 -5.172290609480000256e+01
6.500000000000000222e-01 3.834140116529999887e+03 -5.044691617450000194e+03 -6.612036314760000096e+03 -1.159374155830000035e+02 2.476485049080000067e+01 -5.174843415490000353e+01
6.500000000000000222e-01 3.680209899779999887e+03 -4.936146429549999993e+03 -6.775378409549999560e+03 -1.149955375939999982e+02 2.466177607179999853e+01 -5.261221777779999798e+01
6.500000000000000222e-01 3.740547984799999995e+03 -4.837252058480000414e+03 -6.791493348140000307e+03 -1.141152613489999936e+02 2.354882713960000018e+01 -4.869476834019999956e+01
6.500000000000000222e-01 4.167918590809999841e+03 -5.152182936369999879e+03 -6.803163866300000336e+03 -1.146734980039999954e+02 2.387290138719999888e+01 -5.477725385050000284e+01
6.500000000000000222e-01 4.005346259939999982e+03 -5.138817741490000117e+03 -6.631390253290000146e+03 -1.139357737840000055e+02 2.316911501779999938e+01 -5.285488329020000009e+01
6.500000000000000222e-01 3.984032377030000134e+03 -5.112236650730000292e+03 -6.616076576710000154e+03 -1.154065604139999976e+02 2.516252099669999964e+01 -5.164733807790000242e+01
6.500000000000000222e-01 4.153816412400000445e+03 -4.951979997229999753e+03 -6.739927342910000334e+03 -1.157781991239999968e+02 2.340249361189999888e+01 -5.141536653899999720e+01
6.500000000000000222e-01 3.708499517629999900e+03 -5.128737339829999655e+03 -6.725275390380000317e+03 -1.155161707259999986e+02 2.493430562609999868e+01 -5.284603107560000268e+01
6.500000000000000222e-01 4.139668682620000254e+03 -5.046881547339999997e+03 -6.701982309850000092e+03 -1.140987158110000053e+02 2.415918678810000131e+01 -5.390960945639999835e+01
6.500000000000000222e-01 3.834122970590000023e+03 -4.944957685139999739e+03 -6.627864426430000094e+03 -1.140720274920000037e+02 2.362731666790000062e+01 -5.076555451400000152e+01
6.500000000000000222e-01 3.903217676950000168e+03 -5.116255397279999670e+03 -6.611731881280000380e+03 -1.147422181870000060e+02 2.390942143779999896e+01 -5.200260099569999994e+01
6.500000000000000222e-01 3.860988926460000130e+03 -4.864819461459999729e+03 -6.664876787379999769e+03 -1.149737485349999986e+02 2.474213957279999931e+01 -5.194948954680000242e+01
6.500000000000000222e-01 3.933676239800000076e+03 -5.037476396570000361e+03 -6.597562889679999898e+03 -1.134230432009999987e+02 2.368011679800000024e+01 -5.158961394979999682e+01
6.500000000000000222e-01 3.903446182950000093e+03 -4.960167399979999573e+03 -6.608058481070000198e+03 -1.146177095360000067e+02 2.348077121969999936e+01 -5.114090609410000354e+01
6.500000000000000222e-01 3.853616530589999911e+03 -4.818584895379999580e+03 -6.693362311230000159e+03 -1.159722287000000023e+02 2.436635725380000039e+01 -4.993331578570000318e+01
6.500000000000000222e-01 3.756048144379999940e+03 -4.865393371320000369e+03 -6.727041867009999805e+03 -1.153229249240000058e+02 2.484830135260000006e+01 -5.240871845089999681e+01
6.500000000000000222e-01 3.959727348869999787e+03 -5.022364525609999873e+03 -6.600132355190000453e+03 -1.133045432060000053e+02 2.527774811749999984e+01 -5.183568637719999828e+01
6.500000000000000222e-01 3.939529551850000189e+03 -5.099877352470000005e+03 -6.607091624810000212e+03 -1.147090329499999939e+02 2.273053751939999856e+01 -5.226136560639999828e+01
6.500000000000000222e-01 3.757539778329999990e+03 -5.072068787559999691e+03 -6.655878893740000422e+03 -1.133638770820000019e+02 2.511419162749999856e+01 -5.041235097090000039e+01
6.500000000000000222e-01 3.911412902640000084e+03 -5.040717100050000226e+03 -6.598340317469999718e+03 -1.155922372659999979e+02 2.476847351529999841e+01 -5.164529947039999769e+01
6.500000000000000222e-01 3.907188718020000124e+03 -5.116801395640000010e+03 -6.611657888509999793e+03 -1.152950195129999997e+02 2.289830306200000010e+01 -5.231687166449999893e+01
1.390000000000000000e+04 -9.442983322019999832e+03 1.984666406390000020e+03 1.296935757829999966e+04 -2.417703345079999906e+02 2.031445953630000076e+02 -3.266290091139999845e+02
6.500000000000000222e-01 -9.446937234749999334e+03 1.983625337409999929e+03 1.311281293179999921e+04 -2.413158008620000032e+02 2.033688254879999988e+02 -3.265058712219999961e+02
6.500000000000000222e-01 -9.398161692370000310e+03 2.037079745420000108e+03 1.309459054769999966e+04 -2.415289793389999886e+02 2.034976468680000039e+02 -3.268840636169999812e+02
6.500000000000000222e-01 -9.492443359770000825e+03 1.979911740680000094e+03 1.310418978539999989e+04 -2.417171177660000012e+02 2.032102741479999963e+02 -3.264437498109999751e+02
6.500000000000000222e-01 -9.445545051099999910e+03 1.997311696490000031e+03 1.311228518199999962e+04 -2.418824269129999891e+02 2.025905733540000142e+02 -3.264746474390000230e+02
6.500000000000000222e-01 -9.574752521509999497e+03 1.963932644550000077e+03 1.302158221170000070e+04 -2.418818201290000047e+02 2.031983493319999923e+02 -3.267818642080000018e+02
6.500000000000000222e-01 -9.450495493450000140e+03 1.961864205269999957e+03 1.311082803880000029e+04 -2.417055840220000107e+02 2.033750233080000100e+02 -3.264923903960000189e+02
6.500000000000000222e-01 -9.400832207670000571e+03 2.047051282099999980e+03 1.309077055800000016e+04 -2.415577195799999970e+02 2.034541983160000029e+02 -3.269008879919999799e+02
6.500000000000000222e-01 -9.435292290999999750e+03 2.029829353840000067e+03 1.310549045470000056e+04 -2.421259301089999951e+02 2.031813442680000037e+02 -3.265182907880000016e+02
6.500000000000000222e-01 -9.503938707620000059e+03 2.002158343500000001e+03 1.309822503200000028e+04 -2.413100756149999881e+02 2.029677836769999999e+02 -3.262060478910000256e+02
6.500000000000000222e-01 -9.459953354330000366e+03 1.969219703920000029e+03 1.311097908439999992e+04 -2.417610482439999942e+02 2.030989095179999993e+02 -3.265296642519999750e+02
6.500000000000000222e-01 -9.394930840249999164e+03 1.923102116999999907e+03 1.308912094029999935e+04 -2.415572776209999972e+02 2.027776434120000033e+02 -3.269476873969999815e+02
6.500000000000000222e-01 -9.348792779659999724e+03 2.069589020779999828e+03 1.303399637020000046e+04 -2.421454719550000050e+02 2.029044436240000095e+02 -3.261082848799999852e+02
6.500000000000000222e-01 -9.476399330899999768e+03 2.026709930499999928e+03 1.310269998859999941e+04 -2.415493185279999864e+02 2.026802858670000091e+02 -3.262575670439999840e+02
6.500000000000000222e-01 -9.437109478790000139e+03 1.989276463509999985e+03 1.311260519679999925e+04 -2.413932196410000017e+02 2.035272628810000128e+02 -3.265649258779999968e+02
6.500000000000000222e-01 -9.433121206989999337e+03 2.005708648399999902e+03 1.311084776369999963e+04 -2.417226835959999960e+02 2.036392915110000104e+02 -3.266267383979999863e+02
6.500000000000000222e-01 -9.411203894520000176e+03 2.013983888649999926e+03 1.310584353100000044e+04 -2.415139050720000000e+02 2.035546538209999881e+02 -3.267472774789999903e+02
6.500000000000000222e-01 -9.422045017300000836e+03 1.963181949269999905e+03 1.310941840520000005e+04 -2.423655547900000045e+02 2.036370813469999916e+02 -3.264150904640000022e+02
6.500000000000000222e-01 -9.474417018930000268e+03 2.023423296960000016e+03 1.310452475919999961e+04 -2.422119606020000049e+02 2.034989210580000076e+02 -3.266278105719999871e+02
6.500000000000000222e-01 -9.484845247620000009e+03 1.964977754279999999e+03 1.310536517549999917e+04 -2.424129792040000098e+02 2.029137272019999898e+02 -3.267000780149999741e+02
6.500000000000000222e-01 -9.337042052250000779e+03 2.047198332519999894e+03 1.304131564769999932e+04 -2.420935245450000082e+02 2.028624537610000118e+02 -3.261798511239999812e+02
6.500000000000000222e-01 -9.416036061119999431e+03 1.961449578830000064e+03 1.310813891960000001e+04 -2.423525212799999906e+02 2.035489772500000072e+02 -3.264053859140000213e+02
6.500000000000000222e-01 -9.324877350290000322e+03 2.020045753240000067e+03 1.303993761079999967e+04 -2.421984996920000128e+02 2.030848940299999867e+02 -3.262722416849999831e+02
6.500000000000000222e-01 -9.557118209809999826e+03 2.013434186080000018e+03 1.305224104099999931e+04 -2.419649432690000026e+02 2.032290383469999995e+02 -3.266443024679999780e+02
6.500000000000000222e-01 -9.343329199940000763e+03 2.031348612400000093e+03 1.305972943599999962e+04 -2.423009368520000066e+02 2.029407517239999947e+02 -3.261601527569999917e+02
6.500000000000000222e-01 -9.490168919530000494e+03 1.952540673590000097e+03 1.310110141710000062e+04 -2.422604441560000055e+02 2.028470819389999917e+02 -3.267297174099999779e+02
6.500000000000000222e-01 -9.400036213260000295e+03 1.891660364509999908e+03 1.306915382669999963e+04 -2.416566133990000083e+02 2.028061231899999939e+02 -3.270668927909999866e+02
6.500000000000000222e-01 -9.419072157230000812e+03 1.929709934329999896e+03 1.310004569210000045e+04 -2.419218398769999965e+02 2.034664345529999991e+02 -3.263803832930000226e+02
6.500000000000000222e-01 -9.429277086620000773e+03 2.022105675470000051e+03 1.310681176389999928e+04 -2.416637068359999887e+02 2.034335592330000111e+02 -3.266809181130000184e+02
6.500000000000000222e-01 -9.438057105289999527e+03 2.072415993789999902e+03 1.308398915069999930e+04 -2.422072603230000141e+02 2.032524732109999945e+02 -3.264822265729999913e+02
6.500000000000000222e-01 -9.477689921060000415e+03 1.921224030970000058e+03 1.309254439210000055e+04 -2.421841703320000079e+02 2.033033138829999871e+02 -3.266505657079999878e+02
6.500000000000000222e-01 -9.414829249579999669e+03 1.982966939050000065e+03 1.310974387749999914e+04 -2.414814653869999859e+02 2.031317390380000063e+02 -3.266563649309999846e+02
6.500000000000000222e-01 -9.437506093969999711e+03 1.945476871300000084e+03 1.310683989850000034e+04 -2.420782389700000010e+02 2.038443276120000007e+02 -3.263789798409999889e+02
6.500000000000000222e-01 -9.431416452479999862e+03 1.969655612580000025e+03 1.311122602499999994e+04 -2.419882244830000104e+02 2.032537409900000114e+02 -3.265648676929999965e+02
6.500000000000000222e-01 -9.441707709969999996e+03 1.876155330959999901e+03 1.306014070630000060e+04 -2.420398130160000107e+02 2.037965992919999962e+02 -3.261763412039999821e+02
6.500000000000000222e-01 -9.352285903809999581e+03 1.987778489869999930e+03 1.307914686880000045e+04 -2.421631336169999997e+02 2.031508510550000040e+02 -3.264781030440000222e+02
6.500000000000000222e-01 -9.422762818179999158e+03 1.968736407589999999e+03 1.311030294630000026e+04 -2.424159373699999946e+02 2.035607371090000015e+02 -3.264332926289999932e+02
6.500000000000000222e-01 -9.344317258180000863e+03 1.917460833699999966e+03 1.304961048710000068e+04 -2.416320463229999973e+02 2.029888959779999880e+02 -3.269105953480000153e+02
6.500000000000000222e-01 -9.563072044829999868e+03 2.023320996969999896e+03 1.303649867359999917e+04 -2.414756970480000007e+02 2.030011267900000007e+02 -3.259484532289999947e+02
6.500000000000000222e-01 -9.454078960070000903e+03 1.972416837149999992e+03 1.311184693630000038e+04 -2.419707529739999927e+02 2.030040220349999913e+02 -3.265604191219999848e+02
6.500000000000000222e-01 -9.421727504660000704e+03 1.943028997399999980e+03 1.310379163499999959e+04 -2.420948752829999933e+02 2.033903391400000089e+02 -3.265857928180000158e+02
6.500000000000000222e-01 -9.467148572609999974e+03 2.069388989080000101e+03 1.308363249849999920e+04 -2.421470349829999975e+02 2.036466338049999933e+02 -3.268470107879999773e+02
6.500000000000000222e-01 -9.571742053840000153e+03 1.989194460590000062e+03 1.303194035389999954e+04 -2.420256181500000139e+02 2.031642059469999992e+02 -3.270130342749999954e+02
6.500000000000000222e-01 -9.341347145319999981e+03 1.945023189289999891e+03 1.306203871719999916e+04 -2.420664612989999966e+02 2.031939830340000128e+02 -3.263867563570000243e+02
6.500000000000000222e-01 -9.366280531070000507e+03 2.050793480799999998e+03 1.306975377750000007e+04 -2.417375881570000047e+02 2.028299585739999884e+02 -3.266060649039999930e+02
6.500000000000000222e-01 -9.524016839449999679e+03 1.909014138700000103e+03 1.305995676160000039e+04 -2.414374992820000045e+02 2.033793252279999990e+02 -3.260644293710000170e+02
6.500000000000000222e-01 -9.481925287910000407e+03 1.872203222460000006e+03 1.304602935620000062e+04 -2.420098781629999962e+02 2.036867888149999999e+02 -3.263234764779999750e+02
6.500000000000000222e-01 -9.473715878209999573e+03 1.871348536530000047e+03 1.305185735319999912e+04 -2.415908445219999976e+02 2.034487686420000045e+02 -3.261021978100000069e+02
6.500000000000000222e-01 -9.404033394840000255e+03 1.981321363920000067e+03 1.310701233339999999e+04 -2.414942388069999879e+02 2.031180912849999913e+02 -3.267017428070000165e+02
6.500000000000000222e-01 -9.493045524010000008e+03 2.104279189540000061e+03 1.302872359270000015e+04 -2.418939511849999917e+02 2.032523132899999894e+02 -3.271065574049999896e+02
6.500000000000000222e-01 -9.442204263190000347e+03 1.953530560129999913e+03 1.310945158980000087e+04 -2.418380875290000063e+02 2.036690761160000136e+02 -3.264190780829999881e+02
6.500000000000000222e-01 -9.445762409159999152e+03 1.996634266589999925e+03 1.311233686640000087e+04 -2.418289561169999899e+02 2.026414532180000094e+02 -3.264816629250000233e+02
6.500000000000000222e-01 -9.348140302059999158e+03 1.921275486539999974e+03 1.305477083990000028e+04 -2.415741161420000083e+02 2.029941154820000122e+02 -3.271825790589999770e+02
6.500000000000000222e-01 -9.439857740190000186e+03 1.984996711519999963e+03 1.311275004260000060e+04 -2.425201009099999965e+02 2.031209705489999919e+02 -3.265183632939999825e+02
6.500000000000000222e-01 -9.360266027649999160e+03 2.058521392029999788e+03 1.305888792529999955e+04 -2.415696658120000109e+02 2.030500434450000000e+02 -3.269407878889999779e+02
6.500000000000000222e-01 -9.442603391070000725e+03 2.013556402839999919e+03 1.310982633949999945e+04 -2.418693200820000015e+02 2.037242278269999929e+02 -3.266537819399999876e+02
6.500000000000000222e-01 -9.483124018230000729e+03 2.024334101749999945e+03 1.310070242329999928e+04 -2.414593777659999887e+02 2.027023643009999887e+02 -3.263240871350000134e+02
6.500000000000000222e-01 -9.465169772769999327e+03 1.852505212979999897e+03 1.301820368229999985e+04 -2.418182484630000033e+02 2.030617255479999983e+02 -3.271926823079999735e+02
6.500000000000000222e-01 -9.317285417610000877e+03 1.960789089549999971e+03 1.303107463839999946e+04 -2.421499254990000054e+02 2.032404961080000021e+02 -3.262653282940000281e+02
6.500000000000000222e-01 -9.303926608159999887e+03 2.009146603160000041e+03 1.298785555729999942e+04 -2.418086459600000069e+02 2.031307461559999865e+02 -3.273205001239999774e+02
6.500000000000000222e-01 -9.318712851849999424e+03 2.028262220730000081e+03 1.302353285909999977e+04 -2.421154769810000005e+02 2.030030220179999958e+02 -3.261166304390000050e+02
6.500000000000000222e-01 -9.408958347010000580e+03 2.022001665179999918e+03 1.310325756829999955e+04 -2.423696638080000128e+02 2.027434353250000072e+02 -3.263432383329999880e+02
6.500000000000000222e-01 -9.423326726549999876e+03 2.004773846849999927e+03 1.310984894250000070e+04 -2.415173928270000090e+02 2.034654545790000100e+02 -3.266558030460000168e+02
6.500000000000000222e-01 -9.387976432460000069e+03 2.000727276500000016e+03 1.310035056040000018e+04 -2.424496382000000096e+02 2.029584312949999969e+02 -3.263416324209999857e+02
6.500000000000000222e-01 -9.430883498889999828e+03 1.974339141469999959e+03 1.311175897760000043e+04 -2.415798280930000033e+02 2.029002450989999886e+02 -3.266047741250000058e+02
6.500000000000000222e-01 -9.459993677349999416e+03 2.076923174399999880e+03 1.307812628869999935e+04 -2.420277979479999999e+02 2.036029539900000032e+02 -3.269333309290000216e+02
6.500000000000000222e-01 -9.425899920829999246e+03 1.961508259619999990e+03 1.310981666550000045e+04 -2.415474278560000130e+02 2.026945240990000059e+02 -3.266651528919999805e+02
6.500000000000000222e-01 -9.579338509870000053e+03 2.006610516180000104e+03 1.300508814490000077e+04 -2.416374401360000093e+02 2.031018428600000050e+02 -3.262720050919999721e+02
6.500000000000000222e-01 -9.494855345250000028e+03 1.973406155449999915e+03 1.310295271089999915e+04 -2.416803984979999882e+02 2.032804982229999951e+02 -3.264106884149999814e+02
6.500000000000000222e-01 -9.481694874189999609e+03 1.901237603510000099e+03 1.307848555040000065e+04 -2.418366848320000031e+02 2.037966373069999975e+02 -3.261737223520000271e+02
6.500000000000000222e-01 -9.497586682189999920e+03 2.097336173709999912e+03 1.303300419060000058e+04 -2.415557726019999905e+02 2.027501501920000067e+02 -3.264367184690000272e+02
6.500000000000000222e-01 -9.458060622229999353e+03 1.973254001250000101e+03 1.311165442240000084e+04 -2.415412107040000080e+02 2.036127353059999905e+02 -3.264466252070000110e+02
6.500000000000000222e-01 -9.358089049140000498e+03 1.889640240059999996e+03 1.303357595679999940e+04 -2.420338004900000044e+02 2.034350630920000071e+02 -3.261107806119999850e+02
6.500000000000000222e-01 -9.377279185659999712e+03 1.919900800399999980e+03 1.307798665839999921e+04 -2.415779196320000040e+02 2.028975905759999989e+02 -3.270395940689999748e+02
6.500000000000000222e-01 -9.456327748179999617e+03 1.965707283089999919e+03 1.311098832589999984e+04 -2.415569248680000101e+02 2.035019998969999904e+02 -3.264510437600000046e+02
6.500000000000000222e-01 -9.540849939910000103e+03 2.002978094139999939e+03 1.307228636130000086e+04 -2.419953236800000127e+02 2.031376872170000070e+02 -3.267088133810000272e+02
6.500000000000000222e-01 -9.468324478649999946e+03 1.989803884910000079e+03 1.311059202270000060e+04 -2.420028479480000101e+02 2.031980282380000062e+02 -3.265435125480000238e+02
6.500000000000000222e-01 -9.543148273169999811e+03 1.949115483390000009e+03 1.306623556780000035e+04 -2.420544331629999988e+02 2.032535560720000092e+02 -3.266654013959999929e+02
6.500000000000000222e-01 -9.584029573280000477e+03 1.984954349529999945e+03 1.299174025240000083e+04 -2.416172417539999913e+02 2.031574822279999921e+02 -3.258757055169999717e+02
6.500000000000000222e-01 -9.456711208059999990e+03 2.109991546719999860e+03 1.303206033009999919e+04 -2.416414715580000063e+02 2.029564263190000020e+02 -3.268998238419999893e+02
6.500000000000000222e-01 -9.443788004930000170e+03 1.995370464339999899e+03 1.311241290619999927e+04 -2.419675367620000088e+02 2.027505608859999882e+02 -3.265051416559999780e+02
6.500000000000000222e-01 -9.473572938569999678e+03 1.993861630650000052e+03 1.310942177730000003e+04 -2.420038798100000008e+02 2.032154084210000065e+02 -3.265405995880000205e+02
6.500000000000000222e-01 -9.430120630729999903e+03 2.012218651140000020e+03 1.310945512550000058e+04 -2.422078060119999918e+02 2.028794409299999870e+02 -3.264667134709999914e+02
6.500000000000000222e-01 -9.476710370659999171e+03 1.956330093660000102e+03 1.310605572159999974e+04 -2.414364866489999883e+02 2.036145029140000133e+02 -3.263043636389999733e+02
6.500000000000000222e-01 -9.444612451189999774e+03 1.993542936000000054e+03 1.311248604159999923e+04 -2.419334405939999897e+02 2.035193597550000106e+02 -3.265638568050000003e+02
6.500000000000000222e-01 -9.423192265929999849e+03 1.991389007499999934e+03 1.311110832119999941e+04 -2.414709829360000128e+02 2.032832068380000123e+02 -3.266244755929999997e+02
6.500000000000000222e-01 -9.526329757449999306e+03 2.042227201780000087e+03 1.307142599750000045e+04 -2.414880949239999950e+02 2.028771308089999934e+02 -3.260188903999999752e+02
6.500000000000000222e-01 -9.443345089149999694e+03 2.016144534819999990e+03 1.310891789509999944e+04 -2.417569310670000107e+02 2.027973520900000040e+02 -3.265034228740000231e+02
6.500000000000000222e-01 -9.420621385309999823e+03 2.081907688759999928e+03 1.307176216910000039e+04 -2.420237025680000045e+02 2.026305249410000044e+02 -3.261148272280000242e+02
6.500000000000000222e-01 -9.430353493829999934e+03 1.967087235669999927e+03 1.311111218089999966e+04 -2.421417410489999895e+02 2.035364294270000016e+02 -3.264771080470000015e+02
6.500000000000000222e-01 -9.337805751329999111e+03 1.940559553990000040e+03 1.305594951170000058e+04 -2.420364179770000135e+02 2.031919463170000029e+02 -3.263880218290000244e+02
6.500000000000000222e-01 -9.366687490020000041e+03 1.991599664130000065e+03 1.308964279119999992e+04 -2.423833290190000014e+02 2.031244312849999858e+02 -3.263468806469999777e+02
6.500000000000000222e-01 -9.365784695799999099e+03 2.058167487239999900e+03 1.306403471519999948e+04 -2.415511793759999932e+02 2.032834966689999874e+02 -3.270849721469999736e+02
6.500000000000000222e-01 -9.514693552020000425e+03 1.890072907459999897e+03 1.304915796170000067e+04 -2.415721640939999872e+02 2.035376542989999962e+02 -3.259768788389999941e+02
6.500000000000000222e-01 -9.443829227969999920e+03 1.990775749939999969e+03 1.311270791540000027e+04 -2.418780788669999993e+02 2.025086020420000068e+02 -3.264973469290000025e+02
6.500000000000000222e-01 -9.495715934809999453e+03 1.987088600670000005e+03 1.310297690089999924e+04 -2.422627624579999974e+02 2.031740727460000073e+02 -3.266540921189999835e+02
6.500000000000000222e-01 -9.437771141979999811e+03 2.104912453290000030e+03 1.304857824230000006e+04 -2.420850142040000037e+02 2.029777682870000035e+02 -3.261977104800000120e+02
6.500000000000000222e-01 -9.377919562400000359e+03 2.055731939069999953e+03 1.307454426520000015e+04 -2.423117018080000094e+02 2.030268684149999956e+02 -3.263381617200000164e+02
6.500000000000000222e-01 -9.500616047960000287e+03 1.911040182050000112e+03 1.307815674960000069e+04 -2.418062619940000104e+02 2.028320071020000057e+02 -3.267547195079999938e+02
6.500000000000000222e-01 -9.435581228170000031e+03 1.978738372369999979e+03 1.311236382989999947e+04 -2.416766049320000036e+02 2.029942710990000023e+02 -3.265747604649999971e+02
6.500000000000000222e-01 -9.404917342579999968e+03 2.058880451170000015e+03 1.308556564299999991e+04 -2.422186051429999907e+02 2.026965124380000134e+02 -3.262095805939999877e+02
3.690000000000000000e+05 2.091457511200000226e+03 8.499488208149999764e+02 -9.622351336149999952e+02 -1.402934479969999870e+02 -3.315498370959999996e-01 -2.435890554509999861e-01
6.500000000000000222e-01 2.092281068029999915e+03 8.918151148230000445e+02 -8.437512434290000556e+02 -1.459808222650000005e+02 -3.914293307339999917e+00 -3.014723182140000013e+00
6.500000000000000222e-01 2.192473010860000159e+03 9.121582877109999572e+02 -9.132496165139999675e+02 -1.404832200890000138e+02 -9.328653623160000352e-01 -8.395453027869999474e+00
6.500000000000000222e-01 2.091080997439999919e+03 9.007378068939999594e+02 -8.455712844900000391e+02 -1.437173008169999946e+02 -8.029595349999999465e-01 -4.228849636089999642e+00
6.500000000000000222e-01 2.015579920110000103e+03 7.507619332699999859e+02 -8.869167543519999981e+02 -1.455325526750000051e+02 4.269303612209999876e+00 3.742141453019999897e+00
6.500000000000000222e-01 1.984828200100000004e+03 7.806392499290000160e+02 -8.530177119640000001e+02 -1.453461823350000088e+02 2.098191048799999958e+00 5.342965876080000065e+00
6.500000000000000222e-01 2.201760420269999941e+03 7.958300549399999682e+02 -9.169302875109999604e+02 -1.422745691220000026e+02 2.284483424939999896e+00 -5.258755890959999846e+00
6.500000000000000222e-01 2.036306542139999920e+03 9.176009948490000170e+02 -8.499145287970000027e+02 -1.454845098270000108e+02 -3.175629319230000025e+00 -2.167793899609999908e+00
6.500000000000000222e-01 2.088372655099999974e+03 9.001880539459999682e+02 -8.444396071060000395e+02 -1.439133570989999953e+02 -6.881841741499999943e-01 -4.108216052580000444e+00
6.500000000000000222e-01 2.019020637950000037e+03 8.015611103640000010e+02 -8.327405174000000443e+02 -1.484340207630000066e+02 -3.422433140559999920e+00 -8.270626547049999555e-01
6.500000000000000222e-01 2.082171692819999862e+03 7.247555960559999448e+02 -9.051381061719999934e+02 -1.432389410570000052e+02 3.453883572030000071e+00 7.383658927109999492e-01
6.500000000000000222e-01 2.107231522279999808e+03 9.248534381870000516e+02 -8.668287682159999576e+02 -1.427138140790000023e+02 -7.250302454979999922e+00 -1.090483538970000055e+00
6.500000000000000222e-01 1.943931227790000094e+03 8.150720428179999999e+02 -8.775359479700000520e+02 -1.461827259840000011e+02 -2.769244477420000017e+00 1.771138145079999893e+00
6.500000000000000222e-01 1.993023716919999970e+03 8.233890982130000111e+02 -8.354063930329999721e+02 -1.458181678889999944e+02 -2.781235388789999874e+00 1.340323436969999893e+00
6.500000000000000222e-01 1.980807146959999955e+03 9.303095378609999671e+02 -9.234888634269999557e+02 -1.412403580250000061e+02 -5.528036852429999648e+00 8.518694176750000180e-01
6.500000000000000222e-01 2.073737853980000182e+03 8.728855542490000516e+02 -8.332296398080000017e+02 -1.461551686599999869e+02 -5.115952769599999783e+00 -2.051144609390000095e+00
6.500000000000000222e-01 2.059330251410000074e+03 8.465325439490000008e+02 -8.266120814710000104e+02 -1.443094926660000112e+02 -4.062800399990000422e+00 -1.426551338869999963e+00
6.500000000000000222e-01 2.062655306139999993e+03 8.644880756280000469e+02 -8.287517900200000440e+02 -1.463416981530000101e+02 5.790729605380000311e-02 -2.229560303610000016e+00
6.500000000000000222e-01 2.094702754980000009e+03 8.484367504419999477e+02 -8.349470889159999842e+02 -1.455022470330000033e+02 -2.058754465919999888e+00 -3.238454625930000219e+00
6.500000000000000222e-01 1.966831485019999946e+03 8.833295386239999516e+02 -8.613572153850000177e+02 -1.447771132880000096e+02 -4.314955972969999998e+00 1.812335609480000054e+00
6.500000000000000222e-01 2.077349051549999785e+03 8.373856557909999765e+02 -8.294812613440000177e+02 -1.480832548189999898e+02 1.483640405939999907e+00 -1.744919188899999973e+00
6.500000000000000222e-01 2.163676450899999963e+03 7.658851765990000331e+02 -9.185828002739999647e+02 -1.438172810410000011e+02 5.420567919599999840e+00 -2.364006471890000016e-01
6.500000000000000222e-01 2.082021611969999867e+03 9.448553770729999997e+02 -8.742713417449999724e+02 -1.433658171950000053e+02 -5.786583429410000257e+00 -1.432835031079999988e+00
6.500000000000000222e-01 2.069886798800000179e+03 9.325737592560000166e+02 -8.604984321859999454e+02 -1.443958567539999933e+02 -5.144616019549999919e+00 -1.831310402499999990e+00
6.500000000000000222e-01 2.068800149459999830e+03 8.979487732950000236e+02 -8.473196348940000462e+02 -1.422041182799999888e+02 -8.093396463670000429e+00 -4.117073417609999897e-01
6.500000000000000222e-01 2.082705599030000030e+03 8.507067428279999604e+02 -8.279656975000000330e+02 -1.433818572639999900e+02 -8.575652950709999889e-01 -2.287581790279999971e+00
6.500000000000000222e-01 2.209286745729999893e+03 8.402640486090000422e+02 -9.123648527919999651e+02 -1.412782902920000083e+02 7.300276110450000244e-01 -7.795324338410000387e+00
6.500000000000000222e-01 1.962715603610000016e+03 8.542958515999999918e+02 -8.610638062240000181e+02 -1.448280001489999904e+02 -4.194514147819999650e+00 1.893799908040000091e+00
6.500000000000000222e-01 2.087374122440000065e+03 9.236751789759999838e+02 -8.744242210569999543e+02 -1.414222577939999894e+02 -5.579042179850000061e+00 -3.942693105550000077e+00
6.500000000000000222e-01 2.076013201650000155e+03 8.377327712479999491e+02 -8.257353361570000061e+02 -1.432085120989999893e+02 -3.563606306010000058e+00 -1.738751951880000091e+00
6.500000000000000222e-01 2.095525531589999900e+03 7.613965467990000207e+02 -8.539383726610000167e+02 -1.445328966849999972e+02 -3.497173086229999894e-01 -2.178219337279999834e+00
6.500000000000000222e-01 2.047773065849999966e+03 8.818405338899999606e+02 -8.333414253780000536e+02 -1.466701578569999924e+02 -7.647602561909999652e-01 -2.401532879999999981e+00
6.500000000000000222e-01 2.100078704479999942e+03 9.455470841060000566e+02 -8.995022294000000329e+02 -1.405341814139999883e+02 -5.119406422890000030e+00 -5.137975034180000122e+00
6.500000000000000222e-01 2.079862269650000144e+03 8.066727479009999797e+02 -8.328904619319999938e+02 -1.453399222609999981e+02 -2.812198223689999832e+00 -2.404673446379999913e+00
6.500000000000000222e-01 2.104504509379999945e+03 8.403181654689999505e+02 -8.336952417940000259e+02 -1.426826365599999917e+02 -1.999304056359999970e+00 -3.296206790639999884e+00
6.500000000000000222e-01 2.027288319499999943e+03 9.079884812609999472e+02 -8.467832111190000433e+02 -1.428330361950000054e+02 -7.156310869640000405e+00 1.784763548729999982e+00
6.500000000000000222e-01 2.112790115769999829e+03 8.449012031250000518e+02 -8.413683264610000379e+02 -1.465046359160000122e+02 -1.050882732989999901e+00 -3.487510959280000211e+00
6.500000000000000222e-01 2.058410358560000077e+03 8.065431562569999642e+02 -8.355031873540000333e+02 -1.473193599349999943e+02 8.173457504969999787e-01 -1.339862695099999890e+00
6.500000000000000222e-01 2.040811736229999951e+03 8.250403633429999672e+02 -8.275009956699999520e+02 -1.483172574740000016e+02 -3.549213899819999796e+00 -1.470552799610000072e+00
6.500000000000000222e-01 2.145283067180000216e+03 7.684726661429999695e+02 -9.115406189430000268e+02 -1.445608262099999877e+02 4.293199056129999747e+00 -4.066182376649999597e+00
6.500000000000000222e-01 2.185340972940000029e+03 8.343343782800000099e+02 -8.917542614139999841e+02 -1.437955181789999983e+02 1.314236017590000083e+00 -5.592410904580000341e+00
6.500000000000000222e-01 2.143881083419999868e+03 8.249654409759999680e+02 -8.539884919490000357e+02 -1.468098671099999990e+02 1.288809645299999973e+00 -2.494839220219999820e+00
6.500000000000000222e-01 2.075621450640000148e+03 8.725157436870000538e+02 -8.341561104610000257e+02 -1.447785578730000111e+02 -1.788664275699999973e+00 -2.941038940519999922e+00
6.500000000000000222e-01 2.016171461500000078e+03 7.713941959850000103e+02 -8.459300899739999977e+02 -1.455547911419999991e+02 -1.379489553940000057e+00 9.307050760849999715e-01
6.500000000000000222e-01 2.138142264780000005e+03 9.016978567830000202e+02 -8.673918999019999774e+02 -1.423544409970000117e+02 -5.862701745459999891e+00 -3.821820449330000091e+00
6.500000000000000222e-01 2.061521041619999778e+03 8.342352037240000300e+02 -8.280935586350000222e+02 -1.470330466499999886e+02 -3.777097949979999925e+00 -2.001424678059999795e+00
6.500000000000000222e-01 2.078791989710000053e+03 8.369429094600000099e+02 -8.315939969910000400e+02 -1.472639793669999904e+02 1.369196468570000047e-01 -2.349476519560000032e+00
6.500000000000000222e-01 2.009887131550000049e+03 8.616132092740000417e+02 -8.329983934330000466e+02 -1.484117406549999885e+02 -2.341317798279999973e+00 -1.167874714649999923e+00
6.500000000000000222e-01 2.082336449200000061e+03 8.097340971800000489e+02 -8.325216070029999855e+02 -1.470622164270000098e+02 3.284148263010000068e+00 -3.569133755330000102e-01
6.500000000000000222e-01 2.066252948689999812e+03 7.513660494969999490e+02 -8.572357322279999607e+02 -1.445342971860000034e+02 3.320667326710000200e+00 2.424078644070000177e+00
6.500000000000000222e-01 2.189001428430000033e+03 8.743254371369999944e+02 -8.865459938929999453e+02 -1.438255043329999978e+02 -1.564932353129999898e+00 -4.001795813280000225e+00
6.500000000000000222e-01 1.975981406090000064e+03 7.796322468869999511e+02 -8.602102852049999910e+02 -1.449578691950000007e+02 1.743882045949999959e+00 5.993599795649999784e+00
6.500000000000000222e-01 2.039409237159999975e+03 9.023986557900000207e+02 -8.595533099809999840e+02 -1.414778108730000099e+02 -7.540524808639999854e+00 -5.892718641300000171e-02
6.500000000000000222e-01 2.093265333859999828e+03 8.630319209049999927e+02 -8.332226303359999520e+02 -1.435576337310000099e+02 -7.570411992890000441e-01 -3.199315115030000101e+00
6.500000000000000222e-01 2.108709141960000125e+03 7.453400005949999922e+02 -8.725604522849999967e+02 -1.438888008360000015e+02 9.190868514000000156e-01 -2.232733680339999971e+00
6.500000000000000222e-01 2.068197985759999938e+03 7.596291313240000136e+02 -8.543971179330000041e+02 -1.459113625319999983e+02 -1.478396600680000006e+00 -2.282291235759999815e+00
6.500000000000000222e-01 2.165871988280000096e+03 8.798935866909999959e+02 -8.722121491359999936e+02 -1.416602277469999933e+02 -1.462102350829999953e+00 -6.566402969110000321e+00
6.500000000000000222e-01 2.139185454630000095e+03 7.625009261449999940e+02 -8.779771562219999623e+02 -1.433520997569999906e+02 3.813588631059999789e-01 -4.447276213260000333e+00
6.500000000000000222e-01 2.151225250649999907e+03 7.565656820389999666e+02 -8.951263789109999607e+02 -1.429294521680000116e+02 1.326360563089999944e+00 -4.843701488049999782e+00
6.500000000000000222e-01 2.112310103689999778e+03 7.549979480870000543e+02 -8.642099087850000387e+02 -1.441782478869999977e+02 1.766694314210000005e+00 -1.356644710030000089e+00
6.500000000000000222e-01 2.090889484610000181e+03 8.746264308500000197e+02 -8.390860315610000271e+02 -1.439004196779999916e+02 -6.597804836259999917e+00 -2.293605265570000107e+00
6.500000000000000222e-01 2.070917039609999847e+03 8.549068892620000497e+02 -8.303869281089999959e+02 -1.458769586129999993e+02 -2.358762737699999779e+00 -2.484335603979999973e+00
6.500000000000000222e-01 2.039016816789999893e+03 8.853281863260000364e+02 -8.392632884949999834e+02 -1.421622254440000006e+02 -7.629133133939999922e+00 1.023362290669999952e+00
6.500000000000000222e-01 2.018413247790000014e+03 8.156966081309999481e+02 -8.300228343479999467e+02 -1.488076163309999913e+02 -3.436697035219999918e+00 -8.983356710400000056e-01
6.500000000000000222e-01 2.187300373319999835e+03 8.207280193200000440e+02 -8.961747436900000139e+02 -1.423260943639999994e+02 1.044805310899999951e+00 -7.032930785049999578e+00
6.500000000000000222e-01 2.130351790939999773e+03 8.480319061349999856e+02 -8.450572064929999669e+02 -1.421809306529999901e+02 -1.238223820630000027e+00 -4.742825680480000194e+00
6.500000000000000222e-01 2.005857140000000072e+03 9.044657350410000163e+02 -8.622809519050000517e+02 -1.411226578890000098e+02 -7.540408151200000297e+00 3.689247602890000088e+00
6.500000000000000222e-01 2.138233836830000200e+03 9.327014025910000328e+02 -8.960658549239999502e+02 -1.403219780599999922e+02 -6.592220614590000416e+00 -3.610336056259999982e+00
6.500000000000000222e-01 2.064336500110000088e+03 8.460641597310000179e+02 -8.248640250549999564e+02 -1.448367456070000117e+02 3.801042957970000025e-01 -1.376891495179999980e+00
6.500000000000000222e-01 2.151417758739999954e+03 8.140166030379999711e+02 -8.654850107580000440e+02 -1.430414555360000008e+02 -2.455700623610000133e-01 -5.657923921390000110e+00
6.500000000000000222e-01 2.062763082949999898e+03 8.462953205589999470e+02 -8.282498438400000396e+02 -1.479462305410000056e+02 -9.918995086280000262e-01 -2.071282737219999781e+00
6.500000000000000222e-01 1.957155589599999985e+03 8.481586301500000218e+02 -8.590319519500000069e+02 -1.463677605169999936e+02 -3.493167355629999804e+00 1.303036165209999986e+00
6.500000000000000222e-01 1.996267748459999893e+03 8.727860116650000464e+02 -8.382306441350000341e+02 -1.422167156090000049e+02 -6.103605539480000175e+00 3.936750840499999793e+00
6.500000000000000222e-01 2.064477124940000067e+03 8.408988906060000090e+02 -8.227404799070000081e+02 -1.434652550399999882e+02 -4.600297897689999971e-01 -8.722061144249999565e-01
6.500000000000000222e-01 2.127558387009999933e+03 7.656705071559999851e+02 -8.761562925890000315e+02 -1.440143506450000075e+02 3.194442638730000117e-01 -4.595040100660000348e+00
6.500000000000000222e-01 2.042995064859999957e+03 8.843298229880000463e+02 -8.353463787560000355e+02 -1.465435533669999870e+02 -1.324353430019999944e+00 -2.380042395219999829e+00
6.500000000000000222e-01 2.125575690659999964e+03 8.181856953650000150e+02 -8.460127707430000328e+02 -1.437157981709999888e+02 -1.394070029769999941e+00 -4.221935681869999790e+00
6.500000000000000222e-01 2.068986453080000047e+03 8.331203796959999863e+02 -8.282619432720000532e+02 -1.456960551049999992e+02 -1.391142539430000102e+00 -1.988249796380000101e+00
6.500000000000000222e-01 1.976848183070000005e+03 8.651762463159999470e+02 -8.440696593640000174e+02 -1.438965834519999873e+02 -4.403016670390000442e+00 3.287936826010000146e+00
6.500000000000000222e-01 2.067406661909999912e+03 8.419573082319999457e+02 -8.239974978610000562e+02 -1.431953789369999868e+02 -2.360064970439999854e+00 -1.240517584610000057e+00
6.500000000000000222e-01 2.068402101879999918e+03 8.445777934909999658e+02 -8.285767069250000532e+02 -1.476116264499999886e+02 3.088418812689999737e-01 -2.030397783530000222e+00
6.500000000000000222e-01 2.008350318790000074e+03 8.352291136860000051e+02 -8.307597933089999742e+02 -1.471406798330000072e+02 -2.894166188399999839e+00 -1.821164785680000064e-01
6.500000000000000222e-01 2.196406667329999891e+03 8.254076408199999833e+02 -8.987498335379999617e+02 -1.416127046199999882e+02 5.766683728370000095e-01 -7.329655078420000081e+00
6.500000000000000222e-01 1.955859240230000069e+03 7.804086283120000189e+02 -8.943850807400000349e+02 -1.429220073570000125e+02 4.230859143979999737e-01 8.881083396739999358e+00
6.500000000000000222e-01 1.959531042529999922e+03 7.865180919650000533e+02 -8.724127766609999526e+02 -1.455705644690000042e+02 5.212616331439999806e-01 4.401619325579999575e+00
6.500000000000000222e-01 2.051631375479999861e+03 7.340069966900000509e+02 -8.764593110389999993e+02 -1.441735568880000073e+02 1.109420919830000019e+00 5.590633584869999506e-01
6.500000000000000222e-01 2.145768683159999910e+03 9.684621487230000412e+02 -9.508599760370000240e+02 -1.393498731239999984e+02 -3.658255437839999846e+00 -7.382871120119999908e+00
6.500000000000000222e-01 1.952379859529999976e+03 8.020977358830000412e+02 -8.683297836169999755e+02 -1.448949834189999990e+02 -6.387818630639999773e-01 5.019451609919999946e+00
6.500000000000000222e-01 2.049865681530000074e+03 8.481638514899999564e+02 -8.273554231230000369e+02 -1.487253692609999973e+02 -1.453514375999999997e+00 -1.819447104860000053e+00
6.500000000000000222e-01 2.096504802829999790e+03 8.257010394540000107e+02 -8.339995663380000224e+02 -1.442548133660000076e+02 -2.374948470960000169e+00 -3.069290322490000111e+00
6.500000000000000222e-01 2.012339292740000019e+03 7.505319136089999574e+02 -8.748804537710000204e+02 -1.469622241970000118e+02 4.373383604769999766e-01 -1.934860189719999901e-01
6.500000000000000222e-01 2.021094388660000050e+03 8.850090420929999482e+02 -8.452754726560000336e+02 -1.450225012100000015e+02 -4.160133792079999893e+00 -1.442885484350000080e+00
6.500000000000000222e-01 1.967835986040000080e+03 9.039163815519999616e+02 -8.887757050159999608e+02 -1.416245439040000065e+02 -5.733202082770000096e+00 4.745908168569999752e+00
6.500000000000000222e-01 2.087750907929999812e+03 9.079016202139999905e+02 -8.486029827339999656e+02 -1.438745499780000046e+02 -9.765466239860000064e-01 -4.317795502220000081e+00
6.500000000000000222e-01 2.104586951140000110e+03 9.102416974530000289e+02 -8.628804251420000355e+02 -1.420050594839999860e+02 -4.532223264339999780e+00 -4.458454548589999789e+00
6.500000000000000222e-01 2.193350790760000109e+03 8.626072226649999948e+02 -8.915936525060000122e+02 -1.434494658200000003e+02 -5.023925838930000110e-01 -5.048644385310000260e+00
6.500000000000000222e-01 2.052570385189999797e+03 8.000607220470000129e+02 -8.304613028380000515e+02 -1.456467598600000031e+02 -1.567025543409999999e+00 -8.669774221849999574e-01
6.500000000000000222e-01 2.148138035850000051e+03 8.806676651349999929e+02 -8.620125570769999968e+02 -1.428132544700000039e+02 -2.968478172869999820e+00 -5.277746875430000095e+00
6.500000000000000222e-01 2.019808547880000106e+03 8.978972663719999900e+02 -8.402970370379999849e+02 -1.434787379279999868e+02 -6.371010232969999798e+00 1.549904023909999928e+00
6.500000000000000222e-01 2.031569664110000076e+03 7.636901146970000127e+02 -8.472762932570000203e+02 -1.452969060549999938e+02 -9.454980659149999633e-01 5.108516777839999801e-01
6.500000000000000222e-01 2.195211638629999925e+03 7.831969377579999900e+02 -9.223603944870000078e+02 -1.428975854189999950e+02 4.188239790129999918e+00 -1.283015728859999927e+00
