3.450000000000000000e+05 3.975147028119999959e+03 -5.044176963920000162e+03 -6.860379739609999888e+03 -1.139454255840000059e+02 2.312253163509999965e+01 -5.326572634819999763e+01
6.500000000000000222e-01 3.889537950110000111e+03 -4.957597145830000045e+03 -6.601700519189999795e+03 -1.140241022259999966e+02 2.333990723069999973e+01 -5.276088060120000023e+01
6.500000000000000222e-01 3.800686706959999810e+03 -5.164192211390000011e+03 -7.049221728419999636e+03 -1.141407666489999997e+02 2.313876710399999936e+01 -5.239796539870000203e+01
6.500000000000000222e-01 4.164447540430000117e+03 -4.972432361289999790e+03 -6.662393706310000198e+03 -1.135270197789999997e+02 2.347984629369999965e+01 -5.466454773960000324e+01
6.500000000000000222e-01 3.953748454980000133e+03 -5.142389657079999779e+03 -7.130008071770000242e+03 -1.135865062280000046e+02 2.042181883960000022e+01 -5.298211458000000107e+01
6.500000000000000222e-01 4.087647808619999978e+03 -5.244632274859999598e+03 -7.021762930099999721e+03 -1.141382706370000051e+02 2.331050391839999847e+01 -5.337929922690000240e+01
6.500000000000000222e-01 4.076558498630000031e+03 -4.814030606819999775e+03 -6.987755519559999811e+03 -1.147473186080000005e+02 2.143435706180000011e+01 -5.503354411349999964e+01
6.500000000000000222e-01 3.745756740369999989e+03 -4.938106407719999879e+03 -6.989214527580000322e+03 -1.127668687639999945e+02 2.282096178749999993e+01 -5.408837077340000121e+01
6.500000000000000222e-01 4.140233413089999885e+03 -4.856923584330000267e+03 -6.990098735169999600e+03 -1.142654447200000050e+02 2.113671857499999973e+01 -5.460685173699999950e+01
6.500000000000000222e-01 3.750877187560000039e+03 -4.976137758949999807e+03 -6.689502396930000032e+03 -1.137403277389999943e+02 2.396994800099999878e+01 -5.184239975709999726e+01
6.500000000000000222e-01 3.701776626339999893e+03 -5.066336581730000034e+03 -6.787497515709999789e+03 -1.129069207489999940e+02 2.379509871699999835e+01 -5.049128019519999810e+01
6.500000000000000222e-01 3.800981103600000097e+03 -5.182987671760000012e+03 -7.035767972700000428e+03 -1.142396702860000062e+02 2.257783064310000043e+01 -5.178461865900000305e+01
6.500000000000000222e-01 4.062540222900000117e+03 -5.070506306250000307e+03 -6.593107389110000440e+03 -1.157363623890000071e+02 2.425258434179999867e+01 -5.313525157499999807e+01
6.500000000000000222e-01 3.914381482629999937e+03 -4.886238868329999605e+03 -7.092608112910000273e+03 -1.141732739720000041e+02 2.248436116370000093e+01 -5.339809361700000068e+01
6.500000000000000222e-01 3.818110554219999813e+03 -4.982841850660000091e+03 -7.086372180760000447e+03 -1.114781968650000010e+02 2.197486598540000102e+01 -5.434131216250000307e+01
6.500000000000000222e-01 4.129915484019999894e+03 -5.005743487210000239e+03 -6.628215148690000206e+03 -1.151021621680000067e+02 2.369297381149999993e+01 -5.349634694459999906e+01
6.500000000000000222e-01 3.845310906279999926e+03 -5.262841147889999775e+03 -6.986373459419999563e+03 -1.124713420629999945e+02 2.409837522919999842e+01 -5.573352607009999815e+01
6.500000000000000222e-01 3.756916247789999943e+03 -5.112154096709999976e+03 -7.025026908249999906e+03 -1.141742258029999988e+02 2.263305415820000022e+01 -5.132124927569999784e+01
6.500000000000000222e-01 3.987891541349999898e+03 -5.157152851189999637e+03 -6.603792100839999875e+03 -1.152322645980000004e+02 2.621135676709999984e+01 -5.266357793080000249e+01
6.500000000000000222e-01 3.862952973760000077e+03 -5.123052951900000153e+03 -6.610465720219999639e+03 -1.124428612859999959e+02 2.481105048290000070e+01 -5.203715299129999750e+01
6.500000000000000222e-01 4.019445378209999944e+03 -4.949604832529999840e+03 -7.123213540699999612e+03 -1.131821070200000037e+02 2.052364421669999928e+01 -5.368402103740000086e+01
6.500000000000000222e-01 3.775882815469999969e+03 -4.875598120730000119e+03 -6.979481623540000328e+03 -1.142815581419999944e+02 2.355039509099999862e+01 -5.146467522990000276e+01
6.500000000000000222e-01 3.820799803960000190e+03 -4.850172574070000337e+03 -6.998061418190000040e+03 -1.131010325400000056e+02 2.198984715650000155e+01 -5.441728450139999751e+01
6.500000000000000222e-01 4.105127381170000263e+03 -4.873354716019999614e+03 -6.673823375990000386e+03 -1.161690406950000067e+02 2.245578153170000135e+01 -5.139670144410000319e+01
6.500000000000000222e-01 4.207297595400000318e+03 -5.063925253100000191e+03 -6.702429789490000076e+03 -1.151944490209999969e+02 2.317723079829999833e+01 -5.320313991310000290e+01
6.500000000000000222e-01 4.195753226869999708e+03 -5.036242121199999929e+03 -6.686107791340000404e+03 -1.145218212580000028e+02 2.322255301270000061e+01 -5.416330527120000227e+01
6.500000000000000222e-01 3.948879921109999941e+03 -5.272603140850000273e+03 -6.693690215220000027e+03 -1.132804071359999938e+02 2.472940720069999898e+01 -5.205243583000000029e+01
6.500000000000000222e-01 3.851257209609999791e+03 -4.892633737819999624e+03 -7.069516899489999560e+03 -1.147251723749999996e+02 2.394279710169999831e+01 -5.177898290240000279e+01
6.500000000000000222e-01 3.781584680840000146e+03 -5.232656088949999685e+03 -6.941143643409999640e+03 -1.136613365980000054e+02 2.325350497739999867e+01 -5.141812206969999721e+01
6.500000000000000222e-01 3.870393277759999819e+03 -4.794137940610000442e+03 -6.958808088920000046e+03 -1.144602482309999942e+02 2.304573450990000083e+01 -5.267859538710000322e+01
6.500000000000000222e-01 3.849957359460000134e+03 -5.189015454559999853e+03 -6.651076264620000075e+03 -1.149019763590000025e+02 2.274459378379999919e+01 -5.467878486610000266e+01
6.500000000000000222e-01 4.163930757549999726e+03 -4.874721885769999972e+03 -6.737328773950000141e+03 -1.144397763700000041e+02 2.214102215509999994e+01 -5.304573720279999804e+01
6.500000000000000222e-01 3.745170332249999774e+03 -5.134175726159999613e+03 -6.719937876670000151e+03 -1.146857942609999981e+02 2.359945026790000000e+01 -5.481284050800000074e+01
6.500000000000000222e-01 3.696586187979999977e+03 -5.082960012079999615e+03 -6.881301064549999865e+03 -1.133997203189999965e+02 2.349675434070000080e+01 -5.051506723119999975e+01
6.500000000000000222e-01 4.042396047189999990e+03 -4.989921079529999588e+03 -7.132644048850000217e+03 -1.150270310380000041e+02 2.164786770910000158e+01 -5.396719442580000248e+01
6.500000000000000222e-01 3.862565991620000204e+03 -4.783866808540000420e+03 -6.835775962130000153e+03 -1.140482872110000017e+02 2.270230209050000170e+01 -5.034829885319999931e+01
6.500000000000000222e-01 3.971833924449999813e+03 -4.763211629329999596e+03 -6.907868524219999927e+03 -1.146461098380000010e+02 2.277990013910000044e+01 -5.244974582190000234e+01
6.500000000000000222e-01 4.004154728909999903e+03 -4.909452854969999862e+03 -7.103378958450000027e+03 -1.127224339509999993e+02 2.066325003820000106e+01 -5.339409198989999794e+01
6.500000000000000222e-01 4.051701656770000227e+03 -4.930551456029999827e+03 -6.610744287329999679e+03 -1.145165297180000010e+02 2.204714131909999963e+01 -5.256297164600000116e+01
6.500000000000000222e-01 3.844113533170000210e+03 -5.171760815739999998e+03 -6.644196699520000038e+03 -1.143254654590000001e+02 2.542552173119999992e+01 -5.271422392430000059e+01
6.500000000000000222e-01 4.047178166770000189e+03 -4.869746333129999584e+03 -6.645979522919999908e+03 -1.140084059539999970e+02 2.460447274799999917e+01 -5.420703135880000190e+01
9.810000000000000000e+05 8.287875013050000416e+04 -2.668456993109999758e+02 3.516729419890000281e+04 -9.153605275429999466e+00 2.647673347879999994e+01 -5.249604779749999750e+01
6.500000000000000222e-01 8.341338212179999391e+04 -1.675282010449999916e+03 3.710812921829999686e+04 -8.405928171070000232e+00 2.557125968500000113e+01 -5.284937024860000321e+01
6.500000000000000222e-01 8.446181281869999657e+04 1.040949388770000041e+03 3.382443026939999982e+04 -9.468856161599999766e+00 2.586421178069999982e+01 -5.342460588459999826e+01
6.500000000000000222e-01 8.358013569049999933e+04 -1.806018283469999915e+03 3.694477065980000043e+04 -9.463400313459999325e+00 2.735179027690000098e+01 -5.160374617690000321e+01
6.500000000000000222e-01 8.046374900830000115e+04 -4.300077252840000028e+02 3.476367528560000210e+04 -9.272860022079999709e+00 2.649377575129999940e+01 -5.231833257739999965e+01
6.500000000000000222e-01 8.457336253549999674e+04 1.323075442520000024e+03 3.438016964100000041e+04 -8.936289897509999136e+00 2.680344231799999832e+01 -5.128384787720000304e+01
6.500000000000000222e-01 8.179060013449999678e+04 1.929647984850000057e+03 3.525627806940000301e+04 -9.140425392739999211e+00 2.638562210459999946e+01 -5.290295846269999913e+01
6.500000000000000222e-01 8.235384674300000188e+04 3.391882509590000154e+02 3.748558743269999832e+04 -8.253336926499999393e+00 2.547821272090000022e+01 -5.212581103610000355e+01
6.500000000000000222e-01 8.285133270509999420e+04 2.186131615889999921e+03 3.515042335240000102e+04 -9.146421348169999632e+00 2.639997420559999952e+01 -5.290797688760000028e+01
6.500000000000000222e-01 8.267701476380000531e+04 6.307125111389999574e+02 3.289181481370000256e+04 -9.288477224610000249e+00 2.581980009369999962e+01 -5.283960053330000051e+01
6.500000000000000222e-01 8.179592833629999950e+04 -2.849932631230000197e+02 3.296560545319999801e+04 -9.027025628860000594e+00 2.648989639870000090e+01 -5.258242050709999660e+01
6.500000000000000222e-01 8.463566143199999351e+04 -1.407974946690000024e+03 3.389517884200000117e+04 -9.038436059529999511e+00 2.652967708070000086e+01 -5.174832318509999851e+01
6.500000000000000222e-01 8.229697136989999854e+04 -2.280754047480000111e+02 3.755030482499999925e+04 -9.069908521349999475e+00 2.649139805469999942e+01 -5.253489304709999885e+01
6.500000000000000222e-01 8.190059250230000180e+04 -2.116039122000000134e+03 3.645160050690000207e+04 -8.606267983509999553e+00 2.606054249459999994e+01 -5.245347516550000222e+01
6.500000000000000222e-01 8.255808090339999762e+04 -2.610740656989999934e+03 3.451155489780000062e+04 -8.896700559759999294e+00 2.652902952639999867e+01 -5.334266983810000085e+01
6.500000000000000222e-01 8.124408130940000410e+04 -2.087122595799999999e+03 3.535170058720000088e+04 -9.096489797860000337e+00 2.655049189400000031e+01 -5.143245017200000291e+01
6.500000000000000222e-01 8.404641015979999793e+04 -2.234370535049999944e+03 3.429191409839999687e+04 -9.397888097359999193e+00 2.672055881980000080e+01 -5.197871489799999978e+01
6.500000000000000222e-01 8.521416309109999565e+04 3.442405293489999849e+02 3.560884532590000163e+04 -8.936076688580000038e+00 2.643343171700000127e+01 -5.302107840099999692e+01
6.500000000000000222e-01 8.531841042660000676e+04 -1.167346066920000069e+01 3.522842011620000267e+04 -9.104253232899999659e+00 2.647230192760000023e+01 -5.225241870680000034e+01
6.500000000000000222e-01 8.174440941979999479e+04 -1.740961712110000008e+03 3.356646652400000312e+04 -8.548497172799999433e+00 2.628672157800000164e+01 -5.285204226670000338e+01
6.500000000000000222e-01 8.197655490279999503e+04 5.115509727580000003e+02 3.731349949000000197e+04 -8.839577462030000277e+00 2.624647834499999988e+01 -5.213917626260000304e+01
6.500000000000000222e-01 8.202975541120000707e+04 1.049690082540000049e+03 3.327671730340000067e+04 -9.950953754109999494e+00 2.744471041899999975e+01 -5.173872535480000323e+01
6.500000000000000222e-01 8.441966580069999327e+04 -1.762983020800000077e+03 3.397470093130000168e+04 -9.059126427529999859e+00 2.642704591829999927e+01 -5.305598114979999735e+01
6.500000000000000222e-01 8.387876027290000638e+04 -2.491689236520000122e+03 3.542776605569999811e+04 -9.088690497010000868e+00 2.643077772070000009e+01 -5.375916585200000242e+01
6.500000000000000222e-01 8.294885210910000023e+04 1.167001555990000043e+03 3.317576932790000137e+04 -9.524280220599999680e+00 2.766090900869999913e+01 -5.184851052030000318e+01
6.500000000000000222e-01 8.479854449770000065e+04 -1.654027417530000093e+03 3.581506579010000132e+04 -8.777707756310000775e+00 2.623706636949999904e+01 -5.313686750379999779e+01
6.500000000000000222e-01 8.160543431559999590e+04 1.504754059300000108e+03 3.628350543140000082e+04 -8.622838778960000283e+00 2.578443576860000164e+01 -5.161056145140000240e+01
6.500000000000000222e-01 8.442192445039999438e+04 -1.591065216089999922e+03 3.653511814230000164e+04 -9.047153376060000696e+00 2.651951427150000029e+01 -5.316826006960000228e+01
6.500000000000000222e-01 8.444191814179999346e+04 6.486792682960000320e+02 3.351349849209999957e+04 -8.732133037840000611e+00 2.700774767580000102e+01 -5.165629831199999700e+01
6.500000000000000222e-01 8.250358624829999462e+04 -5.617236787040000081e+02 3.276070217939999930e+04 -1.011773696180000037e+01 2.593473066410000172e+01 -5.225765398170000253e+01
6.500000000000000222e-01 8.269443053500000678e+04 -5.685973201079999626e+02 3.273959153750000041e+04 -9.701449368920000538e+00 2.602846551769999905e+01 -5.235540262920000032e+01
6.500000000000000222e-01 8.071518656830000691e+04 -9.494988553079999747e+02 3.610293933570000081e+04 -9.574311175509999217e+00 2.652341020509999936e+01 -5.326202103100000329e+01
6.500000000000000222e-01 8.323238135569999577e+04 1.929282013219999953e+03 3.620920153779999964e+04 -9.624487732240000426e+00 2.686899231729999826e+01 -5.241115803419999963e+01
6.500000000000000222e-01 8.190676750610000454e+04 1.631960940299999947e+03 3.637115979079999670e+04 -8.917983756230000836e+00 2.635892455689999991e+01 -5.321189493170000162e+01
6.500000000000000222e-01 8.423907161929999711e+04 -2.158449758000000202e+03 3.593152048240000295e+04 -9.017403430679999943e+00 2.635388431690000033e+01 -5.361131558830000188e+01
6.500000000000000222e-01 8.484812363610000466e+04 1.044948516890000064e+03 3.451740389400000277e+04 -8.963977929280000367e+00 2.623820084569999977e+01 -5.256292203179999944e+01
6.500000000000000222e-01 8.290724193509999895e+04 5.376763471310000568e+02 3.748549342210000032e+04 -9.314718684980000774e+00 2.767554560190000146e+01 -5.286828453529999905e+01
6.500000000000000222e-01 8.472028187760000583e+04 -1.750162330549999979e+03 3.581378892479999922e+04 -9.371144069410000554e+00 2.677534813709999995e+01 -5.211579312309999779e+01
6.500000000000000222e-01 8.045291248389999964e+04 -3.070347155509999766e+02 3.553382492469999852e+04 -9.404078996000000856e+00 2.647494544530000127e+01 -5.385297296270000089e+01
6.500000000000000222e-01 8.361643967449999764e+04 1.806285002159999976e+03 3.625701915790000203e+04 -9.556916657300000395e+00 2.700923560229999865e+01 -5.272440866010000349e+01
6.500000000000000222e-01 8.519729325129999779e+04 9.055436777520000646e+01 3.588581938690000243e+04 -9.302145581379999584e+00 2.649101431680000118e+01 -5.190440764120000239e+01
4.560000000000000000e+04 6.248125565440000173e+03 2.611368711539999822e+03 1.742081371510000099e+04 2.062100215359999993e+02 -6.020827902580000313e+01 2.066189940810000110e+02
6.500000000000000222e-01 6.321911966519999623e+03 2.583179349900000034e+03 1.761064157160000104e+04 2.054557616790000054e+02 -5.976854594430000134e+01 2.071293627549999883e+02
6.500000000000000222e-01 6.207767366650000440e+03 2.653472385319999830e+03 1.722313718860000154e+04 2.054821156870000038e+02 -5.961706682399999835e+01 2.066918743749999976e+02
6.500000000000000222e-01 6.189318606920000093e+03 2.640146229420000054e+03 1.761556155090000175e+04 2.072060810730000071e+02 -6.061036047059999987e+01 2.070657883860000084e+02
6.500000000000000222e-01 6.357136601729999711e+03 2.466304875259999790e+03 1.733080947960000049e+04 2.056693149230000017e+02 -5.963186516060000031e+01 2.059106246659999897e+02
6.500000000000000222e-01 6.359694655000000239e+03 2.459125613719999819e+03 1.734913690349999888e+04 2.059184418410000035e+02 -5.996053161719999736e+01 2.070287199729999941e+02
6.500000000000000222e-01 6.151585879100000056e+03 2.576978869080000095e+03 1.759876034770000115e+04 2.059879799759999912e+02 -6.009067550769999855e+01 2.065196615860000122e+02
6.500000000000000222e-01 6.143662868319999689e+03 2.560533413489999930e+03 1.725115744239999913e+04 2.068829784019999920e+02 -6.009126197490000010e+01 2.059964252160000058e+02
6.500000000000000222e-01 6.383686041939999996e+03 2.602702640760000122e+03 1.726747772990000158e+04 2.053009241260000124e+02 -6.019000783069999727e+01 2.059173490640000068e+02
6.500000000000000222e-01 6.375499543470000390e+03 2.488196402479999961e+03 1.751773777870000049e+04 2.059704755859999921e+02 -5.987338221430000118e+01 2.064383918540000025e+02
6.500000000000000222e-01 6.188440856590000294e+03 2.426484315979999792e+03 1.736054166419999819e+04 2.059972606320000068e+02 -5.971633364110000031e+01 2.062405035019999957e+02
6.500000000000000222e-01 6.302874369119999756e+03 2.468114203579999867e+03 1.755259333079999851e+04 2.057369227709999961e+02 -5.930410137030000328e+01 2.072093108120000124e+02
6.500000000000000222e-01 6.422936031850000290e+03 2.505457122150000032e+03 1.741774255640000047e+04 2.060558308520000139e+02 -6.009135886239999991e+01 2.057077817560000028e+02
6.500000000000000222e-01 6.304575171270000283e+03 2.426915718979999838e+03 1.748015932070000053e+04 2.059437323649999882e+02 -5.981678377810000313e+01 2.063614619090000133e+02
6.500000000000000222e-01 6.288827842290000262e+03 2.482696105150000221e+03 1.757861772080000082e+04 2.067516515019999872e+02 -6.080153775160000151e+01 2.063900804399999913e+02
6.500000000000000222e-01 6.165944526889999906e+03 2.692328643360000115e+03 1.724951548220000041e+04 2.065478104839999958e+02 -6.069318678530000000e+01 2.059798510150000084e+02
6.500000000000000222e-01 6.446252687440000045e+03 2.656967967869999939e+03 1.739946522810000170e+04 2.059509806380000043e+02 -6.025445195190000192e+01 2.057885851400000092e+02
6.500000000000000222e-01 6.202615153110000392e+03 2.805878115829999842e+03 1.746607925339999929e+04 2.063000505869999870e+02 -6.054396571729999721e+01 2.076242147869999997e+02
6.500000000000000222e-01 6.402778481950000241e+03 2.649350320259999990e+03 1.755005854370000088e+04 2.064459357290000128e+02 -6.001646224750000158e+01 2.063221906530000069e+02
6.500000000000000222e-01 6.390902369159999580e+03 2.757303640869999981e+03 1.743148080219999974e+04 2.061217226569999923e+02 -6.038182034950000343e+01 2.068685703769999975e+02
6.500000000000000222e-01 6.289221188710000206e+03 2.804209751979999965e+03 1.747840424939999866e+04 2.060569376900000123e+02 -6.047801303210000157e+01 2.075494691940000109e+02
6.500000000000000222e-01 6.441969646159999684e+03 2.676613654199999928e+03 1.742650986819999889e+04 2.061006099479999989e+02 -6.024312951729999810e+01 2.058056987559999982e+02
6.500000000000000222e-01 6.131801558580000346e+03 2.476044997770000009e+03 1.752048685580000165e+04 2.065998124779999898e+02 -5.966776316410000192e+01 2.074447155860000009e+02
6.500000000000000222e-01 6.057330488429999605e+03 2.591333537200000137e+03 1.734959723680000025e+04 2.062872290219999911e+02 -6.026643130229999912e+01 2.067177678539999874e+02
6.500000000000000222e-01 6.222023494660000324e+03 2.812727562579999812e+03 1.740290442540000004e+04 2.062835071009999979e+02 -6.038208702930000271e+01 2.075056082909999873e+02
6.500000000000000222e-01 6.321698546239999814e+03 2.622941555590000007e+03 1.761295262450000155e+04 2.058300267269999893e+02 -6.028039364100000341e+01 2.069802424149999922e+02
6.500000000000000222e-01 6.179653137250000327e+03 2.422478949010000179e+03 1.738659981500000140e+04 2.060652298180000059e+02 -5.995287720080000327e+01 2.069500286089999861e+02
6.500000000000000222e-01 6.343145798870000363e+03 2.756229292099999839e+03 1.731183734750000076e+04 2.057091559399999880e+02 -6.066621507960000059e+01 2.058378087870000002e+02
6.500000000000000222e-01 6.207709986199999548e+03 2.419921977999999854e+03 1.748499727740000162e+04 2.065396174429999974e+02 -6.033280968310000247e+01 2.064143015809999895e+02
6.500000000000000222e-01 6.424008684710000125e+03 2.560595617210000000e+03 1.751240989320000153e+04 2.064763241009999888e+02 -6.019700594799999749e+01 2.059518092179999940e+02
6.500000000000000222e-01 6.093171688489999724e+03 2.481901614429999881e+03 1.738732827209999959e+04 2.062265717539999912e+02 -5.999319355549999955e+01 2.064897458680000000e+02
6.500000000000000222e-01 6.142542973800000254e+03 2.746122721790000014e+03 1.753370228320000024e+04 2.066606655900000078e+02 -6.069385048169999664e+01 2.075100141769999880e+02
6.500000000000000222e-01 6.317311799850000170e+03 2.672337656100000004e+03 1.723743694379999943e+04 2.067541126520000034e+02 -5.981037641700000052e+01 2.069441612969999937e+02
6.500000000000000222e-01 6.365421632730000056e+03 2.461532069289999981e+03 1.749748922640000092e+04 2.064199457960000075e+02 -6.037446288999999666e+01 2.058127454549999982e+02
6.500000000000000222e-01 6.414986433330000182e+03 2.729124873010000101e+03 1.741000280769999881e+04 2.060484477420000076e+02 -6.033082486060000349e+01 2.057759507760000020e+02
6.500000000000000222e-01 6.342280988069999694e+03 2.789414749319999828e+03 1.738766615209999873e+04 2.061406822680000062e+02 -6.055780240730000230e+01 2.059247044200000119e+02
6.500000000000000222e-01 6.103254602820000400e+03 2.481536554820000219e+03 1.748332082390000141e+04 2.066060536679999871e+02 -5.994377596710000233e+01 2.074474823330000106e+02
6.500000000000000222e-01 6.107394176609999704e+03 2.752902933119999943e+03 1.746474722670000119e+04 2.062107251349999899e+02 -6.018470511230000142e+01 2.056723724979999872e+02
6.500000000000000222e-01 6.369213776020000296e+03 2.458983537449999858e+03 1.749015134670000043e+04 2.062173177139999893e+02 -6.008830691240000021e+01 2.071694008960000133e+02
6.500000000000000222e-01 6.423063084319999689e+03 2.694710538880000058e+03 1.748749186919999920e+04 2.058195219899999984e+02 -6.036174488399999660e+01 2.077045147750000069e+02
6.500000000000000222e-01 6.159195122940000147e+03 2.559431480960000044e+03 1.759836455220000062e+04 2.056286060109999880e+02 -6.040833949230000144e+01 2.062669098369999858e+02
1.390000000000000000e+04 -9.331778675539999313e+03 1.891411747959999957e+03 1.311876922770000056e+04 -2.423278835430000129e+02 2.032623517430000106e+02 -3.258075035140000182e+02
6.500000000000000222e-01 -9.437540315610000107e+03 1.980754228759999933e+03 1.315535622270000022e+04 -2.424633385410000130e+02 2.033142067949999898e+02 -3.262773762639999973e+02
6.500000000000000222e-01 -9.399400062799999432e+03 1.871174709720000010e+03 1.324367648000000008e+04 -2.427595731099999909e+02 2.031331667249999953e+02 -3.259121952090000036e+02
6.500000000000000222e-01 -9.251998787299999094e+03 1.871094189370000095e+03 1.323572091240000009e+04 -2.425903260450000118e+02 2.032673118559999921e+02 -3.256950429070000155e+02
6.500000000000000222e-01 -9.249643254520000482e+03 1.929172621380000010e+03 1.300720906029999969e+04 -2.418016681860000006e+02 2.033999149910000028e+02 -3.255517419639999730e+02
6.500000000000000222e-01 -9.223864762729999711e+03 1.964934833389999994e+03 1.317531449310000062e+04 -2.426907022579999875e+02 2.031071553200000039e+02 -3.253272117579999758e+02
6.500000000000000222e-01 -9.374338435539999409e+03 1.982062338519999912e+03 1.322161386239999956e+04 -2.422544483009999965e+02 2.028106142629999908e+02 -3.252405077639999718e+02
6.500000000000000222e-01 -9.281602121359999728e+03 1.773413728819999960e+03 1.305951847719999932e+04 -2.423751924590000044e+02 2.033611234740000100e+02 -3.254715832979999846e+02
6.500000000000000222e-01 -9.377682316039999932e+03 1.763337355339999931e+03 1.315952504349999981e+04 -2.423903761550000127e+02 2.036430314449999912e+02 -3.253107257089999962e+02
6.500000000000000222e-01 -9.340252744740000708e+03 1.775704608250000092e+03 1.320492914799999926e+04 -2.420965500069999905e+02 2.030262269199999992e+02 -3.258683313129999988e+02
6.500000000000000222e-01 -9.276216717949999293e+03 1.999249260060000097e+03 1.319206379489999927e+04 -2.422550380319999874e+02 2.027993412700000135e+02 -3.256105282569999986e+02
6.500000000000000222e-01 -9.192231783659999564e+03 1.883098346040000024e+03 1.308960044940000080e+04 -2.424844569949999880e+02 2.032690024130000097e+02 -3.263947069270000156e+02
6.500000000000000222e-01 -9.308356417990000409e+03 1.756166044340000099e+03 1.307755330800000047e+04 -2.421831185409999989e+02 2.031519728460000067e+02 -3.253113389420000203e+02
6.500000000000000222e-01 -9.242236182680000638e+03 1.781369821589999901e+03 1.309808659930000067e+04 -2.422937375550000070e+02 2.033150954459999866e+02 -3.259104779520000079e+02
6.500000000000000222e-01 -9.327321046470000510e+03 1.799951811240000097e+03 1.300758211280000069e+04 -2.420281639579999933e+02 2.027571067810000045e+02 -3.255594459779999852e+02
6.500000000000000222e-01 -9.441435199890000149e+03 1.887780585890000111e+03 1.321103210840000065e+04 -2.425078695310000114e+02 2.032693828289999942e+02 -3.258677165130000049e+02
6.500000000000000222e-01 -9.220644370669999262e+03 1.806017182649999995e+03 1.309172857549999935e+04 -2.422660816549999936e+02 2.032726839499999869e+02 -3.253070075389999829e+02
6.500000000000000222e-01 -9.266083572929999718e+03 1.847723011249999900e+03 1.300005305819999921e+04 -2.426012668310000038e+02 2.035773903790000077e+02 -3.260953105309999955e+02
6.500000000000000222e-01 -9.269682787629999439e+03 1.871375919549999935e+03 1.324567935729999954e+04 -2.420247235760000137e+02 2.031702613189999909e+02 -3.260482444379999833e+02
6.500000000000000222e-01 -9.427876023970000460e+03 1.787606162510000104e+03 1.310288728149999952e+04 -2.422750866089999988e+02 2.034516789909999943e+02 -3.259105685540000081e+02
6.500000000000000222e-01 -9.393942471910000677e+03 2.007512308260000054e+03 1.316856775899999957e+04 -2.421519682109999962e+02 2.029460841110000047e+02 -3.257000539489999937e+02
6.500000000000000222e-01 -9.301395044000000780e+03 1.780527959889999920e+03 1.320527910270000029e+04 -2.423413665379999884e+02 2.035471288239999978e+02 -3.253598754419999750e+02
6.500000000000000222e-01 -9.393273591740000484e+03 1.893569853629999898e+03 1.298981724759999997e+04 -2.416223680679999859e+02 2.032324009369999942e+02 -3.261016944159999866e+02
6.500000000000000222e-01 -9.419214916619999713e+03 1.925366101909999998e+03 1.322824861760000022e+04 -2.427408437779999986e+02 2.034403627250000000e+02 -3.259085403920000203e+02
6.500000000000000222e-01 -9.258978667179999320e+03 1.960167874929999925e+03 1.301644692299999952e+04 -2.424809504780000111e+02 2.034014242019999870e+02 -3.258897212050000007e+02
6.500000000000000222e-01 -9.398236001040000701e+03 1.831749463679999963e+03 1.300738570900000013e+04 -2.426076984059999972e+02 2.031292011689999981e+02 -3.254764995300000123e+02
6.500000000000000222e-01 -9.352374389009999504e+03 1.817032855789999985e+03 1.299754209120000087e+04 -2.420212791280000033e+02 2.028602751610000041e+02 -3.257136177520000047e+02
6.500000000000000222e-01 -9.354718503379999675e+03 1.814007006439999941e+03 1.300129077160000088e+04 -2.424678798790000087e+02 2.030385576509999908e+02 -3.255547468629999912e+02
6.500000000000000222e-01 -9.195124925870000880e+03 1.879978076489999921e+03 1.307870951480000076e+04 -2.425099696700000038e+02 2.032812750459999904e+02 -3.263867996739999739e+02
6.500000000000000222e-01 -9.309698587349999798e+03 1.837222773619999998e+03 1.324924093840000023e+04 -2.427017574870000090e+02 2.038959286770000006e+02 -3.254787888769999995e+02
6.500000000000000222e-01 -9.329312363869999899e+03 1.753040125029999899e+03 1.308767720290000034e+04 -2.423648326720000057e+02 2.033638309970000080e+02 -3.253009796210000104e+02
6.500000000000000222e-01 -9.307402410790000431e+03 1.751297057400000085e+03 1.313071134089999941e+04 -2.423038378079999973e+02 2.033298165969999900e+02 -3.264086621540000124e+02
6.500000000000000222e-01 -9.260277334630000041e+03 1.844036146610000060e+03 1.300369817809999950e+04 -2.426966831409999941e+02 2.035895999130000007e+02 -3.263484900249999896e+02
6.500000000000000222e-01 -9.189505074189999505e+03 1.901520767470000010e+03 1.311423556810000082e+04 -2.423844331850000060e+02 2.032414262199999939e+02 -3.253363783109999758e+02
6.500000000000000222e-01 -9.267167929639999784e+03 1.953411836069999936e+03 1.300688613719999921e+04 -2.426648020449999876e+02 2.031447879339999929e+02 -3.261670294169999806e+02
6.500000000000000222e-01 -9.335522175620000780e+03 1.752191351259999919e+03 1.314770760719999998e+04 -2.423634263980000014e+02 2.035628706900000111e+02 -3.251861703270000135e+02
6.500000000000000222e-01 -9.424749108140000317e+03 1.984558586840000089e+03 1.306094215459999941e+04 -2.424784320299999933e+02 2.034147548359999860e+02 -3.253455704479999895e+02
6.500000000000000222e-01 -9.324338363430000754e+03 1.939628885399999945e+03 1.325354071540000041e+04 -2.425752555660000098e+02 2.026457924430000048e+02 -3.254955008270000008e+02
6.500000000000000222e-01 -9.270489468899999338e+03 1.879536282609999944e+03 1.298924992670000029e+04 -2.417687950700000101e+02 2.031416605740000136e+02 -3.257305329389999997e+02
6.500000000000000222e-01 -9.351094548360000772e+03 1.888083349479999924e+03 1.326095899900000040e+04 -2.418726601399999936e+02 2.033753389649999974e+02 -3.256169828239999902e+02
6.500000000000000222e-01 -9.383356754270000238e+03 1.873621328489999996e+03 1.325166578320000008e+04 -2.429918417309999938e+02 2.031122319950000019e+02 -3.259147673030000192e+02
1.190000000000000000e+04 -5.012574157279999781e+03 6.180861304410000230e+03 -1.323498794180000004e+04 -2.688256025320000049e+02 -2.833740736489999890e+01 7.937135939239999516e+01
6.500000000000000222e-01 -5.097313443390000430e+03 6.090135343189999730e+03 -1.318688714339999933e+04 -2.687850723440000138e+02 -2.848489754210000058e+01 7.889304821039999638e+01
6.500000000000000222e-01 -5.103375265980000222e+03 6.087564649099999770e+03 -1.320819086070000048e+04 -2.686600329579999880e+02 -2.813789604249999954e+01 7.991758349010000018e+01
6.500000000000000222e-01 -4.896315278549999675e+03 6.215403086299999813e+03 -1.328920166570000038e+04 -2.687813068660000226e+02 -2.825476066510000095e+01 7.989358573069999636e+01
6.500000000000000222e-01 -4.910518742360000033e+03 6.096592536440000003e+03 -1.325001948760000050e+04 -2.689477810970000178e+02 -2.826173427129999993e+01 7.904424890600000708e+01
6.500000000000000222e-01 -5.029532587540000350e+03 6.279998510909999823e+03 -1.332277346399999988e+04 -2.687432800409999913e+02 -2.879626380499999883e+01 7.874063452990000656e+01
6.500000000000000222e-01 -5.091648768899999595e+03 6.284969934220000141e+03 -1.320872547189999932e+04 -2.687205856740000058e+02 -2.847823982379999919e+01 7.978929665130000615e+01
6.500000000000000222e-01 -4.980348542149999957e+03 6.175305809020000197e+03 -1.310507087359999969e+04 -2.686223588060000225e+02 -2.846634404519999961e+01 7.944065949299999829e+01
6.500000000000000222e-01 -5.132671843750000335e+03 6.152972335690000364e+03 -1.328431610360000013e+04 -2.687432390440000063e+02 -2.830211182749999921e+01 7.951684369599999513e+01
6.500000000000000222e-01 -5.051684515680000004e+03 6.087356354219999957e+03 -1.332191871039999933e+04 -2.687955846379999798e+02 -2.863176641209999929e+01 7.975480514010000377e+01
6.500000000000000222e-01 -4.988209584410000389e+03 6.129401870360000430e+03 -1.311461766300000090e+04 -2.689559363139999846e+02 -2.825885230469999954e+01 7.947729900090000399e+01
6.500000000000000222e-01 -5.112031873130000349e+03 6.094558371289999741e+03 -1.325221541699999943e+04 -2.687357945539999946e+02 -2.829594308789999957e+01 7.993512848860000020e+01
6.500000000000000222e-01 -4.973221137909999925e+03 6.136922115459999986e+03 -1.335447114589999910e+04 -2.685873775260000116e+02 -2.858221916899999826e+01 7.959796902669999952e+01
6.500000000000000222e-01 -5.084366635940000378e+03 6.251284355540000433e+03 -1.314828590299999996e+04 -2.684140652109999792e+02 -2.875377396549999887e+01 7.980933637500000088e+01
6.500000000000000222e-01 -4.936336261759999616e+03 6.287627319449999959e+03 -1.321366660029999912e+04 -2.689465078559999824e+02 -2.835099558410000142e+01 7.888830728569999451e+01
6.500000000000000222e-01 -4.919438814639999691e+03 6.162962913510000362e+03 -1.314115537829999994e+04 -2.691567836309999961e+02 -2.833352814439999889e+01 7.974431991119999452e+01
6.500000000000000222e-01 -5.140705715340000097e+03 6.206476458920000368e+03 -1.325889300170000024e+04 -2.686510370859999739e+02 -2.833485086510000173e+01 7.917088188980000041e+01
6.500000000000000222e-01 -4.927720809700000245e+03 6.210666412810000111e+03 -1.313591858630000024e+04 -2.689492613859999892e+02 -2.863665203460000086e+01 7.962412704529999985e+01
6.500000000000000222e-01 -4.992202404450000358e+03 6.180317693809999582e+03 -1.310250019600000087e+04 -2.681955400310000073e+02 -2.846210434649999854e+01 7.940929267239999945e+01
6.500000000000000222e-01 -5.007017910020000272e+03 6.124374805430000379e+03 -1.311428471069999978e+04 -2.689933288679999919e+02 -2.786400570229999829e+01 7.967933244670000192e+01
6.500000000000000222e-01 -5.010148255219999555e+03 6.313174456179999652e+03 -1.324524545419999959e+04 -2.688217130849999990e+02 -2.846220765889999882e+01 7.966993805309999743e+01
6.500000000000000222e-01 -4.887919780029999856e+03 6.143402388710000196e+03 -1.320549800879999930e+04 -2.689375012790000028e+02 -2.838608492079999834e+01 7.957516488150000100e+01
6.500000000000000222e-01 -5.072925799300000108e+03 6.065482435500000065e+03 -1.320615332060000037e+04 -2.686517684959999883e+02 -2.841125378259999934e+01 7.908293204320000314e+01
6.500000000000000222e-01 -4.916805497940000350e+03 6.263337620229999629e+03 -1.319387403129999984e+04 -2.687641797869999891e+02 -2.836062667910000101e+01 7.880355701690000103e+01
6.500000000000000222e-01 -4.994076169709999704e+03 6.049569214469999679e+03 -1.322603262600000016e+04 -2.688354636320000282e+02 -2.817913140190000121e+01 7.987452046049999410e+01
6.500000000000000222e-01 -5.137092439449999802e+03 6.138908985609999945e+03 -1.321518213529999957e+04 -2.686163237869999989e+02 -2.824656172970000156e+01 7.979042109850000486e+01
6.500000000000000222e-01 -5.089906909950000227e+03 6.234727235909999763e+03 -1.332994644209999933e+04 -2.691325409759999729e+02 -2.806458046390000050e+01 7.962984323329999370e+01
6.500000000000000222e-01 -5.009354628549999688e+03 6.052554208260000451e+03 -1.320368451479999931e+04 -2.689191844019999849e+02 -2.813847905109999914e+01 7.934003380260000426e+01
6.500000000000000222e-01 -4.990757232490000206e+03 6.273331121760000315e+03 -1.332918876099999943e+04 -2.687947829099999808e+02 -2.793935859369999974e+01 7.965827740260000667e+01
6.500000000000000222e-01 -5.090683730609999657e+03 6.287390661319999708e+03 -1.321534679850000066e+04 -2.688510696899999743e+02 -2.832045336879999908e+01 7.877410113700000238e+01
6.500000000000000222e-01 -5.087547755149999830e+03 6.212152654909999910e+03 -1.312874849019999965e+04 -2.690410811720000197e+02 -2.824382120590000156e+01 7.916720167770000671e+01
6.500000000000000222e-01 -5.123505233079999925e+03 6.170747750479999922e+03 -1.316254312629999913e+04 -2.689081251989999828e+02 -2.840693543769999962e+01 7.896462526720000596e+01
6.500000000000000222e-01 -5.076233481190000020e+03 6.119942171169999710e+03 -1.313453082340000037e+04 -2.684340970260000176e+02 -2.798381222320000106e+01 7.986666268429999604e+01
6.500000000000000222e-01 -4.968143165640000007e+03 6.239277273720000267e+03 -1.312350938549999955e+04 -2.685235999149999770e+02 -2.807510476039999858e+01 7.910159516849999761e+01
6.500000000000000222e-01 -5.019635834609999620e+03 6.313698004720000426e+03 -1.324142521160000069e+04 -2.688619770889999927e+02 -2.840441098100000161e+01 7.985467286719999436e+01
6.500000000000000222e-01 -5.136223813610000434e+03 6.186937248219999674e+03 -1.328431298649999917e+04 -2.685655090289999976e+02 -2.827128416700000102e+01 7.887409770109999840e+01
6.500000000000000222e-01 -5.006688722840000082e+03 6.252853178620000108e+03 -1.334696744460000082e+04 -2.686867530019999890e+02 -2.814965038149999899e+01 7.945798643659999527e+01
6.500000000000000222e-01 -4.943744461610000144e+03 6.250145461850000174e+03 -1.332598513629999979e+04 -2.686124885140000060e+02 -2.831175350550000047e+01 7.956751865489999886e+01
6.500000000000000222e-01 -5.077992669150000438e+03 6.104832861939999930e+03 -1.332224136809999982e+04 -2.688274309949999861e+02 -2.780062105569999886e+01 7.907241686780000123e+01
6.500000000000000222e-01 -4.906785213240000303e+03 6.100546737509999730e+03 -1.324395556319999923e+04 -2.689395052709999732e+02 -2.828081494870000157e+01 7.918922688160000689e+01
6.500000000000000222e-01 -4.961769748450000407e+03 6.275783030059999874e+03 -1.331377051030000075e+04 -2.687131693489999975e+02 -2.811337877109999894e+01 7.973034377129999939e+01
