3.450000000000000000e+05 4.089819767699999829e+03 -5.067280629679999947e+03 -6.806384230720000232e+03 -1.120679489030000013e+02 2.079170328209999852e+01 -5.700364003669999846e+01
6.500000000000000222e-01 4.004294399079999948e+03 -4.980914647550000154e+03 -6.548207033919999958e+03 -1.120796069550000027e+02 2.091491437699999878e+01 -5.659251626489999865e+01
6.500000000000000222e-01 3.915571309590000055e+03 -5.187311204220000036e+03 -6.996102647769999749e+03 -1.124071896039999956e+02 2.081442707569999939e+01 -5.611882661239999948e+01
6.500000000000000222e-01 4.278681793339999786e+03 -4.995894556590000320e+03 -6.606989296319999994e+03 -1.115022925479999998e+02 2.113045482680000120e+01 -5.839227673879999969e+01
6.500000000000000222e-01 4.068064962020000166e+03 -5.162777362060000087e+03 -7.076305350010000438e+03 -1.118148610869999970e+02 1.816110213729999856e+01 -5.665796519239999895e+01
6.500000000000000222e-01 4.202506600140000046e+03 -5.267919222690000424e+03 -6.967661170809999930e+03 -1.123055601949999982e+02 2.100470998509999987e+01 -5.699073428150000353e+01
6.500000000000000222e-01 4.192034372250000160e+03 -4.835453191999999945e+03 -6.931975838090000252e+03 -1.128282032329999964e+02 1.923954569050000174e+01 -5.881081484039999907e+01
6.500000000000000222e-01 3.859264095080000061e+03 -4.960918931060000432e+03 -6.934387955189999957e+03 -1.109965212000000037e+02 2.052821525099999889e+01 -5.792078790240000075e+01
6.500000000000000222e-01 4.255218318930000351e+03 -4.878043874930000129e+03 -6.934751191940000353e+03 -1.123321580740000059e+02 1.894147741069999924e+01 -5.834819038650000067e+01
6.500000000000000222e-01 3.865359143180000046e+03 -5.000091287029999876e+03 -6.636932455600000139e+03 -1.118822444030000014e+02 2.154764273909999872e+01 -5.569970194439999744e+01
6.500000000000000222e-01 3.815423167739999826e+03 -5.090111695880000298e+03 -6.736291858180000418e+03 -1.111177509689999994e+02 2.137776997770000165e+01 -5.431321158370000290e+01
6.500000000000000222e-01 3.915964970500000163e+03 -5.205539563979999912e+03 -6.983267075929999919e+03 -1.125055305449999992e+02 2.024354696600000025e+01 -5.550001524340000003e+01
6.500000000000000222e-01 4.179005451840000205e+03 -5.094735184459999800e+03 -6.539240892730000269e+03 -1.137464122060000022e+02 2.182704065409999927e+01 -5.686408829650000030e+01
6.500000000000000222e-01 4.029291368440000042e+03 -4.908716806270000234e+03 -7.038475323030000254e+03 -1.123601770970000047e+02 2.027642663800000022e+01 -5.718378101590000284e+01
6.500000000000000222e-01 3.930315239540000221e+03 -5.004803879799999777e+03 -7.031295579139999973e+03 -1.097171639569999968e+02 1.971866526109999995e+01 -5.812248520949999886e+01
6.500000000000000222e-01 4.245737216290000106e+03 -5.029414798480000172e+03 -6.573985105560000193e+03 -1.130853593340000032e+02 2.131403442819999938e+01 -5.722527359109999878e+01
6.500000000000000222e-01 3.958512272030000076e+03 -5.286923169710000366e+03 -6.929902412899999945e+03 -1.107203402930000067e+02 2.172942663950000153e+01 -5.941197095260000083e+01
6.500000000000000222e-01 3.871837599479999881e+03 -5.134764826229999926e+03 -6.972989325559999997e+03 -1.124416887860000003e+02 2.030671849799999862e+01 -5.507787419980000010e+01
6.500000000000000222e-01 4.103853914229999646e+03 -5.183349417759999596e+03 -6.550401328859999921e+03 -1.132923230499999931e+02 2.374958306159999921e+01 -5.637969792349999665e+01
6.500000000000000222e-01 3.976117343320000145e+03 -5.147843039100000169e+03 -6.557706569230000241e+03 -1.105463853440000008e+02 2.233615204719999880e+01 -5.580811811630000108e+01
6.500000000000000222e-01 4.133349972439999874e+03 -4.970106516929999998e+03 -7.068798646320000444e+03 -1.113507237440000068e+02 1.832702308180000017e+01 -5.741252230260000289e+01
6.500000000000000222e-01 3.890910051750000093e+03 -4.899144648860000416e+03 -6.927290557719999924e+03 -1.124853793019999983e+02 2.127882959300000110e+01 -5.531221570919999664e+01
6.500000000000000222e-01 3.934638457919999837e+03 -4.872153478629999881e+03 -6.942902040519999900e+03 -1.112882162970000053e+02 1.974074302709999884e+01 -5.825966569709999732e+01
6.500000000000000222e-01 4.222025021809999998e+03 -4.895786573350000253e+03 -6.621700867260000450e+03 -1.141496368990000008e+02 2.013035937420000110e+01 -5.518067298049999891e+01
6.500000000000000222e-01 4.323206556500000261e+03 -5.087076272190000054e+03 -6.648498666399999820e+03 -1.131859150739999933e+02 2.082619658750000013e+01 -5.687674280419999917e+01
6.500000000000000222e-01 4.310986488970000210e+03 -5.059441205240000272e+03 -6.631209954580000158e+03 -1.125063080359999930e+02 2.087046503210000026e+01 -5.785314599840000227e+01
6.500000000000000222e-01 4.062881202200000189e+03 -5.297305115809999734e+03 -6.640921930669999711e+03 -1.114070124929999963e+02 2.226471775830000155e+01 -5.572689600740000060e+01
6.500000000000000222e-01 3.966725590410000223e+03 -4.916577499730000454e+03 -7.017010585279999759e+03 -1.129304577649999999e+02 2.171363134619999968e+01 -5.558386685530000193e+01
6.500000000000000222e-01 3.895986305420000008e+03 -5.255882218769999781e+03 -6.889012618259999726e+03 -1.119169640070000042e+02 2.086541055889999896e+01 -5.513124875199999764e+01
6.500000000000000222e-01 3.985593931800000064e+03 -4.817181095930000083e+03 -6.905393868279999879e+03 -1.126060548359999984e+02 2.080781087449999944e+01 -5.653134719079999826e+01
6.500000000000000222e-01 3.965603933609999785e+03 -5.211723527320000358e+03 -6.595661717650000355e+03 -1.130347179740000030e+02 2.026527088210000116e+01 -5.842229402320000275e+01
6.500000000000000222e-01 4.279084303120000186e+03 -4.896842028340000070e+03 -6.683550444370000150e+03 -1.124200895540000005e+02 1.985096116229999907e+01 -5.680261152359999954e+01
6.500000000000000222e-01 3.860608471279999776e+03 -5.157750872769999660e+03 -6.664385158420000153e+03 -1.128699386210000029e+02 2.114249198399999941e+01 -5.860268774779999745e+01
6.500000000000000222e-01 3.810730452310000146e+03 -5.106436855420000029e+03 -6.830072386179999739e+03 -1.116439770040000070e+02 2.111157290579999923e+01 -5.431932555120000217e+01
6.500000000000000222e-01 4.158156471999999667e+03 -5.011552049969999644e+03 -7.077943192429999726e+03 -1.131969892120000054e+02 1.944664578349999928e+01 -5.767173941589999941e+01
6.500000000000000222e-01 3.977349439869999969e+03 -4.806558573919999617e+03 -6.784705456210000193e+03 -1.121569860329999955e+02 2.042002259930000108e+01 -5.422582279160000240e+01
6.500000000000000222e-01 4.087212732859999960e+03 -4.785986922750000303e+03 -6.854683958239999811e+03 -1.127318151350000051e+02 2.055174025510000035e+01 -5.628952915290000192e+01
6.500000000000000222e-01 4.117597136880000107e+03 -4.930096952099999726e+03 -7.049254280479999579e+03 -1.108837309529999970e+02 1.846904188679999947e+01 -5.714493482889999854e+01
6.500000000000000222e-01 4.166940522619999683e+03 -4.952568365989999620e+03 -6.557451607809999587e+03 -1.125075311500000055e+02 1.966787235219999985e+01 -5.635075136009999852e+01
6.500000000000000222e-01 3.959176203210000040e+03 -5.197167592779999723e+03 -6.590755769919999693e+03 -1.124562289640000046e+02 2.294695976119999870e+01 -5.646625557720000188e+01
6.500000000000000222e-01 4.161906054529999892e+03 -4.894345672550000018e+03 -6.591028330520000054e+03 -1.120005525159999991e+02 2.225525332770000020e+01 -5.801572031500000293e+01
4.560000000000000000e+04 6.059971739939999679e+03 2.666689006699999936e+03 1.723333650219999981e+04 2.069020973700000070e+02 -5.989066299609999788e+01 2.087247244579999972e+02
6.500000000000000222e-01 6.108033277000000453e+03 2.545007133909999993e+03 1.739439698280000084e+04 2.074462800539999989e+02 -6.044007647889999646e+01 2.085639939890000107e+02
6.500000000000000222e-01 6.190248936019999746e+03 2.772889242660000036e+03 1.711643606200000067e+04 2.065059902529999931e+02 -6.044052203870000284e+01 2.080127742040000101e+02
6.500000000000000222e-01 6.116912199270000201e+03 2.542502520749999803e+03 1.738658036500000162e+04 2.066421417790000135e+02 -5.910996227220000065e+01 2.094844524080000099e+02
6.500000000000000222e-01 5.858366189260000283e+03 2.653053906380000171e+03 1.720024154300000009e+04 2.070159430299999883e+02 -5.989322227169999735e+01 2.087761814239999865e+02
6.500000000000000222e-01 6.202087496860000101e+03 2.800931022860000212e+03 1.717322544230000130e+04 2.069104964809999956e+02 -5.974416280330000006e+01 2.096555997799999886e+02
6.500000000000000222e-01 5.969500412139999753e+03 2.849607513490000201e+03 1.723903328500000134e+04 2.070218707239999958e+02 -6.008765031930000333e+01 2.084508050560000072e+02
6.500000000000000222e-01 6.020600734790000388e+03 2.712740343250000024e+03 1.742962389249999978e+04 2.076711918279999907e+02 -6.062108911880000051e+01 2.091461805120000008e+02
6.500000000000000222e-01 6.057776161640000282e+03 2.871098702849999881e+03 1.723017663380000158e+04 2.069243351810000036e+02 -6.008749234089999902e+01 2.084692444400000113e+02
6.500000000000000222e-01 6.042489754219999668e+03 2.738313314170000012e+03 1.704084949160000178e+04 2.067719856390000075e+02 -6.048193985590000210e+01 2.083377982570000029e+02
6.500000000000000222e-01 5.970370619639999859e+03 2.665022417069999847e+03 1.704815324649999820e+04 2.070411570210000036e+02 -5.993516219499999664e+01 2.084942845260000013e+02
6.500000000000000222e-01 6.206699138449999737e+03 2.571626342120000118e+03 1.713010992859999897e+04 2.067977475300000094e+02 -5.980001126309999648e+01 2.092210003499999971e+02
6.500000000000000222e-01 6.011992228400000386e+03 2.670175893180000003e+03 1.743306905380000171e+04 2.070660237900000027e+02 -5.983519660009999797e+01 2.088312889110000015e+02
6.500000000000000222e-01 5.981111186789999920e+03 2.510431034870000076e+03 1.734111755980000089e+04 2.074094573989999901e+02 -6.007457228149999651e+01 2.087771748849999938e+02
6.500000000000000222e-01 6.034403963560000193e+03 2.471209159760000148e+03 1.717410693320000064e+04 2.070889577840000015e+02 -5.973382350699999677e+01 2.079943757009999956e+02
6.500000000000000222e-01 5.924121902789999695e+03 2.515052861149999899e+03 1.725365194839999822e+04 2.070800449079999908e+02 -5.973873145889999847e+01 2.094563648660000013e+02
6.500000000000000222e-01 6.155937047260000327e+03 2.503562791819999802e+03 1.716221487870000055e+04 2.065850232980000101e+02 -5.960565261939999715e+01 2.090417482780000000e+02
6.500000000000000222e-01 6.255459355390000383e+03 2.717589248430000225e+03 1.726802719300000172e+04 2.068780092350000075e+02 -5.993327995939999653e+01 2.084279115489999867e+02
6.500000000000000222e-01 6.263321253240000260e+03 2.688035623230000056e+03 1.723972452079999857e+04 2.067330648999999880e+02 -5.989099260649999934e+01 2.089734987960000012e+02
6.500000000000000222e-01 5.968321169490000102e+03 2.542568243069999880e+03 1.709717418410000028e+04 2.074050570779999987e+02 -5.998978171409999760e+01 2.082996338400000127e+02
6.500000000000000222e-01 5.986417658899999878e+03 2.730738312460000088e+03 1.741513059989999965e+04 2.072646595129999980e+02 -6.006533110769999695e+01 2.091216828270000008e+02
6.500000000000000222e-01 5.985508499999999913e+03 2.780988761499999782e+03 1.707837353580000126e+04 2.063497562869999911e+02 -5.929259100969999707e+01 2.091790986489999966e+02
6.500000000000000222e-01 6.188611333419999937e+03 2.541505803389999983e+03 1.713055365860000165e+04 2.067997425799999860e+02 -5.985657780550000240e+01 2.082362386339999887e+02
6.500000000000000222e-01 6.143472011779999775e+03 2.480798414419999972e+03 1.724906182730000000e+04 2.068534251719999872e+02 -5.978513871740000241e+01 2.077743175800000017e+02
6.500000000000000222e-01 6.064027182949999769e+03 2.791815583869999955e+03 1.706942426479999995e+04 2.065840604230000110e+02 -5.913495189180000011e+01 2.091152463049999994e+02
6.500000000000000222e-01 6.221559282819999680e+03 2.549863336960000197e+03 1.728460190050000165e+04 2.070223553909999907e+02 -5.996317410940000059e+01 2.083022846759999993e+02
6.500000000000000222e-01 5.956549318770000355e+03 2.811378148050000163e+03 1.733129488549999951e+04 2.074434449379999990e+02 -6.048880977559999650e+01 2.094664531219999901e+02
6.500000000000000222e-01 6.188955360850000034e+03 2.556502348380000058e+03 1.734485153020000143e+04 2.068708844100000022e+02 -5.974413646979999726e+01 2.083146386189999930e+02
6.500000000000000222e-01 6.192058512870000413e+03 2.745524488170000041e+03 1.709868617250000170e+04 2.070474866209999902e+02 -5.957355642489999781e+01 2.093057770430000062e+02
6.500000000000000222e-01 6.024100863609999578e+03 2.639298636309999893e+03 1.703249130280000099e+04 2.061599593269999957e+02 -6.033173177039999757e+01 2.087323723369999868e+02
6.500000000000000222e-01 6.041951986060000308e+03 2.639171255379999820e+03 1.703026450549999936e+04 2.064518754890000025e+02 -6.026075286380000051e+01 2.086629456599999912e+02
6.500000000000000222e-01 5.877876910439999847e+03 2.609941782920000151e+03 1.730810910950000107e+04 2.067922873459999948e+02 -5.981195979639999649e+01 2.081508286469999973e+02
6.500000000000000222e-01 6.087264844129999801e+03 2.851971226480000041e+03 1.732134431010000117e+04 2.065585765659999993e+02 -5.969792476789999824e+01 2.089078892610000082e+02
6.500000000000000222e-01 5.980240314200000284e+03 2.824724050069999976e+03 1.733108597369999916e+04 2.071988781029999984e+02 -6.006605156999999906e+01 2.082851285200000007e+02
6.500000000000000222e-01 6.173834161099999619e+03 2.508303525939999872e+03 1.729206483590000062e+04 2.068900318880000100e+02 -5.984850581780000311e+01 2.079311828040000023e+02
6.500000000000000222e-01 6.224826636159999907e+03 2.775059247589999813e+03 1.717867224930000157e+04 2.068665199309999991e+02 -6.014435632290000200e+01 2.087093826249999893e+02
6.500000000000000222e-01 6.061660988710000311e+03 2.739707322889999887e+03 1.742612998180000068e+04 2.068354456170000049e+02 -5.899516404869999775e+01 2.086076822969999967e+02
6.500000000000000222e-01 6.212237242199999855e+03 2.544383091889999832e+03 1.728931525060000058e+04 2.065876093900000114e+02 -5.955691952339999773e+01 2.090600937090000002e+02
6.500000000000000222e-01 5.856855777269999635e+03 2.663294152949999898e+03 1.725761032010000054e+04 2.069342259050000052e+02 -5.989824861919999677e+01 2.076820938369999965e+02
6.500000000000000222e-01 6.119557482199999868e+03 2.842377167359999930e+03 1.732387401469999895e+04 2.065762062000000014e+02 -5.958367449739999699e+01 2.086828114889999881e+02
6.500000000000000222e-01 6.252331252560000394e+03 2.696708490850000089e+03 1.729652571069999976e+04 2.066132122180000010e+02 -5.986967876920000009e+01 2.092721787190000100e+02
1.390000000000000000e+04 -9.110627028189999692e+03 1.705490869109999949e+03 1.341798831409999912e+04 -2.436624271690000114e+02 2.035009838660000128e+02 -3.236487410679999925e+02
6.500000000000000222e-01 -9.059028444199999285e+03 1.685354280680000102e+03 1.354959467109999969e+04 -2.443124879350000072e+02 2.037623976209999910e+02 -3.233981364109999959e+02
6.500000000000000222e-01 -9.137542754939999213e+03 1.734396708300000000e+03 1.328027481810000063e+04 -2.439742627850000076e+02 2.039206698570000071e+02 -3.235464914610000164e+02
6.500000000000000222e-01 -9.153094269760000316e+03 1.725827809149999894e+03 1.355345911420000084e+04 -2.431904261249999877e+02 2.032163477580000119e+02 -3.233241971150000040e+02
6.500000000000000222e-01 -9.033830258660000254e+03 1.603927704290000065e+03 1.335564640099999997e+04 -2.439061646229999951e+02 2.038850985569999921e+02 -3.241897840109999720e+02
6.500000000000000222e-01 -9.032304303760000039e+03 1.599215855859999920e+03 1.336741427579999981e+04 -2.437529426060000048e+02 2.036660917179999899e+02 -3.234530530310000245e+02
6.500000000000000222e-01 -9.178255876110000827e+03 1.681371577339999931e+03 1.354235823809999965e+04 -2.439839110750000089e+02 2.035658341109999867e+02 -3.236468312409999726e+02
6.500000000000000222e-01 -9.183578969100000904e+03 1.670079926809999961e+03 1.330067813220000062e+04 -2.430818127539999978e+02 2.036105251449999969e+02 -3.239339729110000121e+02
6.500000000000000222e-01 -9.014834650900000270e+03 1.699467419009999958e+03 1.331135846379999930e+04 -2.440992393070000048e+02 2.035188057610000101e+02 -3.242216474819999803e+02
6.500000000000000222e-01 -9.021843231029999515e+03 1.619306989259999909e+03 1.348537027920000037e+04 -2.438740030989999923e+02 2.037009989640000072e+02 -3.238797556900000245e+02
6.500000000000000222e-01 -9.151838172460000351e+03 1.576293753630000083e+03 1.337658956430000035e+04 -2.437446888579999893e+02 2.038413716350000016e+02 -3.238146636779999881e+02
6.500000000000000222e-01 -9.072357604759999958e+03 1.604812467720000086e+03 1.350918542290000005e+04 -2.440676981199999886e+02 2.040806071179999890e+02 -3.233065399879999973e+02
6.500000000000000222e-01 -8.988566983740000069e+03 1.631556734539999979e+03 1.341619804959999965e+04 -2.437231893649999961e+02 2.035638923250000119e+02 -3.243974080120000281e+02
6.500000000000000222e-01 -9.071151881969999522e+03 1.576600873229999934e+03 1.345948703290000049e+04 -2.438655669039999907e+02 2.037501352689999976e+02 -3.238552289200000018e+02
6.500000000000000222e-01 -9.083159160970000812e+03 1.616301883289999978e+03 1.352809940250000000e+04 -2.434280062299999940e+02 2.030876719849999859e+02 -3.238379089800000088e+02
6.500000000000000222e-01 -9.167772013820000211e+03 1.762427814740000031e+03 1.329941157319999911e+04 -2.433101813039999968e+02 2.032087851409999928e+02 -3.239842078330000277e+02
6.500000000000000222e-01 -8.972201106840000648e+03 1.737248805219999895e+03 1.340324969919999967e+04 -2.437857854650000036e+02 2.034525439040000094e+02 -3.243823676729999761e+02
6.500000000000000222e-01 -9.142615786840000510e+03 1.841287167689999933e+03 1.344867161760000090e+04 -2.436676563970000018e+02 2.032747756820000120e+02 -3.229727693510000108e+02
6.500000000000000222e-01 -9.003387959319999936e+03 1.731675948209999888e+03 1.350785410129999946e+04 -2.435994553479999922e+02 2.035964861219999875e+02 -3.240021400319999998e+02
6.500000000000000222e-01 -9.011054965420000372e+03 1.807261785630000077e+03 1.342471209009999984e+04 -2.437174748939999915e+02 2.033679202030000113e+02 -3.236326891429999932e+02
6.500000000000000222e-01 -9.082039579840000442e+03 1.840033685769999920e+03 1.345707342380000046e+04 -2.438230457010000123e+02 2.033078851840000141e+02 -3.231018561050000244e+02
6.500000000000000222e-01 -8.975407001170000513e+03 1.750913024279999945e+03 1.342208702799999992e+04 -2.437141590379999911e+02 2.034566628419999859e+02 -3.243716730950000056e+02
6.500000000000000222e-01 -9.192337258629999269e+03 1.610721864260000075e+03 1.348710614689999966e+04 -2.435017235660000097e+02 2.038589995810000062e+02 -3.229920047929999782e+02
6.500000000000000222e-01 -9.243539411449999534e+03 1.691671525909999900e+03 1.336884667169999921e+04 -2.435836463690000073e+02 2.034898367250000035e+02 -3.233986320559999967e+02
6.500000000000000222e-01 -9.128886657830000331e+03 1.845937214880000056e+03 1.340469845739999982e+04 -2.436191879090000043e+02 2.033878974110000115e+02 -3.230619020990000081e+02
6.500000000000000222e-01 -9.059534085440000126e+03 1.713510539760000029e+03 1.355132629799999995e+04 -2.440716576469999950e+02 2.034225876270000128e+02 -3.235005109439999842e+02
6.500000000000000222e-01 -9.158091415659999257e+03 1.573707533199999943e+03 1.339413854499999979e+04 -2.437221575650000034e+02 2.036828710640000111e+02 -3.233401115089999962e+02
6.500000000000000222e-01 -9.043650760219999938e+03 1.806834143620000077e+03 1.334239493550000043e+04 -2.438937661200000093e+02 2.031990575789999980e+02 -3.242600752789999774e+02
6.500000000000000222e-01 -9.139248306350000348e+03 1.572213131680000060e+03 1.346310376700000052e+04 -2.434940507990000071e+02 2.034168777589999877e+02 -3.237308614020000164e+02
6.500000000000000222e-01 -8.988484951520000322e+03 1.670020230889999993e+03 1.348192785019999974e+04 -2.435351525140000035e+02 2.034815578939999909e+02 -3.242517254260000072e+02
6.500000000000000222e-01 -9.218573518690000128e+03 1.615161397489999899e+03 1.339528569330000028e+04 -2.436410805579999987e+02 2.036630349939999860e+02 -3.235733268440000074e+02
6.500000000000000222e-01 -9.185011686809999446e+03 1.799780321490000006e+03 1.349609868129999995e+04 -2.434959525069999984e+02 2.031740837920000047e+02 -3.229942747069999882e+02
6.500000000000000222e-01 -9.062337895579999895e+03 1.747675993829999925e+03 1.328969838130000062e+04 -2.431263289419999865e+02 2.037803622339999947e+02 -3.234801754360000245e+02
6.500000000000000222e-01 -9.029219794549999278e+03 1.601190852779999886e+03 1.347186752960000013e+04 -2.435608578199999954e+02 2.033731821910000122e+02 -3.242778954969999745e+02
6.500000000000000222e-01 -8.994142653369999607e+03 1.787586122910000086e+03 1.341066457789999913e+04 -2.437436423999999988e+02 2.034019795019999890e+02 -3.243719284260000109e+02
6.500000000000000222e-01 -9.044873680439999589e+03 1.829820043239999904e+03 1.339515210020000086e+04 -2.436809845619999919e+02 2.032606553089999863e+02 -3.242125523760000192e+02
6.500000000000000222e-01 -9.212145636690000174e+03 1.614818959929999892e+03 1.346128745840000011e+04 -2.434707975809999994e+02 2.036834162590000119e+02 -3.229604813160000276e+02
6.500000000000000222e-01 -9.208952816580000217e+03 1.804083756290000110e+03 1.344978880279999976e+04 -2.437466225039999870e+02 2.035218747300000075e+02 -3.241724564109999847e+02
6.500000000000000222e-01 -9.026348201229999177e+03 1.599165511680000009e+03 1.346552819269999964e+04 -2.436819272280000064e+02 2.035639428400000099e+02 -3.233830723780000085e+02
6.500000000000000222e-01 -8.988489242890000241e+03 1.763608538779999890e+03 1.346292523799999981e+04 -2.439527734080000130e+02 2.033730467260000125e+02 -3.231077862989999971e+02
6.500000000000000222e-01 -9.172625678090000292e+03 1.669429122710000001e+03 1.354228794109999944e+04 -2.442191268779999973e+02 2.033551112950000004e+02 -3.238201551399999971e+02
3.690000000000000000e+05 2.294571519929999795e+03 8.460202221140000347e+02 -9.484818654719999813e+02 -1.224557042699999982e+02 6.514857849220000219e+00 -2.105100310899999982e+01
6.500000000000000222e-01 2.179081204069999785e+03 9.262061072269999613e+02 -9.207988019550000445e+02 -1.234626589859999939e+02 2.569575640160000063e+00 -2.187489800239999838e+01
6.500000000000000222e-01 2.198839855560000160e+03 8.158744930340000110e+02 -8.267807737739999538e+02 -1.288417392959999859e+02 4.269540443710000410e+00 -2.124197882860000064e+01
6.500000000000000222e-01 2.362975822750000134e+03 8.263242669429999978e+02 -8.406919967149999593e+02 -1.265258784810000066e+02 6.918840089849999764e+00 -2.434682294990000173e+01
6.500000000000000222e-01 2.407256993649999913e+03 8.932339292110000315e+02 -1.058647609560000092e+03 -1.158976540780000022e+02 8.350841740099999910e+00 -2.155086569179999856e+01
6.500000000000000222e-01 2.399142820659999870e+03 9.148228731469999957e+02 -8.923092066519999435e+02 -1.241652472370000027e+02 4.575713581479999625e+00 -2.302093997400000092e+01
6.500000000000000222e-01 2.246514062430000195e+03 9.143426533279999830e+02 -8.352073270910000247e+02 -1.241579343209999990e+02 2.106871773410000093e-01 -1.957213528549999992e+01
6.500000000000000222e-01 2.347051033230000030e+03 7.401166279029999941e+02 -9.970227032459999919e+02 -1.222106500640000064e+02 1.128645688189999952e+01 -1.895721804960000156e+01
6.500000000000000222e-01 2.234591564780000226e+03 7.314738809230000243e+02 -8.874458855719999519e+02 -1.259243431799999939e+02 1.090898930770000064e+01 -1.646326123669999930e+01
6.500000000000000222e-01 2.279843362510000134e+03 7.267147984509999787e+02 -8.637372119249999969e+02 -1.251122097760000003e+02 7.734199034250000437e+00 -2.126704533190000035e+01
6.500000000000000222e-01 2.355200577160000194e+03 9.364100458259999868e+02 -8.817307199509999691e+02 -1.223040611090000027e+02 1.422755481640000097e+00 -2.383339086719999855e+01
6.500000000000000222e-01 2.442492099909999979e+03 8.449905932320000375e+02 -1.003808268750000025e+03 -1.212848277650000028e+02 8.728176317320000877e+00 -2.738418597620000128e+01
6.500000000000000222e-01 2.321405343349999839e+03 7.165269523910000089e+02 -9.723539171539999870e+02 -1.221685874880000000e+02 1.031197962909999966e+01 -1.746974896889999940e+01
6.500000000000000222e-01 2.389093622769999911e+03 7.467117734319999727e+02 -9.751751241020000407e+02 -1.222586883980000039e+02 1.093402818719999914e+01 -2.278902427310000078e+01
6.500000000000000222e-01 2.312720145199999934e+03 7.490038186609999684e+02 -1.047692754389999891e+03 -1.191194475850000032e+02 7.681017771629999658e+00 -1.804021963059999933e+01
6.500000000000000222e-01 2.164037703710000187e+03 8.344311267660000340e+02 -8.527800394180000012e+02 -1.267883585269999998e+02 4.220804580670000306e+00 -1.939978653429999866e+01
6.500000000000000222e-01 2.414171439539999938e+03 7.700027804269999478e+02 -9.671519158820000257e+02 -1.217059219190000050e+02 1.030635135890000065e+01 -2.047420395929999870e+01
6.500000000000000222e-01 2.365340067739999995e+03 8.192876875130000371e+02 -1.076260056040000109e+03 -1.206318678389999945e+02 1.103554141569999913e+01 -2.275661288339999899e+01
6.500000000000000222e-01 2.358792251610000221e+03 8.230364234370000531e+02 -8.402004720850000012e+02 -1.239725016250000067e+02 6.245882972240000441e+00 -2.603810786269999866e+01
6.500000000000000222e-01 2.190002107069999965e+03 7.491160849059999691e+02 -9.548329469220000192e+02 -1.236507449730000019e+02 9.309994400700000838e+00 -1.756861979390000172e+01
6.500000000000000222e-01 2.234231617890000052e+03 9.433074602269999787e+02 -8.972396736309999596e+02 -1.217812700690000014e+02 4.988012695449999812e-01 -2.080581809639999946e+01
6.500000000000000222e-01 2.315038080509999872e+03 7.467635145560000183e+02 -8.528015486150000015e+02 -1.260643610390000049e+02 1.044126951059999975e+01 -1.986705015240000094e+01
6.500000000000000222e-01 2.258890680009999869e+03 8.493283904109999867e+02 -1.078169101570000066e+03 -1.156943625210000022e+02 6.989652836310000339e+00 -1.993902188310000057e+01
6.500000000000000222e-01 2.182000760620000165e+03 8.750105630829999654e+02 -8.412326713779999636e+02 -1.276855579070000033e+02 4.060046880669999858e+00 -2.097303131460000003e+01
6.500000000000000222e-01 2.379412835759999780e+03 9.223698344609999822e+02 -1.058895693530000017e+03 -1.191603468760000055e+02 7.373679715599999795e+00 -2.319814168639999963e+01
6.500000000000000222e-01 2.222308920789999775e+03 7.865804085989999521e+02 -1.040327816729999995e+03 -1.220979813390000004e+02 7.755227125710000280e+00 -1.573039382450000012e+01
6.500000000000000222e-01 2.287663629690000107e+03 7.675176755910000566e+02 -1.060352209270000003e+03 -1.187293719850000002e+02 7.563122455810000311e+00 -1.822281630570000033e+01
6.500000000000000222e-01 2.272453318219999801e+03 7.691426865780000526e+02 -1.051655575409999983e+03 -1.211599491540000031e+02 8.377957232669999144e+00 -1.718107433529999994e+01
6.500000000000000222e-01 2.439378033049999885e+03 8.425434057149999489e+02 -1.013846151200000008e+03 -1.211980271900000048e+02 8.924850921959999184e+00 -2.712097257379999959e+01
6.500000000000000222e-01 2.295082040589999906e+03 8.081315989710000167e+02 -8.164401006360000110e+02 -1.283838883040000098e+02 9.943975554970000630e+00 -2.159997848040000079e+01
6.500000000000000222e-01 2.292974519460000010e+03 7.182638084180000533e+02 -9.602447631000000001e+02 -1.235425066020000031e+02 1.110964868419999974e+01 -1.684249957549999976e+01
6.500000000000000222e-01 2.315170991930000127e+03 7.153347683409999718e+02 -9.511351115290000280e+02 -1.238880021840000012e+02 1.094838365420000059e+01 -2.359505234919999950e+01
6.500000000000000222e-01 2.368693207209999855e+03 8.161798259350000535e+02 -1.079989571970000043e+03 -1.211132402700000057e+02 1.122265806909999952e+01 -2.418374753439999836e+01
6.500000000000000222e-01 2.446487714289999985e+03 8.611641089739999870e+02 -9.515837011569999504e+02 -1.215099687820000014e+02 7.861079495340000278e+00 -2.257038176740000068e+01
6.500000000000000222e-01 2.366152874419999989e+03 9.089343557849999797e+02 -1.074994099340000048e+03 -1.199275036819999940e+02 6.316554988780000102e+00 -2.417456360099999912e+01
6.500000000000000222e-01 2.281226109079999787e+03 7.207737658559999545e+02 -8.986549792890000390e+02 -1.252760116160000052e+02 1.144921027280000025e+01 -1.681914522399999967e+01
6.500000000000000222e-01 2.199840416980000100e+03 9.368328796770000508e+02 -9.876645634100000279e+02 -1.211306269709999981e+02 4.106250434499999713e+00 -1.652435031499999951e+01
6.500000000000000222e-01 2.286943819900000108e+03 8.708183284819999699e+02 -8.152507429749999801e+02 -1.267696111470000062e+02 9.442699529789999602e-01 -2.236046713860000068e+01
6.500000000000000222e-01 2.385271862890000193e+03 8.383088911959999905e+02 -1.077983593729999939e+03 -1.159689567369999992e+02 8.272665717209999769e+00 -2.126619370519999919e+01
6.500000000000000222e-01 2.274494044630000189e+03 8.401728095559999474e+02 -8.082086182489999828e+02 -1.242167773009999934e+02 5.499003135859999780e+00 -2.211348473030000150e+01
6.500000000000000222e-01 2.209220061129999976e+03 8.180624195719999534e+02 -8.209067167050000080e+02 -1.300618392549999953e+02 4.208532575429999589e+00 -2.185247528400000050e+01
