3.450000000000000000e+05 8.547287577130000500e+02 -3.889491877899999963e+03 -7.085975349029999961e+03 -1.400718607770000119e+02 7.249425273170000139e+01 3.874026109559999753e+01
6.500000000000000222e-01 9.787450483940000368e+02 -4.016410027039999932e+03 -7.002653891269999804e+03 -1.431283171210000091e+02 7.547361326509999913e+01 3.636074499499999746e+01
6.500000000000000222e-01 7.450071289390000402e+02 -3.935501149230000010e+03 -6.835232998640000005e+03 -1.380892509379999922e+02 7.674007725149999715e+01 4.090061260929999776e+01
6.500000000000000222e-01 7.022255984890000491e+02 -3.877915833999999904e+03 -6.818148788960000275e+03 -1.381050450639999951e+02 7.712663306480000358e+01 4.237254866260000341e+01
6.500000000000000222e-01 8.058791844989999618e+02 -4.070844380930000170e+03 -6.966335395570000401e+03 -1.388604247350000094e+02 7.705209632099999340e+01 3.910721724839999780e+01
6.500000000000000222e-01 9.153877653819999978e+02 -3.981207984629999828e+03 -6.856069405750000442e+03 -1.417829205079999895e+02 7.604715123069999549e+01 3.849930442859999857e+01
6.500000000000000222e-01 8.764894964080000364e+02 -3.703891454460000205e+03 -6.815630968059999759e+03 -1.421531977589999940e+02 7.588018705720000412e+01 4.096430419379999677e+01
6.500000000000000222e-01 6.921824894479999557e+02 -3.776015525020000041e+03 -6.801782046420000370e+03 -1.415886826599999893e+02 7.601418267649999905e+01 4.166652977150000225e+01
6.500000000000000222e-01 8.855790875850000248e+02 -3.722437119230000008e+03 -6.817051943950000350e+03 -1.429092763269999864e+02 7.568318671670000697e+01 4.082969539799999836e+01
6.500000000000000222e-01 9.808781444200000124e+02 -3.912549405509999815e+03 -6.880025453379999817e+03 -1.427680325770000138e+02 7.446390839439999354e+01 3.792694189819999906e+01
6.500000000000000222e-01 9.237461513309999646e+02 -3.833590130370000225e+03 -6.805789786029999959e+03 -1.410340699699999902e+02 7.556649654560000329e+01 3.982225080429999764e+01
6.500000000000000222e-01 7.598927740000000313e+02 -3.915267712180000217e+03 -6.811200156410000091e+03 -1.382311257050000108e+02 7.750437779169999430e+01 4.154554635779999927e+01
6.500000000000000222e-01 6.294717341389999774e+02 -3.782816407079999863e+03 -6.948675779670000338e+03 -1.378728565959999912e+02 7.383699514789999796e+01 4.159967981530000003e+01
6.500000000000000222e-01 7.757769055789999584e+02 -3.680703581830000076e+03 -6.877076267950000329e+03 -1.404575925169999948e+02 7.246005764839999586e+01 4.233668264410000148e+01
6.500000000000000222e-01 6.202274220819999755e+02 -3.754477535479999915e+03 -6.894826583740000387e+03 -1.401023091129999898e+02 7.517365101149999873e+01 4.105713622150000219e+01
6.500000000000000222e-01 6.613593209079999724e+02 -3.889778689209999811e+03 -6.884892693030000373e+03 -1.378555405900000039e+02 7.569616400869999495e+01 4.110452949710000325e+01
6.500000000000000222e-01 7.486741261959999747e+02 -3.967621276049999778e+03 -6.841445577919999778e+03 -1.415133489760000032e+02 7.514704760850000298e+01 3.873985991779999694e+01
6.500000000000000222e-01 7.355587840470000174e+02 -3.859063087380000070e+03 -6.786051527440000427e+03 -1.381715825779999989e+02 7.706074307410000301e+01 4.270796164149999896e+01
6.500000000000000222e-01 7.997426699889999782e+02 -3.643564185839999936e+03 -6.939369883399999708e+03 -1.410113898099999972e+02 7.201893897150000612e+01 4.134233759570000188e+01
6.500000000000000222e-01 1.000844695350000052e+03 -3.734355782210000143e+03 -6.976584550939999644e+03 -1.436370060589999866e+02 7.258665204689999939e+01 3.820095608809999987e+01
6.500000000000000222e-01 8.727173022179999862e+02 -3.631062057860000095e+03 -6.952584170090000043e+03 -1.433351545740000006e+02 7.220596239850000586e+01 4.116173003680000164e+01
6.500000000000000222e-01 7.706116288050000094e+02 -3.795368885010000213e+03 -6.768110496459999922e+03 -1.399522740200000044e+02 7.441334066950000192e+01 4.280074406949999855e+01
6.500000000000000222e-01 7.178634808470000053e+02 -3.709031721740000194e+03 -6.805514041319999706e+03 -1.420633424650000052e+02 7.618183369529999993e+01 4.195931627699999922e+01
6.500000000000000222e-01 7.306927525629999991e+02 -4.005906338549999873e+03 -6.895655683119999594e+03 -1.399644393160000106e+02 7.521889969859999781e+01 3.783616261880000309e+01
6.500000000000000222e-01 6.757963604190000524e+02 -3.816352066370000102e+03 -6.814448458920000121e+03 -1.403292286950000118e+02 7.605905169320000425e+01 4.164495379630000116e+01
6.500000000000000222e-01 6.922190247800000407e+02 -3.835768797189999987e+03 -6.809928095620000022e+03 -1.390214383640000051e+02 7.613578682269999831e+01 4.219845164790000069e+01
6.500000000000000222e-01 8.190712673450000239e+02 -3.649399488279999787e+03 -6.831437350920000426e+03 -1.428039698729999998e+02 7.564938175630000217e+01 4.163547100299999926e+01
6.500000000000000222e-01 7.415782534369999439e+02 -3.738078403280000202e+03 -6.802040781669999888e+03 -1.393686764040000128e+02 7.289133736280000164e+01 4.432009132249999794e+01
6.500000000000000222e-01 8.149452884410000024e+02 -3.854673440300000038e+03 -6.774974122100000386e+03 -1.396873175970000034e+02 7.768224113360000160e+01 4.136945154709999883e+01
6.500000000000000222e-01 7.987598871210000198e+02 -3.769819942430000083e+03 -6.778382399600000099e+03 -1.413609071809999875e+02 7.473180153250000046e+01 4.203661056300000354e+01
6.500000000000000222e-01 9.000942379010000423e+02 -3.747428241990000060e+03 -6.822026897409999947e+03 -1.447196343059999890e+02 7.222024705900000185e+01 4.294058524870000326e+01
6.500000000000000222e-01 7.337817270340000277e+02 -3.889387247629999820e+03 -6.811146849759999895e+03 -1.409345023980000065e+02 7.715525411630000008e+01 4.042339212840000329e+01
6.500000000000000222e-01 8.798871356050000259e+02 -3.824431032559999949e+03 -6.794369119080000019e+03 -1.451958644389999904e+02 7.401207528269999614e+01 4.155499224169999906e+01
6.500000000000000222e-01 8.497984026740000445e+02 -3.829225143669999852e+03 -6.767312931489999755e+03 -1.398517532859999903e+02 7.636792179169999883e+01 4.137378711689999733e+01
6.500000000000000222e-01 1.022566638239999975e+03 -3.748991270900000018e+03 -7.025126111810000111e+03 -1.433296992159999945e+02 7.088901507469999785e+01 3.811535028069999953e+01
6.500000000000000222e-01 8.418810609050000267e+02 -3.893589084319999984e+03 -6.784805367459999616e+03 -1.413859058950000076e+02 7.447303110609999521e+01 4.033095938700000005e+01
6.500000000000000222e-01 8.253319925829999875e+02 -3.807324186809999901e+03 -6.773504122450000068e+03 -1.418990825090000101e+02 7.506014410599999565e+01 4.142912459050000251e+01
6.500000000000000222e-01 8.123003160279999975e+02 -3.618193472859999929e+03 -6.892043143529999725e+03 -1.432233154889999867e+02 7.321901946760000612e+01 4.248971015760000114e+01
6.500000000000000222e-01 7.176205810279999469e+02 -4.018816480670000146e+03 -6.972684714289999647e+03 -1.392538101259999905e+02 7.686285391389999688e+01 3.750036879030000136e+01
6.500000000000000222e-01 9.668452939109999988e+02 -3.745460929580000084e+03 -6.891731117510000331e+03 -1.428613618919999908e+02 7.223180491809999637e+01 4.007949791259999728e+01
6.500000000000000222e-01 7.830212931309999931e+02 -3.978177194559999862e+03 -6.862910507540000253e+03 -1.393555022669999914e+02 7.834211763429999564e+01 4.029264601730000095e+01
6.500000000000000222e-01 7.255636957960000473e+02 -3.652560148630000185e+03 -6.817410904239999581e+03 -1.418170150640000031e+02 7.378035459379999850e+01 4.452144020530000290e+01
6.500000000000000222e-01 9.432020265099999961e+02 -3.730291351140000188e+03 -6.861463664210000388e+03 -1.428015254739999875e+02 7.485757300449999718e+01 3.969921339750000300e+01
6.500000000000000222e-01 7.234857152429999587e+02 -3.640833971839999776e+03 -6.874257452490000105e+03 -1.415912052539999877e+02 7.466437248889999978e+01 4.186133729649999680e+01
6.500000000000000222e-01 7.914746174939999719e+02 -3.835159439210000073e+03 -6.773856457580000097e+03 -1.411031460519999996e+02 7.615048306539999601e+01 4.127738379190000018e+01
6.500000000000000222e-01 8.294287382620000244e+02 -3.834829845220000152e+03 -6.770008799090000139e+03 -1.440197765350000054e+02 7.384927898009999581e+01 4.167264320729999838e+01
6.500000000000000222e-01 8.095335167660000479e+02 -3.823613894579999851e+03 -6.777473710940000274e+03 -1.423835035360000063e+02 7.660754158279999615e+01 4.097354642610000042e+01
6.500000000000000222e-01 1.016736009729999978e+03 -4.081072002760000032e+03 -7.117059866669999792e+03 -1.415636710480000033e+02 7.372285842489999652e+01 3.310792037120000231e+01
6.500000000000000222e-01 8.151674180630000137e+02 -3.811927056150000226e+03 -6.775638588339999842e+03 -1.421064281170000072e+02 7.656657380010000225e+01 4.110734991950000250e+01
6.500000000000000222e-01 7.856388317150000375e+02 -3.642262496069999997e+03 -6.967687827499999912e+03 -1.406804547870000022e+02 7.154843642459999842e+01 4.130426898889999876e+01
6.500000000000000222e-01 6.265954262499999459e+02 -3.849879940950000218e+03 -6.927709204269999645e+03 -1.377558787579999944e+02 7.505531317770000044e+01 4.116543978469999843e+01
6.500000000000000222e-01 9.126629328819999500e+02 -3.916280594530000144e+03 -6.831235775459999786e+03 -1.434793754799999874e+02 7.589570072259999733e+01 3.940027050610000003e+01
6.500000000000000222e-01 1.075640895700000101e+03 -3.917347323099999812e+03 -7.058668659820000357e+03 -1.438456699310000033e+02 7.217705082930000060e+01 3.667155274980000002e+01
6.500000000000000222e-01 8.429278845830000364e+02 -3.704018504820000089e+03 -6.807147974659999818e+03 -1.438433592050000129e+02 7.492170662270000037e+01 4.193869503260000187e+01
6.500000000000000222e-01 7.984432494620000398e+02 -3.934023753120000038e+03 -6.817324125479999566e+03 -1.418979664660000140e+02 7.555880248249999909e+01 3.926298152340000058e+01
6.500000000000000222e-01 8.619201486419999583e+02 -3.779257549339999969e+03 -6.780162158140000429e+03 -1.414156991209999887e+02 7.692724319219999529e+01 4.104850364509999849e+01
6.500000000000000222e-01 8.741675433589999784e+02 -3.916394113079999897e+03 -6.812552730780000275e+03 -1.420866695969999967e+02 7.634598404359999790e+01 3.951595004109999820e+01
6.500000000000000222e-01 8.027771890940000503e+02 -3.833260891809999976e+03 -6.772228508590000274e+03 -1.407092952239999875e+02 7.652451238220000107e+01 4.132633039030000077e+01
6.500000000000000222e-01 8.012302987309999480e+02 -3.836691971010000088e+03 -6.776623666810000032e+03 -1.421992544480000049e+02 7.598329014789999292e+01 4.099039968609999818e+01
6.500000000000000222e-01 7.101121749630000295e+02 -3.956603318469999977e+03 -6.881236341230000107e+03 -1.403771144529999901e+02 7.706288207469999918e+01 3.888339467120000137e+01
6.500000000000000222e-01 1.037743255749999889e+03 -4.053904796769999848e+03 -7.039273284760000024e+03 -1.416972033890000091e+02 7.351412344380000263e+01 3.449738390760000328e+01
6.500000000000000222e-01 7.510441754099999798e+02 -3.729140416600000208e+03 -6.789077225500000168e+03 -1.398019341730000065e+02 7.267635151419999318e+01 4.485636814669999950e+01
6.500000000000000222e-01 9.169537437389999468e+02 -3.941288597709999976e+03 -6.870750802280000244e+03 -1.424344255489999966e+02 7.558796815399999502e+01 3.770071272709999732e+01
6.500000000000000222e-01 8.337132272320000084e+02 -3.873911328749999939e+03 -6.769390989489999811e+03 -1.411717898729999945e+02 7.400874233529999913e+01 4.112290355449999879e+01
6.500000000000000222e-01 8.403715639969999529e+02 -3.709511458129999937e+03 -6.818858720119999816e+03 -1.419044838330000005e+02 7.130827632780000158e+01 4.410580211279999929e+01
6.500000000000000222e-01 7.835140390430000252e+02 -3.805457639530000051e+03 -6.761474698930000159e+03 -1.409068572209999957e+02 7.546749587760000111e+01 4.218798734090000124e+01
6.500000000000000222e-01 9.074960529249999581e+02 -3.967622584809999807e+03 -6.873226838110000244e+03 -1.418357192770000097e+02 7.518056123130000401e+01 3.739414500600000224e+01
6.500000000000000222e-01 7.589442152189999433e+02 -3.784078494840000076e+03 -6.770199283179999838e+03 -1.395344164470000123e+02 7.404642839589999426e+01 4.339710626170000296e+01
6.500000000000000222e-01 9.290368969539999853e+02 -3.808765937319999921e+03 -6.824375638120000076e+03 -1.446893450540000003e+02 7.287320480879999707e+01 4.143736156220000311e+01
6.500000000000000222e-01 6.940872109929999851e+02 -4.006619904019999922e+03 -6.971599025499999698e+03 -1.367729285080000068e+02 7.594630128090000198e+01 4.058063319429999893e+01
6.500000000000000222e-01 7.581898941230000446e+02 -4.080072777089999818e+03 -7.029255350389999876e+03 -1.374007380950000083e+02 7.580489212429999668e+01 3.842035188029999659e+01
6.500000000000000222e-01 8.727223183710000285e+02 -3.836102658299999803e+03 -6.793152279009999802e+03 -1.440787619500000005e+02 7.460986145479999720e+01 4.084390667710000145e+01
6.500000000000000222e-01 8.404935682179999503e+02 -3.975271776210000098e+03 -6.833781090100000256e+03 -1.404004154040000003e+02 7.575670158069999616e+01 3.885323023000000120e+01
6.500000000000000222e-01 8.451519676750000372e+02 -3.900827421039999990e+03 -6.824675654759999816e+03 -1.431614213750000033e+02 7.792331691149999529e+01 3.964482250169999844e+01
6.500000000000000222e-01 8.114282772220000197e+02 -3.826391373200000089e+03 -6.754899504930000148e+03 -1.405097553569999889e+02 7.394906179730000417e+01 4.243419585720000242e+01
6.500000000000000222e-01 8.607736198520000244e+02 -3.793498176890000195e+03 -6.790318378189999748e+03 -1.430614536580000049e+02 7.555871747480000522e+01 4.089770056439999735e+01
6.500000000000000222e-01 8.675877809359999446e+02 -4.098375937110000450e+03 -6.979948787399999674e+03 -1.393138448809999943e+02 7.631067163660000574e+01 3.801215682360000159e+01
6.500000000000000222e-01 7.628036692949999633e+02 -3.790934173359999932e+03 -6.775648040609999953e+03 -1.415288925460000087e+02 7.573409294670000236e+01 4.179672400289999956e+01
6.500000000000000222e-01 7.846854229250000117e+02 -3.838120919550000053e+03 -6.772616613219999635e+03 -1.443178059610000048e+02 7.589010228079999365e+01 4.119236588820000122e+01
6.500000000000000222e-01 8.252156386760000260e+02 -3.956214264820000153e+03 -6.823415721850000409e+03 -1.400414890929999956e+02 7.634735489000000541e+01 3.943859568010000061e+01
6.500000000000000222e-01 7.271648899680000113e+02 -3.848942969839999932e+03 -6.790655592789999901e+03 -1.414946120939999901e+02 7.608084093760000144e+01 4.104305009880000199e+01
6.500000000000000222e-01 6.198770405420000316e+02 -3.764757906339999863e+03 -6.963779851250000320e+03 -1.385145422260000032e+02 7.394428277110000636e+01 4.072965112709999858e+01
6.500000000000000222e-01 6.889116473770000084e+02 -3.700053051349999805e+03 -6.880155798759999925e+03 -1.387427979160000007e+02 7.238697729999999808e+01 4.540026812250000177e+01
6.500000000000000222e-01 1.069093874989999904e+03 -4.004345267719999811e+03 -7.100781113830000322e+03 -1.425416517849999991e+02 7.294493718939999383e+01 3.372715557240000095e+01
6.500000000000000222e-01 9.295569958620000079e+02 -3.982663218910000069e+03 -6.862831868199999917e+03 -1.411333080230000121e+02 7.442566679749999992e+01 3.754191412800000194e+01
6.500000000000000222e-01 8.742866357369999832e+02 -3.908357718820000173e+03 -6.810499101659999724e+03 -1.424256429609999941e+02 7.643681674990000374e+01 3.964398248199999841e+01
6.500000000000000222e-01 1.018156573790000039e+03 -3.821120932499999981e+03 -6.931637523280000096e+03 -1.443722204000000033e+02 7.209105275529999801e+01 3.954717807800000173e+01
6.500000000000000222e-01 6.369726456050000252e+02 -3.931430751880000116e+03 -6.938918474719999722e+03 -1.389768427969999891e+02 7.590657506200000171e+01 3.884439197820000089e+01
6.500000000000000222e-01 1.045731170649999967e+03 -3.888844921190000150e+03 -6.961214862200000425e+03 -1.426133603719999883e+02 7.352804525729999341e+01 3.626601102170000246e+01
6.500000000000000222e-01 7.665041875939999727e+02 -3.784557367089999843e+03 -6.774254180539999652e+03 -1.401005938030000095e+02 7.429057462609999618e+01 4.278094984060000172e+01
6.500000000000000222e-01 8.183762473970000428e+02 -3.937779251859999931e+03 -6.810908633330000157e+03 -1.409573424429999875e+02 7.553298720109999920e+01 3.948601000589999899e+01
6.500000000000000222e-01 7.695327175820000321e+02 -3.691268111270000190e+03 -6.834038108339999781e+03 -1.411579408329999978e+02 7.419262122569999462e+01 4.204121091399999699e+01
6.500000000000000222e-01 8.710474352979999821e+02 -3.870061533690000033e+03 -6.779731342310000400e+03 -1.404408465410000133e+02 7.485327270850000048e+01 4.058953400299999714e+01
6.500000000000000222e-01 8.148047720819999995e+02 -3.802650616410000112e+03 -6.768710827339999923e+03 -1.413297834800000032e+02 7.422440039369999454e+01 4.199639739549999717e+01
6.500000000000000222e-01 7.394526758519999703e+02 -3.657559069030000046e+03 -6.808932879209999555e+03 -1.420390481210000075e+02 7.360153440499999533e+01 4.461254385350000007e+01
6.500000000000000222e-01 6.733653838599999517e+02 -3.692518476270000065e+03 -6.904092652809999890e+03 -1.400345986499999924e+02 7.393568602179999516e+01 4.165815254449999827e+01
6.500000000000000222e-01 8.960352680480000345e+02 -3.820924936100000195e+03 -6.787169079410000450e+03 -1.406711901650000129e+02 7.607288290440000367e+01 4.050201777019999838e+01
6.500000000000000222e-01 8.506645564550000245e+02 -3.950973773950000123e+03 -6.813983541990000049e+03 -1.413353518590000135e+02 7.425950837439999930e+01 3.906481188389999915e+01
6.500000000000000222e-01 7.211915290770000411e+02 -3.867548178529999859e+03 -6.803762533639999674e+03 -1.382583109150000098e+02 7.645795749520000584e+01 4.221501644530000164e+01
6.500000000000000222e-01 8.021260360060000494e+02 -3.846655114870000034e+03 -6.778714386239999840e+03 -1.420881192109999915e+02 7.597768517789999976e+01 4.085644172500000337e+01
6.500000000000000222e-01 8.097479679580000038e+02 -3.961838825589999942e+03 -6.819403056309999556e+03 -1.414322393619999900e+02 7.458351868580000144e+01 3.902809643980000232e+01
1.390000000000000000e+04 -1.471002046030000020e+04 6.650691355369999656e+03 4.771658197970000401e+03 -2.001236667539999985e+02 1.882674779959999967e+02 -3.609554620650000061e+02
6.500000000000000222e-01 -1.470903935079999974e+04 6.656556793040000230e+03 4.917335045650000211e+03 -2.001418834209999886e+02 1.886351284639999903e+02 -3.609791531710000072e+02
6.500000000000000222e-01 -1.466546263870000075e+04 6.710108887329999561e+03 4.889397136409999803e+03 -2.003578865099999859e+02 1.885022010129999899e+02 -3.614036462299999926e+02
6.500000000000000222e-01 -1.476343261139999959e+04 6.649999984899999617e+03 4.912500783270000284e+03 -2.005169708949999858e+02 1.885685243430000071e+02 -3.607329229260000147e+02
6.500000000000000222e-01 -1.472075636710000072e+04 6.651997745720000239e+03 4.917106154029999743e+03 -2.007429143280000119e+02 1.878761844130000043e+02 -3.609549817820000044e+02
6.500000000000000222e-01 -1.484561258699999962e+04 6.634460063919999811e+03 4.825224166779999905e+03 -2.003937897980000002e+02 1.886363636789999987e+02 -3.607481657530000234e+02
6.500000000000000222e-01 -1.472146049719999974e+04 6.636118494100000134e+03 4.916083081220000167e+03 -2.004959815809999952e+02 1.887367157760000111e+02 -3.609394322310000121e+02
6.500000000000000222e-01 -1.466876383879999958e+04 6.718630962610000097e+03 4.885425398280000081e+03 -2.003872152769999957e+02 1.884263148240000021e+02 -3.613968860709999831e+02
6.500000000000000222e-01 -1.471693273220000083e+04 6.696503530539999701e+03 4.910491157720000047e+03 -2.009928686220000031e+02 1.883043768999999941e+02 -3.609215149460000021e+02
6.500000000000000222e-01 -1.476530727819999993e+04 6.665724572619999890e+03 4.912745745750000424e+03 -2.001237308149999876e+02 1.882684095850000006e+02 -3.604508446280000271e+02
6.500000000000000222e-01 -1.473214931500000057e+04 6.636852852189999794e+03 4.915819439769999917e+03 -2.005466581020000092e+02 1.884651675839999996e+02 -3.609386581580000097e+02
6.500000000000000222e-01 -1.466108379109999987e+04 6.583921207340000365e+03 4.880818504230000144e+03 -2.001871121849999895e+02 1.881753799349999952e+02 -3.616068877089999773e+02
6.500000000000000222e-01 -1.462914782519999972e+04 6.726111074780000308e+03 4.845782960749999802e+03 -2.008433646580000129e+02 1.877025217849999876e+02 -3.607001877530000229e+02
6.500000000000000222e-01 -1.474413899870000023e+04 6.682228724769999644e+03 4.915323848660000294e+03 -2.004092419289999896e+02 1.878796423720000064e+02 -3.605579249849999997e+02
6.500000000000000222e-01 -1.470120023349999974e+04 6.665716737959999591e+03 4.915861097660000269e+03 -2.002276509129999909e+02 1.887654148109999994e+02 -3.610345064539999953e+02
6.500000000000000222e-01 -1.470523303929999929e+04 6.684114781319999565e+03 4.912789710129999548e+03 -2.005807325639999874e+02 1.888209980480000070e+02 -3.610760342739999942e+02
6.500000000000000222e-01 -1.467828596330000073e+04 6.689632365249999566e+03 4.904105665690000023e+03 -2.003538332999999909e+02 1.886664868279999894e+02 -3.612605541840000001e+02
6.500000000000000222e-01 -1.470885691220000081e+04 6.643246729729999970e+03 4.915604057720000128e+03 -2.011670011760000136e+02 1.889610001659999909e+02 -3.609259670150000261e+02
6.500000000000000222e-01 -1.475768876140000066e+04 6.698344982450000316e+03 4.908414079930000298e+03 -2.010702490980000050e+02 1.886906950640000105e+02 -3.609052933830000143e+02
6.500000000000000222e-01 -1.477209150670000054e+04 6.628745436399999562e+03 4.907325502169999709e+03 -2.011839364059999866e+02 1.883345065999999974e+02 -3.610047221870000271e+02
6.500000000000000222e-01 -1.461620147949999955e+04 6.703600374980000197e+03 4.850615612829999918e+03 -2.007777971639999919e+02 1.877263858290000087e+02 -3.608423461979999729e+02
6.500000000000000222e-01 -1.470244405709999955e+04 6.639466824379999707e+03 4.914328835700000127e+03 -2.011302017390000003e+02 1.888827095460000010e+02 -3.609274541149999891e+02
6.500000000000000222e-01 -1.460619032920000063e+04 6.682603046369999902e+03 4.846269249339999988e+03 -2.008413364040000033e+02 1.880123026589999995e+02 -3.609957031389999997e+02
6.500000000000000222e-01 -1.483197820200000024e+04 6.682830842839999605e+03 4.858995204439999725e+03 -2.006520999729999915e+02 1.885181394649999902e+02 -3.606367427590000148e+02
6.500000000000000222e-01 -1.462791761899999983e+04 6.690597227240000393e+03 4.869576040990000365e+03 -2.010261621020000007e+02 1.878900083249999966e+02 -3.608282787929999813e+02
6.500000000000000222e-01 -1.477342155579999962e+04 6.615255474859999595e+03 4.902375187050000022e+03 -2.009969876250000027e+02 1.883102555989999871e+02 -3.610336392710000268e+02
6.500000000000000222e-01 -1.466726310469999953e+04 6.554281109149999793e+03 4.857933976139999686e+03 -2.001739164100000039e+02 1.882936293230000047e+02 -3.617208345060000170e+02
6.500000000000000222e-01 -1.469452741229999992e+04 6.606907416089999970e+03 4.906386994319999758e+03 -2.006363475759999915e+02 1.888779496610000024e+02 -3.609479246910000256e+02
6.500000000000000222e-01 -1.469994441200000074e+04 6.694848259739999776e+03 4.907500763230000302e+03 -2.005199401330000057e+02 1.885534775989999901e+02 -3.611252099800000224e+02
6.500000000000000222e-01 -1.472133611940000083e+04 6.738824794739999561e+03 4.890572579349999614e+03 -2.010701372050000089e+02 1.882199944740000035e+02 -3.608076664409999808e+02
6.500000000000000222e-01 -1.475853107570000066e+04 6.595628141700000015e+03 4.894817742649999673e+03 -2.008577660969999954e+02 1.888251383719999978e+02 -3.610226852960000201e+02
6.500000000000000222e-01 -1.468083746849999989e+04 6.650107425230000445e+03 4.909846482820000347e+03 -2.002836634999999887e+02 1.883714327229999981e+02 -3.612043683790000159e+02
6.500000000000000222e-01 -1.471709646790000079e+04 6.631225057679999736e+03 4.914219176710000283e+03 -2.008481181260000028e+02 1.892299609650000036e+02 -3.608647660409999958e+02
6.500000000000000222e-01 -1.470929280099999960e+04 6.640387432530000297e+03 4.914495916969999598e+03 -2.007885664060000011e+02 1.885689413389999913e+02 -3.610332708020000041e+02
6.500000000000000222e-01 -1.471763993189999928e+04 6.563176303270000062e+03 4.871650274540000282e+03 -2.005660214339999925e+02 1.893710207620000006e+02 -3.606974165220000259e+02
6.500000000000000222e-01 -1.463369589610000003e+04 6.654069282360000216e+03 4.881241805009999553e+03 -2.008811121340000057e+02 1.882654370909999955e+02 -3.611787711599999966e+02
6.500000000000000222e-01 -1.471090410030000021e+04 6.646734215010000298e+03 4.916012647049999941e+03 -2.012233662559999914e+02 1.888689652509999917e+02 -3.609572290149999958e+02
6.500000000000000222e-01 -1.461088315970000076e+04 6.582317284329999893e+03 4.840210830809999607e+03 -2.001260765330000027e+02 1.882828326750000087e+02 -3.616993695830000206e+02
6.500000000000000222e-01 -1.482596721099999922e+04 6.686863857680000365e+03 4.859887060259999998e+03 -2.001415378799999871e+02 1.882552391989999876e+02 -3.599322096829999964e+02
6.500000000000000222e-01 -1.473142457359999935e+04 6.637589811189999637e+03 4.915807645629999570e+03 -2.007759927490000109e+02 1.883474950140000033e+02 -3.609797349620000091e+02
6.500000000000000222e-01 -1.470152411910000046e+04 6.617993330039999819e+03 4.905553421679999701e+03 -2.008333323530000030e+02 1.887709236890000000e+02 -3.611284227529999953e+02
6.500000000000000222e-01 -1.474873566249999931e+04 6.745478073489999588e+03 4.882753599669999858e+03 -2.010029536309999969e+02 1.886462275169999998e+02 -3.610728566999999885e+02
6.500000000000000222e-01 -1.484669934889999968e+04 6.657968558380000104e+03 4.830327301979999902e+03 -2.005994598709999934e+02 1.885280299400000104e+02 -3.609616748720000032e+02
6.500000000000000222e-01 -1.461928574389999994e+04 6.613738009480000073e+03 4.865328770750000331e+03 -2.006676389790000030e+02 1.884130299990000026e+02 -3.611591496899999925e+02
6.500000000000000222e-01 -1.463789100110000072e+04 6.706955126009999731e+03 4.870038043010000365e+03 -2.005021390789999884e+02 1.877457991590000006e+02 -3.612007186729999830e+02
6.500000000000000222e-01 -1.478565760679999948e+04 6.585854119079999691e+03 4.877631491570000435e+03 -2.000123515999999881e+02 1.889601819499999920e+02 -3.603097204090000218e+02
6.500000000000000222e-01 -1.475623919329999990e+04 6.557147172900000442e+03 4.855661429669999961e+03 -2.004799783759999912e+02 1.893172703689999992e+02 -3.607062512890000221e+02
6.500000000000000222e-01 -1.473842779169999994e+04 6.550651294880000023e+03 4.866233958499999972e+03 -2.000799114790000033e+02 1.890752632559999995e+02 -3.605359401509999770e+02
6.500000000000000222e-01 -1.467026097049999953e+04 6.648035180750000109e+03 4.905594559619999927e+03 -2.002828891279999937e+02 1.883449513820000050e+02 -3.612833623689999740e+02
6.500000000000000222e-01 -1.476662157990000014e+04 6.769259586999999556e+03 4.823159143619999668e+03 -2.006060188429999869e+02 1.881143039680000015e+02 -3.611791888139999855e+02
6.500000000000000222e-01 -1.471624763080000048e+04 6.634887387759999910e+03 4.916074595590000172e+03 -2.006215039370000000e+02 1.890363325540000119e+02 -3.608937309329999721e+02
6.500000000000000222e-01 -1.472038521100000071e+04 6.651683762710000337e+03 4.917852469929999643e+03 -2.006502524759999915e+02 1.878983629779999944e+02 -3.609515237040000102e+02
6.500000000000000222e-01 -1.461349082789999920e+04 6.586161540510000123e+03 4.839084106289999909e+03 -2.000811574159999964e+02 1.882803285610000046e+02 -3.619595860289999791e+02
6.500000000000000222e-01 -1.473051211030000013e+04 6.652628382720000445e+03 4.917885326949999580e+03 -2.013453951730000142e+02 1.884333918590000110e+02 -3.609258655240000166e+02
6.500000000000000222e-01 -1.462753749590000007e+04 6.719217596870000307e+03 4.851135728070000368e+03 -2.003026187940000113e+02 1.879019986350000124e+02 -3.615327196050000111e+02
6.500000000000000222e-01 -1.471822782120000011e+04 6.693652607949999947e+03 4.911545745729999908e+03 -2.007368959480000115e+02 1.888874713220000103e+02 -3.610615847860000258e+02
6.500000000000000222e-01 -1.474842463750000024e+04 6.680564653559999897e+03 4.911879253330000211e+03 -2.002987417189999917e+02 1.879158324900000139e+02 -3.606107100319999859e+02
6.500000000000000222e-01 -1.473329932340000050e+04 6.522981114549999802e+03 4.806366115650000211e+03 -2.001225792859999899e+02 1.887107674730000042e+02 -3.616232836969999767e+02
6.500000000000000222e-01 -1.459636421329999939e+04 6.629255460739999762e+03 4.836537050400000226e+03 -2.006798680539999964e+02 1.883391401700000074e+02 -3.610711147179999898e+02
6.500000000000000222e-01 -1.457349891919999936e+04 6.672109066859999984e+03 4.768465283989999989e+03 -2.002191003940000087e+02 1.879789708510000139e+02 -3.620706034390000241e+02
6.500000000000000222e-01 -1.459756453089999923e+04 6.688274102309999762e+03 4.833404060449999633e+03 -2.007184018750000121e+02 1.878785868470000082e+02 -3.608422698989999731e+02
6.500000000000000222e-01 -1.469632457059999979e+04 6.678429163110000445e+03 4.911253602570000112e+03 -2.012142226880000067e+02 1.878745121620000020e+02 -3.608398992410000119e+02
6.500000000000000222e-01 -1.469047722629999953e+04 6.678934547840000050e+03 4.910628449570000157e+03 -2.003598801720000040e+02 1.886347969569999918e+02 -3.611461123789999874e+02
6.500000000000000222e-01 -1.467700206679999974e+04 6.662776236089999657e+03 4.907319198270000015e+03 -2.012591655900000092e+02 1.881210906889999990e+02 -3.609223242580000033e+02
6.500000000000000222e-01 -1.469911965210000017e+04 6.636637838560000091e+03 4.913589809480000440e+03 -2.003914958759999934e+02 1.881931159330000014e+02 -3.611211346979999917e+02
6.500000000000000222e-01 -1.473863993499999924e+04 6.751471708410000247e+03 4.874975450789999741e+03 -2.008709626860000128e+02 1.885572416379999936e+02 -3.611739462709999771e+02
6.500000000000000222e-01 -1.469305949429999964e+04 6.619509099160000005e+03 4.909874874930000260e+03 -2.003108658989999924e+02 1.880404968130000043e+02 -3.612036218590000090e+02
6.500000000000000222e-01 -1.484440675870000086e+04 6.673004378499999802e+03 4.821416610070000388e+03 -2.001702973209999925e+02 1.883940843809999990e+02 -3.601836708050000198e+02
6.500000000000000222e-01 -1.476483214480000061e+04 6.645448519829999896e+03 4.912068482859999676e+03 -2.004684340180000106e+02 1.886622783969999944e+02 -3.606984417520000079e+02
6.500000000000000222e-01 -1.475367251020000003e+04 6.587888220419999925e+03 4.891905198059999748e+03 -2.004619027720000020e+02 1.893561338039999953e+02 -3.605575473420000208e+02
6.500000000000000222e-01 -1.476330993649999982e+04 6.750956543229999625e+03 4.843130045670000072e+03 -2.002796456810000052e+02 1.876615636649999885e+02 -3.605418950299999779e+02
6.500000000000000222e-01 -1.472527908220000063e+04 6.652631849669999610e+03 4.918403681730000244e+03 -2.003541177520000076e+02 1.889346216780000134e+02 -3.608612177979999842e+02
6.500000000000000222e-01 -1.463340364249999948e+04 6.566219971509999596e+03 4.843450421999999890e+03 -2.004792168410000102e+02 1.888275681089999978e+02 -3.608683551629999897e+02
6.500000000000000222e-01 -1.464352416210000047e+04 6.583289985000000343e+03 4.866790055450000182e+03 -2.001657272230000046e+02 1.882638906399999996e+02 -3.617473079989999860e+02
6.500000000000000222e-01 -1.472384891590000007e+04 6.642852241139999933e+03 4.917464394880000327e+03 -2.003590173089999951e+02 1.888527724639999974e+02 -3.608799110059999862e+02
6.500000000000000222e-01 -1.481712361690000034e+04 6.670689680710000175e+03 4.876687921990000177e+03 -2.007239071799999977e+02 1.884615999339999917e+02 -3.607804222899999900e+02
6.500000000000000222e-01 -1.474655461570000080e+04 6.659011927919999835e+03 4.915775379400000020e+03 -2.008318821960000093e+02 1.885036385479999979e+02 -3.608928366650000044e+02
6.500000000000000222e-01 -1.481990806820000034e+04 6.621702158289999716e+03 4.871153987960000450e+03 -2.006926395860000127e+02 1.887458953420000114e+02 -3.607789138559999742e+02
6.500000000000000222e-01 -1.484791084000000046e+04 6.653479895899999974e+03 4.817384486259999903e+03 -2.000924747649999915e+02 1.885157142299999862e+02 -3.597910468860000037e+02
6.500000000000000222e-01 -1.472472246540000015e+04 6.767295866170000409e+03 4.829844619700000294e+03 -2.003670931650000000e+02 1.877509992870000133e+02 -3.611048140280000212e+02
6.500000000000000222e-01 -1.472135059059999912e+04 6.653802616490000219e+03 4.918684765320000224e+03 -2.007707433649999871e+02 1.880125427430000116e+02 -3.608521997990000045e+02
6.500000000000000222e-01 -1.475179029710000032e+04 6.663345494969999891e+03 4.914946280469999692e+03 -2.008345162219999906e+02 1.885119164950000084e+02 -3.608668153799999914e+02
6.500000000000000222e-01 -1.471356837520000045e+04 6.672509804180000174e+03 4.915234092159999818e+03 -2.010540041220000091e+02 1.880689228960000037e+02 -3.609119591130000231e+02
6.500000000000000222e-01 -1.474098216040000079e+04 6.636652386429999751e+03 4.916693630120000307e+03 -2.002162985520000120e+02 1.890125889889999939e+02 -3.606779961579999849e+02
6.500000000000000222e-01 -1.472157149820000086e+04 6.669722955070000353e+03 4.916371549899999991e+03 -2.007807657870000071e+02 1.887605865319999907e+02 -3.609808556180000210e+02
6.500000000000000222e-01 -1.468910186120000071e+04 6.661845918670000174e+03 4.912419152509999549e+03 -2.002947313340000051e+02 1.885029430760000082e+02 -3.611356922730000178e+02
6.500000000000000222e-01 -1.479131825360000039e+04 6.702058017899999868e+03 4.891850072059999547e+03 -2.002836842309999952e+02 1.880614409300000034e+02 -3.601253926950000164e+02
6.500000000000000222e-01 -1.471597353750000002e+04 6.674546800850000182e+03 4.914379444219999641e+03 -2.005984363279999911e+02 1.879894378109999877e+02 -3.609127334789999964e+02
6.500000000000000222e-01 -1.469931196070000078e+04 6.732982202309999593e+03 4.886303493540000090e+03 -2.008579671390000101e+02 1.875482811749999996e+02 -3.605009949349999943e+02
6.500000000000000222e-01 -1.471172060179999971e+04 6.644888471399999617e+03 4.915797484589999840e+03 -2.009309932570000115e+02 1.888647130379999908e+02 -3.609884920360000251e+02
6.500000000000000222e-01 -1.461475426250000055e+04 6.609296346869999979e+03 4.859029179850000219e+03 -2.006113459309999882e+02 1.884141332160000104e+02 -3.611713483159999782e+02
6.500000000000000222e-01 -1.465373560870000074e+04 6.657481880880000062e+03 4.895516913999999815e+03 -2.011466851929999962e+02 1.882666854640000054e+02 -3.609994442679999906e+02
6.500000000000000222e-01 -1.463274990930000058e+04 6.724448715470000025e+03 4.853092647309999847e+03 -2.002978720250000038e+02 1.881386614070000007e+02 -3.616596284830000059e+02
6.500000000000000222e-01 -1.477893713369999932e+04 6.571182171929999640e+03 4.868376227310000104e+03 -2.000908262739999941e+02 1.891550273020000077e+02 -3.602584042660000136e+02
6.500000000000000222e-01 -1.471923891910000020e+04 6.643476002579999658e+03 4.917881352069999593e+03 -2.006980468890000111e+02 1.877993819220000091e+02 -3.609418601959999933e+02
6.500000000000000222e-01 -1.477958239970000068e+04 6.656123495179999736e+03 4.906716940700000123e+03 -2.010644790579999892e+02 1.885233067789999950e+02 -3.609004436870000063e+02
6.500000000000000222e-01 -1.471721985850000056e+04 6.763119244499999695e+03 4.862266748390000430e+03 -2.008844950250000068e+02 1.878091277819999902e+02 -3.604737263989999860e+02
6.500000000000000222e-01 -1.466343011660000047e+04 6.716614420210000389e+03 4.881882336579999901e+03 -2.011170361629999945e+02 1.879576945009999918e+02 -3.608743238499999961e+02
6.500000000000000222e-01 -1.477158487520000017e+04 6.574898727069999950e+03 4.878645291570000154e+03 -2.004063147560000004e+02 1.884115765239999973e+02 -3.610691637580000020e+02
6.500000000000000222e-01 -1.470619752049999988e+04 6.643028022079999573e+03 4.915344659039999897e+03 -2.004969941090000134e+02 1.882692178849999891e+02 -3.610382068860000118e+02
6.500000000000000222e-01 -1.468853649679999944e+04 6.712423709059999965e+03 4.896990663939999649e+03 -2.010617251380000141e+02 1.876825143499999911e+02 -3.606733869990000017e+02
3.690000000000000000e+05 -2.188526353090000157e+03 -1.210034703459999946e+03 7.120750213390000454e+02 -8.267150790899999890e+01 -9.987734794050000176e+01 -5.849969542910000087e+01
6.500000000000000222e-01 -2.240276089769999999e+03 -1.284535179290000087e+03 5.019241209219999860e+02 -7.619984399720000567e+01 -9.765600242159999311e+01 -7.515448560609999618e+01
6.500000000000000222e-01 -2.204381368849999944e+03 -1.227800819809999894e+03 7.306865380980000282e+02 -8.221075650539999913e+01 -1.049569788440000053e+02 -4.528367132070000167e+01
6.500000000000000222e-01 -2.195835922709999977e+03 -1.259571091759999945e+03 5.059016044850000071e+02 -7.432183421919999944e+01 -1.000322908649999931e+02 -7.503498149360000014e+01
6.500000000000000222e-01 -2.263714146610000171e+03 -1.172106853689999980e+03 5.405160655570000472e+02 -7.268104539789999308e+01 -8.983148601400000643e+01 -7.724820015699999942e+01
6.500000000000000222e-01 -2.257308288239999911e+03 -1.217836589969999977e+03 4.297357601699999918e+02 -6.826981037580000589e+01 -8.889456046220000474e+01 -8.699500441760000058e+01
6.500000000000000222e-01 -2.303829276280000158e+03 -1.164647136090000004e+03 7.127034009110000170e+02 -9.329285149099999330e+01 -1.012092827620000008e+02 -5.324494975569999866e+01
6.500000000000000222e-01 -2.196876020159999825e+03 -1.301751774540000042e+03 5.118109859529999994e+02 -7.103219814039999846e+01 -9.933630207100000575e+01 -7.607078995649999342e+01
6.500000000000000222e-01 -2.199426034069999787e+03 -1.259833035059999929e+03 5.040186044910000192e+02 -7.424427178889999368e+01 -1.000495394969999978e+02 -7.528486796069999798e+01
6.500000000000000222e-01 -2.272343598060000204e+03 -1.268791989549999926e+03 4.823707984910000164e+02 -7.067612478399999532e+01 -8.870347785760000647e+01 -7.936395161900000517e+01
6.500000000000000222e-01 -2.268140770540000176e+03 -1.137625117190000083e+03 5.926379334570000310e+02 -7.912548848829999315e+01 -8.918331670199999905e+01 -7.056194313160000320e+01
6.500000000000000222e-01 -2.215012773840000136e+03 -1.308932977830000027e+03 4.905575688719999903e+02 -7.843974266710000620e+01 -9.822232557249999729e+01 -7.610029294020000634e+01
6.500000000000000222e-01 -2.192985917529999824e+03 -1.277036645420000013e+03 5.621605656819999695e+02 -6.518041998180000007e+01 -8.954487159510000538e+01 -7.588984490679999340e+01
6.500000000000000222e-01 -2.238023764059999849e+03 -1.277498969029999898e+03 4.376048211990000141e+02 -6.795782777440000189e+01 -8.982466648289999966e+01 -8.442773642279999535e+01
6.500000000000000222e-01 -2.108603206209999826e+03 -1.316459022900000036e+03 6.229274076389999664e+02 -6.903381148500000108e+01 -9.880267981699999780e+01 -6.918754308729999991e+01
6.500000000000000222e-01 -2.254178470259999813e+03 -1.295256163179999930e+03 4.656064441049999800e+02 -7.492757837669999788e+01 -9.467304249190000576e+01 -7.882567167560000598e+01
6.500000000000000222e-01 -2.249537432609999996e+03 -1.278268448349999971e+03 4.262201203870000086e+02 -7.354038588400000265e+01 -9.220257460310000397e+01 -8.289501630479999505e+01
6.500000000000000222e-01 -2.248022067209999932e+03 -1.253179450260000067e+03 4.653758473060000256e+02 -7.307930418789999294e+01 -9.682395812980000471e+01 -7.956950006110000118e+01
6.500000000000000222e-01 -2.259141584479999892e+03 -1.251258731579999903e+03 4.818096035120000238e+02 -7.655539633499999752e+01 -9.493630810909999695e+01 -7.710527361500000154e+01
6.500000000000000222e-01 -2.181540649609999946e+03 -1.315385716120000097e+03 4.934796106809999969e+02 -6.607425335930000188e+01 -9.422739675169999884e+01 -8.066027306300000532e+01
6.500000000000000222e-01 -2.283073846759999924e+03 -1.228175135349999891e+03 4.741118851570000174e+02 -7.491575653050000483e+01 -9.586264674260000618e+01 -7.860112079489999815e+01
6.500000000000000222e-01 -2.255590612869999859e+03 -1.149780636770000001e+03 5.753587742140000501e+02 -8.235084826569999450e+01 -9.811544250090000219e+01 -6.811758352629999536e+01
6.500000000000000222e-01 -2.181217210230000092e+03 -1.311563246530000015e+03 5.242099356219999891e+02 -7.523857052450000538e+01 -1.005540382760000000e+02 -7.397797620139999708e+01
6.500000000000000222e-01 -2.197050137340000219e+03 -1.311429670819999956e+03 5.127636628379999593e+02 -7.429157937729999617e+01 -9.993686977859999843e+01 -7.513154473560000213e+01
6.500000000000000222e-01 -2.219736334189999980e+03 -1.322577350470000056e+03 4.381658222780000074e+02 -7.528502860170000588e+01 -9.444490020739999636e+01 -8.168371600589999559e+01
6.500000000000000222e-01 -2.243237765029999991e+03 -1.244841613119999920e+03 4.334015585020000003e+02 -7.498812720639999441e+01 -9.496438403809999329e+01 -8.198599923070000273e+01
6.500000000000000222e-01 -2.260038566539999920e+03 -1.188325053360000084e+03 7.137586707829999568e+02 -9.145255684769999505e+01 -1.043907378130000012e+02 -5.152456435559999903e+01
6.500000000000000222e-01 -2.190833371220000117e+03 -1.303907004700000016e+03 4.946184131360000151e+02 -6.600138781120000431e+01 -9.171977509420000274e+01 -8.082505005740000570e+01
6.500000000000000222e-01 -2.147393327799999952e+03 -1.286106519480000088e+03 5.371352288980000367e+02 -7.427762902599999961e+01 -9.796547569940000244e+01 -7.217583532160000459e+01
6.500000000000000222e-01 -2.254014272030000029e+03 -1.263447378240000035e+03 4.158479025710000201e+02 -7.509612113289999513e+01 -9.190204315409999936e+01 -8.341387834459999340e+01
6.500000000000000222e-01 -2.287819761990000188e+03 -1.193375349590000042e+03 5.097794653569999923e+02 -7.870332042949999618e+01 -8.898345464170000696e+01 -7.574923900310000136e+01
6.500000000000000222e-01 -2.232558931730000040e+03 -1.270025720159999992e+03 4.843887911809999878e+02 -7.174581010480000032e+01 -9.772077759719999790e+01 -7.816274677020000183e+01
6.500000000000000222e-01 -2.256451744989999952e+03 -1.299049216429999888e+03 8.158593128400000296e+02 -9.058952252029999386e+01 -1.034638147940000010e+02 -4.816984770069999655e+01
6.500000000000000222e-01 -2.276702828240000144e+03 -1.244363396510000030e+03 4.654018730820000087e+02 -7.609674578509999776e+01 -9.049257222910000564e+01 -7.916428090259999806e+01
6.500000000000000222e-01 -2.248122175089999928e+03 -1.238546893490000002e+03 4.521204307450000215e+02 -7.739401286240000388e+01 -9.392179897869999650e+01 -7.964380718779999313e+01
6.500000000000000222e-01 -2.205874638839999989e+03 -1.333074308909999900e+03 4.190754710009999826e+02 -7.125534582960000307e+01 -9.490708382159999701e+01 -8.485822295699999529e+01
6.500000000000000222e-01 -2.270640028790000088e+03 -1.235651501020000069e+03 5.080821644490000040e+02 -7.818887202460000196e+01 -9.592967492190000200e+01 -7.434138269509999475e+01
6.500000000000000222e-01 -2.278872828839999784e+03 -1.223813737339999989e+03 4.814283991620000052e+02 -7.387039078009999571e+01 -9.250801423929999601e+01 -7.879321945620000633e+01
6.500000000000000222e-01 -2.274922777549999864e+03 -1.275220123520000016e+03 4.709140556980000270e+02 -7.220289531070000066e+01 -9.097241012000000637e+01 -7.943435146960000282e+01
6.500000000000000222e-01 -2.139196238089999952e+03 -1.119544465299999956e+03 6.529354840140000533e+02 -7.499037338079999415e+01 -9.731734076159999347e+01 -6.346139525979999974e+01
6.500000000000000222e-01 -2.328335515960000066e+03 -1.221088269179999998e+03 7.218280147609999631e+02 -9.254830626140000049e+01 -1.038329275060000043e+02 -5.200093755259999995e+01
6.500000000000000222e-01 -2.292094194889999926e+03 -1.196926970980000078e+03 5.211354088739999497e+02 -8.118748304330000565e+01 -9.653997267299999407e+01 -7.294802151380000055e+01
6.500000000000000222e-01 -2.233719616370000040e+03 -1.264393287540000074e+03 4.718089114260000088e+02 -7.432972738840000204e+01 -9.660379679339999370e+01 -7.853768734919999872e+01
6.500000000000000222e-01 -2.264882565110000087e+03 -1.234243440429999964e+03 4.669900338219999867e+02 -7.114523957469999971e+01 -8.708204208019999726e+01 -8.180783262100000286e+01
6.500000000000000222e-01 -2.221894965779999893e+03 -1.253744354489999978e+03 5.240839847460000556e+02 -8.034558280029999366e+01 -9.678485162379999451e+01 -7.147182792949999453e+01
6.500000000000000222e-01 -2.271372470859999794e+03 -1.273459212470000011e+03 4.641292520229999923e+02 -7.399265817929999400e+01 -9.193539850930000057e+01 -7.942034805939999842e+01
6.500000000000000222e-01 -2.273875391279999803e+03 -1.237014815389999967e+03 4.803167391819999921e+02 -7.512674885879999920e+01 -9.507337190629999668e+01 -7.789868616389999545e+01
6.500000000000000222e-01 -2.239937768839999990e+03 -1.287450690500000064e+03 4.879130026729999940e+02 -6.890598356149999404e+01 -9.437252327619999903e+01 -7.889511963779999348e+01
6.500000000000000222e-01 -2.294485482930000217e+03 -1.198908894509999982e+03 4.536526234369999884e+02 -7.578280514899999787e+01 -9.448335230470000567e+01 -8.093056165270000690e+01
6.500000000000000222e-01 -2.296025961320000079e+03 -1.169720327949999955e+03 4.580333442689999970e+02 -7.628342877990000659e+01 -8.927144040849999840e+01 -8.232965295590000210e+01
6.500000000000000222e-01 -2.340617467000000033e+03 -1.256164922089999891e+03 7.036653709749999734e+02 -9.440423629190000554e+01 -1.045362407049999973e+02 -5.337765059459999861e+01
6.500000000000000222e-01 -2.249860493600000154e+03 -1.220959675560000051e+03 4.379579969889999802e+02 -6.783605571820000080e+01 -8.851898666499999990e+01 -8.679818548190000627e+01
6.500000000000000222e-01 -2.188834572490000028e+03 -1.325371603179999966e+03 4.647521584830000165e+02 -7.283219708660000435e+01 -9.487287995660000206e+01 -8.060815146580000601e+01
6.500000000000000222e-01 -2.234296711699999832e+03 -1.244577890009999919e+03 4.597355163290000064e+02 -7.561533907880000527e+01 -9.652487829890000626e+01 -7.929304503650000413e+01
6.500000000000000222e-01 -2.284649935960000221e+03 -1.165204021259999990e+03 5.518538176969999540e+02 -8.045606084189999763e+01 -8.913553486239999302e+01 -7.212022258860000079e+01
6.500000000000000222e-01 -2.281802250979999826e+03 -1.211830558330000031e+03 5.318576270080000086e+02 -7.633054645529999505e+01 -8.785533035630000143e+01 -7.437771843429999308e+01
6.500000000000000222e-01 -2.298340599199999815e+03 -1.250351537569999891e+03 6.759005533539999533e+02 -9.046901386689999924e+01 -1.032314114370000055e+02 -5.560367241400000182e+01
6.500000000000000222e-01 -2.268824348009999994e+03 -1.154106357039999921e+03 5.894478803570000309e+02 -8.213065039159999969e+01 -9.086919496669999319e+01 -6.731221303700000647e+01
6.500000000000000222e-01 -2.245806357020000178e+03 -1.118249979839999924e+03 6.410819707860000563e+02 -8.183846605200000113e+01 -9.140868253300000390e+01 -6.268583399540000300e+01
6.500000000000000222e-01 -2.293396177510000143e+03 -1.165236133430000109e+03 5.178978893580000431e+02 -8.039309954559999483e+01 -9.020540831680000338e+01 -7.513627535150000369e+01
6.500000000000000222e-01 -2.245338139020000199e+03 -1.297500091200000043e+03 4.595405000430000086e+02 -7.689551202420000209e+01 -9.406918322619999628e+01 -7.891338845670000524e+01
6.500000000000000222e-01 -2.253488812399999915e+03 -1.265804087759999902e+03 4.659494829650000156e+02 -7.432289639110000223e+01 -9.469664610489999745e+01 -7.912219431329999964e+01
6.500000000000000222e-01 -2.218497234339999977e+03 -1.323865970809999908e+03 4.016090575690000151e+02 -7.236940604960000201e+01 -9.262166817370000160e+01 -8.573322135450000303e+01
6.500000000000000222e-01 -2.269885114170000179e+03 -1.276323314470000014e+03 4.789924655219999750e+02 -7.033953947700000242e+01 -8.986761819740000590e+01 -7.950805604750000555e+01
6.500000000000000222e-01 -2.294298102190000009e+03 -1.191636063890000059e+03 7.161918090259999872e+02 -9.085380348530000560e+01 -1.020178777539999970e+02 -5.231820239179999987e+01
6.500000000000000222e-01 -2.227019949519999955e+03 -1.212664883950000103e+03 4.900638895839999805e+02 -7.828649150900000109e+01 -9.519363476809999725e+01 -7.551004126419999807e+01
6.500000000000000222e-01 -2.186519595190000018e+03 -1.335315558380000084e+03 4.199793619039999726e+02 -7.018097895260000030e+01 -9.392626236319999578e+01 -8.606669848219999608e+01
6.500000000000000222e-01 -2.279478729720000047e+03 -1.266447836730000063e+03 6.441377531860000545e+02 -8.918720300670000256e+01 -1.005968298949999991e+02 -5.934404889289999829e+01
6.500000000000000222e-01 -2.251619633039999826e+03 -1.241651631129999942e+03 4.296224571700000183e+02 -7.329478370290000555e+01 -9.501585389029999362e+01 -8.292348504240000295e+01
6.500000000000000222e-01 -2.227302792330000102e+03 -1.153250093430000106e+03 5.680917564259999608e+02 -7.941033412439999495e+01 -9.349374758049999912e+01 -6.820194975930000680e+01
6.500000000000000222e-01 -2.270645679220000147e+03 -1.256412349709999944e+03 4.752715375550000090e+02 -7.362060744469999918e+01 -9.481306904929999746e+01 -7.855842333889999907e+01
6.500000000000000222e-01 -2.197642941680000149e+03 -1.298335882549999951e+03 5.145875201559999823e+02 -6.536233218780000698e+01 -9.173192099679999956e+01 -7.906960074590000431e+01
6.500000000000000222e-01 -2.211184289660000104e+03 -1.318423157850000052e+03 3.671226530870000033e+02 -6.830684239389999846e+01 -9.113757451879999394e+01 -9.028671909850000077e+01
6.500000000000000222e-01 -2.248723147820000122e+03 -1.244591679549999981e+03 4.031997020590000034e+02 -7.338960487309999792e+01 -9.368174445370000569e+01 -8.522086441730000672e+01
6.500000000000000222e-01 -2.265162633880000158e+03 -1.163485735049999903e+03 5.955775873239999783e+02 -8.096203970800000604e+01 -9.111744739339999910e+01 -6.694423030849999634e+01
6.500000000000000222e-01 -2.227323871820000022e+03 -1.276333137780000015e+03 4.885685883689999969e+02 -7.140668253370000684e+01 -9.753670070859999441e+01 -7.791218364319999523e+01
6.500000000000000222e-01 -2.262884667870000158e+03 -1.212940187879999939e+03 5.048612558049999848e+02 -7.971718276500000400e+01 -9.340009227929999724e+01 -7.449224697660000061e+01
6.500000000000000222e-01 -2.263582189060000019e+03 -1.249588306860000102e+03 4.528610546119999754e+02 -7.430646188849999589e+01 -9.324165219910000246e+01 -8.054750677139999482e+01
6.500000000000000222e-01 -2.204988964419999775e+03 -1.309016945450000094e+03 4.152714230959999782e+02 -6.656396864049999351e+01 -9.180761088340000242e+01 -8.705879416690000028e+01
6.500000000000000222e-01 -2.248391577670000061e+03 -1.258747773739999957e+03 4.066258402330000195e+02 -7.397274109859999669e+01 -9.270188245459999621e+01 -8.460285988629999565e+01
6.500000000000000222e-01 -2.270903076139999939e+03 -1.242916752009999982e+03 4.725706835099999807e+02 -7.399994040449999488e+01 -9.553093045650000192e+01 -7.881196080879999499e+01
6.500000000000000222e-01 -2.246538652239999919e+03 -1.281471060269999953e+03 4.565015114280000148e+02 -6.905094852249999349e+01 -9.135184112289999803e+01 -8.193106150970000101e+01
6.500000000000000222e-01 -2.280788175560000127e+03 -1.190503087390000019e+03 7.007518770579999909e+02 -9.104185706469999673e+01 -1.019732539839999959e+02 -5.318793036329999779e+01
6.500000000000000222e-01 -2.224408720030000040e+03 -1.228797827090000055e+03 4.733640260870000134e+02 -6.782874798020000640e+01 -8.787335412260000567e+01 -8.551339074499999526e+01
6.500000000000000222e-01 -2.226724270539999907e+03 -1.236591889219999985e+03 5.028948510100000249e+02 -6.672107770540000615e+01 -8.881639854130000344e+01 -8.148784268500000394e+01
6.500000000000000222e-01 -2.273421485559999837e+03 -1.178867643379999890e+03 5.362937989170000037e+02 -7.589089737039999761e+01 -8.704215045489999625e+01 -7.574568221399999857e+01
6.500000000000000222e-01 -2.155957469490000221e+03 -1.265707912200000010e+03 7.641591152209999791e+02 -8.875617094630000281e+01 -1.093696827659999968e+02 -4.847633135270000082e+01
6.500000000000000222e-01 -2.217032422230000066e+03 -1.254954292099999975e+03 4.765869145610000146e+02 -6.581696956070000226e+01 -8.896825522940000042e+01 -8.386644260049999389e+01
6.500000000000000222e-01 -2.270639073660000122e+03 -1.265606448559999990e+03 4.781493612579999990e+02 -7.249343014080000103e+01 -9.448351570639999863e+01 -7.856267428699999300e+01
6.500000000000000222e-01 -2.264416891970000052e+03 -1.241466529349999973e+03 4.655727403230000050e+02 -7.716725681929999325e+01 -9.262922058949999382e+01 -7.864811537619999626e+01
6.500000000000000222e-01 -2.256922888839999814e+03 -1.205520259480000050e+03 5.799272287979999874e+02 -7.181194578619999902e+01 -8.765954797300000223e+01 -7.248421515639999768e+01
6.500000000000000222e-01 -2.205304936670000188e+03 -1.302903681289999895e+03 4.893732656509999970e+02 -7.015906753779999860e+01 -9.544166908600000454e+01 -7.865675659219999716e+01
6.500000000000000222e-01 -2.157240803170000163e+03 -1.326713420419999920e+03 4.906252350710000201e+02 -6.754797847279999701e+01 -9.516325109410000493e+01 -8.192059204240000270e+01
6.500000000000000222e-01 -2.189557629389999875e+03 -1.264623568449999993e+03 5.167156623009999521e+02 -7.398999465350000548e+01 -1.005846720199999993e+02 -7.410085636850000412e+01
6.500000000000000222e-01 -2.169243319679999786e+03 -1.268157781829999976e+03 5.211549227179999662e+02 -7.526060075760000245e+01 -9.763976204940000514e+01 -7.299628764179999507e+01
6.500000000000000222e-01 -2.310004505410000093e+03 -1.232207365859999982e+03 6.849729398570000285e+02 -9.197862196629999687e+01 -1.039339813290000052e+02 -5.486470476800000284e+01
6.500000000000000222e-01 -2.273702122810000219e+03 -1.241140805660000069e+03 4.445523820380000188e+02 -7.346633894980000434e+01 -8.989132564070000342e+01 -8.201203467909999745e+01
6.500000000000000222e-01 -2.184416741720000118e+03 -1.174756681690000050e+03 5.315137190299999475e+02 -7.628377224819999469e+01 -9.467295895579999865e+01 -7.103802784420000194e+01
6.500000000000000222e-01 -2.210545127769999908e+03 -1.326792911900000036e+03 4.143820356499999775e+02 -7.025329433100000642e+01 -9.430920280300000513e+01 -8.535070004019999601e+01
6.500000000000000222e-01 -2.272976852119999876e+03 -1.222252606869999909e+03 4.714454277849999926e+02 -7.270801649089999330e+01 -8.706870578970000452e+01 -8.105289663790000532e+01
6.500000000000000222e-01 -2.345420402480000121e+03 -1.164537925589999986e+03 6.683812690549999616e+02 -9.479159898769999870e+01 -1.015073489380000069e+02 -5.837707322180000347e+01
