3.450000000000000000e+05 4.645197151739999754e+03 -5.147379604759999893e+03 -6.469568873860000167e+03 -1.029092301470000024e+02 1.008944182189999950e+01 -7.367026717710000128e+01
6.500000000000000222e-01 4.558910977909999929e+03 -5.060569620160000341e+03 -6.212505911260000175e+03 -1.025878035559999972e+02 9.788111616489999278e+00 -7.364737000009999690e+01
6.500000000000000222e-01 4.474393381189999673e+03 -5.267575568500000372e+03 -6.663973011879999831e+03 -1.039146721359999930e+02 1.012907849610000000e+01 -7.274720668209999985e+01
6.500000000000000222e-01 4.829417263669999556e+03 -5.077545866729999943e+03 -6.263209257229999821e+03 -1.016680947530000054e+02 1.035330168219999969e+01 -7.497065132500000573e+01
6.500000000000000222e-01 4.623397792589999881e+03 -5.230114391480000450e+03 -6.741883037149999836e+03 -1.031571779399999969e+02 7.779004840179999825e+00 -7.309809037499999818e+01
6.500000000000000222e-01 4.759675298639999710e+03 -5.349397859759999847e+03 -6.632336831689999599e+03 -1.033809539209999997e+02 1.041656008310000026e+01 -7.310078207290000307e+01
6.500000000000000222e-01 4.750824397469999894e+03 -4.909140406409999741e+03 -6.585354632259999562e+03 -1.034665282960000070e+02 9.162502632789999879e+00 -7.566828084329999626e+01
6.500000000000000222e-01 4.410342739310000070e+03 -5.040064778099999785e+03 -6.591672287250000409e+03 -1.023118652470000001e+02 9.976282495019999530e+00 -7.505675419290000150e+01
6.500000000000000222e-01 4.811301293329999680e+03 -4.950195992390000356e+03 -6.590933388610000293e+03 -1.029171024270000032e+02 8.867895658589999286e+00 -7.504195859840000082e+01
6.500000000000000222e-01 4.419972754549999991e+03 -5.083021616740000354e+03 -6.305499123929999769e+03 -1.027882907449999976e+02 1.042194308929999913e+01 -7.289252661039999737e+01
6.500000000000000222e-01 4.366922788939999919e+03 -5.172215787819999605e+03 -6.412374455160000252e+03 -1.023545774709999989e+02 1.027262095540000075e+01 -7.136971966219999786e+01
6.500000000000000222e-01 4.475289214489999722e+03 -5.282751554749999741e+03 -6.654393668319999961e+03 -1.040112540020000012e+02 9.518085132590000441e+00 -7.210370319880000523e+01
6.500000000000000222e-01 4.741712047220000386e+03 -5.179102200190000076e+03 -6.203361594560000412e+03 -1.040629743730000030e+02 1.070829831370000029e+01 -7.343238272130000155e+01
6.500000000000000222e-01 4.586922485819999565e+03 -4.987579846960000395e+03 -6.700104066830000193e+03 -1.034928104929999932e+02 1.012899234920000069e+01 -7.410412964830000249e+01
6.500000000000000222e-01 4.474930029729999660e+03 -5.080198065929999757e+03 -6.688098515689999658e+03 -1.010930208930000020e+02 9.334947139380000536e+00 -7.504270550260000050e+01
6.500000000000000222e-01 4.804725834470000336e+03 -5.111682145140000102e+03 -6.236231229269999858e+03 -1.032833408099999986e+02 1.040982929299999959e+01 -7.379891477600000371e+01
6.500000000000000222e-01 4.508433082990000003e+03 -5.371353074110000307e+03 -6.581285394860000451e+03 -1.021512133469999952e+02 1.082132703909999982e+01 -7.584228904229999557e+01
6.500000000000000222e-01 4.430841159409999818e+03 -5.212398079089999555e+03 -6.645818027270000130e+03 -1.039478530970000065e+02 9.617497269950000316e+00 -7.186848445479999725e+01
6.500000000000000222e-01 4.664817303089999768e+03 -5.277190796480000245e+03 -6.217164626390000194e+03 -1.038463275010000046e+02 1.245393532379999968e+01 -7.289212889860000644e+01
6.500000000000000222e-01 4.523423457459999554e+03 -5.234227098850000402e+03 -6.226741475789999640e+03 -1.012976414700000021e+02 1.097186437240000068e+01 -7.259446759079999367e+01
6.500000000000000222e-01 4.685577643169999646e+03 -5.039056512070000281e+03 -6.729889991899999586e+03 -1.024120285460000019e+02 8.239988249670000542e+00 -7.408299921990000314e+01
6.500000000000000222e-01 4.449373212839999724e+03 -4.982439162700000452e+03 -6.597887800520000383e+03 -1.036860382990000033e+02 1.083975606969999994e+01 -7.250014151230000436e+01
6.500000000000000222e-01 4.486718229009999959e+03 -4.947760481180000170e+03 -6.598327406639999936e+03 -1.024053137119999946e+02 9.395872568499999744e+00 -7.543794558509999604e+01
6.500000000000000222e-01 4.786461780489999910e+03 -4.972600425640000140e+03 -6.293850700779999897e+03 -1.043280665599999963e+02 9.485628619139999884e+00 -7.200788654599999461e+01
6.500000000000000222e-01 4.882832125230000202e+03 -5.167157653139999638e+03 -6.313162536720000389e+03 -1.034364080259999952e+02 1.005487914349999912e+01 -7.320890123389999360e+01
6.500000000000000222e-01 4.867017528280000079e+03 -5.139728833299999678e+03 -6.290647855639999761e+03 -1.027202299820000064e+02 1.008787358520000055e+01 -7.425982815529999925e+01
6.500000000000000222e-01 4.614921787530000074e+03 -5.383441839520000030e+03 -6.311473893649999809e+03 -1.022814587059999951e+02 1.095234269510000047e+01 -7.208304627350000260e+01
6.500000000000000222e-01 4.527516937430000326e+03 -5.002607384079999974e+03 -6.686688599340000110e+03 -1.041484595280000036e+02 1.146861161580000044e+01 -7.258219655259999570e+01
6.500000000000000222e-01 4.452157253409999612e+03 -5.335674748919999729e+03 -6.562093045610000445e+03 -1.033767327590000065e+02 9.893652881939999588e+00 -7.171272887780000360e+01
6.500000000000000222e-01 4.543991492780000044e+03 -4.898447040949999973e+03 -6.569656459800000448e+03 -1.035356616109999948e+02 1.052676854529999950e+01 -7.373450951030000056e+01
6.500000000000000222e-01 4.526049612689999776e+03 -5.287366711710000345e+03 -6.251504431270000168e+03 -1.038973786050000001e+02 8.879539369310000652e+00 -7.509525010279999435e+01
6.500000000000000222e-01 4.834609453879999819e+03 -4.972606969649999883e+03 -6.347614219420000154e+03 -1.026067296230000068e+02 9.357286740819999338e+00 -7.352328090519999648e+01
6.500000000000000222e-01 4.420797331509999822e+03 -5.238158216470000298e+03 -6.318734660459999759e+03 -1.039623814189999962e+02 9.845187957940000345e+00 -7.549955736100000081e+01
6.500000000000000222e-01 4.365338562990000355e+03 -5.187538625979999779e+03 -6.506300107750000279e+03 -1.030365958109999980e+02 1.015242514710000066e+01 -7.130905013539999970e+01
6.500000000000000222e-01 4.719919753080000191e+03 -5.086222430249999888e+03 -6.737991652380000232e+03 -1.042624327890000018e+02 9.338409484559999640e+00 -7.422294218490000617e+01
6.500000000000000222e-01 4.533000931030000174e+03 -4.885334278010000162e+03 -6.460611989699999867e+03 -1.029179015560000039e+02 9.950366548110000764e+00 -7.152424275280000643e+01
6.500000000000000222e-01 4.645560400420000406e+03 -4.866063661590000265e+03 -6.520373639229999753e+03 -1.033891414630000014e+02 1.032514433340000082e+01 -7.341809643850000100e+01
6.500000000000000222e-01 4.667329251090000071e+03 -4.999807844150000165e+03 -6.711472886560000006e+03 -1.019104104049999933e+02 8.392024973159999846e+00 -7.391447869770000523e+01
6.500000000000000222e-01 4.723022123599999759e+03 -5.026352208590000373e+03 -6.223514807419999670e+03 -1.027293090219999954e+02 8.767619101310000218e+00 -7.320044669870000575e+01
6.500000000000000222e-01 4.516641296599999805e+03 -5.286653211349999765e+03 -6.256615236890000233e+03 -1.033256348310000021e+02 1.156325948789999991e+01 -7.316477200510000500e+01
6.500000000000000222e-01 4.715385349580000366e+03 -4.981794862730000204e+03 -6.248266012349999983e+03 -1.022273933999999969e+02 1.147206199510000069e+01 -7.495570193979999374e+01
4.560000000000000000e+04 5.016643771830000333e+03 2.962901265680000051e+03 1.616506590060000053e+04 2.100169329629999879e+02 -5.828993385300000085e+01 2.186743130979999989e+02
6.500000000000000222e-01 5.062031766729999617e+03 2.844219697019999785e+03 1.632707255219999934e+04 2.105398179999999968e+02 -5.894653924829999880e+01 2.184516079180000077e+02
6.500000000000000222e-01 5.148648930010000186e+03 3.071660535200000140e+03 1.605177174829999967e+04 2.097295041280000021e+02 -5.875647237129999922e+01 2.179455549770000005e+02
6.500000000000000222e-01 5.074914509809999799e+03 2.835061825740000131e+03 1.631464437370000087e+04 2.097458355649999930e+02 -5.761951853979999782e+01 2.193739325820000090e+02
6.500000000000000222e-01 4.814713987049999560e+03 2.949262409129999924e+03 1.613151738320000004e+04 2.100252749699999981e+02 -5.828488635400000106e+01 2.188094435099999941e+02
6.500000000000000222e-01 5.158495003549999637e+03 3.096198005669999930e+03 1.610040532589999930e+04 2.101205509000000120e+02 -5.805309710249999711e+01 2.195586933849999980e+02
6.500000000000000222e-01 4.925723047810000025e+03 3.146516053050000210e+03 1.617214160169999923e+04 2.100720582989999912e+02 -5.836371970260000097e+01 2.183952193780000073e+02
6.500000000000000222e-01 4.973635489670000425e+03 3.012608066650000183e+03 1.635940940079999928e+04 2.106952150550000056e+02 -5.902081368580000031e+01 2.190213285620000079e+02
6.500000000000000222e-01 5.014363787590000356e+03 3.167981684559999849e+03 1.616326302079999914e+04 2.100273395840000035e+02 -5.835308109780000052e+01 2.183838789819999988e+02
6.500000000000000222e-01 4.999690944169999966e+03 3.037295104180000180e+03 1.597435109639999973e+04 2.099381569500000069e+02 -5.879819259949999832e+01 2.183601261229999864e+02
6.500000000000000222e-01 4.926319318120000389e+03 2.961375771970000187e+03 1.598078917259999980e+04 2.101665568049999990e+02 -5.829800334979999832e+01 2.185522085540000035e+02
6.500000000000000222e-01 5.163599889500000245e+03 2.867510391599999821e+03 1.605934156749999966e+04 2.100382265370000141e+02 -5.825189791689999907e+01 2.191794361450000110e+02
6.500000000000000222e-01 4.968064653849999559e+03 2.966175991879999856e+03 1.636441218619999927e+04 2.100869909840000105e+02 -5.826392411199999799e+01 2.187145625580000114e+02
6.500000000000000222e-01 4.935416540840000380e+03 2.807834135409999817e+03 1.627256323119999979e+04 2.104503353119999929e+02 -5.858923543390000077e+01 2.187350021869999921e+02
6.500000000000000222e-01 4.990105362880000030e+03 2.766913230350000049e+03 1.610934375650000038e+04 2.102184180749999882e+02 -5.825050288109999741e+01 2.180098049380000020e+02
6.500000000000000222e-01 4.880083990699999958e+03 2.810729784820000077e+03 1.618157073909999963e+04 2.101176979519999861e+02 -5.823363496420000018e+01 2.194697153079999907e+02
6.500000000000000222e-01 5.113988536300000305e+03 2.798586664890000065e+03 1.609230710059999910e+04 2.097890330330000097e+02 -5.810578407279999880e+01 2.190156124540000064e+02
6.500000000000000222e-01 5.212026860470000429e+03 3.013975131300000157e+03 1.620145146279999972e+04 2.100893386600000099e+02 -5.831628142009999749e+01 2.182878258810000034e+02
6.500000000000000222e-01 5.220576028520000364e+03 2.984244621209999877e+03 1.617038609139999971e+04 2.099609769920000133e+02 -5.828848806820000306e+01 2.188476536009999904e+02
6.500000000000000222e-01 4.922476459849999628e+03 2.839405136479999783e+03 1.603078187470000012e+04 2.105183404889999963e+02 -5.844232074829999846e+01 2.183588646320000066e+02
6.500000000000000222e-01 4.941522999050000180e+03 3.027788491589999921e+03 1.634500694929999918e+04 2.102737094880000086e+02 -5.845031559699999946e+01 2.190104080559999886e+02
6.500000000000000222e-01 4.944934489639999811e+03 3.073960665579999841e+03 1.600766812729999947e+04 2.094690529199999958e+02 -5.758614183449999757e+01 2.191985733319999952e+02
6.500000000000000222e-01 5.145526047669999571e+03 2.837716888450000170e+03 1.606469012239999938e+04 2.100298251270000094e+02 -5.832731955980000293e+01 2.182051529480000056e+02
6.500000000000000222e-01 5.100267425209999601e+03 2.776785458759999983e+03 1.618556288180000047e+04 2.100197850319999873e+02 -5.831359858089999904e+01 2.177191785740000114e+02
6.500000000000000222e-01 5.022168562169999859e+03 3.083988523550000082e+03 1.599909791229999973e+04 2.097510299310000050e+02 -5.742449438749999757e+01 2.191097840520000091e+02
6.500000000000000222e-01 5.177442270859999553e+03 2.846656140380000124e+03 1.621857971800000087e+04 2.102174897300000111e+02 -5.845553212179999747e+01 2.181952767500000050e+02
6.500000000000000222e-01 4.910745878959999573e+03 3.110386985709999863e+03 1.625937528310000016e+04 2.104579684809999947e+02 -5.880425647370000064e+01 2.193856771050000134e+02
6.500000000000000222e-01 5.145687342580000404e+03 2.852208389800000077e+03 1.627879751790000046e+04 2.100274180049999870e+02 -5.824118280390000280e+01 2.181935475010000118e+02
6.500000000000000222e-01 5.147725968259999718e+03 3.039991726669999935e+03 1.602751917560000038e+04 2.102803227480000032e+02 -5.790507289699999660e+01 2.192524587849999875e+02
6.500000000000000222e-01 4.984369674790000317e+03 2.937677113690000169e+03 1.596395480859999952e+04 2.093251422349999871e+02 -5.871113699610000225e+01 2.187823497539999948e+02
6.500000000000000222e-01 5.000733727060000092e+03 2.937196144240000194e+03 1.596208781239999917e+04 2.096278440460000070e+02 -5.864095552020000213e+01 2.187078896460000124e+02
6.500000000000000222e-01 4.835396843610000360e+03 2.905854723869999816e+03 1.624261794279999958e+04 2.097796755820000101e+02 -5.825200527380000182e+01 2.181386992239999927e+02
6.500000000000000222e-01 5.045712329979999595e+03 3.146976267149999785e+03 1.625233296549999977e+04 2.096500899780000111e+02 -5.799514428199999827e+01 2.187794482719999962e+02
6.500000000000000222e-01 4.935631931560000339e+03 3.121600446739999825e+03 1.626510591510000086e+04 2.102257872360000022e+02 -5.837531806639999843e+01 2.181930618089999996e+02
6.500000000000000222e-01 5.130443347350000295e+03 2.804584676030000082e+03 1.622785404519999975e+04 2.100578207050000117e+02 -5.836743688319999990e+01 2.178438589790000037e+02
6.500000000000000222e-01 5.181426522579999983e+03 3.072374340719999964e+03 1.611060426659999939e+04 2.100882468840000001e+02 -5.847221263160000149e+01 2.186058193210000127e+02
6.500000000000000222e-01 5.018824503359999653e+03 3.031402723440000045e+03 1.635865168450000056e+04 2.098835440519999906e+02 -5.738237516619999923e+01 2.184655331779999869e+02
6.500000000000000222e-01 5.170309179740000218e+03 2.839153002099999867e+03 1.621949228340000082e+04 2.097778325189999862e+02 -5.805404152039999843e+01 2.189561152660000118e+02
6.500000000000000222e-01 4.813662062440000227e+03 2.959535100269999930e+03 1.619442309179999938e+04 2.099224177760000032e+02 -5.829370270689999955e+01 2.176884360749999985e+02
6.500000000000000222e-01 5.077874987750000400e+03 3.136830022260000078e+03 1.625601343099999940e+04 2.096855474509999908e+02 -5.788950501690000294e+01 2.185442273950000072e+02
6.500000000000000222e-01 5.210246954469999764e+03 2.992817912420000084e+03 1.622573697340000035e+04 2.098154360650000001e+02 -5.827063469029999965e+01 2.191261245059999965e+02
1.390000000000000000e+04 -7.835793260800000098e+03 6.508599036150000074e+02 1.506608658749999995e+04 -2.492206285499999865e+02 2.042760947200000032e+02 -3.136864724449999926e+02
6.500000000000000222e-01 -7.781092628549999972e+03 6.294361801369999512e+02 1.519641411519999929e+04 -2.497713823930000103e+02 2.045135976519999872e+02 -3.134455869060000168e+02
6.500000000000000222e-01 -7.860852480319999813e+03 6.775094633769999746e+02 1.492778394509999998e+04 -2.496251258169999971e+02 2.047272430579999991e+02 -3.135573085290000108e+02
6.500000000000000222e-01 -7.880869507159999557e+03 6.726674134910000475e+02 1.520005846679999922e+04 -2.486870923150000010e+02 2.039940863490000140e+02 -3.134328572000000008e+02
6.500000000000000222e-01 -7.757707846989999780e+03 5.474868877879999900e+02 1.500634647469999982e+04 -2.494716677639999887e+02 2.045906839790000049e+02 -3.141532148809999967e+02
6.500000000000000222e-01 -7.756991969880000397e+03 5.439188365060000478e+02 1.501430960000000050e+04 -2.493121228530000053e+02 2.043676207439999928e+02 -3.134185100459999944e+02
6.500000000000000222e-01 -7.901880177689999982e+03 6.264914600639999662e+02 1.519064408150000054e+04 -2.494984658630000069e+02 2.043097345680000103e+02 -3.137621474609999837e+02
6.500000000000000222e-01 -7.911477657039999940e+03 6.149346201829999927e+02 1.495026863369999955e+04 -2.487435062030000097e+02 2.043647113220000051e+02 -3.139757422420000239e+02
6.500000000000000222e-01 -7.737676905299999817e+03 6.447160515299999588e+02 1.496217856879999999e+04 -2.496785942189999901e+02 2.043026689090000048e+02 -3.141660564279999903e+02
6.500000000000000222e-01 -7.746107201179999720e+03 5.638157746240000279e+02 1.513455603449999944e+04 -2.493567804189999890e+02 2.044091000870000130e+02 -3.138798740309999857e+02
6.500000000000000222e-01 -7.876452143100000285e+03 5.201539339299999938e+02 1.502554836269999942e+04 -2.493507494289999897e+02 2.045194148580000046e+02 -3.138534845130000122e+02
6.500000000000000222e-01 -7.795598968710000008e+03 5.473998661370000036e+02 1.515550058510000054e+04 -2.495598987070000021e+02 2.047731738379999911e+02 -3.133422919299999876e+02
6.500000000000000222e-01 -7.713540133110000170e+03 5.767289458290000539e+02 1.506795625680000012e+04 -2.492314038659999937e+02 2.042884487089999936e+02 -3.143565566479999802e+02
6.500000000000000222e-01 -7.795359228629999961e+03 5.209403917500000034e+02 1.510859314280000035e+04 -2.493871368110000049e+02 2.044256797660000018e+02 -3.138727787099999773e+02
6.500000000000000222e-01 -7.809727711440000348e+03 5.640027070080000158e+02 1.517720114149999972e+04 -2.489133399760000032e+02 2.037891970299999969e+02 -3.138890787070000101e+02
6.500000000000000222e-01 -7.894518915609999567e+03 7.091738745159999553e+02 1.494925770899999952e+04 -2.489610096419999934e+02 2.040347295079999981e+02 -3.140234356970000249e+02
6.500000000000000222e-01 -7.696862999629999649e+03 6.827822899100000313e+02 1.505491945250000026e+04 -2.492895694810000009e+02 2.042594336619999922e+02 -3.143360920999999735e+02
6.500000000000000222e-01 -7.867787783069999932e+03 7.875726829080000471e+02 1.509338293209999938e+04 -2.492157232520000036e+02 2.041482173640000042e+02 -3.130506512580000162e+02
6.500000000000000222e-01 -7.729141627009999866e+03 6.765073155579999593e+02 1.515769058949999999e+04 -2.490562240179999947e+02 2.043885558789999948e+02 -3.140086489369999754e+02
6.500000000000000222e-01 -7.736069899979999718e+03 7.531057590020000134e+02 1.507260143000000062e+04 -2.492233679290000055e+02 2.042244082020000064e+02 -3.136222723079999923e+02
6.500000000000000222e-01 -7.806486408169999777e+03 7.861434772390000489e+02 1.510236322859999927e+04 -2.493397675139999876e+02 2.041826271220000137e+02 -3.131464567819999729e+02
6.500000000000000222e-01 -7.700467408829999840e+03 6.964035300650000408e+02 1.507372563699999955e+04 -2.492076109360000089e+02 2.042721468439999910e+02 -3.143348847830000068e+02
6.500000000000000222e-01 -7.918341608290000295e+03 5.544528530469999623e+02 1.513196847290000005e+04 -2.490593312789999914e+02 2.045532823370000131e+02 -3.130925299749999908e+02
6.500000000000000222e-01 -7.968891786369999863e+03 6.371321760490000088e+02 1.501582070460000068e+04 -2.492289329049999935e+02 2.042524234489999913e+02 -3.134987383079999859e+02
6.500000000000000222e-01 -7.854255424009999842e+03 7.916148017970000410e+02 1.504981610990000081e+04 -2.491871333640000046e+02 2.042694503699999871e+02 -3.131180768809999790e+02
6.500000000000000222e-01 -7.782849482270000408e+03 6.592943287179999743e+02 1.519868516289999934e+04 -2.495286082270000065e+02 2.041953032259999929e+02 -3.135516640440000060e+02
6.500000000000000222e-01 -7.882841525969999566e+03 5.183963014470000417e+02 1.504066572909999923e+04 -2.493212430899999958e+02 2.043578274239999928e+02 -3.133876884919999952e+02
6.500000000000000222e-01 -7.767589980959999593e+03 7.535350429750000103e+02 1.499351395290000073e+04 -2.494618865239999934e+02 2.040612064309999880e+02 -3.142420669800000042e+02
6.500000000000000222e-01 -7.865307868779999808e+03 5.182915023479999945e+02 1.511167735189999985e+04 -2.490436705900000049e+02 2.040871570010000084e+02 -3.137902333279999993e+02
6.500000000000000222e-01 -7.714538807099999758e+03 6.155579046999999946e+02 1.513299597440000070e+04 -2.490031082989999902e+02 2.042301601389999917e+02 -3.142360858719999896e+02
6.500000000000000222e-01 -7.943687072890000309e+03 5.598794293590000279e+02 1.504312581479999972e+04 -2.492631190429999890e+02 2.043667058990000100e+02 -3.136608763930000237e+02
6.500000000000000222e-01 -7.911094513990000451e+03 7.466857436450000023e+02 1.514101422029999958e+04 -2.490363751700000137e+02 2.040102918960000125e+02 -3.131088760879999882e+02
6.500000000000000222e-01 -7.790128115669999715e+03 6.914787874710000324e+02 1.493675669969999944e+04 -2.487394546429999878e+02 2.046001477469999941e+02 -3.134509545870000125e+02
6.500000000000000222e-01 -7.755070965660000184e+03 5.474265200170000298e+02 1.512311034490000020e+04 -2.490556766359999870e+02 2.040691170869999951e+02 -3.142774507099999823e+02
6.500000000000000222e-01 -7.719017591460000403e+03 7.332868450060000214e+02 1.506233432739999989e+04 -2.492502904190000095e+02 2.042454506139999921e+02 -3.143456681239999853e+02
6.500000000000000222e-01 -7.769998875190000035e+03 7.761715604480000366e+02 1.504607663789999970e+04 -2.492172371370000121e+02 2.041352679700000010e+02 -3.142151144370000111e+02
6.500000000000000222e-01 -7.938248886299999867e+03 5.594461725109999861e+02 1.510599891270000080e+04 -2.490519714289999911e+02 2.043821908969999868e+02 -3.130648675329999833e+02
6.500000000000000222e-01 -7.933645759369999723e+03 7.491754759860000377e+02 1.510080053760000010e+04 -2.493223197890000051e+02 2.043633441290000121e+02 -3.142874419230000171e+02
6.500000000000000222e-01 -7.751564034469999569e+03 5.444170398679999607e+02 1.511213297810000040e+04 -2.491805112609999924e+02 2.042587951440000040e+02 -3.133780049759999997e+02
6.500000000000000222e-01 -7.712364747630000238e+03 7.095180773690000251e+02 1.510808295790000011e+04 -2.494287953969999876e+02 2.041943766390000121e+02 -3.130920354360000033e+02
6.500000000000000222e-01 -7.895038979689999906e+03 6.156606297119999454e+02 1.519145808500000021e+04 -2.497312442369999985e+02 2.040906385529999909e+02 -3.139310332349999726e+02
3.690000000000000000e+05 2.767386450320000222e+03 7.610879482440000174e+02 -6.803880716190000157e+02 -6.159967049309999965e+01 2.589665708600000116e+01 -8.158617019099999368e+01
6.500000000000000222e-01 2.657524019370000133e+03 8.527213408379999464e+02 -6.436667125630000328e+02 -6.265194577989999658e+01 2.534250322309999959e+01 -8.419009579260000464e+01
6.500000000000000222e-01 2.696004859310000029e+03 7.394849000210000440e+02 -5.529126385710000022e+02 -6.471988947330000030e+01 2.472247788359999987e+01 -8.322050693049999381e+01
6.500000000000000222e-01 2.849473817659999895e+03 7.401322979330000180e+02 -5.610875394869999582e+02 -6.297255022729999752e+01 2.595102144430000024e+01 -8.254942423420000353e+01
6.500000000000000222e-01 2.853951923569999963e+03 8.007811876079999820e+02 -7.945744749550000279e+02 -5.797397789659999745e+01 2.707467637799999949e+01 -7.984761999859999548e+01
6.500000000000000222e-01 2.879050965769999948e+03 8.368483502709999584e+02 -6.223710650670000177e+02 -6.277061865329999790e+01 2.511559341610000118e+01 -8.029102334620000647e+01
6.500000000000000222e-01 2.723305365669999901e+03 8.533454523630000494e+02 -5.746496643069999664e+02 -6.150028595189999692e+01 2.283337444320000031e+01 -7.990280857230000322e+01
6.500000000000000222e-01 2.819281586309999966e+03 6.399538325889999442e+02 -7.403695851769999763e+02 -6.170612319130000145e+01 2.709749401999999918e+01 -7.927888143490000061e+01
6.500000000000000222e-01 2.719066873499999929e+03 6.295192483119999451e+02 -6.374751129879999780e+02 -6.275232749210000094e+01 2.804124104279999941e+01 -7.890900314750000177e+01
6.500000000000000222e-01 2.758287342489999901e+03 6.412937003939999840e+02 -5.922170790669999860e+02 -6.120076019199999706e+01 2.485727988060000015e+01 -8.245792488579999713e+01
6.500000000000000222e-01 2.825391050090000135e+03 8.714956680980000101e+02 -6.056900973829999657e+02 -6.079243902999999705e+01 2.319997739669999959e+01 -8.184741312280000614e+01
6.500000000000000222e-01 2.912183633829999962e+03 7.530405171810000411e+02 -7.115525848209999822e+02 -6.154683283269999805e+01 2.649193161739999880e+01 -8.482091867500000149e+01
6.500000000000000222e-01 2.791675743880000027e+03 6.217460185710000360e+02 -7.215214445149999847e+02 -6.099915815060000313e+01 2.597329766689999886e+01 -7.845234338880000280e+01
6.500000000000000222e-01 2.860202611489999981e+03 6.480965467129999524e+02 -7.017179300510000530e+02 -6.119991813360000066e+01 2.685403253380000166e+01 -8.198782288290000508e+01
6.500000000000000222e-01 2.772557267109999884e+03 6.663534942549999869e+02 -7.936567617399999790e+02 -5.991765262340000220e+01 2.393747858049999877e+01 -7.926452802730000258e+01
6.500000000000000222e-01 2.652876181869999982e+03 7.567269845150000265e+02 -5.859469603950000192e+02 -6.349053594069999917e+01 2.528019001370000041e+01 -8.241990328480000016e+01
6.500000000000000222e-01 2.882776311730000089e+03 6.735110949139999548e+02 -7.073846696529999463e+02 -6.083743102129999869e+01 2.664435404709999844e+01 -7.899328697590000559e+01
6.500000000000000222e-01 2.835435489080000025e+03 7.170551502780000419e+02 -8.025254815040000267e+02 -6.233576397499999899e+01 2.816261509270000118e+01 -8.229922112190000405e+01
6.500000000000000222e-01 2.831913043500000185e+03 7.401770199789999651e+02 -5.514795866389999901e+02 -6.026090313499999951e+01 2.536163277620000045e+01 -8.443396676929999956e+01
6.500000000000000222e-01 2.667359525759999997e+03 6.541883559310000464e+02 -6.962024368039999445e+02 -6.213400805709999730e+01 2.695358936650000103e+01 -8.129424034720000236e+01
6.500000000000000222e-01 2.703352241860000049e+03 8.798520226650000495e+02 -6.294790374899999961e+02 -6.078612484359999968e+01 2.351921217310000145e+01 -8.163781052599999555e+01
6.500000000000000222e-01 2.798318889700000000e+03 6.471922960910000029e+02 -5.911747726099999909e+02 -6.219241572199999979e+01 2.761064900550000090e+01 -8.002369952089999572e+01
6.500000000000000222e-01 2.705004842339999868e+03 7.634002029709999988e+02 -8.127482539349999797e+02 -5.784456877099999872e+01 2.588872390070000051e+01 -8.190921869919999665e+01
6.500000000000000222e-01 2.675689069319999817e+03 7.957328395600000022e+02 -5.686722900070000151e+02 -6.447036809530000312e+01 2.603772010539999826e+01 -8.306073153360000560e+01
6.500000000000000222e-01 2.843301352559999941e+03 8.326959661930000038e+02 -7.857030775570000287e+02 -6.138191215730000039e+01 2.695193062499999925e+01 -8.169234687540000550e+01
6.500000000000000222e-01 2.698124754099999791e+03 6.994978607599999805e+02 -7.935781753779999690e+02 -6.310996877049999654e+01 2.551372575799999964e+01 -7.864517394429999797e+01
6.500000000000000222e-01 2.746624870680000186e+03 6.840706075609999743e+02 -8.041593230290000065e+02 -5.992387426519999849e+01 2.436046038659999979e+01 -7.993620007869999711e+01
6.500000000000000222e-01 2.743495804589999807e+03 6.812128157229999488e+02 -8.000480671369999754e+02 -6.221551016770000331e+01 2.525760261430000142e+01 -7.912956900369999858e+01
6.500000000000000222e-01 2.909159257129999787e+03 7.498604800169999862e+02 -7.226737008149999610e+02 -6.166503387649999723e+01 2.658164250369999948e+01 -8.467634825749999550e+01
6.500000000000000222e-01 2.789177450849999786e+03 7.060012499990000379e+02 -5.467372146730000395e+02 -6.404959918890000381e+01 2.903618004979999867e+01 -8.132972275160000208e+01
6.500000000000000222e-01 2.769584722139999940e+03 6.187779335010000068e+02 -7.110650882850000016e+02 -6.208386850750000008e+01 2.697888443320000107e+01 -7.838768341600000156e+01
6.500000000000000222e-01 2.792277559799999835e+03 6.168833861819999811e+02 -6.688771840040000143e+02 -6.184025751240000091e+01 2.676526989290000103e+01 -8.449846270899999467e+01
6.500000000000000222e-01 2.841299914849999823e+03 7.132781364779999649e+02 -7.991944729040000084e+02 -6.281102612669999985e+01 2.824023898500000129e+01 -8.362350926880000657e+01
6.500000000000000222e-01 2.915170640029999959e+03 7.719489958699999761e+02 -6.847179707010000129e+02 -6.104227847540000340e+01 2.625436334850000009e+01 -7.968462756450000484e+01
6.500000000000000222e-01 2.834522905670000000e+03 8.253310231350000095e+02 -7.959088462339999523e+02 -6.234266748120000301e+01 2.566541505489999864e+01 -8.300071503259999872e+01
6.500000000000000222e-01 2.762929230910000115e+03 6.180644126879999476e+02 -6.494654068129999587e+02 -6.235810148259999863e+01 2.783335492470000005e+01 -7.830272685030000446e+01
6.500000000000000222e-01 2.671125120669999887e+03 8.571546462490000522e+02 -7.388145410529999708e+02 -6.226364144850000315e+01 2.621243363740000021e+01 -7.868671044420000271e+01
6.500000000000000222e-01 2.774515776470000219e+03 8.094782712950000132e+02 -5.426268034109999689e+02 -6.312638969019999990e+01 2.224797516570000155e+01 -8.171461982239999600e+01
6.500000000000000222e-01 2.832251463619999868e+03 7.491846071869999832e+02 -8.130889508469999782e+02 -5.801086356030000246e+01 2.587400277800000126e+01 -8.043821083260000648e+01
6.500000000000000222e-01 2.747544844800000192e+03 7.573878784140000562e+02 -5.350564913230000457e+02 -5.996835535769999836e+01 2.600972398169999877e+01 -8.219087165320000565e+01
6.500000000000000222e-01 2.712310788610000145e+03 7.420117666249999502e+02 -5.448614458329999479e+02 -6.582155985190000536e+01 2.464651426520000044e+01 -8.342478440070000545e+01
