3.450000000000000000e+05 2.050817483899999843e+03 -4.446914585960000295e+03 -7.271005819099999826e+03 -1.336742808630000070e+02 5.441375186930000041e+01 2.028830141629999861e+00
6.500000000000000222e-01 1.958811598490000051e+03 -4.347064744409999548e+03 -6.993071606059999795e+03 -1.343349203589999945e+02 5.594545628830000084e+01 4.162911915929999651e+00
6.500000000000000222e-01 1.888189560540000002e+03 -4.567690311989999827e+03 -7.449944130070000028e+03 -1.319520858909999959e+02 5.427206799159999662e+01 2.323626669199999828e+00
6.500000000000000222e-01 2.231006647950000115e+03 -4.367393702360000134e+03 -7.093878051220000089e+03 -1.352883517919999861e+02 5.508757497570000083e+01 8.482501358949999792e-01
6.500000000000000222e-01 2.044851401599999917e+03 -4.593921588799999881e+03 -7.545273478260000047e+03 -1.320966442149999978e+02 5.079282243800000174e+01 9.595467453620000198e-01
6.500000000000000222e-01 2.163092424569999821e+03 -4.646573698230000446e+03 -7.448103066650000073e+03 -1.335994107539999902e+02 5.433212344430000229e+01 2.194487511649999972e-02
6.500000000000000222e-01 2.135783637739999904e+03 -4.257545338740000261e+03 -7.422013550599999689e+03 -1.349928809710000053e+02 5.078506956119999671e+01 7.045937114820000069e-01
6.500000000000000222e-01 1.852002058600000055e+03 -4.351020605349999641e+03 -7.404531793189999917e+03 -1.308427043689999891e+02 5.331653216830000019e+01 2.146518676639999956e+00
6.500000000000000222e-01 2.204649160630000097e+03 -4.304543745310000304e+03 -7.421451773769999818e+03 -1.348426662889999932e+02 5.057526467900000000e+01 6.531899023730000087e-01
6.500000000000000222e-01 1.833643873029999895e+03 -4.356684278759999870e+03 -7.064945986859999721e+03 -1.328670079759999965e+02 5.643928173540000159e+01 5.247480263399999956e+00
6.500000000000000222e-01 1.803849560249999968e+03 -4.449945001850000153e+03 -7.146847449349999806e+03 -1.312375381170000139e+02 5.622010602329999784e+01 5.903476860009999605e+00
6.500000000000000222e-01 1.886867908129999932e+03 -4.593771792440000354e+03 -7.427598116320000372e+03 -1.320628718419999927e+02 5.390991091979999794e+01 2.861950248089999871e+00
6.500000000000000222e-01 2.099512976729999991e+03 -4.445030767709999964e+03 -7.000149730570000429e+03 -1.368450818590000040e+02 5.699361208399999867e+01 2.529977999999999838e+00
6.500000000000000222e-01 1.993383440800000017e+03 -4.312455291410000427e+03 -7.501727339250000114e+03 -1.330107734659999892e+02 5.195732748750000241e+01 2.262027140409999859e+00
6.500000000000000222e-01 1.943938385070000095e+03 -4.412380125790000420e+03 -7.511650194939999892e+03 -1.296707809490000045e+02 5.201990891589999677e+01 1.053248355130000036e+00
6.500000000000000222e-01 2.173421276810000109e+03 -4.393845826990000205e+03 -7.041023250919999555e+03 -1.366626651709999862e+02 5.578962934860000189e+01 2.129712401399999955e+00
6.500000000000000222e-01 1.956380372249999937e+03 -4.647616907480000009e+03 -7.443131135169999652e+03 -1.306026338190000047e+02 5.569403593309999678e+01 -1.605779397739999892e+00
6.500000000000000222e-01 1.844505053220000036e+03 -4.523099387680000291e+03 -7.405314785139999913e+03 -1.318801097090000098e+02 5.382847567710000192e+01 3.908055064120000033e+00
6.500000000000000222e-01 2.037598533170000110e+03 -4.498000835830000142e+03 -7.004925635859999602e+03 -1.357119794319999926e+02 5.937207418330000053e+01 2.819015972649999924e+00
6.500000000000000222e-01 1.960456284650000043e+03 -4.484608540760000324e+03 -6.997341187130000435e+03 -1.323225401800000043e+02 5.808263118339999664e+01 3.992260593330000162e+00
6.500000000000000222e-01 2.110834285280000131e+03 -4.406597251139999571e+03 -7.543254211870000290e+03 -1.324550537609999878e+02 4.997137553959999678e+01 1.088116485960000102e+00
6.500000000000000222e-01 1.855979227759999958e+03 -4.278782872200000384e+03 -7.351647493249999570e+03 -1.327038194859999862e+02 5.388006185510000279e+01 5.172704374910000347e+00
6.500000000000000222e-01 1.917470296790000020e+03 -4.280338006910000331e+03 -7.417244279849999657e+03 -1.317496344820000047e+02 5.191964934119999953e+01 1.985160511969999986e+00
6.500000000000000222e-01 2.132442344739999953e+03 -4.285681814689999555e+03 -7.048320787069999824e+03 -1.376574255069999992e+02 5.392000326379999819e+01 5.007929069070000239e+00
6.500000000000000222e-01 2.249163864999999987e+03 -4.462433167879999928e+03 -7.116901889699999629e+03 -1.368392125880000094e+02 5.497593075529999851e+01 1.577499845900000031e+00
6.500000000000000222e-01 2.247512441100000160e+03 -4.434368346399999609e+03 -7.113831515689999833e+03 -1.362248107800000128e+02 5.495883471190000336e+01 8.199344097180000235e-01
6.500000000000000222e-01 2.034692235360000041e+03 -4.635773072109999703e+03 -7.091338656939999964e+03 -1.330491322329999946e+02 5.798178978720000032e+01 2.551339369679999969e+00
6.500000000000000222e-01 1.923876045069999918e+03 -4.294126656989999901e+03 -7.451057678400000441e+03 -1.332651826839999956e+02 5.369871448250000157e+01 4.252414998679999947e+00
6.500000000000000222e-01 1.875432134970000106e+03 -4.627228973909999695e+03 -7.327072688350000135e+03 -1.316041299869999932e+02 5.534995392369999934e+01 3.297556168429999879e+00
6.500000000000000222e-01 1.941740006349999931e+03 -4.208646058139999695e+03 -7.348834325619999618e+03 -1.336587489439999956e+02 5.291611365480000018e+01 4.095018761200000412e+00
6.500000000000000222e-01 1.913638677839999900e+03 -4.582038836439999614e+03 -7.082610207489999993e+03 -1.341805170039999950e+02 5.606788765299999966e+01 7.674428118060000470e-01
6.500000000000000222e-01 2.217042959309999787e+03 -4.296174492920000375e+03 -7.141024719089999962e+03 -1.361062334240000098e+02 5.301478654110000122e+01 2.811327763470000018e+00
6.500000000000000222e-01 1.818024605930000007e+03 -4.517214267069999551e+03 -7.149256700269999783e+03 -1.331872295379999969e+02 5.645624872519999826e+01 1.158406637729999966e+00
6.500000000000000222e-01 1.794377870569999914e+03 -4.474542661409999710e+03 -7.243448309440000230e+03 -1.313013892179999971e+02 5.547786923790000202e+01 5.515959612779999688e+00
6.500000000000000222e-01 2.105573158149999927e+03 -4.429032570889999988e+03 -7.559098530379999829e+03 -1.342446973979999996e+02 5.115564453660000055e+01 5.554599921280000130e-01
6.500000000000000222e-01 1.936504552439999998e+03 -4.198229712770000333e+03 -7.186321744920000128e+03 -1.337303030459999889e+02 5.334048557039999849e+01 6.951347441540000283e+00
6.500000000000000222e-01 2.033735310880000043e+03 -4.182415863379999792e+03 -7.294942832720000297e+03 -1.347105887950000067e+02 5.259799914490000106e+01 4.295010882559999743e+00
6.500000000000000222e-01 2.101977068210000198e+03 -4.364692225269999653e+03 -7.516415786350000417e+03 -1.320800527099999897e+02 5.005444510600000285e+01 1.725796385810000055e+00
6.500000000000000222e-01 2.105863877069999944e+03 -4.343901112049999938e+03 -7.003324080209999920e+03 -1.358337667149999959e+02 5.418699360730000336e+01 3.816059548260000156e+00
6.500000000000000222e-01 1.915822436120000020e+03 -4.523535654870000144e+03 -7.043537345630000345e+03 -1.337468156509999915e+02 5.872015866529999784e+01 3.036383679330000085e+00
6.500000000000000222e-01 2.109315307800000028e+03 -4.247972345789999963e+03 -7.061508835849999741e+03 -1.353115935779999859e+02 5.610410191639999766e+01 2.500672817089999889e+00
4.560000000000000000e+04 9.340959916719999455e+03 1.663953695109999899e+03 2.039959268739999970e+04 1.964924772589999975e+02 -6.291911168880000105e+01 1.818717394470000102e+02
6.500000000000000222e-01 9.398474348559999271e+03 1.535606315869999889e+03 2.055936351060000015e+04 1.971096270399999923e+02 -6.320880369449999847e+01 1.818622233229999949e+02
6.500000000000000222e-01 9.462358982129999276e+03 1.759478554900000063e+03 2.027157045229999858e+04 1.958133986729999947e+02 -6.366531472599999830e+01 1.812167338220000090e+02
6.500000000000000222e-01 9.394178762699999425e+03 1.554688957849999952e+03 2.056651993230000153e+04 1.963001288300000056e+02 -6.188954863979999743e+01 1.827823326909999935e+02
6.500000000000000222e-01 9.143361408380000285e+03 1.650184529440000006e+03 2.036539431089999925e+04 1.968503707140000074e+02 -6.292937498490000081e+01 1.816971165799999994e+02
6.500000000000000222e-01 9.481192618970000694e+03 1.798584252610000021e+03 2.035577457560000039e+04 1.962701403339999899e+02 -6.300437403240000123e+01 1.829391896070000030e+02
6.500000000000000222e-01 9.253751250310000614e+03 1.840905738850000034e+03 2.040065702510000119e+04 1.967601712199999895e+02 -6.343697250910000207e+01 1.815686111130000029e+02
6.500000000000000222e-01 9.316178134409999984e+03 1.698023056680000082e+03 2.060408118620000096e+04 1.975032726850000131e+02 -6.366393427930000115e+01 1.824385088020000012e+02
6.500000000000000222e-01 9.339328688179999517e+03 1.862157662609999988e+03 2.039281714199999988e+04 1.965355829609999887e+02 -6.346535196709999838e+01 1.816714980449999928e+02
6.500000000000000222e-01 9.320025766779999685e+03 1.724379554370000051e+03 2.019934024599999975e+04 1.962017427259999920e+02 -6.368398967000000255e+01 1.813206059030000006e+02
6.500000000000000222e-01 9.253132203130000562e+03 1.660973289239999986e+03 2.020845435329999964e+04 1.965670384340000112e+02 -6.302454390190000311e+01 1.813938661960000047e+02
6.500000000000000222e-01 9.483281501289999142e+03 1.571644922940000015e+03 2.030465389050000158e+04 1.960774209029999895e+02 -6.267689232909999930e+01 1.824064241069999923e+02
6.500000000000000222e-01 9.297838868369999545e+03 1.668793054279999978e+03 2.060221473160000096e+04 1.969128888909999944e+02 -6.281807548729999979e+01 1.821007467489999954e+02
6.500000000000000222e-01 9.271999009110000770e+03 1.507219653090000065e+03 2.050801007210000171e+04 1.971904951310000058e+02 -6.281257084580000338e+01 1.818975424120000071e+02
6.500000000000000222e-01 9.318013707640000575e+03 1.473692829419999953e+03 2.032726801530000012e+04 1.966280080630000100e+02 -6.245115189290000046e+01 1.810097504249999929e+02
6.500000000000000222e-01 9.209689041120000184e+03 1.516948757489999934e+03 2.043047566960000040e+04 1.968655855060000022e+02 -6.251550211560000037e+01 1.824515396129999942e+02
6.500000000000000222e-01 9.429875537800000529e+03 1.507790215010000111e+03 2.033346390220000103e+04 1.959596505730000047e+02 -6.236156126320000226e+01 1.821818815110000003e+02
6.500000000000000222e-01 9.534063018259999808e+03 1.713713400699999966e+03 2.043146339100000114e+04 1.962416657960000066e+02 -6.301675366330000116e+01 1.818070119349999914e+02
6.500000000000000222e-01 9.539231459639999230e+03 1.685209942559999945e+03 2.041182423829999971e+04 1.960593153469999947e+02 -6.293137475809999870e+01 1.823313091299999940e+02
6.500000000000000222e-01 9.257285750580000240e+03 1.539583242819999896e+03 2.025434983089999878e+04 1.969640984840000044e+02 -6.285441009019999825e+01 1.812063832130000094e+02
6.500000000000000222e-01 9.275710705960000269e+03 1.724689177460000110e+03 2.058885319249999884e+04 1.971348493589999862e+02 -6.315320769760000275e+01 1.823736510509999960e+02
6.500000000000000222e-01 9.257287810960000570e+03 1.785747149949999994e+03 2.025052146359999824e+04 1.959109508989999995e+02 -6.257657066990000061e+01 1.821548281089999932e+02
6.500000000000000222e-01 9.465413969600000200e+03 1.540992893350000031e+03 2.028878077180000037e+04 1.960997753800000112e+02 -6.268941803349999731e+01 1.813852592240000092e+02
6.500000000000000222e-01 9.422577345839999907e+03 1.482625850200000059e+03 2.040013569550000102e+04 1.963186302549999880e+02 -6.248421285469999731e+01 1.809589597480000123e+02
6.500000000000000222e-01 9.338598924519999855e+03 1.799023864000000003e+03 2.024116697209999984e+04 1.960284884049999903e+02 -6.243344461499999909e+01 1.821668851489999952e+02
6.500000000000000222e-01 9.502874854640000194e+03 1.547949464369999987e+03 2.044538762520000091e+04 1.964285919589999878e+02 -6.276212709930000244e+01 1.816153265689999898e+02
6.500000000000000222e-01 9.248544761920000383e+03 1.797006747480000058e+03 2.050995780549999836e+04 1.972877015169999879e+02 -6.373919679029999941e+01 1.826416030700000022e+02
6.500000000000000222e-01 9.468678877219999777e+03 1.558187502600000016e+03 2.050601001829999950e+04 1.963782437360000017e+02 -6.254110907670000330e+01 1.816422957210000106e+02
6.500000000000000222e-01 9.472801631320000524e+03 1.746525219789999937e+03 2.027474109179999869e+04 1.963361804740000025e+02 -6.276510778749999986e+01 1.825026648500000022e+02
6.500000000000000222e-01 9.291780876079999871e+03 1.629218030049999925e+03 2.019688273470000058e+04 1.956045325579999883e+02 -6.337072680379999667e+01 1.816575758209999947e+02
6.500000000000000222e-01 9.314125972140000158e+03 1.630255065909999985e+03 2.019367403619999823e+04 1.958663657339999986e+02 -6.329896162379999680e+01 1.816066138099999989e+02
6.500000000000000222e-01 9.159817526930000895e+03 1.609334810679999919e+03 2.046393633559999944e+04 1.966969126719999963e+02 -6.274335899639999781e+01 1.811635058489999892e+02
6.500000000000000222e-01 9.363285903539999708e+03 1.849965660979999939e+03 2.049200577340000018e+04 1.962237152349999860e+02 -6.300968452949999943e+01 1.822089619529999993e+02
6.500000000000000222e-01 9.267954103579999355e+03 1.816997166910000033e+03 2.049070690720000130e+04 1.970064381599999876e+02 -6.334697459280000231e+01 1.814781789030000141e+02
6.500000000000000222e-01 9.453554580980000537e+03 1.508848172389999945e+03 2.044633831039999859e+04 1.963588870529999895e+02 -6.257814793589999880e+01 1.811880352109999990e+02
6.500000000000000222e-01 9.502924034640000173e+03 1.766640720529999953e+03 2.034594377819999863e+04 1.961905495679999945e+02 -6.335256787499999831e+01 1.820056007249999936e+02
6.500000000000000222e-01 9.343190898979999474e+03 1.750960762879999947e+03 2.059218228480000107e+04 1.966178068950000011e+02 -6.210129406090000259e+01 1.819393590809999921e+02
6.500000000000000222e-01 9.486653377479999108e+03 1.549164781109999922e+03 2.046237072819999958e+04 1.960162258260000101e+02 -6.234665214879999695e+01 1.823658466560000022e+02
6.500000000000000222e-01 9.140979405599999154e+03 1.660337915359999897e+03 2.040538559199999872e+04 1.968203884899999991e+02 -6.293759333559999902e+01 1.806458383400000116e+02
6.500000000000000222e-01 9.395484842809999463e+03 1.842393198649999931e+03 2.049111907860000065e+04 1.961976316079999947e+02 -6.287761545090000226e+01 1.820128007710000020e+02
6.500000000000000222e-01 9.526929292380000334e+03 1.694251004219999913e+03 2.047383921449999980e+04 1.960158350629999973e+02 -6.290940083259999938e+01 1.826674197149999941e+02
1.390000000000000000e+04 -1.290594833739999922e+04 4.989769900049999706e+03 7.861976200750000316e+03 -2.175117886740000017e+02 1.955525618689999874e+02 -3.514083101580000061e+02
6.500000000000000222e-01 -1.286783612809999977e+04 4.974800206279999657e+03 7.997025955480000448e+03 -2.184902710089999971e+02 1.959224360240000067e+02 -3.512800560339999834e+02
6.500000000000000222e-01 -1.293524725749999925e+04 5.024315405370000008e+03 7.726312000089999856e+03 -2.175065841900000123e+02 1.958154717509999898e+02 -3.512101973150000163e+02
6.500000000000000222e-01 -1.294320637069999975e+04 5.005944318210000347e+03 8.004027520609999556e+03 -2.173645624410000039e+02 1.953492882259999988e+02 -3.509782222329999968e+02
6.500000000000000222e-01 -1.283185199970000031e+04 4.895927549510000063e+03 7.788576877899999999e+03 -2.175568249629999968e+02 1.960815047369999888e+02 -3.521964412899999957e+02
6.500000000000000222e-01 -1.282811901310000030e+04 4.887828584150000097e+03 7.812386898609999662e+03 -2.174438416790000019e+02 1.958909458189999953e+02 -3.514731395530000100e+02
6.500000000000000222e-01 -1.298079576699999961e+04 4.968160378579999815e+03 7.987958936340000037e+03 -2.180866655389999949e+02 1.958120307560000128e+02 -3.512543612160000066e+02
6.500000000000000222e-01 -1.296645494379999946e+04 4.956575338769999689e+03 7.740889287050000348e+03 -2.165901541689999874e+02 1.957098192919999917e+02 -3.515498539210000217e+02
6.500000000000000222e-01 -1.281564387720000013e+04 4.983148333119999734e+03 7.743752888330000133e+03 -2.177113121339999964e+02 1.954378085779999878e+02 -3.522079367430000048e+02
6.500000000000000222e-01 -1.282210389050000049e+04 4.908623866590000034e+03 7.923573040440000113e+03 -2.178629284069999983e+02 1.959508128209999995e+02 -3.519087414389999822e+02
6.500000000000000222e-01 -1.294686496470000020e+04 4.868812960799999928e+03 7.817923502769999686e+03 -2.173858207659999948e+02 1.962082257570000081e+02 -3.515597490870000001e+02
6.500000000000000222e-01 -1.287595782180000060e+04 4.900985214070000438e+03 7.957815801730000203e+03 -2.180933021550000035e+02 1.964150251899999944e+02 -3.512197956399999725e+02
6.500000000000000222e-01 -1.278515359200000057e+04 4.917831791239999802e+03 7.845100995269999657e+03 -2.175529795580000041e+02 1.957055014210000081e+02 -3.524993106119999879e+02
6.500000000000000222e-01 -1.287027477600000020e+04 4.867708108259999790e+03 7.898780944129999625e+03 -2.177403579539999896e+02 1.961224336200000096e+02 -3.517948280969999928e+02
6.500000000000000222e-01 -1.287653243599999951e+04 4.896127661040000021e+03 7.968265501869999753e+03 -2.174839227729999891e+02 1.954213940660000048e+02 -3.517296855669999900e+02
6.500000000000000222e-01 -1.295486585460000060e+04 5.040366502310000214e+03 7.738971247200000107e+03 -2.168844610030000126e+02 1.950766499450000140e+02 -3.515715311039999733e+02
6.500000000000000222e-01 -1.277013132919999953e+04 5.019338520420000350e+03 7.832602377729999716e+03 -2.176657668459999968e+02 1.953125073680000128e+02 -3.524470793350000122e+02
6.500000000000000222e-01 -1.293913128189999952e+04 5.119396390849999989e+03 7.905174923579999813e+03 -2.176855859730000020e+02 1.950480233540000086e+02 -3.505625427190000210e+02
6.500000000000000222e-01 -1.280017458550000083e+04 5.016940347169999768e+03 7.944317173669999647e+03 -2.177244393430000002e+02 1.955674509199999989e+02 -3.519989498869999807e+02
6.500000000000000222e-01 -1.280846961890000057e+04 5.086820322620000297e+03 7.867567668689999664e+03 -2.176986889240000096e+02 1.951039674200000036e+02 -3.515562954279999985e+02
6.500000000000000222e-01 -1.288160158340000089e+04 5.118471335750000435e+03 7.910310436990000198e+03 -2.178833862410000108e+02 1.950458328359999882e+02 -3.508322558250000043e+02
6.500000000000000222e-01 -1.277258616670000083e+04 5.032896614369999952e+03 7.851799843509999846e+03 -2.176492006320000030e+02 1.952982425650000096e+02 -3.524197707929999979e+02
6.500000000000000222e-01 -1.298558318789999976e+04 4.903539466999999604e+03 7.943165665649999937e+03 -2.174335909620000109e+02 1.962445442220000018e+02 -3.506262713890000100e+02
6.500000000000000222e-01 -1.303581087450000086e+04 4.976408879349999552e+03 7.819353060690000348e+03 -2.172567824520000102e+02 1.956360072530000025e+02 -3.508516487989999746e+02
6.500000000000000222e-01 -1.292384067399999913e+04 5.125472530119999647e+03 7.859384042540000337e+03 -2.175405762690000131e+02 1.951022257900000056e+02 -3.506795149999999808e+02
6.500000000000000222e-01 -1.286452766150000025e+04 4.996834667969999828e+03 7.997204663790000268e+03 -2.182686958520000076e+02 1.955194880340000054e+02 -3.513674963650000223e+02
6.500000000000000222e-01 -1.295309866250000050e+04 4.863825491239999792e+03 7.843402808050000203e+03 -2.174097606379999945e+02 1.960781687589999933e+02 -3.510759012639999810e+02
6.500000000000000222e-01 -1.284204419729999972e+04 5.083342883049999728e+03 7.775382498439999836e+03 -2.176468960120000133e+02 1.949006762850000030e+02 -3.521018012989999875e+02
6.500000000000000222e-01 -1.293193707299999915e+04 4.858251078489999600e+03 7.905728972349999822e+03 -2.173459122479999905e+02 1.958484920150000050e+02 -3.515184287050000194e+02
6.500000000000000222e-01 -1.278348999969999932e+04 4.954490530500000204e+03 7.913590217580000171e+03 -2.175554536310000060e+02 1.955765175699999929e+02 -3.523300730280000153e+02
6.500000000000000222e-01 -1.301209381910000047e+04 4.904339270440000291e+03 7.842118886639999801e+03 -2.173319680230000017e+02 1.959950491989999932e+02 -3.511372146100000009e+02
6.500000000000000222e-01 -1.297920192510000015e+04 5.077556368409999777e+03 7.952956694710000193e+03 -2.175790608949999978e+02 1.951151782679999940e+02 -3.505176249639999924e+02
6.500000000000000222e-01 -1.284681474630000048e+04 5.034702998040000239e+03 7.735312889329999962e+03 -2.167202780579999910e+02 1.955915159730000141e+02 -3.513352678549999837e+02
6.500000000000000222e-01 -1.282385962739999923e+04 4.885460879090000162e+03 7.903519477369999549e+03 -2.174860063840000066e+02 1.956618714699999941e+02 -3.523063466689999927e+02
6.500000000000000222e-01 -1.279163435319999917e+04 5.067934225639999568e+03 7.840913603859999967e+03 -2.176690868409999950e+02 1.951590724259999945e+02 -3.523477197330000195e+02
6.500000000000000222e-01 -1.284094161429999986e+04 5.107133984799999780e+03 7.829196764850000363e+03 -2.175804388360000132e+02 1.949417532159999951e+02 -3.520379072800000131e+02
6.500000000000000222e-01 -1.300428163710000081e+04 4.904648445670000001e+03 7.918194824430000153e+03 -2.173352563409999902e+02 1.960584437169999887e+02 -3.505467074740000157e+02
6.500000000000000222e-01 -1.300611364460000004e+04 5.087265172700000221e+03 7.887720885769999768e+03 -2.176922907930000122e+02 1.954224922500000048e+02 -3.516258880469999895e+02
6.500000000000000222e-01 -1.282300059569999939e+04 4.886581582230000095e+03 7.911804092839999612e+03 -2.176147232559999907e+02 1.958542245149999985e+02 -3.514193453030000001e+02
6.500000000000000222e-01 -1.279050702869999986e+04 5.044295176050000009e+03 7.913845273429999907e+03 -2.180145440809999968e+02 1.952343192099999953e+02 -3.511142187039999953e+02
6.500000000000000222e-01 -1.297897431180000058e+04 4.953008800829999927e+03 7.984892171450000205e+03 -2.183107433540000102e+02 1.956312805940000032e+02 -3.514456746129999942e+02
3.690000000000000000e+05 -9.817976254709999466e+02 -1.098116564890000006e+02 6.323597885020000149e+02 -1.936351204780000046e+02 -1.424042667989999984e+02 9.315541094110000131e+01
6.500000000000000222e-01 -1.017278895700000021e+03 -1.865671905359999982e+02 6.478354280859999790e+02 -1.776646957099999895e+02 -1.488678510240000037e+02 8.579548041629999489e+01
6.500000000000000222e-01 -1.145258959940000068e+03 -2.445080771080000090e+02 6.369090621579999834e+02 -1.826884905779999997e+02 -1.388601720560000103e+02 6.105809076469999752e+01
6.500000000000000222e-01 -1.039422788119999950e+03 -1.222815387450000060e+02 5.885859128719999944e+02 -1.983442006999999876e+02 -1.395995385839999869e+02 7.574439952839999535e+01
6.500000000000000222e-01 -7.910941415869999673e+02 4.120253251689999985e+01 5.699668874069999447e+02 -2.066541914739999868e+02 -1.456231872710000061e+02 1.256411325260000069e+02
6.500000000000000222e-01 -9.713798814949999496e+02 -9.485625709689999496e+01 5.894995656790000567e+02 -2.062222087970000075e+02 -1.493513215590000129e+02 8.928732080070000166e+01
6.500000000000000222e-01 -1.065194527359999938e+03 -2.336841253919999986e+02 6.049716818910000029e+02 -1.890439253719999897e+02 -1.477901478070000110e+02 5.901381921179999779e+01
6.500000000000000222e-01 -9.785605906299999788e+02 -4.624092853709999673e+01 6.469964320999999927e+02 -2.042260809969999968e+02 -1.338008425220000106e+02 1.025212443890000031e+02
6.500000000000000222e-01 -1.109872629380000035e+03 -1.553865809060000061e+02 6.522493962629999942e+02 -1.905690751429999921e+02 -1.318963765309999872e+02 6.574796676809999951e+01
6.500000000000000222e-01 -1.088657944940000107e+03 -1.747766366049999931e+02 6.314854675899999847e+02 -1.941087585710000099e+02 -1.313604646519999903e+02 6.993074062060000529e+01
6.500000000000000222e-01 -9.859310571549999622e+02 -1.429636027070000068e+02 5.945683817619999445e+02 -2.036548052349999978e+02 -1.491049032640000007e+02 8.825770415799999569e+01
6.500000000000000222e-01 -8.508321276939999507e+02 1.964799723240000162e+01 5.636191539579999699e+02 -2.066043322499999988e+02 -1.411400246620000019e+02 1.278795905230000045e+02
6.500000000000000222e-01 -9.995567943759999707e+02 -7.600126958209999373e+01 6.286289897149999888e+02 -1.970050478429999998e+02 -1.315984908670000095e+02 8.305418240580000599e+01
6.500000000000000222e-01 -9.481162893800000120e+02 -3.571179926439999974e+01 6.184431894289999718e+02 -2.055563653760000022e+02 -1.337114196979999861e+02 1.065708989809999991e+02
6.500000000000000222e-01 -9.311988019699999768e+02 -7.783375253260000193e+01 6.529724590119999448e+02 -1.990965243910000027e+02 -1.335804750110000043e+02 1.100082423919999997e+02
6.500000000000000222e-01 -1.125054387229999975e+03 -2.429084833770000103e+02 6.484144713209999509e+02 -1.794507361039999864e+02 -1.406712890530000095e+02 6.244701258530000132e+01
6.500000000000000222e-01 -9.385205517829999735e+02 -3.428044098729999689e+01 6.099039954160000434e+02 -2.097946742560000075e+02 -1.357117623649999985e+02 9.933306040610000309e+01
6.500000000000000222e-01 -8.612461338040000101e+02 2.983804304459999912e+01 6.002780284350000102e+02 -1.989328724300000033e+02 -1.385820377789999895e+02 1.325886079379999956e+02
6.500000000000000222e-01 -1.012693031639999958e+03 -1.074425418529999945e+02 5.812823710789999723e+02 -1.966784025450000115e+02 -1.357528581239999994e+02 7.931954027780000160e+01
6.500000000000000222e-01 -1.057630555740000091e+03 -1.533662496190000013e+02 6.807155465480000203e+02 -1.832806778489999999e+02 -1.334533795899999973e+02 8.373500044050000213e+01
6.500000000000000222e-01 -9.945639633739999681e+02 -1.972151677600000141e+02 6.176506963690000021e+02 -1.851308843939999917e+02 -1.504435336269999937e+02 7.709332223680000595e+01
6.500000000000000222e-01 -1.085316763670000000e+03 -1.298734144800000081e+02 6.173215522629999441e+02 -1.984925704990000099e+02 -1.333088690060000090e+02 6.622904597599999477e+01
6.500000000000000222e-01 -8.664180597299999818e+02 -5.002914781359999807e+01 6.362109708829999590e+02 -1.902257327039999950e+02 -1.427620396750000111e+02 1.207929169140000027e+02
6.500000000000000222e-01 -1.115912330449999899e+03 -2.272474976110000000e+02 6.377526323600000069e+02 -1.802351830959999859e+02 -1.443675559120000003e+02 6.445951189570000395e+01
6.500000000000000222e-01 -8.250380189930000370e+02 2.810484652859999954e+01 5.756027257690000170e+02 -2.002936329439999952e+02 -1.475847009889999981e+02 1.304203007039999989e+02
6.500000000000000222e-01 -9.709708994559999837e+02 -1.034429459450000053e+02 6.783122092559999601e+02 -1.834608822710000027e+02 -1.350017799109999999e+02 9.797569371030000696e+01
6.500000000000000222e-01 -9.239165667229999599e+02 -7.618651459790000047e+01 6.578498937320000550e+02 -1.954691433559999894e+02 -1.352617597750000016e+02 1.132412956080000015e+02
6.500000000000000222e-01 -9.734549918010000056e+02 -8.159956224649999967e+01 6.811514416559999745e+02 -1.986119333530000119e+02 -1.370208077750000086e+02 1.101242187120000011e+02
6.500000000000000222e-01 -8.470609221900000421e+02 2.399536619410000071e+01 5.641959208150000222e+02 -2.061520570749999877e+02 -1.408060268629999996e+02 1.297344206859999929e+02
6.500000000000000222e-01 -1.108638380209999923e+03 -1.414505555929999900e+02 6.080163869420000538e+02 -1.945700691319999862e+02 -1.389457333459999973e+02 6.246347829559999809e+01
6.500000000000000222e-01 -1.025532128869999951e+03 -8.932869460249999349e+01 6.522343667009999990e+02 -1.949504502320000086e+02 -1.301794317439999986e+02 8.424793345220000162e+01
6.500000000000000222e-01 -9.764981959780000125e+02 -6.865704894239999589e+01 6.547174141960000497e+02 -1.866364794799999913e+02 -1.327794680540000058e+02 1.008601352170000069e+02
6.500000000000000222e-01 -8.573780621659999497e+02 3.800092553310000199e+01 5.925730769110000438e+02 -1.981701005980000048e+02 -1.378872060879999992e+02 1.373459799340000131e+02
6.500000000000000222e-01 -8.964558742729999494e+02 -1.990720352840000018e+01 5.813999615349999885e+02 -2.111799815800000033e+02 -1.434235166809999953e+02 1.022009184820000058e+02
6.500000000000000222e-01 -8.313055999819999897e+02 1.270111667159999946e+01 5.786786889019999762e+02 -1.970873585630000093e+02 -1.460616502070000138e+02 1.364620944849999944e+02
6.500000000000000222e-01 -1.082272208899999896e+03 -1.251676463029999979e+02 6.437642064609999579e+02 -1.957803219140000124e+02 -1.308932339190000107e+02 7.002002094239999508e+01
6.500000000000000222e-01 -9.597477997129999494e+02 -1.389144111219999900e+02 6.435565769400000136e+02 -1.809259277250000082e+02 -1.482835498610000116e+02 8.586220794070000295e+01
6.500000000000000222e-01 -1.087870173900000054e+03 -2.299641793739999969e+02 6.001499135249999881e+02 -1.923033488910000131e+02 -1.438164624089999961e+02 6.182253069520000111e+01
6.500000000000000222e-01 -8.085988413490000539e+02 1.524620633450000007e+01 5.866622160859999440e+02 -2.040068135649999874e+02 -1.411394196999999906e+02 1.281331715130000077e+02
6.500000000000000222e-01 -1.077745352839999896e+03 -1.876669963070000051e+02 5.954563210129999788e+02 -1.930499313370000039e+02 -1.418239313850000087e+02 5.832241067239999666e+01
6.500000000000000222e-01 -1.152915488919999916e+03 -2.435685193639999966e+02 6.354467093980000527e+02 -1.832423854259999985e+02 -1.389384128460000056e+02 6.174876352140000080e+01
