3.450000000000000000e+05 3.309617345350000051e+03 -4.881392858680000245e+03 -7.105890044859999762e+03 -1.224701093310000033e+02 3.474096089270000220e+01 -3.386062065849999669e+01
6.500000000000000222e-01 3.222728927380000187e+03 -4.792262346280000202e+03 -6.842971724400000312e+03 -1.228343577090000025e+02 3.543213415489999818e+01 -3.284400129859999851e+01
6.500000000000000222e-01 3.136094008290000147e+03 -5.001422422700000425e+03 -7.290180162089999612e+03 -1.219434344790000040e+02 3.471632524449999835e+01 -3.312366354470000118e+01
6.500000000000000222e-01 3.499165488229999937e+03 -4.807360570249999910e+03 -6.915822744609999972e+03 -1.228012472329999980e+02 3.519996395649999954e+01 -3.526300963389999765e+01
6.500000000000000222e-01 3.291671950460000062e+03 -4.995766577710000092e+03 -7.374928806959999747e+03 -1.216091526759999937e+02 3.169624214550000119e+01 -3.395497708770000145e+01
6.500000000000000222e-01 3.421544168410000111e+03 -5.081100444990000142e+03 -7.269729587179999726e+03 -1.224940029490000057e+02 3.482085664430000094e+01 -3.462750343479999771e+01
6.500000000000000222e-01 3.405946056620000036e+03 -4.662702814770000259e+03 -7.242667870119999861e+03 -1.234727191209999972e+02 3.235326533580000330e+01 -3.543960286090000267e+01
6.500000000000000222e-01 3.088460629579999932e+03 -4.777655177990000084e+03 -7.238117649669999992e+03 -1.207137908920000058e+02 3.420257232579999851e+01 -3.425814764719999772e+01
6.500000000000000222e-01 3.472081251210000119e+03 -4.707236153709999599e+03 -7.243116143150000426e+03 -1.230849732030000041e+02 3.207056048319999775e+01 -3.519223906820000281e+01
6.500000000000000222e-01 3.086900290909999967e+03 -4.807327861019999546e+03 -6.925293320740000127e+03 -1.221111335100000019e+02 3.603370574419999883e+01 -3.182126092189999866e+01
6.500000000000000222e-01 3.043419213340000169e+03 -4.898566803439999603e+03 -7.016246632669999599e+03 -1.209519642780000055e+02 3.583918340559999649e+01 -3.067725379450000034e+01
6.500000000000000222e-01 3.135821808010000041e+03 -5.023211603429999741e+03 -7.273355949220000184e+03 -1.220462174280000056e+02 3.421516459530000276e+01 -3.253863818730000190e+01
6.500000000000000222e-01 3.385374491779999971e+03 -4.899972740709999925e+03 -6.837882693819999986e+03 -1.248113613649999962e+02 3.637277076899999884e+01 -3.370987276489999829e+01
6.500000000000000222e-01 3.248495684330000131e+03 -4.728834491020000314e+03 -7.338257365589999608e+03 -1.223680161500000025e+02 3.346124228659999744e+01 -3.378936608160000077e+01
6.500000000000000222e-01 3.168118102259999887e+03 -4.827650131700000202e+03 -7.337457860710000205e+03 -1.194142586180000052e+02 3.317997942779999931e+01 -3.478715262370000261e+01
6.500000000000000222e-01 3.455908722359999956e+03 -4.839023973739999747e+03 -6.875029286259999935e+03 -1.243252786289999960e+02 3.557604785979999917e+01 -3.407535127189999713e+01
6.500000000000000222e-01 3.189840742379999938e+03 -5.094083392999999887e+03 -7.246697956869999871e+03 -1.203718541169999980e+02 3.587984270180000124e+01 -3.667411644239999902e+01
6.500000000000000222e-01 3.092180438479999793e+03 -4.952195004909999625e+03 -7.259423498699999982e+03 -1.219576748129999970e+02 3.422416189709999657e+01 -3.186649143120000005e+01
6.500000000000000222e-01 3.314254871590000221e+03 -4.975106340610000188e+03 -6.846097400450000350e+03 -1.240629675609999936e+02 3.850444221069999884e+01 -3.330381599569999906e+01
6.500000000000000222e-01 3.205645605249999790e+03 -4.948731230489999689e+03 -6.848544657970000117e+03 -1.210458645960000013e+02 3.715517084940000103e+01 -3.243562057649999986e+01
6.500000000000000222e-01 3.358812884299999951e+03 -4.803346882810000352e+03 -7.371306876450000345e+03 -1.214979206090000048e+02 3.146325208940000095e+01 -3.437675265699999727e+01
6.500000000000000222e-01 3.109689575909999803e+03 -4.711304382639999858e+03 -7.213354845279999608e+03 -1.223628775060000038e+02 3.484456971680000237e+01 -3.153020861439999933e+01
6.500000000000000222e-01 3.161021881929999836e+03 -4.695007772359999763e+03 -7.248662509650000175e+03 -1.212615341369999982e+02 3.315554406790000286e+01 -3.453172386130000149e+01
6.500000000000000222e-01 3.425114924210000027e+03 -4.714329989859999841e+03 -6.908042957960000422e+03 -1.253899733089999984e+02 3.408139817229999835e+01 -3.169613822350000021e+01
6.500000000000000222e-01 3.532822185630000149e+03 -4.900469648850000340e+03 -6.948394715469999937e+03 -1.244066991269999960e+02 3.493414409820000088e+01 -3.407032459770000088e+01
6.500000000000000222e-01 3.524979226250000011e+03 -4.872543825970000398e+03 -6.937251263099999960e+03 -1.237616963370000036e+02 3.497224424080000205e+01 -3.495207678260000250e+01
6.500000000000000222e-01 3.287111719890000131e+03 -5.098834389450000344e+03 -6.933234889180000209e+03 -1.218019590579999942e+02 3.704422388089999885e+01 -3.294572123399999697e+01
6.500000000000000222e-01 3.182538771189999807e+03 -4.726726241569999729e+03 -7.305757947930000228e+03 -1.228221171229999982e+02 3.502607236170000249e+01 -3.205906074109999793e+01
6.500000000000000222e-01 3.119538212769999973e+03 -5.068309128210000381e+03 -7.176681996829999662e+03 -1.215173179420000054e+02 3.516567739719999963e+01 -3.217231573979999837e+01
6.500000000000000222e-01 3.202375150259999828e+03 -4.633162021260000074e+03 -7.199415086240000164e+03 -1.228321152320000067e+02 3.416988018539999672e+01 -3.270786384870000063e+01
6.500000000000000222e-01 3.179300357569999960e+03 -5.026248849210000117e+03 -6.904444720960000268e+03 -1.233251776719999953e+02 3.511259320940000350e+01 -3.523760994940000302e+01
6.500000000000000222e-01 3.493592474820000007e+03 -4.718000585800000408e+03 -6.981252430999999888e+03 -1.236853544690000035e+02 3.357291309069999841e+01 -3.350439248669999870e+01
6.500000000000000222e-01 3.076491635849999966e+03 -4.966972194289999607e+03 -6.973433285910000450e+03 -1.228351357690000043e+02 3.582926692520000245e+01 -3.515295374410000306e+01
6.500000000000000222e-01 3.035919449139999870e+03 -4.917321448980000241e+03 -7.110459807440000077e+03 -1.212812606180000046e+02 3.537943357030000158e+01 -3.080400165289999848e+01
6.500000000000000222e-01 3.371408770500000173e+03 -4.837267475499999819e+03 -7.382637271530000362e+03 -1.233334733300000039e+02 3.261305614700000177e+01 -3.476591534869999833e+01
6.500000000000000222e-01 3.196344245560000218e+03 -4.624152444629999991e+03 -7.062886556770000425e+03 -1.226049636980000059e+02 3.407092528270000287e+01 -3.023210017130000082e+01
6.500000000000000222e-01 3.301895649189999858e+03 -4.603844852960000026e+03 -7.147330122860000301e+03 -1.233306990500000069e+02 3.386687012659999851e+01 -3.252363571090000249e+01
6.500000000000000222e-01 3.346011574499999824e+03 -4.762455738540000311e+03 -7.349518188740000369e+03 -1.210719443269999971e+02 3.158564207399999901e+01 -3.397031838320000219e+01
6.500000000000000222e-01 3.381153241869999874e+03 -4.773083284229999663e+03 -6.851502140300000065e+03 -1.236761004810000060e+02 3.393403716800000325e+01 -3.285744165919999915e+01
6.500000000000000222e-01 3.176626692220000223e+03 -4.993930891359999805e+03 -6.886344868999999562e+03 -1.227794441260000013e+02 3.778709266069999728e+01 -3.320585166680000100e+01
6.500000000000000222e-01 3.379505563690000145e+03 -4.698394583559999774e+03 -6.895669083019999562e+03 -1.231616594420000013e+02 3.630453049479999805e+01 -3.438735773970000054e+01
9.810000000000000000e+05 8.282319953620000160e+04 -1.179088047540000019e+02 3.487027651380000316e+04 -1.059934903339999934e+01 2.648008947880000008e+01 -5.311365472450000169e+01
6.500000000000000222e-01 8.336214499329999671e+04 -1.531365395170000056e+03 3.680908170539999992e+04 -9.813289977180000179e+00 2.560055731859999995e+01 -5.348210817580000054e+01
6.500000000000000222e-01 8.440450714590000280e+04 1.186372317869999961e+03 3.352230327869999746e+04 -1.090810665809999946e+01 2.584316147699999888e+01 -5.400176748789999692e+01
6.500000000000000222e-01 8.352295095919999585e+04 -1.652080089199999975e+03 3.665274187600000005e+04 -1.087059321859999983e+01 2.738335652330000158e+01 -5.223212177340000295e+01
6.500000000000000222e-01 8.040739609840000048e+04 -2.809650016950000122e+02 3.446756489120000333e+04 -1.076544109299999974e+01 2.650065024330000085e+01 -5.296875622459999988e+01
6.500000000000000222e-01 8.451908039839999401e+04 1.473767042279999941e+03 3.409006859719999920e+04 -1.036555822290000073e+01 2.677728833870000003e+01 -5.186650814730000292e+01
6.500000000000000222e-01 8.173507961519999662e+04 2.077952276529999835e+03 3.495692229609999777e+04 -1.060184568580000075e+01 2.634622844689999965e+01 -5.353807853029999819e+01
6.500000000000000222e-01 8.230343740490000346e+04 4.824765409600000226e+02 3.719055078840000351e+04 -9.671541810580000842e+00 2.547016009400000058e+01 -5.277953487429999768e+01
6.500000000000000222e-01 8.279582348120000097e+04 2.334505363899999793e+03 3.485108937790000346e+04 -1.059180212110000063e+01 2.635658153310000174e+01 -5.352530845209999910e+01
6.500000000000000222e-01 8.262059998220000125e+04 7.759053317939999488e+02 3.259293975199999841e+04 -1.077174998339999945e+01 2.580573667060000176e+01 -5.343046841900000032e+01
6.500000000000000222e-01 8.174094348210000317e+04 -1.359807715949999931e+02 3.266813659760000155e+04 -1.052479185800000039e+01 2.649378449219999965e+01 -5.318764748609999771e+01
6.500000000000000222e-01 8.458078815249999752e+04 -1.258681107560000100e+03 3.360248507080000127e+04 -1.047363726530000072e+01 2.655409023609999863e+01 -5.232392147760000256e+01
6.500000000000000222e-01 8.224196922499999346e+04 -7.905820366519999709e+01 3.725296248349999951e+04 -1.048805225969999988e+01 2.649398362730000045e+01 -5.319029735189999997e+01
6.500000000000000222e-01 8.184813472519999777e+04 -1.969343185619999986e+03 3.615473636680000345e+04 -1.004701665710000036e+01 2.609949444780000150e+01 -5.310165953210000112e+01
6.500000000000000222e-01 8.250393639299999631e+04 -2.461382357630000115e+03 3.420978662530000292e+04 -1.035633352330000001e+01 2.657765556269999863e+01 -5.395617294129999664e+01
6.500000000000000222e-01 8.118878694520000136e+04 -1.937669513049999978e+03 3.506058835530000215e+04 -1.056540512309999968e+01 2.658987860850000118e+01 -5.207748138859999898e+01
6.500000000000000222e-01 8.398950550840000506e+04 -2.083958911400000034e+03 3.399788717960000213e+04 -1.083651004510000071e+01 2.676066199470000129e+01 -5.256756708849999882e+01
6.500000000000000222e-01 8.515995858999999473e+04 4.929022826780000059e+02 3.530895539329999883e+04 -1.033818752840000066e+01 2.642557892159999966e+01 -5.360990824310000136e+01
6.500000000000000222e-01 8.526324940859999333e+04 1.372249497740000095e+02 3.493287072140000237e+04 -1.051011051999999957e+01 2.647085934329999901e+01 -5.283521492460000246e+01
6.500000000000000222e-01 8.169214150610000070e+04 -1.593010871019999968e+03 3.326745678780000162e+04 -1.003727753459999938e+01 2.631949559270000094e+01 -5.346592469760000199e+01
6.500000000000000222e-01 8.192282415359999868e+04 6.591511040890000004e+02 3.701837660399999731e+04 -1.026630696960000044e+01 2.623502854570000054e+01 -5.279683717740000048e+01
6.500000000000000222e-01 8.196959934070000600e+04 1.203998826620000045e+03 3.298399239880000096e+04 -1.143956698450000076e+01 2.742211970159999979e+01 -5.234456999430000224e+01
6.500000000000000222e-01 8.436466995209999732e+04 -1.614247651720000022e+03 3.367464066720000119e+04 -1.049655342460000007e+01 2.645815021700000003e+01 -5.363554410809999951e+01
6.500000000000000222e-01 8.382363436759999604e+04 -2.342894956709999860e+03 3.512367803730000014e+04 -1.051326977509999949e+01 2.647537740490000147e+01 -5.436452599100000072e+01
6.500000000000000222e-01 8.289113681029999861e+04 1.322521179620000112e+03 3.288246971219999978e+04 -1.099834662499999993e+01 2.763647697829999927e+01 -5.243912688670000222e+01
6.500000000000000222e-01 8.474522232420000364e+04 -1.506368408809999892e+03 3.551450155169999925e+04 -1.018285728879999930e+01 2.626542327780000008e+01 -5.373388876119999935e+01
6.500000000000000222e-01 8.155286153860000195e+04 1.649700626889999967e+03 3.599137450510000053e+04 -1.007129309459999966e+01 2.575353323659999916e+01 -5.226158171090000337e+01
6.500000000000000222e-01 8.436709954130000551e+04 -1.441820571310000105e+03 3.623433781289999752e+04 -1.044775386140000073e+01 2.654677312979999826e+01 -5.377934986889999891e+01
6.500000000000000222e-01 8.438874283970000397e+04 8.005546501170000511e+02 3.322132815339999797e+04 -1.017616873080000062e+01 2.699389737839999981e+01 -5.222981050220000299e+01
6.500000000000000222e-01 8.244249283970000397e+04 -4.158187212670000008e+02 3.246509803779999856e+04 -1.160608509849999948e+01 2.594403035810000091e+01 -5.284939921859999856e+01
6.500000000000000222e-01 8.263568723769999633e+04 -4.221648731970000199e+02 3.244344643379999980e+04 -1.118673649049999952e+01 2.603785435640000046e+01 -5.294399274509999742e+01
6.500000000000000222e-01 8.065721183879999444e+04 -8.002609226380000109e+02 3.580148472390000097e+04 -1.104067679659999968e+01 2.654044259610000012e+01 -5.392533099900000337e+01
6.500000000000000222e-01 8.317424464940000325e+04 2.080309599969999908e+03 3.591264133120000042e+04 -1.104798065840000021e+01 2.683119002999999836e+01 -5.303590013590000041e+01
6.500000000000000222e-01 8.185255217090000224e+04 1.780132578080000030e+03 3.607003229709999869e+04 -1.036020823189999973e+01 2.632576794970000122e+01 -5.385913140910000152e+01
6.500000000000000222e-01 8.418438249720000022e+04 -2.010106734940000024e+03 3.562826131580000219e+04 -1.042923611690000030e+01 2.639182069949999843e+01 -5.421767384609999851e+01
6.500000000000000222e-01 8.479370320150000043e+04 1.192475663420000046e+03 3.422011434739999822e+04 -1.038705854820000063e+01 2.621736657259999959e+01 -5.314342883070000312e+01
6.500000000000000222e-01 8.285088622210000176e+04 6.933138387669999929e+02 3.718630475290000322e+04 -1.072451218600000011e+01 2.766377760139999964e+01 -5.351339636240000175e+01
6.500000000000000222e-01 8.466361844249999558e+04 -1.599470553930000051e+03 3.551896485360000224e+04 -1.077746791330000065e+01 2.680549066740000086e+01 -5.271396159990000285e+01
6.500000000000000222e-01 8.039585627239999303e+04 -1.581050005680000083e+02 3.522905416230000264e+04 -1.088431961759999922e+01 2.647930071140000052e+01 -5.451347047910000043e+01
6.500000000000000222e-01 8.355870164949999889e+04 1.958108730890000061e+03 3.595871148759999778e+04 -1.097378811509999963e+01 2.697403282830000038e+01 -5.334399032849999855e+01
6.500000000000000222e-01 8.514103995039999427e+04 2.395528692700000022e+02 3.559220035900000221e+04 -1.070060149190000054e+01 2.648773617999999885e+01 -5.249686755769999991e+01
4.560000000000000000e+04 7.398042460910000045e+03 2.268944353809999939e+03 1.855490034820000074e+04 2.026523179040000002e+02 -6.148551707000000022e+01 1.967748704050000015e+02
6.500000000000000222e-01 7.467663417499999923e+03 2.243357673250000062e+03 1.874784816420000061e+04 2.019264931419999982e+02 -6.100194226770000228e+01 1.973711513300000036e+02
6.500000000000000222e-01 7.353459143179999955e+03 2.314212703979999787e+03 1.835740830600000118e+04 2.018782535109999969e+02 -6.094967903500000261e+01 1.967700262580000015e+02
6.500000000000000222e-01 7.345120059310000215e+03 2.295475817049999932e+03 1.875230933070000174e+04 2.037467994339999962e+02 -6.188279601539999675e+01 1.972719269270000098e+02
6.500000000000000222e-01 7.503735735369999929e+03 2.127368211739999879e+03 1.846087896399999954e+04 2.020154373690000114e+02 -6.082335138669999708e+01 1.960566533479999975e+02
6.500000000000000222e-01 7.507709817109999676e+03 2.118363121460000002e+03 1.848551576950000162e+04 2.022700012059999892e+02 -6.114377736410000352e+01 1.971821106989999919e+02
6.500000000000000222e-01 7.300570890820000386e+03 2.235331200640000134e+03 1.873235664130000077e+04 2.025412306169999965e+02 -6.132860019769999838e+01 1.966977794210000070e+02
6.500000000000000222e-01 7.297343197610000061e+03 2.218781006249999791e+03 1.838144561020000037e+04 2.033161093999999878e+02 -6.136280734809999871e+01 1.960500347869999871e+02
6.500000000000000222e-01 7.528128583339999750e+03 2.260356233680000059e+03 1.839759761499999877e+04 2.016175620569999865e+02 -6.147536539219999696e+01 1.960674076820000096e+02
6.500000000000000222e-01 7.523956543000000238e+03 2.147931706580000082e+03 1.865098354280000058e+04 2.023744341320000046e+02 -6.105501142979999685e+01 1.966554158589999872e+02
6.500000000000000222e-01 7.337168110640000123e+03 2.087135003010000219e+03 1.849231094859999939e+04 2.024417928070000130e+02 -6.088590610840000039e+01 1.963317669500000022e+02
6.500000000000000222e-01 7.450162148059999708e+03 2.131089697989999877e+03 1.869013086770000155e+04 2.021915937830000018e+02 -6.047280053979999792e+01 1.974105840459999968e+02
6.500000000000000222e-01 7.571703915590000179e+03 2.163903878090000035e+03 1.854683636679999836e+04 2.024003633220000040e+02 -6.129436046739999711e+01 1.959107503280000060e+02
6.500000000000000222e-01 7.452943994919999568e+03 2.087059627239999827e+03 1.861284368000000177e+04 2.023691091119999896e+02 -6.096658197960000081e+01 1.965339527350000139e+02
6.500000000000000222e-01 7.441868926809999721e+03 2.137229772510000203e+03 1.871156852240000080e+04 2.032215466879999894e+02 -6.197637335529999802e+01 1.965986229789999982e+02
6.500000000000000222e-01 7.317722139700000298e+03 2.346952993909999805e+03 1.837978105080000023e+04 2.029749351179999906e+02 -6.204728117580000202e+01 1.960572867049999957e+02
6.500000000000000222e-01 7.594398049589999573e+03 2.314219427330000144e+03 1.852907555539999885e+04 2.022840195409999922e+02 -6.155439447220000204e+01 1.960126142480000055e+02
6.500000000000000222e-01 7.353180479669999841e+03 2.461227000469999894e+03 1.860589728399999876e+04 2.027919626039999912e+02 -6.193939042390000083e+01 1.978057871270000021e+02
6.500000000000000222e-01 7.553923776190000353e+03 2.308004865509999945e+03 1.868277036610000141e+04 2.028546830909999983e+02 -6.129467699900000355e+01 1.965802287260000014e+02
6.500000000000000222e-01 7.540138842170000316e+03 2.413663255460000073e+03 1.856718141739999919e+04 2.025004411769999990e+02 -6.174298035380000016e+01 1.970974268180000024e+02
6.500000000000000222e-01 7.438301021620000029e+03 2.459950226550000025e+03 1.861789845670000068e+04 2.025081443020000052e+02 -6.186640962189999726e+01 1.977648773530000028e+02
6.500000000000000222e-01 7.590993130140000176e+03 2.333903062320000117e+03 1.855624578230000043e+04 2.024463834809999980e+02 -6.155219898600000050e+01 1.960396827829999893e+02
6.500000000000000222e-01 7.284170000529999925e+03 2.136927763570000025e+03 1.865915470300000015e+04 2.031326408029999868e+02 -6.085239877010000242e+01 1.975783930880000128e+02
6.500000000000000222e-01 7.207900265240000408e+03 2.248566633699999784e+03 1.848397010249999948e+04 2.028047827039999902e+02 -6.154843252650000096e+01 1.967797240589999888e+02
6.500000000000000222e-01 7.372404805930000293e+03 2.468949719929999901e+03 1.854201520760000130e+04 2.027435149629999955e+02 -6.179037774460000065e+01 1.976736957569999902e+02
6.500000000000000222e-01 7.469561667900000430e+03 2.280172515149999981e+03 1.874933765900000071e+04 2.023027622509999901e+02 -6.153735543860000234e+01 1.972278729029999909e+02
6.500000000000000222e-01 7.328802898089999871e+03 2.081815528569999969e+03 1.852237702530000024e+04 2.025240393869999878e+02 -6.111664407709999836e+01 1.970471910709999861e+02
6.500000000000000222e-01 7.490011388580000130e+03 2.410937111029999869e+03 1.844157254359999934e+04 2.020696000240000103e+02 -6.204483033969999894e+01 1.960085351529999969e+02
6.500000000000000222e-01 7.359580107669999961e+03 2.077162710680000146e+03 1.861788715690000026e+04 2.030165864909999982e+02 -6.148262827859999646e+01 1.965547021149999978e+02
6.500000000000000222e-01 7.575242782960000113e+03 2.218383073049999894e+03 1.864298983840000074e+04 2.028562870359999977e+02 -6.142314455860000066e+01 1.961935675160000017e+02
6.500000000000000222e-01 7.243368202769999698e+03 2.140890466660000129e+03 1.852045147480000014e+04 2.027333041779999974e+02 -6.119918027109999770e+01 1.965635202269999979e+02
6.500000000000000222e-01 7.295284282349999557e+03 2.400755503840000074e+03 1.867286245060000147e+04 2.032039135789999875e+02 -6.204510698480000030e+01 1.976858336740000084e+02
6.500000000000000222e-01 7.470005749629999627e+03 2.331977934160000132e+03 1.837326549639999939e+04 2.030970409640000014e+02 -6.114745431379999729e+01 1.970713192100000128e+02
6.500000000000000222e-01 7.516399364560000322e+03 2.118486975870000151e+03 1.862717731249999997e+04 2.028212018860000114e+02 -6.154265010270000147e+01 1.960165644520000114e+02
6.500000000000000222e-01 7.563747303060000377e+03 2.385816279279999890e+03 1.853954835050000111e+04 2.024047535200000141e+02 -6.167633087170000294e+01 1.960016334519999930e+02
6.500000000000000222e-01 7.491655439060000390e+03 2.444701658039999984e+03 1.851797766570000022e+04 2.025296285080000018e+02 -6.194763938429999683e+01 1.961253827520000073e+02
6.500000000000000222e-01 7.255666076649999923e+03 2.140840968020000219e+03 1.862194071800000165e+04 2.031413985510000089e+02 -6.113704548279999784e+01 1.975591518559999997e+02
6.500000000000000222e-01 7.257590558969999620e+03 2.410351405360000172e+03 1.859346694669999852e+04 2.027483344830000078e+02 -6.155292869419999846e+01 1.958116091850000089e+02
6.500000000000000222e-01 7.519040809029999764e+03 2.117549941719999879e+03 1.862747070040000108e+04 2.026147408010000106e+02 -6.125565087919999741e+01 1.973738465659999974e+02
6.500000000000000222e-01 7.570602415479999763e+03 2.351322714070000075e+03 1.862795725840000159e+04 2.022000205360000109e+02 -6.167435232270000256e+01 1.979554050829999881e+02
6.500000000000000222e-01 7.306145079320000150e+03 2.216030376350000097e+03 1.873053836759999831e+04 2.021772164920000137e+02 -6.163447374449999927e+01 1.964446465059999980e+02
1.390000000000000000e+04 -1.067325397759999942e+04 3.029705129580000175e+03 1.125642619489999925e+04 -2.343945908469999893e+02 2.013072978900000010e+02 -3.362571368389999975e+02
6.500000000000000222e-01 -1.077979188120000072e+04 3.119181113029999779e+03 1.129067102630000045e+04 -2.345402203330000077e+02 2.013050576720000038e+02 -3.366181824089999850e+02
6.500000000000000222e-01 -1.074350622090000070e+04 3.008879055590000007e+03 1.138095957889999954e+04 -2.349019893820000107e+02 2.012302660610000089e+02 -3.362883563660000164e+02
6.500000000000000222e-01 -1.059527643089999947e+04 3.009495798209999975e+03 1.137389779160000035e+04 -2.347722361190000129e+02 2.013412778059999937e+02 -3.361900929600000154e+02
6.500000000000000222e-01 -1.058800311259999944e+04 3.068056899440000052e+03 1.114607060409999940e+04 -2.338095668480000029e+02 2.013764563359999897e+02 -3.360820116620000135e+02
6.500000000000000222e-01 -1.056763823720000073e+04 3.102166179920000104e+03 1.131550959399999920e+04 -2.348481927189999965e+02 2.010839213389999998e+02 -3.358373087140000166e+02
6.500000000000000222e-01 -1.071562282319999940e+04 3.117667699520000042e+03 1.136266208320000078e+04 -2.344051371310000036e+02 2.008058758070000067e+02 -3.356197990470000150e+02
6.500000000000000222e-01 -1.062321782879999955e+04 2.912505921110000145e+03 1.119885883180000019e+04 -2.343928203410000037e+02 2.014910888269999987e+02 -3.359949977229999831e+02
6.500000000000000222e-01 -1.071951221850000002e+04 2.904121059779999996e+03 1.130003923279999981e+04 -2.344584702470000082e+02 2.018136611449999975e+02 -3.357403325640000276e+02
6.500000000000000222e-01 -1.068056733600000007e+04 2.912997228239999913e+03 1.134225694859999930e+04 -2.342128534910000042e+02 2.011893843189999984e+02 -3.363180218719999743e+02
6.500000000000000222e-01 -1.061753819920000024e+04 3.134694820050000089e+03 1.133080608450000000e+04 -2.344142952139999920e+02 2.007579643699999963e+02 -3.360701866179999797e+02
6.500000000000000222e-01 -1.053465039649999926e+04 3.021381782339999972e+03 1.122362161630000082e+04 -2.345679083370000058e+02 2.012940617739999993e+02 -3.369641474599999924e+02
6.500000000000000222e-01 -1.064890088889999970e+04 2.894141764299999977e+03 1.121785572119999961e+04 -2.342049491010000111e+02 2.013041687019999983e+02 -3.358137976770000250e+02
6.500000000000000222e-01 -1.058351750410000022e+04 2.920186219690000144e+03 1.123489645000000019e+04 -2.343545740499999965e+02 2.014387817209999980e+02 -3.364578835180000169e+02
6.500000000000000222e-01 -1.066683386559999963e+04 2.935571409980000226e+03 1.114650830680000035e+04 -2.339930214690000128e+02 2.008606483560000129e+02 -3.360519340939999893e+02
6.500000000000000222e-01 -1.078402260349999960e+04 3.026209376050000174e+03 1.134864492799999971e+04 -2.346148246520000100e+02 2.013517206260000023e+02 -3.362137867569999798e+02
6.500000000000000222e-01 -1.056178861909999978e+04 2.944524399859999903e+03 1.123189346900000055e+04 -2.343336338839999939e+02 2.013708836389999988e+02 -3.358681734790000064e+02
6.500000000000000222e-01 -1.060887487979999969e+04 2.987808335539999916e+03 1.113585128439999971e+04 -2.345840111569999920e+02 2.016262298499999872e+02 -3.366277028409999730e+02
6.500000000000000222e-01 -1.060978316819999964e+04 3.009242070610000155e+03 1.138191138569999930e+04 -2.342086317760000043e+02 2.012482908780000059e+02 -3.365289414189999775e+02
6.500000000000000222e-01 -1.076889195440000003e+04 2.927244354760000078e+03 1.124011606070000016e+04 -2.342848719010000025e+02 2.015976816980000024e+02 -3.363057404130000236e+02
6.500000000000000222e-01 -1.073452310509999916e+04 3.143794091939999817e+03 1.130705399380000017e+04 -2.342571987759999956e+02 2.009101119759999960e+02 -3.360689238319999959e+02
6.500000000000000222e-01 -1.064312774999999965e+04 2.920724375079999845e+03 1.134538560879999932e+04 -2.344716158930000063e+02 2.017000507539999887e+02 -3.358387316989999931e+02
6.500000000000000222e-01 -1.073043690450000031e+04 3.031645275840000068e+03 1.112587829349999993e+04 -2.335666352629999949e+02 2.012587499800000046e+02 -3.365255477750000068e+02
6.500000000000000222e-01 -1.076318450359999952e+04 3.064666619730000093e+03 1.136561426299999948e+04 -2.348735383730000024e+02 2.014904141179999897e+02 -3.362609789910000018e+02
6.500000000000000222e-01 -1.060118114939999941e+04 3.098992667219999930e+03 1.115345365549999951e+04 -2.344972390780000069e+02 2.013541082760000052e+02 -3.364026784540000108e+02
6.500000000000000222e-01 -1.074095429159999912e+04 2.969409275720000096e+03 1.114695790230000057e+04 -2.345561047600000109e+02 2.012150650250000012e+02 -3.359029108859999724e+02
6.500000000000000222e-01 -1.069180922690000079e+04 2.953193719129999863e+03 1.113566120500000034e+04 -2.339730179320000047e+02 2.009501327380000077e+02 -3.361837234600000102e+02
6.500000000000000222e-01 -1.069666906530000051e+04 2.951182576059999974e+03 1.114031108060000042e+04 -2.344210941400000081e+02 2.011326805870000101e+02 -3.360217812660000050e+02
6.500000000000000222e-01 -1.053765845830000035e+04 3.018333745609999824e+03 1.121277372610000020e+04 -2.345830936199999996e+02 2.013073604399999965e+02 -3.369563533659999734e+02
6.500000000000000222e-01 -1.065356613880000077e+04 2.979267222099999799e+03 1.138875312400000075e+04 -2.348722030300000085e+02 2.020087789369999882e+02 -3.359312447479999832e+02
6.500000000000000222e-01 -1.067088071950000085e+04 2.892228482980000081e+03 1.122809073800000078e+04 -2.343880890570000020e+02 2.015239476689999947e+02 -3.357844718129999819e+02
6.500000000000000222e-01 -1.064873897580000084e+04 2.890309599900000194e+03 1.126486943849999989e+04 -2.343658086229999924e+02 2.014954612980000093e+02 -3.369030333989999804e+02
6.500000000000000222e-01 -1.060361707620000016e+04 2.984199163539999972e+03 1.113805811039999935e+04 -2.346831929809999906e+02 2.016415606809999872e+02 -3.368861858110000185e+02
6.500000000000000222e-01 -1.053143036159999974e+04 3.039616801090000081e+03 1.125422982050000064e+04 -2.344940947059999985e+02 2.012555426140000066e+02 -3.358992374740000173e+02
6.500000000000000222e-01 -1.061037068379999982e+04 3.090809076550000100e+03 1.114234229210000012e+04 -2.346687167000000045e+02 2.011033540370000026e+02 -3.366762885950000168e+02
6.500000000000000222e-01 -1.067721064789999946e+04 2.892531356559999949e+03 1.128881672439999966e+04 -2.344335369579999906e+02 2.017352616649999959e+02 -3.356538569840000150e+02
6.500000000000000222e-01 -1.076689512869999999e+04 3.123488084860000072e+03 1.120141897040000003e+04 -2.344865182380000022e+02 2.013817430750000028e+02 -3.357114041199999974e+02
6.500000000000000222e-01 -1.066752601420000065e+04 3.074407541900000069e+03 1.139304386270000032e+04 -2.347590323610000098e+02 2.006765336759999911e+02 -3.359164806630000157e+02
6.500000000000000222e-01 -1.060858426350000082e+04 3.017089766720000171e+03 1.112711448019999989e+04 -2.337474520600000005e+02 2.011618643250000105e+02 -3.362576231510000184e+02
6.500000000000000222e-01 -1.069030359040000076e+04 3.027099024380000174e+03 1.139981324540000060e+04 -2.340471863200000087e+02 2.014534550129999957e+02 -3.360266557279999802e+02
6.500000000000000222e-01 -1.072880239690000053e+04 3.011200474950000171e+03 1.138890656080000008e+04 -2.351456343369999900e+02 2.012065766919999987e+02 -3.363011353449999774e+02
1.190000000000000000e+04 -6.511687704410000151e+03 6.007054794740000034e+03 -1.275540212290000090e+04 -2.640080826529999740e+02 -3.343313200480000091e+01 9.107610175550000520e+01
6.500000000000000222e-01 -6.595891355699999622e+03 5.915658800789999987e+03 -1.270991539050000029e+04 -2.638584089880000079e+02 -3.352231935289999853e+01 9.062178859259999797e+01
6.500000000000000222e-01 -6.601265102649999790e+03 5.915079235719999815e+03 -1.272548414609999963e+04 -2.637388632120000125e+02 -3.316221797259999704e+01 9.163687071440000409e+01
6.500000000000000222e-01 -6.395527552690000448e+03 6.042006722590000209e+03 -1.280662716829999954e+04 -2.640863777530000220e+02 -3.337173125139999996e+01 9.162010542929999701e+01
6.500000000000000222e-01 -6.410507283859999916e+03 5.923342458850000185e+03 -1.277200421459999961e+04 -2.641947268669999858e+02 -3.331162701619999922e+01 9.084622692860000370e+01
6.500000000000000222e-01 -6.528339156130000447e+03 6.103573079159999907e+03 -1.284702077780000036e+04 -2.639844212809999817e+02 -3.390546801779999697e+01 9.034569231099999342e+01
6.500000000000000222e-01 -6.590031573549999848e+03 6.110172299390000262e+03 -1.272704542360000050e+04 -2.638550149559999909e+02 -3.364421174649999813e+01 9.140188945539999565e+01
6.500000000000000222e-01 -6.478191796660000364e+03 6.000549757529999624e+03 -1.262488623279999956e+04 -2.637564376959999777e+02 -3.364116406410000337e+01 9.121847622670000533e+01
6.500000000000000222e-01 -6.631123908900000060e+03 5.979575274460000401e+03 -1.280409939330000088e+04 -2.638582926579999821e+02 -3.332224907519999846e+01 9.115333441059999586e+01
6.500000000000000222e-01 -6.550614617979999821e+03 5.912245863879999888e+03 -1.284018081929999971e+04 -2.639742767839999829e+02 -3.360254697109999711e+01 9.145815560100000141e+01
6.500000000000000222e-01 -6.487895769409999957e+03 5.955925861939999777e+03 -1.263417583390000073e+04 -2.640779170270000122e+02 -3.339353040670000183e+01 9.127263876659999653e+01
6.500000000000000222e-01 -6.610399397930000305e+03 5.921247163459999683e+03 -1.276948429949999991e+04 -2.638339278820000118e+02 -3.329792966200000137e+01 9.162867017540000347e+01
6.500000000000000222e-01 -6.471225089849999677e+03 5.961995271200000388e+03 -1.287361781779999910e+04 -2.638529265939999959e+02 -3.358776277470000338e+01 9.130288216629999454e+01
6.500000000000000222e-01 -6.580929614259999653e+03 6.074898878639999566e+03 -1.266635783330000049e+04 -2.635129639070000280e+02 -3.393272871330000129e+01 9.146921497559999636e+01
6.500000000000000222e-01 -6.436330152739999903e+03 6.113450673829999687e+03 -1.273683962819999942e+04 -2.641994267609999838e+02 -3.355160288649999956e+01 9.057986755839999660e+01
6.500000000000000222e-01 -6.420462171789999957e+03 5.988998924020000231e+03 -1.265919572300000073e+04 -2.643516384069999958e+02 -3.349324571190000199e+01 9.154735528659999488e+01
6.500000000000000222e-01 -6.638620076879999942e+03 6.032754095799999959e+03 -1.278069239899999957e+04 -2.637596716730000139e+02 -3.340485235250000073e+01 9.078220501139999499e+01
6.500000000000000222e-01 -6.427582419459999983e+03 6.034899763119999989e+03 -1.265471931469999981e+04 -2.641466987420000123e+02 -3.383083649790000180e+01 9.139750350600000672e+01
6.500000000000000222e-01 -6.487620151799999803e+03 6.005578174500000387e+03 -1.262251396039999963e+04 -2.633213429639999958e+02 -3.363950996159999818e+01 9.117928991819999851e+01
6.500000000000000222e-01 -6.506869820310000250e+03 5.953139339059999656e+03 -1.263272667449999972e+04 -2.640997505039999851e+02 -3.299190868409999666e+01 9.146692354110000167e+01
6.500000000000000222e-01 -6.509343524109999635e+03 6.138419094439999753e+03 -1.276420430300000044e+04 -2.640421244500000171e+02 -3.364615422989999871e+01 9.129629468269999393e+01
6.500000000000000222e-01 -6.387861587929999587e+03 5.969269537430000128e+03 -1.272448652419999962e+04 -2.641871088209999812e+02 -3.350134538510000226e+01 9.138097462720000408e+01
6.500000000000000222e-01 -6.570818981720000011e+03 5.891484507160000248e+03 -1.272805831120000039e+04 -2.637479139179999947e+02 -3.342626817899999736e+01 9.083201979630000267e+01
6.500000000000000222e-01 -6.415772535779999998e+03 6.089109548440000253e+03 -1.271743206079999982e+04 -2.640158140070000172e+02 -3.356022548880000045e+01 9.052769734909999499e+01
6.500000000000000222e-01 -6.493187369719999879e+03 5.876889140500000394e+03 -1.274336420469999939e+04 -2.639954722019999735e+02 -3.319108922400000239e+01 9.166838435389999518e+01
6.500000000000000222e-01 -6.634709119090000058e+03 5.965742667190000248e+03 -1.273333226380000087e+04 -2.636867478539999752e+02 -3.329539825959999888e+01 9.145924614679999820e+01
6.500000000000000222e-01 -6.590756037309999556e+03 6.062550578669999595e+03 -1.284921616630000062e+04 -2.643218360810000149e+02 -3.312674644290000003e+01 9.122468913599999496e+01
6.500000000000000222e-01 -6.508873800569999730e+03 5.880072470179999982e+03 -1.272402566570000090e+04 -2.640569613760000038e+02 -3.316064436610000143e+01 9.113185714840000173e+01
6.500000000000000222e-01 -6.489938280680000389e+03 6.101719168759999775e+03 -1.284821617660000084e+04 -2.640650430189999724e+02 -3.305224183140000349e+01 9.128469492399999297e+01
6.500000000000000222e-01 -6.589816698530000394e+03 6.113488575430000310e+03 -1.273938861209999959e+04 -2.639919165030000272e+02 -3.348313805850000335e+01 9.038219047050000654e+01
6.500000000000000222e-01 -6.587576823780000268e+03 6.038684381889999713e+03 -1.265035418260000006e+04 -2.641178560500000003e+02 -3.340500110090000163e+01 9.085339648059999718e+01
6.500000000000000222e-01 -6.622734452009999586e+03 5.996524583850000454e+03 -1.268531250770000042e+04 -2.639675602300000037e+02 -3.350999475169999897e+01 9.064184170010000230e+01
6.500000000000000222e-01 -6.572821609870000430e+03 5.948119124580000062e+03 -1.265203721559999940e+04 -2.635004983910000078e+02 -3.308071238370000344e+01 9.161161346629999969e+01
6.500000000000000222e-01 -6.465527870199999597e+03 6.066616412170000331e+03 -1.264534457780000048e+04 -2.636931979170000204e+02 -3.328787506909999649e+01 9.084003328640000063e+01
6.500000000000000222e-01 -6.519030954789999669e+03 6.139266276239999570e+03 -1.275935564290000002e+04 -2.640729285950000076e+02 -3.358887328489999646e+01 9.147699467549999497e+01
6.500000000000000222e-01 -6.633693450519999715e+03 6.013649859850000212e+03 -1.280777248809999946e+04 -2.636875656359999880e+02 -3.331384899110000219e+01 9.048898221970000577e+01
6.500000000000000222e-01 -6.505242184660000021e+03 6.080138074239999696e+03 -1.286713012150000031e+04 -2.639505315229999951e+02 -3.323394309679999736e+01 9.108126120519999347e+01
6.500000000000000222e-01 -6.441981140269999742e+03 6.076450953100000334e+03 -1.284541241070000069e+04 -2.639104650649999826e+02 -3.342046122280000020e+01 9.123427255379999679e+01
6.500000000000000222e-01 -6.577060409319999962e+03 5.934378564980000192e+03 -1.284441227299999991e+04 -2.639925929159999782e+02 -3.277811241370000062e+01 9.074967492509999545e+01
6.500000000000000222e-01 -6.406729063570000108e+03 5.927168187100000068e+03 -1.276511919759999910e+04 -2.641868660289999866e+02 -3.333828003650000227e+01 9.099327396889999875e+01
6.500000000000000222e-01 -6.460532389289999628e+03 6.103144149570000081e+03 -1.283233629529999962e+04 -2.639970233569999891e+02 -3.324348318959999915e+01 9.137729118519999361e+01
