3.450000000000000000e+05 2.591146322340000097e+03 -4.653281756440000208e+03 -7.247107383270000355e+03 -1.295280271029999994e+02 4.626715682159999687e+01 -1.330067104079999929e+01
6.500000000000000222e-01 2.747248242510000182e+03 -4.811156160819999968e+03 -7.137886707900000147e+03 -1.315023133969999947e+02 4.816159770409999652e+01 -1.488417305930000012e+01
6.500000000000000222e-01 2.458965787640000144e+03 -4.742823047349999797e+03 -7.018619688779999706e+03 -1.279510787779999959e+02 4.879794687689999932e+01 -1.190254325609999952e+01
6.500000000000000222e-01 2.417704932529999951e+03 -4.691162395770000330e+03 -7.017268115179999768e+03 -1.281580386480000016e+02 4.933444511860000148e+01 -1.089915060909999944e+01
6.500000000000000222e-01 2.529102031060000172e+03 -4.882379553839999971e+03 -7.135777693519999957e+03 -1.286964411300000108e+02 4.918174182429999775e+01 -1.231762070689999966e+01
6.500000000000000222e-01 2.668651954339999975e+03 -4.779832550359999914e+03 -7.012914661249999881e+03 -1.304022107380000080e+02 4.817142346770000216e+01 -1.360780501650000041e+01
6.500000000000000222e-01 2.634227678109999943e+03 -4.507025000990000080e+03 -6.992205277609999939e+03 -1.306524365159999945e+02 4.901537501349999815e+01 -1.294515280729999951e+01
6.500000000000000222e-01 2.451106059329999880e+03 -4.577284502980000070e+03 -6.987276524720000452e+03 -1.313774057130000017e+02 4.856939620869999885e+01 -1.231067421879999912e+01
6.500000000000000222e-01 2.652561932929999784e+03 -4.522692830910000339e+03 -6.992795477759999812e+03 -1.313374766150000141e+02 4.877126953119999797e+01 -1.293572401019999951e+01
6.500000000000000222e-01 2.743304592739999862e+03 -4.694300852430000305e+03 -7.028511486919999697e+03 -1.308413812400000040e+02 4.712375568920000291e+01 -1.434552982179999958e+01
6.500000000000000222e-01 2.665843601720000152e+03 -4.628886749729999792e+03 -6.972739155600000231e+03 -1.293694156640000017e+02 4.811749724239999892e+01 -1.332227702449999995e+01
6.500000000000000222e-01 2.474583403499999804e+03 -4.732191808589999710e+03 -7.001656016240000099e+03 -1.279232047320000021e+02 4.953733257849999916e+01 -1.140941859169999972e+01
6.500000000000000222e-01 2.346170655819999865e+03 -4.561265790999999808e+03 -7.137113737339999716e+03 -1.285661872830000050e+02 4.716342784390000276e+01 -1.191237530499999941e+01
6.500000000000000222e-01 2.517180666799999926e+03 -4.443053905230000055e+03 -7.070804530620000151e+03 -1.298006920040000125e+02 4.607242074500000228e+01 -1.174019808259999920e+01
6.500000000000000222e-01 2.364415654280000126e+03 -4.548550216120000186e+03 -7.073646127539999725e+03 -1.305814186979999931e+02 4.825579230940000031e+01 -1.282856280210000044e+01
6.500000000000000222e-01 2.376377658349999820e+03 -4.686539356260000204e+03 -7.069550954530000126e+03 -1.283338991820000103e+02 4.817328822439999669e+01 -1.196199121379999930e+01
6.500000000000000222e-01 2.505746195719999832e+03 -4.753871373740000308e+03 -6.998255353790000299e+03 -1.312061459489999891e+02 4.710334728680000183e+01 -1.391119996139999948e+01
6.500000000000000222e-01 2.449910588369999914e+03 -4.671069948819999809e+03 -6.988127261290000206e+03 -1.279094718879999988e+02 4.921555158430000176e+01 -1.074690726869999935e+01
6.500000000000000222e-01 2.547550136370000018e+03 -4.403697898340000393e+03 -7.121140593379999700e+03 -1.302519405369999959e+02 4.615511610970000334e+01 -1.263459752059999985e+01
6.500000000000000222e-01 2.773362522739999804e+03 -4.501436149099999966e+03 -7.124941949019999811e+03 -1.315350982129999977e+02 4.668758002279999886e+01 -1.466286014890000011e+01
6.500000000000000222e-01 2.646681814049999957e+03 -4.394794229979999727e+03 -7.132969988580000063e+03 -1.320115936710000142e+02 4.654983557079999912e+01 -1.262637386299999953e+01
6.500000000000000222e-01 2.505227794939999967e+03 -4.575165398469999673e+03 -6.968537191809999968e+03 -1.292490251369999896e+02 4.685404953239999770e+01 -1.110002793459999992e+01
6.500000000000000222e-01 2.481312269529999867e+03 -4.514579182309999851e+03 -6.992749171489999753e+03 -1.315999554569999930e+02 4.907014791249999774e+01 -1.231210032439999935e+01
6.500000000000000222e-01 2.469912345329999880e+03 -4.793530974739999692e+03 -7.043539446580000003e+03 -1.299966671010000141e+02 4.723342634769999648e+01 -1.444687443820000006e+01
6.500000000000000222e-01 2.419947962910000115e+03 -4.617432701069999894e+03 -7.001345996740000373e+03 -1.303532306440000070e+02 4.849165101370000031e+01 -1.209139769859999980e+01
6.500000000000000222e-01 2.419276027339999928e+03 -4.637267903820000356e+03 -7.004718794260000323e+03 -1.290177583640000023e+02 4.848834401090000057e+01 -1.140939315550000011e+01
6.500000000000000222e-01 2.587419768679999834e+03 -4.451380803230000311e+03 -7.014377151040000172e+03 -1.316344064319999916e+02 4.905932108460000052e+01 -1.263495097190000038e+01
6.500000000000000222e-01 2.470216598770000019e+03 -4.501449369050000314e+03 -7.020480839550000383e+03 -1.289040284540000130e+02 4.582377416290000127e+01 -9.832878587319999752e+00
6.500000000000000222e-01 2.544744157069999801e+03 -4.674581843709999703e+03 -6.960460736869999891e+03 -1.287979627210000046e+02 4.982942279750000125e+01 -1.196315535269999941e+01
6.500000000000000222e-01 2.549868308990000060e+03 -4.554840550300000359e+03 -6.968838316909999776e+03 -1.304009668150000039e+02 4.734880037789999818e+01 -1.187769867829999981e+01
6.500000000000000222e-01 2.689476782300000195e+03 -4.503746299610000278e+03 -7.025951437959999566e+03 -1.330201149570000041e+02 4.544090460929999864e+01 -1.065015744749999982e+01
6.500000000000000222e-01 2.483488307369999802e+03 -4.702384092530000089e+03 -6.985909068959999786e+03 -1.306340515580000101e+02 4.926173048500000107e+01 -1.273988619200000016e+01
6.500000000000000222e-01 2.676261473219999971e+03 -4.599944051620000209e+03 -6.982423675299999559e+03 -1.336283957009999881e+02 4.662840859660000348e+01 -1.173120178399999958e+01
6.500000000000000222e-01 2.579859006459999819e+03 -4.633112793280000005e+03 -6.951860482680000132e+03 -1.286668380950000028e+02 4.865330216400000296e+01 -1.211366554990000033e+01
6.500000000000000222e-01 2.790733708879999995e+03 -4.495955860529999882e+03 -7.174149150430000191e+03 -1.311913768000000005e+02 4.525618911880000184e+01 -1.450317498140000083e+01
6.500000000000000222e-01 2.592083312629999909e+03 -4.672184470959999999e+03 -6.958651547229999778e+03 -1.302749222440000096e+02 4.660355381450000323e+01 -1.278148148290000030e+01
6.500000000000000222e-01 2.582209630780000225e+03 -4.595382398329999887e+03 -6.957795544679999693e+03 -1.307684204310000098e+02 4.749931292889999668e+01 -1.222128198380000086e+01
6.500000000000000222e-01 2.586777956639999957e+03 -4.392543729639999583e+03 -7.086481964479999988e+03 -1.321783630159999916e+02 4.719576100790000339e+01 -1.173349533600000072e+01
6.500000000000000222e-01 2.449719847020000088e+03 -4.829065630729999612e+03 -7.118930041059999894e+03 -1.296269008200000030e+02 4.911646862229999755e+01 -1.437900434740000044e+01
6.500000000000000222e-01 2.730419778810000025e+03 -4.504600359979999666e+03 -7.061723880489999829e+03 -1.308905383930000141e+02 4.582830214820000236e+01 -1.314172017900000000e+01
6.500000000000000222e-01 2.511896816259999923e+03 -4.805559732669999903e+03 -7.041711377720000200e+03 -1.290329555019999930e+02 5.033773551080000175e+01 -1.198492733840000035e+01
4.560000000000000000e+04 8.530521311349999451e+03 1.920394917979999946e+03 1.964116525769999862e+04 1.990453779739999902e+02 -6.241512383239999906e+01 1.878005407459999958e+02
6.500000000000000222e-01 8.469983830799999851e+03 2.072932367580000118e+03 1.977460656960000051e+04 1.990233435629999974e+02 -6.252859683890000042e+01 1.882927484660000061e+02
6.500000000000000222e-01 8.625494314379999196e+03 2.002583628970000063e+03 1.980787598559999969e+04 1.995340892320000137e+02 -6.189115933989999974e+01 1.876832202150000057e+02
6.500000000000000222e-01 8.466507568080000055e+03 2.064968679290000182e+03 1.977152766799999881e+04 1.990534666430000073e+02 -6.203464005819999727e+01 1.872628706870000030e+02
6.500000000000000222e-01 8.503239599430000453e+03 1.919263936099999910e+03 1.984649137680000058e+04 1.995280924619999894e+02 -6.231642209019999967e+01 1.880470923540000001e+02
6.500000000000000222e-01 8.569778702260000500e+03 1.953309086940000043e+03 1.984449787989999822e+04 1.986490292139999951e+02 -6.306329864180000300e+01 1.884199598870000045e+02
6.500000000000000222e-01 8.533261921459999940e+03 1.920355349220000107e+03 1.984925707229999898e+04 1.991295391010000060e+02 -6.201684199409999820e+01 1.880723363259999985e+02
6.500000000000000222e-01 8.658184307319999789e+03 1.774502642890000061e+03 1.969327958569999828e+04 1.990037829260000137e+02 -6.221558784919999852e+01 1.870649789580000117e+02
6.500000000000000222e-01 8.532784024560000034e+03 1.928690999650000094e+03 1.984917701110000053e+04 1.992826069770000004e+02 -6.201200319250000348e+01 1.880619764289999978e+02
6.500000000000000222e-01 8.494203495859999748e+03 2.103249045919999844e+03 1.970655763189999925e+04 1.993892118429999982e+02 -6.273844376870000161e+01 1.872383182780000084e+02
6.500000000000000222e-01 8.349921843469999658e+03 1.917410137560000067e+03 1.972784078959999897e+04 1.994350861490000000e+02 -6.240127014269999961e+01 1.875343857629999889e+02
6.500000000000000222e-01 8.615693025840000701e+03 1.866416340680000076e+03 1.982557853729999988e+04 1.988465360870000040e+02 -6.209548902910000123e+01 1.884173801880000099e+02
6.500000000000000222e-01 8.726483886590000111e+03 1.907843333609999945e+03 1.969206616320000103e+04 1.987547352889999956e+02 -6.234388148139999686e+01 1.880513994290000142e+02
6.500000000000000222e-01 8.575414440560000003e+03 2.022601135119999981e+03 1.981881085769999845e+04 1.988310613540000134e+02 -6.209773090190000033e+01 1.880891312169999878e+02
6.500000000000000222e-01 8.520316999369999394e+03 1.860358477470000025e+03 1.983796547930000088e+04 1.990219352739999863e+02 -6.263900053609999929e+01 1.878359181989999911e+02
6.500000000000000222e-01 8.552676220150000518e+03 1.944603247020000026e+03 1.984775105370000165e+04 1.997885356209999941e+02 -6.170985990869999682e+01 1.880271814760000098e+02
6.500000000000000222e-01 8.571034539469999800e+03 1.860647552429999905e+03 1.983813686980000057e+04 1.992750236669999993e+02 -6.213053855550000293e+01 1.881984442010000009e+02
6.500000000000000222e-01 8.504689960260000589e+03 1.915105213600000070e+03 1.984681125009999960e+04 1.997187070580000068e+02 -6.215423904589999893e+01 1.880934961680000015e+02
6.500000000000000222e-01 8.525430171219999465e+03 1.920724631430000045e+03 1.984899645709999822e+04 1.991649004029999901e+02 -6.233041913449999782e+01 1.880503078239999866e+02
6.500000000000000222e-01 8.441981898410000213e+03 1.820654529970000112e+03 1.979292653449999852e+04 1.988572156889999860e+02 -6.197648977690000294e+01 1.876100115399999879e+02
6.500000000000000222e-01 8.673005185449999772e+03 1.798953788739999936e+03 1.973264619260000109e+04 1.993214481439999872e+02 -6.248601583789999836e+01 1.874801059650000070e+02
6.500000000000000222e-01 8.457536531640000248e+03 2.038803890689999889e+03 1.978603288230000180e+04 1.998696339189999946e+02 -6.329378463970000013e+01 1.886120211600000118e+02
6.500000000000000222e-01 8.604016916919999858e+03 1.852465298050000001e+03 1.981869539269999950e+04 1.991980577079999932e+02 -6.223674953900000162e+01 1.878232450499999970e+02
6.500000000000000222e-01 8.531809659209999154e+03 1.924579266330000110e+03 1.985000868819999960e+04 1.997163030369999888e+02 -6.323267453180000075e+01 1.881675797849999867e+02
6.500000000000000222e-01 8.545594116910000594e+03 2.069944146240000009e+03 1.977553392549999990e+04 1.994584547080000050e+02 -6.343966015729999697e+01 1.886874512569999922e+02
6.500000000000000222e-01 8.494999521179999647e+03 1.949509344820000024e+03 1.984405773780000163e+04 1.996501151269999923e+02 -6.255628807989999984e+01 1.881569565689999877e+02
6.500000000000000222e-01 8.589723912900000869e+03 1.840780040430000099e+03 1.982007773499999894e+04 1.993582400319999977e+02 -6.251523271509999802e+01 1.877049599409999985e+02
6.500000000000000222e-01 8.459214944499999547e+03 1.983505390540000008e+03 1.981968067650000012e+04 2.000364019319999898e+02 -6.305945415429999912e+01 1.883003379890000133e+02
6.500000000000000222e-01 8.643192359110000325e+03 1.981481871870000077e+03 1.980649665069999901e+04 1.986747400989999903e+02 -6.290270743920000029e+01 1.887038245340000060e+02
6.500000000000000222e-01 8.379593507719999252e+03 1.798892455319999954e+03 1.969335190100000182e+04 1.995665701089999970e+02 -6.211106270919999872e+01 1.883803873090000138e+02
6.500000000000000222e-01 8.430365632189999815e+03 1.749895800810000082e+03 1.967850005999999848e+04 1.993948203719999981e+02 -6.205855844620000283e+01 1.881474962979999930e+02
6.500000000000000222e-01 8.598475255159999506e+03 1.940134788020000087e+03 1.983848681059999944e+04 1.987348938190000069e+02 -6.259922656869999713e+01 1.883571356369999990e+02
6.500000000000000222e-01 8.525767335399999865e+03 1.828981480709999914e+03 1.982826642619999984e+04 1.996332322700000077e+02 -6.256636297419999693e+01 1.879487399790000097e+02
6.500000000000000222e-01 8.567512824789999286e+03 1.847984852360000104e+03 1.982772152170000118e+04 1.986427334219999921e+02 -6.138668141960000213e+01 1.883213048400000105e+02
6.500000000000000222e-01 8.507368347690000519e+03 1.957643666089999897e+03 1.984393678329999966e+04 1.999429039329999966e+02 -6.320769625709999673e+01 1.883161600800000031e+02
6.500000000000000222e-01 8.575971435069999643e+03 1.954687838939999892e+03 1.984200920549999864e+04 1.991419974060000015e+02 -6.219238815840000001e+01 1.880963264309999943e+02
6.500000000000000222e-01 8.527640625809999619e+03 1.732488857950000011e+03 1.972157378439999957e+04 1.993101524859999927e+02 -6.188591075179999734e+01 1.885179919429999984e+02
6.500000000000000222e-01 8.490798231049999231e+03 1.954703601389999903e+03 1.984022702310000022e+04 1.993129001199999948e+02 -6.238754170859999704e+01 1.879470235999999943e+02
6.500000000000000222e-01 8.545235141069999372e+03 1.921811649870000110e+03 1.984995769350000046e+04 1.982831185560000051e+02 -6.232761688179999737e+01 1.882376844140000003e+02
6.500000000000000222e-01 8.510446703199999320e+03 1.833538237069999923e+03 1.982829358209999918e+04 1.997217671580000058e+02 -6.233603728799999999e+01 1.880452961100000095e+02
6.500000000000000222e-01 8.467838616880000700e+03 1.910599529800000028e+03 1.983696659540000110e+04 1.990245404419999886e+02 -6.240681340270000277e+01 1.878436947110000119e+02
1.390000000000000000e+04 -1.199605476070000077e+04 4.179947758219999741e+03 9.295007139539999116e+03 -2.249330137679999950e+02 1.982873467969999979e+02 -3.456610990359999960e+02
6.500000000000000222e-01 -1.212004032299999926e+04 4.227421995990000141e+03 9.348682182669999747e+03 -2.251392554450000034e+02 1.982813534610000090e+02 -3.457861493940000059e+02
6.500000000000000222e-01 -1.208805830199999946e+04 4.275529867600000216e+03 9.344289614490000531e+03 -2.248399955900000009e+02 1.979184612390000098e+02 -3.447743454760000077e+02
6.500000000000000222e-01 -1.187501445539999986e+04 4.121729046579999704e+03 9.332288540260000445e+03 -2.249738890049999895e+02 1.983488990030000139e+02 -3.465650879230000214e+02
6.500000000000000222e-01 -1.195625888529999975e+04 4.125462397039999814e+03 9.421682266750000053e+03 -2.248860784560000070e+02 1.980117676360000019e+02 -3.459036930880000114e+02
6.500000000000000222e-01 -1.196874391079999987e+04 4.140981988790000287e+03 9.430788405609999245e+03 -2.253116885180000111e+02 1.985505318829999908e+02 -3.455575685829999770e+02
6.500000000000000222e-01 -1.188274181660000067e+04 4.219793557639999563e+03 9.366782937179999863e+03 -2.252763309569999990e+02 1.980232341029999930e+02 -3.457005586050000261e+02
6.500000000000000222e-01 -1.210738698339999974e+04 4.132171522880000339e+03 9.375177429159999519e+03 -2.253522049309999886e+02 1.984931595420000008e+02 -3.457483338139999773e+02
6.500000000000000222e-01 -1.188834244709999984e+04 4.173288603019999755e+03 9.383730266529999426e+03 -2.248483550980000132e+02 1.982842260220000128e+02 -3.463372385200000281e+02
6.500000000000000222e-01 -1.204174605069999961e+04 4.221253028180000001e+03 9.424850918349999120e+03 -2.249159932899999887e+02 1.979468925820000038e+02 -3.453317479090000006e+02
6.500000000000000222e-01 -1.200856383900000037e+04 4.136997820560000036e+03 9.432755217840000114e+03 -2.251359258319999981e+02 1.981714797079999926e+02 -3.456138024800000039e+02
6.500000000000000222e-01 -1.202891316709999955e+04 4.262722428389999550e+03 9.404093535210000482e+03 -2.251281800369999928e+02 1.982264433279999878e+02 -3.457276553140000033e+02
6.500000000000000222e-01 -1.199133554700000059e+04 4.175670101360000444e+03 9.439659714249999524e+03 -2.247499451760000113e+02 1.980398550529999966e+02 -3.455583588009999971e+02
6.500000000000000222e-01 -1.200762126030000036e+04 4.213682041629999731e+03 9.434331416299999546e+03 -2.250680832539999869e+02 1.979222295819999999e+02 -3.454632033419999857e+02
6.500000000000000222e-01 -1.203356030140000075e+04 4.285470399470000302e+03 9.391804863420000402e+03 -2.253862686919999874e+02 1.981070041090000018e+02 -3.451836397629999738e+02
6.500000000000000222e-01 -1.208205412579999938e+04 4.262620590659999834e+03 9.372488680610000301e+03 -2.252212726150000037e+02 1.982683522339999911e+02 -3.458070048750000183e+02
6.500000000000000222e-01 -1.197805921689999923e+04 4.185278390600000421e+03 9.437954552630000762e+03 -2.247092321510000090e+02 1.984895730359999959e+02 -3.456454870649999975e+02
6.500000000000000222e-01 -1.199019311320000088e+04 4.143719994770000085e+03 9.434492635360000349e+03 -2.251210348840000108e+02 1.978274784520000082e+02 -3.457196220729999823e+02
6.500000000000000222e-01 -1.207999797319999925e+04 4.160110230809999848e+03 9.412495937780000531e+03 -2.247555765879999967e+02 1.984718837540000038e+02 -3.451132289660000083e+02
6.500000000000000222e-01 -1.200522787480000079e+04 4.175431815930000084e+03 9.439325733870000477e+03 -2.253698041879999892e+02 1.983539892660000135e+02 -3.455569697340000062e+02
6.500000000000000222e-01 -1.200729373520000081e+04 4.135456967199999781e+03 9.432351389240000572e+03 -2.253025336940000045e+02 1.978855326640000101e+02 -3.457076437630000214e+02
6.500000000000000222e-01 -1.199625362090000090e+04 4.181658835960000033e+03 9.440021473529999639e+03 -2.247067563489999884e+02 1.985754050820000032e+02 -3.455190299469999786e+02
6.500000000000000222e-01 -1.194988668119999966e+04 4.235932241149999754e+03 9.417352670300000682e+03 -2.249295095640000000e+02 1.985889720769999940e+02 -3.459508772379999755e+02
6.500000000000000222e-01 -1.204595568490000005e+04 4.176348962879999817e+03 9.432456911879999097e+03 -2.250769119100000069e+02 1.984422181090000095e+02 -3.453840234830000213e+02
6.500000000000000222e-01 -1.200090918140000031e+04 4.187212450480000371e+03 9.439824444879999646e+03 -2.252658009099999958e+02 1.978135292649999997e+02 -3.454836173049999957e+02
6.500000000000000222e-01 -1.212910477039999932e+04 4.160347621019999679e+03 9.346716425759999765e+03 -2.250715292060000081e+02 1.984522284139999897e+02 -3.456066828219999820e+02
6.500000000000000222e-01 -1.200401271690000067e+04 4.160185783539999647e+03 9.438174042489999920e+03 -2.250838596160000122e+02 1.986205787199999975e+02 -3.455065879379999956e+02
6.500000000000000222e-01 -1.195284912219999933e+04 4.245332240490000004e+03 9.413391541459999644e+03 -2.249548980669999878e+02 1.985282293610000011e+02 -3.459590042130000143e+02
6.500000000000000222e-01 -1.199352102689999992e+04 4.225411455389999901e+03 9.432582461899999544e+03 -2.255280956969999977e+02 1.983106158509999943e+02 -3.455230355429999918e+02
6.500000000000000222e-01 -1.205297640019999926e+04 4.195764075899999625e+03 9.429211445450000610e+03 -2.246673951150000050e+02 1.981672507810000070e+02 -3.451231184800000165e+02
6.500000000000000222e-01 -1.201516536029999952e+04 4.164971461479999562e+03 9.437922275749999244e+03 -2.251972282300000074e+02 1.983628396279999890e+02 -3.455298045549999983e+02
6.500000000000000222e-01 -1.194671181839999917e+04 4.115128570640000362e+03 9.410890161639999860e+03 -2.249017716730000132e+02 1.980597648540000080e+02 -3.460739564070000256e+02
6.500000000000000222e-01 -1.190694904859999951e+04 4.261460330529999737e+03 9.364816113689999838e+03 -2.254870820339999966e+02 1.979012506459999940e+02 -3.452424574269999766e+02
6.500000000000000222e-01 -1.202822862659999919e+04 4.216909231980000186e+03 9.432991108079999321e+03 -2.249372818759999859e+02 1.978318822520000140e+02 -3.452008121929999902e+02
6.500000000000000222e-01 -1.198733473290000074e+04 4.188994390220000241e+03 9.439102387380000437e+03 -2.247916662250000002e+02 1.987211855529999980e+02 -3.455899447040000041e+02
6.500000000000000222e-01 -1.198695331760000045e+04 4.206489456219999738e+03 9.436681615080000483e+03 -2.251250047069999880e+02 1.988035825560000092e+02 -3.456476790130000154e+02
6.500000000000000222e-01 -1.196278330730000016e+04 4.213714832399999977e+03 9.430175762689999829e+03 -2.249189318800000024e+02 1.986941542700000127e+02 -3.458022745270000087e+02
6.500000000000000222e-01 -1.198283774950000043e+04 4.164291525980000188e+03 9.437388976129999719e+03 -2.257534502729999986e+02 1.988676365370000099e+02 -3.454678762369999845e+02
6.500000000000000222e-01 -1.203342402670000047e+04 4.222605544600000030e+03 9.430712799779999841e+03 -2.255898404529999937e+02 1.986531467369999859e+02 -3.455757413360000214e+02
6.500000000000000222e-01 -1.204594504899999993e+04 4.158314282039999853e+03 9.430755551730000661e+03 -2.257675526250000075e+02 1.981714884929999982e+02 -3.456535963489999972e+02
6.500000000000000222e-01 -1.189468127160000040e+04 4.238811013229999844e+03 9.371208120530000087e+03 -2.254413673910000000e+02 1.978951822930000048e+02 -3.453430716760000223e+02
