3.450000000000000000e+05 3.480891715079999813e+03 -4.929941474229999585e+03 -7.058461548369999946e+03 -1.202413038560000018e+02 3.158304540070000144e+01 -3.921799922000000294e+01
6.500000000000000222e-01 3.649114458540000214e+03 -5.099474433219999810e+03 -6.940002786039999592e+03 -1.216870870150000030e+02 3.298025194350000078e+01 -4.021817645630000015e+01
6.500000000000000222e-01 3.338009331679999832e+03 -5.034135566619999736e+03 -6.838986697299999832e+03 -1.188021997080000034e+02 3.317845609100000104e+01 -3.806607985670000005e+01
6.500000000000000222e-01 3.298494848979999915e+03 -4.986546474149999995e+03 -6.843997530859999642e+03 -1.190827719640000026e+02 3.378423501900000048e+01 -3.727549134289999699e+01
6.500000000000000222e-01 3.413787614710000071e+03 -5.176753328349999720e+03 -6.955559597600000416e+03 -1.196554570060000060e+02 3.366019884600000012e+01 -3.782911558419999665e+01
6.500000000000000222e-01 3.562815173169999980e+03 -5.067071192940000401e+03 -6.822725587119999545e+03 -1.206121059430000031e+02 3.266895871989999733e+01 -3.932139590959999964e+01
6.500000000000000222e-01 3.529486089859999993e+03 -4.801973615070000051e+03 -6.803683670520000305e+03 -1.206572217589999951e+02 3.397816512920000065e+01 -3.949367913140000041e+01
6.500000000000000222e-01 3.353739664589999848e+03 -4.867870811099999628e+03 -6.802809205120000115e+03 -1.219873607570000047e+02 3.319957675850000101e+01 -3.899677329419999694e+01
6.500000000000000222e-01 3.552530851009999878e+03 -4.815872358579999855e+03 -6.804634904520000418e+03 -1.212962388950000019e+02 3.372764610889999659e+01 -3.940150599110000229e+01
6.500000000000000222e-01 3.639526588230000016e+03 -4.975127589020000414e+03 -6.832762429870000233e+03 -1.207537405159999935e+02 3.191201643269999977e+01 -4.014454186940000113e+01
6.500000000000000222e-01 3.551944637019999846e+03 -4.916447217330000058e+03 -6.782839534069999900e+03 -1.193755343290000042e+02 3.280643083719999709e+01 -3.951457561069999969e+01
6.500000000000000222e-01 3.353125362509999832e+03 -5.028727720230000159e+03 -6.825440742329999921e+03 -1.186920552720000046e+02 3.390770728769999920e+01 -3.759259108629999702e+01
6.500000000000000222e-01 3.230917155619999903e+03 -4.843169653160000053e+03 -6.955514644120000412e+03 -1.197730993130000030e+02 3.215380442760000079e+01 -3.861865120809999752e+01
6.500000000000000222e-01 3.407967872570000054e+03 -4.718050238939999872e+03 -6.889896644890000061e+03 -1.202425040579999944e+02 3.131145875440000026e+01 -3.857775180179999808e+01
6.500000000000000222e-01 3.262777637050000067e+03 -4.837696077679999689e+03 -6.885155337070000314e+03 -1.215776827290000028e+02 3.309765969789999929e+01 -3.962460229869999750e+01
6.500000000000000222e-01 3.259166041030000088e+03 -4.974081138690000444e+03 -6.888693642629999886e+03 -1.194612695069999972e+02 3.273655616149999759e+01 -3.835672211979999702e+01
6.500000000000000222e-01 3.407214120180000009e+03 -5.033009415939999599e+03 -6.804587423539999691e+03 -1.218374729230000071e+02 3.145601999690000028e+01 -3.999967396929999808e+01
6.500000000000000222e-01 3.328332607589999952e+03 -4.965570197259999986e+03 -6.815751393849999658e+03 -1.186685766439999981e+02 3.365667950089999749e+01 -3.717132040909999802e+01
6.500000000000000222e-01 3.441361607410000033e+03 -4.680174688340000102e+03 -6.933944610069999726e+03 -1.206416443490000034e+02 3.163864278060000146e+01 -3.945288909220000306e+01
6.500000000000000222e-01 3.674086845790000098e+03 -4.781709168659999705e+03 -6.925715571400000044e+03 -1.213226724360000048e+02 3.217796057969999879e+01 -4.080231794870000073e+01
6.500000000000000222e-01 3.551923652110000148e+03 -4.674576369090000298e+03 -6.946451104189999569e+03 -1.221003144740000010e+02 3.217627671479999663e+01 -3.926276938000000172e+01
6.500000000000000222e-01 3.392055420270000013e+03 -4.853597923190000074e+03 -6.792838681440000073e+03 -1.196851420689999941e+02 3.150662217180000013e+01 -3.774723914119999790e+01
6.500000000000000222e-01 3.385007099120000021e+03 -4.809341747139999825e+03 -6.807849710520000372e+03 -1.220641804969999953e+02 3.386991504750000104e+01 -3.911055705609999933e+01
6.500000000000000222e-01 3.363603596339999967e+03 -5.073608469929999956e+03 -6.846467793929999971e+03 -1.208631421869999940e+02 3.158552688889999871e+01 -4.043159484630000122e+01
6.500000000000000222e-01 3.315892709809999815e+03 -4.907208663579999666e+03 -6.818734481229999801e+03 -1.211339156100000025e+02 3.304903901619999829e+01 -3.870179983460000273e+01
6.500000000000000222e-01 3.305863388839999971e+03 -4.926913107839999611e+03 -6.827177424970000175e+03 -1.198457610509999967e+02 3.301675651730000283e+01 -3.796242556100000343e+01
6.500000000000000222e-01 3.490106611080000221e+03 -4.747119406789999630e+03 -6.827325619919999554e+03 -1.217548130920000062e+02 3.415361715920000307e+01 -3.938845985639999725e+01
6.500000000000000222e-01 3.355070822730000145e+03 -4.773567655030000424e+03 -6.853128551540000444e+03 -1.194741336929999989e+02 3.076105294010000080e+01 -3.667379589739999801e+01
6.500000000000000222e-01 3.428249750049999875e+03 -4.973433669299999565e+03 -6.779915512790000321e+03 -1.192128582400000028e+02 3.426666404840000268e+01 -3.824330615920000298e+01
6.500000000000000222e-01 3.444294936180000150e+03 -4.837089791219999825e+03 -6.787707270070000050e+03 -1.206679536970000015e+02 3.208302693289999752e+01 -3.849100361440000029e+01
6.500000000000000222e-01 3.601114606340000137e+03 -4.773972663489999832e+03 -6.854274815609999678e+03 -1.228935717479999994e+02 3.062181363039999837e+01 -3.705931259599999805e+01
6.500000000000000222e-01 3.380930296569999882e+03 -4.997045854949999921e+03 -6.799902071479999904e+03 -1.212807842149999971e+02 3.365594775670000161e+01 -3.900716041649999966e+01
6.500000000000000222e-01 3.592412726659999862e+03 -4.877362609679999878e+03 -6.803728947429999607e+03 -1.235512454200000008e+02 3.145729897460000046e+01 -3.794865732889999776e+01
6.500000000000000222e-01 3.461835173639999994e+03 -4.923951201259999834e+03 -6.769943328649999785e+03 -1.189145883179999998e+02 3.319210630829999786e+01 -3.847780543110000195e+01
6.500000000000000222e-01 3.689107395049999923e+03 -4.766642884930000037e+03 -6.976317368189999797e+03 -1.210092414519999977e+02 3.091607409170000054e+01 -4.057827023549999979e+01
6.500000000000000222e-01 3.485478560619999826e+03 -4.948294394249999641e+03 -6.772479670919999990e+03 -1.205095019850000000e+02 3.110881595960000112e+01 -3.901269092239999736e+01
6.500000000000000222e-01 3.478953704340000058e+03 -4.878393674470000406e+03 -6.774783582709999791e+03 -1.209543908419999951e+02 3.214920381860000020e+01 -3.867552290340000098e+01
6.500000000000000222e-01 3.493580090909999853e+03 -4.676244122809999681e+03 -6.905655389010000363e+03 -1.223661504680000007e+02 3.263471190199999938e+01 -3.854875477569999731e+01
6.500000000000000222e-01 3.341608656859999883e+03 -5.122891959339999630e+03 -6.923006995130000178e+03 -1.207307421950000048e+02 3.356164404599999784e+01 -4.018145133990000062e+01
6.500000000000000222e-01 3.626690491370000018e+03 -4.778003751829999601e+03 -6.872739383330000237e+03 -1.207119861630000059e+02 3.111490237989999841e+01 -3.944222233579999681e+01
6.500000000000000222e-01 3.398385773980000067e+03 -5.107738109279999662e+03 -6.862621590589999869e+03 -1.198193530879999997e+02 3.469532479840000150e+01 -3.782876552970000006e+01
4.560000000000000000e+04 7.093457895190000272e+03 2.361612988089999817e+03 1.825985778750000100e+04 2.036209134780000056e+02 -6.115571350929999994e+01 1.994057403420000014e+02
6.500000000000000222e-01 7.033418423619999885e+03 2.514617165489999934e+03 1.838991801660000056e+04 2.035020228509999924e+02 -6.117206536879999845e+01 1.998581041930000026e+02
6.500000000000000222e-01 7.185019267489999947e+03 2.439936395050000101e+03 1.842777479220000168e+04 2.040886860379999916e+02 -6.059760874229999672e+01 1.991819697809999923e+02
6.500000000000000222e-01 7.029735299609999856e+03 2.503144891070000085e+03 1.839417374639999980e+04 2.035294092670000055e+02 -6.068358215789999832e+01 1.988322903399999859e+02
6.500000000000000222e-01 7.063093665270000201e+03 2.359852472040000066e+03 1.846362326860000030e+04 2.040009192720000044e+02 -6.107969771190000330e+01 1.995939207909999880e+02
6.500000000000000222e-01 7.135772449570000390e+03 2.399149361580000004e+03 1.845908237260000169e+04 2.031611351020000029e+02 -6.180337929609999748e+01 1.999341752859999986e+02
6.500000000000000222e-01 7.095900092550000409e+03 2.358816224610000063e+03 1.846625882759999877e+04 2.036199620280000033e+02 -6.078327446120000133e+01 1.996049322679999989e+02
6.500000000000000222e-01 7.221216462469999897e+03 2.214718070859999898e+03 1.831742135889999918e+04 2.036373412430000087e+02 -6.107679727400000047e+01 1.986139224519999971e+02
6.500000000000000222e-01 7.094328034959999968e+03 2.367088772820000031e+03 1.846625616639999862e+04 2.037733008639999923e+02 -6.077094630820000276e+01 1.995937007649999941e+02
6.500000000000000222e-01 7.054892859790000330e+03 2.546312399920000189e+03 1.832935587509999823e+04 2.039051742730000001e+02 -6.134802435769999818e+01 1.988147342419999859e+02
6.500000000000000222e-01 6.910582576990000234e+03 2.358543476339999870e+03 1.834826159059999918e+04 2.038658673760000113e+02 -6.114618975770000020e+01 1.991866706120000003e+02
6.500000000000000222e-01 7.180144728360000045e+03 2.305573947549999957e+03 1.844019422259999919e+04 2.033966125020000106e+02 -6.090048962800000254e+01 1.999291255310000111e+02
6.500000000000000222e-01 7.291171882900000128e+03 2.348635629309999786e+03 1.830931803460000083e+04 2.034237543389999985e+02 -6.110870153919999836e+01 1.995573085480000088e+02
6.500000000000000222e-01 7.140070654430000104e+03 2.461373632190000080e+03 1.843576213790000111e+04 2.033536655460000020e+02 -6.078840974340000258e+01 1.996016520670000034e+02
6.500000000000000222e-01 7.083725631899999826e+03 2.303400059409999812e+03 1.845659854880000057e+04 2.035115876380000088e+02 -6.144488733429999883e+01 1.993845270900000060e+02
6.500000000000000222e-01 7.110578697019999709e+03 2.380813017840000157e+03 1.846510987100000057e+04 2.042878405829999906e+02 -6.045951103630000034e+01 1.995501980559999993e+02
6.500000000000000222e-01 7.132536500209999758e+03 2.300067893079999976e+03 1.845426024340000004e+04 2.037935908100000120e+02 -6.093910742930000168e+01 1.997256404979999900e+02
6.500000000000000222e-01 7.063179759399999966e+03 2.354554404649999924e+03 1.846361186900000030e+04 2.041924257029999978e+02 -6.092269542599999710e+01 1.996405005350000010e+02
6.500000000000000222e-01 7.087835295699999733e+03 2.361417885419999948e+03 1.846614373250000062e+04 2.036498061650000011e+02 -6.109505747069999870e+01 1.995861385389999896e+02
6.500000000000000222e-01 7.006653798399999687e+03 2.259048437899999954e+03 1.841298543960000097e+04 2.033214721420000046e+02 -6.080545291730000201e+01 1.992118374499999902e+02
6.500000000000000222e-01 7.233811168930000349e+03 2.241042921730000216e+03 1.835390338070000143e+04 2.039436912889999860e+02 -6.133135520239999749e+01 1.990066756880000014e+02
6.500000000000000222e-01 7.014976613550000366e+03 2.486024193700000069e+03 1.839903277610000077e+04 2.043350089239999932e+02 -6.195788084320000166e+01 2.001869872450000116e+02
6.500000000000000222e-01 7.165971030439999595e+03 2.292664824890000091e+03 1.843751356959999976e+04 2.037442225830000098e+02 -6.105117380170000274e+01 1.993455687240000032e+02
6.500000000000000222e-01 7.090274956289999864e+03 2.371697419369999807e+03 1.846632883840000068e+04 2.042022034130000065e+02 -6.199195480790000090e+01 1.997006798879999963e+02
6.500000000000000222e-01 7.105775581249999959e+03 2.518134706889999961e+03 1.838812849970000025e+04 2.039794947359999924e+02 -6.208354716950000096e+01 2.002246665099999916e+02
6.500000000000000222e-01 7.053998747900000126e+03 2.391733596810000108e+03 1.846040199569999822e+04 2.041181758609999974e+02 -6.129760986680000201e+01 1.997047022529999936e+02
6.500000000000000222e-01 7.150565670019999743e+03 2.282993570109999837e+03 1.843971729989999949e+04 2.038953883689999884e+02 -6.133693912009999849e+01 1.992337859209999920e+02
6.500000000000000222e-01 7.015503214260000277e+03 2.429212440239999978e+03 1.843492566670000087e+04 2.044908006340000099e+02 -6.176923481410000250e+01 1.998694982719999871e+02
6.500000000000000222e-01 7.208803226130000439e+03 2.426102999050000108e+03 1.841912943549999909e+04 2.032439975709999942e+02 -6.162210252460000248e+01 2.001975177570000142e+02
6.500000000000000222e-01 6.939182718269999896e+03 2.238257200850000117e+03 1.830769037670000034e+04 2.040357347940000068e+02 -6.094188674859999821e+01 2.000471101219999923e+02
6.500000000000000222e-01 6.991045586410000396e+03 2.189016070430000127e+03 1.829454272219999984e+04 2.039026872279999907e+02 -6.092648659019999968e+01 1.998027774519999866e+02
6.500000000000000222e-01 7.163787164289999964e+03 2.382701744949999920e+03 1.845355001550000088e+04 2.032667579620000140e+02 -6.135090990730000016e+01 1.998630781980000108e+02
6.500000000000000222e-01 7.084785561179999604e+03 2.271580659239999932e+03 1.844608017050000126e+04 2.041303890410000008e+02 -6.139386821219999746e+01 1.995021016549999899e+02
6.500000000000000222e-01 7.133511831929999971e+03 2.282132280480000190e+03 1.844293879569999990e+04 2.031662252559999899e+02 -6.020603793659999781e+01 1.998566595020000136e+02
6.500000000000000222e-01 7.064255605620000097e+03 2.404492212470000140e+03 1.845916484710000077e+04 2.044171821939999916e+02 -6.194128528059999894e+01 1.998582726569999863e+02
6.500000000000000222e-01 7.138430015590000039e+03 2.394315146920000188e+03 1.845890873429999920e+04 2.036584366190000139e+02 -6.093431590680000198e+01 1.996093395729999997e+02
6.500000000000000222e-01 7.088785095750000437e+03 2.170447685610000008e+03 1.833516270739999891e+04 2.038587212900000054e+02 -6.077462055609999680e+01 2.001192561379999972e+02
6.500000000000000222e-01 7.052208914089999780e+03 2.395706727729999784e+03 1.845806113919999916e+04 2.037796870599999863e+02 -6.112414869629999714e+01 1.994967870520000019e+02
6.500000000000000222e-01 7.113887743469999805e+03 2.362484754149999844e+03 1.846580257980000169e+04 2.027818318859999920e+02 -6.109228317520000218e+01 1.997633519119999903e+02
6.500000000000000222e-01 7.068864916929999708e+03 2.274481577779999952e+03 1.844539518809999936e+04 2.042097537100000011e+02 -6.116027022890000353e+01 1.996052023450000092e+02
6.500000000000000222e-01 7.031340108229999714e+03 2.351849311060000218e+03 1.845548437639999975e+04 2.034820980400000110e+02 -6.117448418059999682e+01 1.994088159700000062e+02
1.390000000000000000e+04 -1.031763724619999994e+04 2.724807279139999991e+03 1.176424022530000002e+04 -2.366713866480000092e+02 2.019204063530000042e+02 -3.334890927850000253e+02
6.500000000000000222e-01 -1.044035075959999995e+04 2.772365984420000132e+03 1.181934715470000083e+04 -2.368235241389999999e+02 2.019085735909999926e+02 -3.337610166169999957e+02
6.500000000000000222e-01 -1.041058970509999926e+04 2.822870564809999905e+03 1.180754350859999977e+04 -2.365125836279999874e+02 2.016121046639999861e+02 -3.327325411279999798e+02
6.500000000000000222e-01 -1.019643458289999944e+04 2.666269292240000141e+03 1.180752212630000031e+04 -2.366652546299999926e+02 2.019422800819999964e+02 -3.342401710280000202e+02
6.500000000000000222e-01 -1.027863105940000059e+04 2.672646554720000040e+03 1.189241332440000042e+04 -2.364966232280000042e+02 2.015565017899999987e+02 -3.336685919459999923e+02
6.500000000000000222e-01 -1.028806892929999958e+04 2.684219876669999849e+03 1.189906463500000064e+04 -2.369112471029999938e+02 2.021040007640000056e+02 -3.333386754780000274e+02
6.500000000000000222e-01 -1.020221600550000039e+04 2.766356611379999777e+03 1.183587832270000035e+04 -2.369029899500000056e+02 2.017139199879999865e+02 -3.334158847350000201e+02
6.500000000000000222e-01 -1.042613870979999956e+04 2.675964484090000042e+03 1.184538934340000014e+04 -2.370358257800000104e+02 2.020121270619999905e+02 -3.336769250319999855e+02
6.500000000000000222e-01 -1.021093614309999975e+04 2.718174495820000175e+03 1.185741204359999938e+04 -2.364706774429999996e+02 2.019137536009999963e+02 -3.340439410370000246e+02
6.500000000000000222e-01 -1.036399233979999917e+04 2.768643498880000152e+03 1.189187860010000077e+04 -2.365099661149999974e+02 2.015688249659999940e+02 -3.332198602130000040e+02
6.500000000000000222e-01 -1.032913702740000008e+04 2.683046684100000220e+03 1.190159234210000068e+04 -2.367454653499999893e+02 2.017102531159999899e+02 -3.334375532519999865e+02
6.500000000000000222e-01 -1.034959831269999995e+04 2.807878975309999987e+03 1.187400180980000005e+04 -2.367274964130000114e+02 2.019033437999999876e+02 -3.336145182559999967e+02
6.500000000000000222e-01 -1.031481344419999914e+04 2.722521155190000172e+03 1.190807851730000039e+04 -2.363325118079999925e+02 2.016220879740000100e+02 -3.333780268460000116e+02
6.500000000000000222e-01 -1.032880591070000082e+04 2.761249650679999831e+03 1.190216768029999912e+04 -2.366476523810000003e+02 2.015437085480000121e+02 -3.333115567379999788e+02
6.500000000000000222e-01 -1.035234764990000076e+04 2.831400299920000180e+03 1.185781621000000086e+04 -2.369932977859999994e+02 2.018107391689999872e+02 -3.330843768099999807e+02
6.500000000000000222e-01 -1.040191955620000044e+04 2.807502710530000058e+03 1.184319168490000084e+04 -2.368628677220000043e+02 2.019381834449999928e+02 -3.337516156070000193e+02
6.500000000000000222e-01 -1.030184368449999965e+04 2.728808099049999782e+03 1.190696584729999995e+04 -2.362884868859999870e+02 2.020854607770000086e+02 -3.334536485900000002e+02
6.500000000000000222e-01 -1.031091593900000044e+04 2.692227549870000075e+03 1.190403698380000060e+04 -2.367181908709999902e+02 2.013784391709999966e+02 -3.335263100209999720e+02
6.500000000000000222e-01 -1.040326853549999942e+04 2.703960675159999937e+03 1.187801388550000047e+04 -2.363892269360000000e+02 2.020176822669999979e+02 -3.330229081800000017e+02
6.500000000000000222e-01 -1.032419097929999953e+04 2.720018275119999998e+03 1.190778147379999973e+04 -2.369558825599999921e+02 2.019313317520000055e+02 -3.333886586469999997e+02
6.500000000000000222e-01 -1.032668757960000039e+04 2.683602163359999849e+03 1.190186660809999921e+04 -2.369031630050000103e+02 2.014213854790000084e+02 -3.335297056129999760e+02
6.500000000000000222e-01 -1.032004832770000030e+04 2.724604445680000026e+03 1.190817997710000054e+04 -2.362893287329999907e+02 2.021609548970000105e+02 -3.333455053170000042e+02
6.500000000000000222e-01 -1.027206877349999922e+04 2.778480822389999958e+03 1.188853911879999941e+04 -2.365088146740000070e+02 2.022552442680000127e+02 -3.337445467800000074e+02
6.500000000000000222e-01 -1.036700483680000070e+04 2.720333723520000149e+03 1.189982195769999998e+04 -2.366773472609999942e+02 2.020098300999999879e+02 -3.332611948169999891e+02
6.500000000000000222e-01 -1.032064748829999917e+04 2.735668620920000194e+03 1.190774796099999912e+04 -2.368465977079999902e+02 2.014075879060000034e+02 -3.333156817560000036e+02
6.500000000000000222e-01 -1.044981048969999938e+04 2.704320977200000016e+03 1.181603051360000063e+04 -2.367811468950000062e+02 2.020040720140000019e+02 -3.335695361219999882e+02
6.500000000000000222e-01 -1.032503048699999999e+04 2.702894575220000206e+03 1.190624223890000030e+04 -2.366760101440000028e+02 2.021808979859999909e+02 -3.333327997900000241e+02
6.500000000000000222e-01 -1.027484198560000004e+04 2.788282293849999860e+03 1.188466203889999997e+04 -2.365359359690000076e+02 2.022057246399999997e+02 -3.337591309310000156e+02
6.500000000000000222e-01 -1.031137713310000072e+04 2.770093674650000139e+03 1.190081022590000066e+04 -2.371031022059999884e+02 2.019486429529999896e+02 -3.333584564340000043e+02
6.500000000000000222e-01 -1.037700852510000004e+04 2.741674608780000199e+03 1.189473801249999997e+04 -2.362673762640000064e+02 2.017555783059999897e+02 -3.330161710279999738e+02
6.500000000000000222e-01 -1.033535979790000056e+04 2.709545109669999874e+03 1.190620867050000015e+04 -2.367898691290000102e+02 2.019261902549999945e+02 -3.333694732960000238e+02
6.500000000000000222e-01 -1.026892106509999940e+04 2.661981278000000202e+03 1.188280901459999950e+04 -2.365246902890000058e+02 2.015990447519999975e+02 -3.338246934669999746e+02
6.500000000000000222e-01 -1.022492339949999950e+04 2.808769963209999787e+03 1.183073094900000069e+04 -2.371082040649999954e+02 2.016320526309999934e+02 -3.329975694280000198e+02
6.500000000000000222e-01 -1.035035727369999950e+04 2.765148049720000017e+03 1.189900950960000046e+04 -2.365167188089999968e+02 2.014498979040000108e+02 -3.330750947089999841e+02
6.500000000000000222e-01 -1.031052324829999998e+04 2.730840410729999803e+03 1.190774947500000053e+04 -2.363708075549999990e+02 2.023173066859999949e+02 -3.334087572309999814e+02
6.500000000000000222e-01 -1.030773280619999969e+04 2.747665533060000143e+03 1.190576600110000072e+04 -2.367008123269999942e+02 2.024194077619999916e+02 -3.334705108530000075e+02
6.500000000000000222e-01 -1.028505623440000090e+04 2.755619186030000037e+03 1.190030140279999978e+04 -2.364946136959999876e+02 2.023276328450000108e+02 -3.336023206680000044e+02
6.500000000000000222e-01 -1.029900095399999918e+04 2.705161588720000054e+03 1.190509038379999947e+04 -2.373412053200000003e+02 2.024390928690000067e+02 -3.332695388199999798e+02
6.500000000000000222e-01 -1.035079996419999952e+04 2.764859005039999829e+03 1.189947642860000087e+04 -2.371792933179999920e+02 2.022756219130000090e+02 -3.334513713960000132e+02
6.500000000000000222e-01 -1.036195023269999911e+04 2.704330901620000077e+03 1.190005190469999980e+04 -2.373735710729999937e+02 2.017215732900000091e+02 -3.335225483610000197e+02
6.500000000000000222e-01 -1.021298990500000036e+04 2.786247456990000046e+03 1.183777469039999960e+04 -2.370603773709999871e+02 2.016026268070000071e+02 -3.330771917480000184e+02
