3.450000000000000000e+05 4.574308955849999620e+03 -5.139721173939999971e+03 -6.518636670130000311e+03 -1.043221597990000049e+02 1.166108093499999931e+01 -7.128499318549999941e+01
6.500000000000000222e-01 4.753536290150000241e+03 -5.320006329769999866e+03 -6.394902821759999824e+03 -1.051680935899999980e+02 1.250073211459999989e+01 -7.134739542100000165e+01
6.500000000000000222e-01 4.418088419249999788e+03 -5.253300134559999606e+03 -6.309176026729999649e+03 -1.030029843150000062e+02 1.200289650959999932e+01 -7.035929339090000667e+01
6.500000000000000222e-01 4.381686622969999917e+03 -5.211985563070000353e+03 -6.320606460590000097e+03 -1.033590290180000011e+02 1.268562476339999989e+01 -6.982202846110000394e+01
6.500000000000000222e-01 4.503400170120000439e+03 -5.401477038699999866e+03 -6.432068808080000053e+03 -1.041379858300000052e+02 1.267593657579999977e+01 -6.930782390619999944e+01
6.500000000000000222e-01 4.656591178239999863e+03 -5.282438986199999817e+03 -6.284062478120000378e+03 -1.040345811440000006e+02 1.174827379469999933e+01 -7.090993282290000366e+01
6.500000000000000222e-01 4.621851599759999772e+03 -5.032692964240000038e+03 -6.258391903159999856e+03 -1.036786004840000004e+02 1.357778581890000069e+01 -7.207697291140000573e+01
6.500000000000000222e-01 4.462455887969999822e+03 -5.088830677509999987e+03 -6.261144491289999678e+03 -1.056849523780000055e+02 1.234939700570000021e+01 -7.183730121000000679e+01
6.500000000000000222e-01 4.650810353429999850e+03 -5.044221084410000003e+03 -6.260815572679999605e+03 -1.042587809409999977e+02 1.334560905050000024e+01 -7.186449653050000563e+01
6.500000000000000222e-01 4.732726270889999796e+03 -5.185034001959999841e+03 -6.285595219660000112e+03 -1.037755605830000007e+02 1.137877769049999976e+01 -7.183431287380000185e+01
6.500000000000000222e-01 4.632179840230000082e+03 -5.134172909539999637e+03 -6.239374296680000043e+03 -1.024750922519999961e+02 1.208383215299999947e+01 -7.169617120179999858e+01
6.500000000000000222e-01 4.431700796019999871e+03 -5.254925906290000057e+03 -6.300290025399999649e+03 -1.028098019340000064e+02 1.272247622239999920e+01 -6.986639159800000698e+01
6.500000000000000222e-01 4.322172140009999566e+03 -5.055985953329999575e+03 -6.416345771039999818e+03 -1.043011934539999999e+02 1.169956786130000026e+01 -7.174520210900000450e+01
6.500000000000000222e-01 4.498843604269999560e+03 -4.924649771469999905e+03 -6.350858587470000202e+03 -1.037645990489999974e+02 1.127408215620000043e+01 -7.173514726690000032e+01
6.500000000000000222e-01 4.369906544870000289e+03 -5.058715530329999638e+03 -6.336158023500000127e+03 -1.057559741219999978e+02 1.244712912149999973e+01 -7.273768131539999615e+01
6.500000000000000222e-01 4.347108121029999893e+03 -5.189951726170000256e+03 -6.354304224810000051e+03 -1.039438420030000003e+02 1.175702869410000062e+01 -7.101820414309999308e+01
6.500000000000000222e-01 4.514849121209999794e+03 -5.235461828870000318e+03 -6.256664348170000267e+03 -1.056219877190000034e+02 1.029615240310000068e+01 -7.214301926449999769e+01
6.500000000000000222e-01 4.406478348419999747e+03 -5.189771418799999992e+03 -6.293194468269999561e+03 -1.027382653279999971e+02 1.256043681539999923e+01 -6.974982682339999940e+01
6.500000000000000222e-01 4.535777535320000425e+03 -4.891406278860000384e+03 -6.386501562870000271e+03 -1.040951176749999973e+02 1.189355019429999949e+01 -7.258962180919999696e+01
6.500000000000000222e-01 4.771857746229999975e+03 -4.998456326950000403e+03 -6.369951629389999653e+03 -1.041422448130000049e+02 1.250276879699999988e+01 -7.294164614579999295e+01
6.500000000000000222e-01 4.658729933890000211e+03 -4.892161935350000022e+03 -6.402403672120000010e+03 -1.052016265390000029e+02 1.267396400310000004e+01 -7.206553109220000408e+01
6.500000000000000222e-01 4.477638786479999908e+03 -5.058508041819999562e+03 -6.263344771519999995e+03 -1.032403733109999990e+02 1.074653707859999940e+01 -7.059538464569999405e+01
6.500000000000000222e-01 4.493532082890000311e+03 -5.037863576710000416e+03 -6.264536688989999675e+03 -1.055714013630000068e+02 1.323178323660000011e+01 -7.205401472040000499e+01
6.500000000000000222e-01 4.463414973910000299e+03 -5.277143575170000076e+03 -6.294681466760000148e+03 -1.049866898890000044e+02 1.038115897860000025e+01 -7.252125998850000599e+01
6.500000000000000222e-01 4.417548961350000354e+03 -5.126186471269999856e+03 -6.280182450479999716e+03 -1.050875264750000042e+02 1.209002076390000013e+01 -7.150291393480000579e+01
6.500000000000000222e-01 4.395552855400000226e+03 -5.145408158750000439e+03 -6.296036315989999821e+03 -1.039213983110000044e+02 1.202298606279999937e+01 -7.072515229610000631e+01
6.500000000000000222e-01 4.593618256060000022e+03 -4.980347759029999906e+03 -6.281766146079999999e+03 -1.048631994550000002e+02 1.391594272580000080e+01 -7.223218660919999934e+01
6.500000000000000222e-01 4.439446917489999578e+03 -4.973114003830000001e+03 -6.332545688350000091e+03 -1.031990590919999988e+02 1.038541362079999963e+01 -6.984423284999999737e+01
6.500000000000000222e-01 4.509518124330000319e+03 -5.203577600220000022e+03 -6.248220071900000221e+03 -1.028451106819999978e+02 1.317664701660000048e+01 -7.054529963699999939e+01
6.500000000000000222e-01 4.538262324549999903e+03 -5.048112172739999551e+03 -6.251438826530000370e+03 -1.039841634059999933e+02 1.142788123230000075e+01 -7.123521873369999469e+01
6.500000000000000222e-01 4.714371533989999989e+03 -4.974235383510000247e+03 -6.333399762689999989e+03 -1.057481402049999986e+02 1.069509819780000015e+01 -6.949157566479999559e+01
6.500000000000000222e-01 4.483385906860000432e+03 -5.220967688159999852e+03 -6.260743774450000274e+03 -1.051193298289999944e+02 1.250813289559999930e+01 -7.131947796049999511e+01
6.500000000000000222e-01 4.712313153500000226e+03 -5.083423631540000315e+03 -6.275612329999999929e+03 -1.064558606429999941e+02 1.105624919309999932e+01 -7.008716447000000471e+01
6.500000000000000222e-01 4.539074000859999614e+03 -5.144392329319999590e+03 -6.235410062130000370e+03 -1.023125423470000044e+02 1.225533996969999961e+01 -7.089547706730000698e+01
6.500000000000000222e-01 4.784143020950000391e+03 -4.972320843409999725e+03 -6.422879267860000255e+03 -1.038955861879999958e+02 1.148793683989999970e+01 -7.269897584269999413e+01
6.500000000000000222e-01 4.577883677890000399e+03 -5.148532766020000054e+03 -6.233455359790000330e+03 -1.038245227329999949e+02 1.019346475699999921e+01 -7.129089388479999911e+01
6.500000000000000222e-01 4.575262130549999711e+03 -5.089588794420000340e+03 -6.237833978460000253e+03 -1.041852584479999990e+02 1.140212103980000080e+01 -7.118850415289999489e+01
6.500000000000000222e-01 4.603431422239999847e+03 -4.897111074120000012e+03 -6.367552511580000100e+03 -1.055543485099999970e+02 1.289427749570000081e+01 -7.154787025939999978e+01
6.500000000000000222e-01 4.441935141330000079e+03 -5.346080015079999612e+03 -6.374744216920000326e+03 -1.052360482410000060e+02 1.244389723759999988e+01 -7.205062786620000281e+01
6.500000000000000222e-01 4.718628584240000237e+03 -4.983315784749999693e+03 -6.329130897060000279e+03 -1.035462408049999965e+02 1.122123883379999931e+01 -7.180092545280000138e+01
6.500000000000000222e-01 4.488195206460000009e+03 -5.341609288050000032e+03 -6.337404131250000319e+03 -1.040051487700000052e+02 1.352053269640000011e+01 -6.964346138659999497e+01
6.500000000000000222e-01 4.492256006880000314e+03 -4.927142291170000135e+03 -6.342137248660000296e+03 -1.052570598979999943e+02 1.211365520480000058e+01 -7.024686999559999379e+01
6.500000000000000222e-01 4.696183840229999987e+03 -5.036896217010000328e+03 -6.282264499390000310e+03 -1.036437399609999943e+02 1.312579297589999960e+01 -7.237893264650000447e+01
6.500000000000000222e-01 4.486851537679999637e+03 -4.948301651449999554e+03 -6.325156756829999722e+03 -1.052214747950000060e+02 1.323388820039999914e+01 -7.265304044139999462e+01
6.500000000000000222e-01 4.528150517449999825e+03 -5.142513985309999953e+03 -6.237007240609999826e+03 -1.041025452800000011e+02 1.194941085389999991e+01 -7.114681082689999414e+01
6.500000000000000222e-01 4.637965721880000274e+03 -5.080308502589999989e+03 -6.246913163330000316e+03 -1.059410094490000063e+02 1.027800795169999937e+01 -7.055664699499999415e+01
6.500000000000000222e-01 4.577757061170000270e+03 -5.147177807480000411e+03 -6.233465134170000056e+03 -1.049312555350000054e+02 1.259192935019999915e+01 -7.123541515319999462e+01
6.500000000000000222e-01 4.751400727930000357e+03 -5.344154226759999801e+03 -6.430209802940000372e+03 -1.040659294339999974e+02 1.135334782079999982e+01 -7.369126686389999747e+01
6.500000000000000222e-01 4.573914703589999590e+03 -5.135844401829999697e+03 -6.233326731099999961e+03 -1.045828236119999985e+02 1.264855114110000045e+01 -7.125039035359999673e+01
6.500000000000000222e-01 4.517619548120000218e+03 -4.881458154939999986e+03 -6.415092264439999781e+03 -1.041559345769999965e+02 1.175548273609999939e+01 -7.261818438749999416e+01
6.500000000000000222e-01 4.318133586470000409e+03 -5.143731386610000300e+03 -6.393245327839999845e+03 -1.043792651170000028e+02 1.190069085899999912e+01 -7.142607867399999577e+01
6.500000000000000222e-01 4.697037813959999767e+03 -5.219853691309999704e+03 -6.273353306390000398e+03 -1.051405910269999993e+02 1.208204896470000023e+01 -7.070379665270000658e+01
6.500000000000000222e-01 4.850621307979999983e+03 -5.158275341300000036e+03 -6.451397029460000340e+03 -1.045149168589999960e+02 1.154665729909999961e+01 -7.163131800259999693e+01
6.500000000000000222e-01 4.641792411899999934e+03 -5.005078041730000223e+03 -6.275654883899999732e+03 -1.054794911729999995e+02 1.277733806210000012e+01 -7.128263316160000329e+01
6.500000000000000222e-01 4.562087000880000232e+03 -5.216849093140000150e+03 -6.244647397740000088e+03 -1.051269043169999975e+02 1.092765150540000008e+01 -7.171857077580000350e+01
6.500000000000000222e-01 4.590877155930000299e+03 -5.120197403369999847e+03 -6.234412843060000341e+03 -1.033651841690000026e+02 1.339298712729999963e+01 -7.138362231969999527e+01
6.500000000000000222e-01 4.626734633850000137e+03 -5.226988230920000206e+03 -6.251586438080000335e+03 -1.043529302959999967e+02 1.204029002450000085e+01 -7.105955515889999674e+01
6.500000000000000222e-01 4.526207160760000079e+03 -5.151547678410000117e+03 -6.237537062770000375e+03 -1.036495146479999931e+02 1.229783785210000069e+01 -7.103710849479999467e+01
6.500000000000000222e-01 4.566251609199999621e+03 -5.140194345840000096e+03 -6.233412636709999788e+03 -1.048821782429999985e+02 1.188637475590000037e+01 -7.125147479250000515e+01
6.500000000000000222e-01 4.457316590899999937e+03 -5.285268180330000177e+03 -6.303624339400000281e+03 -1.055406018630000062e+02 1.235562104889999979e+01 -7.183678689430000475e+01
6.500000000000000222e-01 4.765552957849999984e+03 -5.304854556870000124e+03 -6.383602224180000121e+03 -1.034615389540000052e+02 1.083610454259999933e+01 -7.286438800989999720e+01
6.500000000000000222e-01 4.457709973330000139e+03 -4.958246957010000187e+03 -6.333053239259999827e+03 -1.033563156379999981e+02 1.025178796940000048e+01 -6.941970501469999988e+01
6.500000000000000222e-01 4.673620535670000208e+03 -5.236095840400000270e+03 -6.270803193439999632e+03 -1.043526660659999976e+02 1.171950880880000057e+01 -7.201827099800000553e+01
6.500000000000000222e-01 4.563643918640000265e+03 -5.116248665729999630e+03 -6.234344957409999552e+03 -1.036100027389999951e+02 9.835388765970000335e+00 -7.096723471250000159e+01
6.500000000000000222e-01 4.587415464149999934e+03 -4.912488291630000276e+03 -6.348561230829999658e+03 -1.040058537959999967e+02 9.935676118749999119e+00 -6.958083728539999413e+01
6.500000000000000222e-01 4.514239042860000154e+03 -5.095960431929999686e+03 -6.242616329550000046e+03 -1.038738943320000061e+02 1.152524825300000089e+01 -7.083416112550000321e+01
6.500000000000000222e-01 4.650629002409999885e+03 -5.246390102639999895e+03 -6.266542585850000251e+03 -1.040336739859999966e+02 1.105133124029999969e+01 -7.223780432190000056e+01
6.500000000000000222e-01 4.456804473000000144e+03 -5.038940350099999705e+03 -6.279776594599999953e+03 -1.030458211210000030e+02 1.056478454350000007e+01 -7.025484892910000667e+01
6.500000000000000222e-01 4.738314468300000044e+03 -5.045058505859999968e+03 -6.305309425419999570e+03 -1.055048450820000028e+02 1.067015489669999972e+01 -7.007130763860000400e+01
6.500000000000000222e-01 4.356054716599999665e+03 -5.312792461699999876e+03 -6.459292744289999973e+03 -1.036651892849999967e+02 1.200594344329999963e+01 -6.946076460819999454e+01
6.500000000000000222e-01 4.429428107409999939e+03 -5.381282314109999788e+03 -6.475045184970000264e+03 -1.037885279900000057e+02 1.185227518329999974e+01 -7.018259399740000504e+01
6.500000000000000222e-01 4.675686688990000221e+03 -5.108030493680000291e+03 -6.253881524119999995e+03 -1.056032324829999993e+02 1.125465584830000054e+01 -7.080421513090000474e+01
6.500000000000000222e-01 4.556895959849999599e+03 -5.261526986930000021e+03 -6.260615865900000244e+03 -1.036178804719999960e+02 1.096345825769999927e+01 -7.142687915700000190e+01
6.500000000000000222e-01 4.634892812930000218e+03 -5.259807643129999633e+03 -6.268833348250000199e+03 -1.057452499649999993e+02 1.367976618790000032e+01 -7.075681146860000581e+01
6.500000000000000222e-01 4.525215532010000061e+03 -5.071331363360000068e+03 -6.245951978459999737e+03 -1.031698709460000032e+02 1.006098771309999940e+01 -7.048667430710000303e+01
6.500000000000000222e-01 4.636281559340000058e+03 -5.096392685849999907e+03 -6.243656303490000028e+03 -1.047729976739999955e+02 1.228486679170000073e+01 -7.132193081970000037e+01
6.500000000000000222e-01 4.565455146299999797e+03 -5.408665319920000002e+03 -6.421927869850000206e+03 -1.037880292199999985e+02 1.207231072070000089e+01 -6.981981384649999711e+01
6.500000000000000222e-01 4.515419466160000411e+03 -5.092340286980000201e+03 -6.243624155370000153e+03 -1.046611021930000049e+02 1.194921831189999928e+01 -7.132175386960000196e+01
6.500000000000000222e-01 4.611758341470000232e+03 -5.138783614050000324e+03 -6.235813367089999701e+03 -1.068421344289999979e+02 1.185821678469999974e+01 -7.093319864949999953e+01
6.500000000000000222e-01 4.533966070800000125e+03 -5.260019451529999969e+03 -6.262684904830000050e+03 -1.034614297069999935e+02 1.152925600020000019e+01 -7.113474459500000080e+01
6.500000000000000222e-01 4.489733033129999967e+03 -5.152573344250000446e+03 -6.246368702329999905e+03 -1.053426208860000060e+02 1.173375364480000016e+01 -7.148491629309999951e+01
6.500000000000000222e-01 4.331663872049999554e+03 -5.044467384370000218e+03 -6.403413632009999674e+03 -1.048773102920000042e+02 1.197247630969999932e+01 -7.276007652120000557e+01
6.500000000000000222e-01 4.386234320640000078e+03 -4.939804890759999580e+03 -6.442423554689999946e+03 -1.038181213910000054e+02 1.114449950640000075e+01 -6.894211113270000624e+01
6.500000000000000222e-01 4.815376697400000012e+03 -5.256513734850000219e+03 -6.422170605539999997e+03 -1.038804653589999987e+02 1.142464523329999970e+01 -7.364661232320000295e+01
6.500000000000000222e-01 4.648481111240000246e+03 -5.237501392799999849e+03 -6.260633918620000259e+03 -1.031483507920000022e+02 1.022506740440000073e+01 -7.210597422569999537e+01
6.500000000000000222e-01 4.635841495609999583e+03 -5.222681272410000020e+03 -6.252213364440000078e+03 -1.046078198090000058e+02 1.220558936199999955e+01 -7.097665106350000030e+01
6.500000000000000222e-01 4.806951016349999918e+03 -5.054081342720000066e+03 -6.377505502689999958e+03 -1.046911935260000064e+02 1.114721986590000036e+01 -7.072440648939999619e+01
6.500000000000000222e-01 4.363204002790000231e+03 -5.237547795409999708e+03 -6.353212859580000440e+03 -1.054589825289999965e+02 1.187088448059999912e+01 -7.255947177790000069e+01
6.500000000000000222e-01 4.783047224820000338e+03 -5.152697038010000142e+03 -6.325221538589999909e+03 -1.030745421130000068e+02 1.164022529060000011e+01 -7.307739088009999762e+01
6.500000000000000222e-01 4.478452813439999773e+03 -5.046683637199999794e+03 -6.267374955770000270e+03 -1.034047386919999951e+02 1.079080097189999954e+01 -7.072199014379999937e+01
6.500000000000000222e-01 4.551561737940000057e+03 -5.218969295849999980e+03 -6.245349444569999832e+03 -1.040952899029999941e+02 1.084571578439999939e+01 -7.147731245600000705e+01
6.500000000000000222e-01 4.510411688700000013e+03 -4.973838504090000242e+03 -6.297099707989999843e+03 -1.042215367029999982e+02 1.213465628189999990e+01 -7.199627336689999879e+01
6.500000000000000222e-01 4.573708051190000333e+03 -5.139201785360000031e+03 -6.233241561320000073e+03 -1.026092585770000056e+02 1.074010257920000022e+01 -7.119302537320000113e+01
6.500000000000000222e-01 4.550520753370000421e+03 -5.061054840869999680e+03 -6.245773236930000166e+03 -1.037888125770000016e+02 1.065656746710000036e+01 -7.095086995580000178e+01
6.500000000000000222e-01 4.508996047820000058e+03 -4.925775703409999551e+03 -6.337237427299999581e+03 -1.052362530730000003e+02 1.189782141999999965e+01 -7.007361477909999792e+01
6.500000000000000222e-01 4.408500002380000296e+03 -4.975090547050000168e+03 -6.356124126050000086e+03 -1.048890264019999989e+02 1.225301206700000023e+01 -7.260276541960000429e+01
6.500000000000000222e-01 4.598876715719999993e+03 -5.133702540399999634e+03 -6.234416545600000063e+03 -1.024326556230000023e+02 1.238713534070000044e+01 -7.141451270379999983e+01
6.500000000000000222e-01 4.587369979449999846e+03 -5.195784145440000430e+03 -6.239237127049999799e+03 -1.039585612340000011e+02 9.726687335379999411e+00 -7.171710040989999868e+01
6.500000000000000222e-01 4.398725861420000001e+03 -5.181923901850000220e+03 -6.297969041649999781e+03 -1.030531565430000001e+02 1.204790157959999952e+01 -7.020819898630000466e+01
6.500000000000000222e-01 4.564418321670000296e+03 -5.148804157180000402e+03 -6.233632357460000094e+03 -1.048190188199999966e+02 1.180136172199999933e+01 -7.126243742469999631e+01
6.500000000000000222e-01 4.558767637949999880e+03 -5.213545330580000154e+03 -6.243435074809999605e+03 -1.046331259669999980e+02 9.842266007010000095e+00 -7.178604810859999930e+01
1.390000000000000000e+04 -7.984526651070000298e+03 7.731240771669999958e+02 1.487729687340000055e+04 -2.485095058510000001e+02 2.042182709559999978e+02 -3.151446812730000033e+02
6.500000000000000222e-01 -7.991489309960000355e+03 7.708115070650000007e+02 1.502017092059999959e+04 -2.479565604050000047e+02 2.044242630690000055e+02 -3.150755399779999948e+02
6.500000000000000222e-01 -7.941489582709999922e+03 8.233406557509999857e+02 1.500409355909999977e+04 -2.481540167169999904e+02 2.046048919300000080e+02 -3.154190289910000047e+02
6.500000000000000222e-01 -8.034531375069999740e+03 7.680554997689999936e+02 1.501126624640000045e+04 -2.483846769319999908e+02 2.042612490200000082e+02 -3.150412475699999959e+02
6.500000000000000222e-01 -7.986758279059999950e+03 7.890062803230000554e+02 1.501946378369999911e+04 -2.485129979650000109e+02 2.036836457130000042e+02 -3.150457551069999909e+02
6.500000000000000222e-01 -8.115569951059999767e+03 7.521775126640000053e+02 1.493076396980000027e+04 -2.486462383809999892e+02 2.042390080069999954e+02 -3.154074299200000269e+02
6.500000000000000222e-01 -7.992719086400000378e+03 7.490712485410000454e+02 1.501810198010000022e+04 -2.483496051920000127e+02 2.044112526719999892e+02 -3.150607436180000036e+02
6.500000000000000222e-01 -7.943979552279999552e+03 8.335426857820000350e+02 1.500037965810000060e+04 -2.481860676459999979e+02 2.045706914769999969e+02 -3.154375440609999828e+02
6.500000000000000222e-01 -7.975042238009999892e+03 8.179998481290000427e+02 1.501290519099999983e+04 -2.487615160729999957e+02 2.042799303459999862e+02 -3.150810992589999842e+02
6.500000000000000222e-01 -8.048421423009999671e+03 7.916848048829999698e+02 1.500391762249999920e+04 -2.479868893940000021e+02 2.040386411389999921e+02 -3.148127472790000070e+02
6.500000000000000222e-01 -8.001831344790000003e+03 7.580525226490000250e+02 1.501849903489999997e+04 -2.484112619880000068e+02 2.041395374079999954e+02 -3.151060263379999924e+02
6.500000000000000222e-01 -7.938056399770000098e+03 7.139377733229999876e+02 1.499894620150000083e+04 -2.481919495820000066e+02 2.037878332260000036e+02 -3.154658639549999748e+02
6.500000000000000222e-01 -7.888396628870000313e+03 8.592499907129999883e+02 1.493872757439999987e+04 -2.487879455720000124e+02 2.040527659990000018e+02 -3.145885732419999954e+02
6.500000000000000222e-01 -8.019513166949999686e+03 8.178737480590000359e+02 1.500865253280000070e+04 -2.482077604410000049e+02 2.037749577170000066e+02 -3.148489852739999719e+02
6.500000000000000222e-01 -7.981219527799999923e+03 7.755008549079999511e+02 1.502029455149999922e+04 -2.480280478189999940e+02 2.045888922199999911e+02 -3.151280872149999936e+02
6.500000000000000222e-01 -7.975277288539999972e+03 7.912246026269999675e+02 1.501889929870000014e+04 -2.483553062430000011e+02 2.047149007259999962e+02 -3.151877387139999769e+02
6.500000000000000222e-01 -7.954622358540000278e+03 7.999742595940000456e+02 1.501456355350000013e+04 -2.481390021390000129e+02 2.046395095720000086e+02 -3.152926465389999748e+02
6.500000000000000222e-01 -7.960383215189999646e+03 7.488215550219999841e+02 1.501616698829999950e+04 -2.489958321109999986e+02 2.046757952039999964e+02 -3.149616583339999920e+02
6.500000000000000222e-01 -8.013600822190000144e+03 8.097352799210000285e+02 1.501267145750000054e+04 -2.488666417070000136e+02 2.045879262539999957e+02 -3.152167491120000022e+02
6.500000000000000222e-01 -8.022807866979999744e+03 7.549210878940000384e+02 1.501394248979999975e+04 -2.490756334319999894e+02 2.039528191509999999e+02 -3.152899739320000094e+02
6.500000000000000222e-01 -7.876981594709999627e+03 8.371684176090000165e+02 1.494644511600000078e+04 -2.487266132070000140e+02 2.039910460080000121e+02 -3.146519572839999910e+02
6.500000000000000222e-01 -7.954457339040000079e+03 7.476145347540000330e+02 1.501481502999999975e+04 -2.489806012950000138e+02 2.045872106150000036e+02 -3.149471936400000232e+02
6.500000000000000222e-01 -7.864200695229999837e+03 8.087630568009999479e+02 1.494557650909999938e+04 -2.488281512279999959e+02 2.041899557300000083e+02 -3.147317279439999993e+02
6.500000000000000222e-01 -8.097543684180000128e+03 8.013744412029999467e+02 1.496061386929999935e+04 -2.486961928380000018e+02 2.043105192870000053e+02 -3.152730865859999767e+02
6.500000000000000222e-01 -7.882063980019999690e+03 8.209046047970000473e+02 1.496476655199999914e+04 -2.489248340180000127e+02 2.040525908170000093e+02 -3.146409608800000228e+02
6.500000000000000222e-01 -8.029018601609999678e+03 7.429127232370000229e+02 1.500985871229999975e+04 -2.489296904470000129e+02 2.038754352290000043e+02 -3.153209665379999933e+02
6.500000000000000222e-01 -7.942513977790000354e+03 6.824035927160000483e+02 1.497966729750000013e+04 -2.483094909209999912e+02 2.037905107009999881e+02 -3.155781208390000074e+02
6.500000000000000222e-01 -7.960021141750000425e+03 7.164457794520000107e+02 1.500656161439999960e+04 -2.485606402290000005e+02 2.044780314319999945e+02 -3.149188500120000072e+02
6.500000000000000222e-01 -7.971784455340000022e+03 8.087975510219999933e+02 1.501518022609999935e+04 -2.482961908880000124e+02 2.045249105270000030e+02 -3.152399769990000209e+02
6.500000000000000222e-01 -7.977283602509999582e+03 8.600460872239999617e+02 1.499119132360000003e+04 -2.488562566800000013e+02 2.043897226990000036e+02 -3.150442624809999757e+02
6.500000000000000222e-01 -8.016983718559999943e+03 7.089616751910000403e+02 1.500078296550000050e+04 -2.488557025880000140e+02 2.043050456740000129e+02 -3.152263778849999767e+02
6.500000000000000222e-01 -7.958436877670000285e+03 7.715534116950000225e+02 1.501792326719999983e+04 -2.481076611020000087e+02 2.041899567909999860e+02 -3.152022288649999950e+02
6.500000000000000222e-01 -7.977518915939999715e+03 7.299339272690000371e+02 1.501339890159999959e+04 -2.487198837370000035e+02 2.048665724950000140e+02 -3.149339687199999958e+02
6.500000000000000222e-01 -7.971986477280000145e+03 7.575544491269999980e+02 1.501889108529999976e+04 -2.486226079410000125e+02 2.042994952379999916e+02 -3.151201307110000016e+02
6.500000000000000222e-01 -7.981824575560000085e+03 6.610618955060000417e+02 1.496543119590000060e+04 -2.487212368010000034e+02 2.047632314530000031e+02 -3.147099947209999868e+02
6.500000000000000222e-01 -7.891860736089999591e+03 7.762118543269999691e+02 1.498609755210000003e+04 -2.487801288599999907e+02 2.042209172869999918e+02 -3.149678420039999764e+02
6.500000000000000222e-01 -7.960804120449999573e+03 7.548119094439999799e+02 1.501716367680000076e+04 -2.490452603539999927e+02 2.046055282910000130e+02 -3.149810821629999964e+02
6.500000000000000222e-01 -7.886979135399999905e+03 7.070299558409999463e+02 1.495906270539999969e+04 -2.482707818959999884e+02 2.040011266139999861e+02 -3.153781475669999850e+02
6.500000000000000222e-01 -8.106361623750000035e+03 8.125840031640000234e+02 1.494073667279999972e+04 -2.482224591089999990e+02 2.040933804240000029e+02 -3.145774244639999893e+02
6.500000000000000222e-01 -7.994728606790000413e+03 7.617990209189999860e+02 1.501953693770000064e+04 -2.486140800249999927e+02 2.040508063050000089e+02 -3.151322992649999719e+02
6.500000000000000222e-01 -7.961657119690000400e+03 7.301843344039999693e+02 1.501154199510000035e+04 -2.487306336290000104e+02 2.044130394720000083e+02 -3.151284795660000100e+02
6.500000000000000222e-01 -8.006693547679999938e+03 8.546929699070000197e+02 1.499306593289999910e+04 -2.488097622729999898e+02 2.047780890489999877e+02 -3.154293849009999917e+02
6.500000000000000222e-01 -8.111738543280000158e+03 7.775791483089999474e+02 1.494250922600000013e+04 -2.487789453890000004e+02 2.042259917830000120e+02 -3.156427377190000243e+02
6.500000000000000222e-01 -7.881462654480000310e+03 7.333037405999999692e+02 1.496838838070000020e+04 -2.486936945530000003e+02 2.042292134399999952e+02 -3.148577418859999852e+02
6.500000000000000222e-01 -7.908360357339999609e+03 8.409672323050000387e+02 1.497751339740000003e+04 -2.483640309490000107e+02 2.039558364899999958e+02 -3.151105286119999960e+02
6.500000000000000222e-01 -8.067609837330000119e+03 6.963303473570000506e+02 1.496477785480000057e+04 -2.481568533850000051e+02 2.043709238470000003e+02 -3.146612919990000137e+02
6.500000000000000222e-01 -8.022134007659999952e+03 6.577764134640000293e+02 1.495226885720000064e+04 -2.487206036579999875e+02 2.046492067860000077e+02 -3.148807446260000233e+02
6.500000000000000222e-01 -8.016438980789999732e+03 6.583370000529999970e+02 1.495677015050000045e+04 -2.482941670079999881e+02 2.044113094870000111e+02 -3.146562339060000113e+02
6.500000000000000222e-01 -7.947573789959999885e+03 7.699898335889999998e+02 1.501543483740000011e+04 -2.481171373560000006e+02 2.041758647080000060e+02 -3.152389364219999948e+02
6.500000000000000222e-01 -8.033950345119999838e+03 8.918171333750000258e+02 1.493971937629999957e+04 -2.486047799840000039e+02 2.044201875560000019e+02 -3.156931050719999803e+02
6.500000000000000222e-01 -7.983645400880000125e+03 7.390093315650000250e+02 1.501626617310000074e+04 -2.484799566709999965e+02 2.046982749279999894e+02 -3.149797762809999995e+02
6.500000000000000222e-01 -7.987234635060000073e+03 7.881669875769999862e+02 1.501954605730000003e+04 -2.484788196099999880e+02 2.036920436569999993e+02 -3.150493350329999771e+02
6.500000000000000222e-01 -7.891154517889999624e+03 7.108062908970000535e+02 1.496585430819999965e+04 -2.482103681970000082e+02 2.040088796020000075e+02 -3.156550017800000205e+02
6.500000000000000222e-01 -7.977265230789999805e+03 7.736517373520000547e+02 1.502016241079999963e+04 -2.491545369049999863e+02 2.041782061570000053e+02 -3.150808289490000220e+02
6.500000000000000222e-01 -7.903331982519999656e+03 8.473605466149999756e+02 1.496861934619999920e+04 -2.481998120309999933e+02 2.041841704869999887e+02 -3.154391376190000074e+02
6.500000000000000222e-01 -7.983874443239999891e+03 7.985506666369999493e+02 1.501806024210000032e+04 -2.485066516619999959e+02 2.048056309709999994e+02 -3.152215893549999919e+02
6.500000000000000222e-01 -8.026757350140000199e+03 8.153752806310000096e+02 1.500706214689999979e+04 -2.481230345339999985e+02 2.037942699829999924e+02 -3.149193747670000221e+02
6.500000000000000222e-01 -8.006478658600000017e+03 6.418298603920000005e+02 1.492954308250000031e+04 -2.485402504770000007e+02 2.040123233010000092e+02 -3.157277365979999786e+02
6.500000000000000222e-01 -7.856874089539999659e+03 7.487343556130000479e+02 1.493662339160000010e+04 -2.487862748150000129e+02 2.042943825069999946e+02 -3.147094455999999809e+02
6.500000000000000222e-01 -7.845482197629999973e+03 7.975952676580000116e+02 1.489962739660000079e+04 -2.484644991760000039e+02 2.042332475810000005e+02 -3.157468084930000032e+02
6.500000000000000222e-01 -7.858503151889999572e+03 8.174357344420000118e+02 1.492822003039999981e+04 -2.487537103189999925e+02 2.041179642189999868e+02 -3.145668515639999896e+02
6.500000000000000222e-01 -7.947288992140000119e+03 8.127873023299999886e+02 1.500956728809999913e+04 -2.489944618789999993e+02 2.038381875759999957e+02 -3.148851274379999836e+02
6.500000000000000222e-01 -7.966714961069999845e+03 7.913225348659999554e+02 1.501805175899999995e+04 -2.481459957659999986e+02 2.045413113490000114e+02 -3.152099893800000245e+02
6.500000000000000222e-01 -7.925848713059999682e+03 7.902860386639999888e+02 1.500659305990000030e+04 -2.490678090039999972e+02 2.040356597660000091e+02 -3.148650157320000176e+02
6.500000000000000222e-01 -7.973886991119999948e+03 7.643270452189999560e+02 1.501966464249999990e+04 -2.482127748139999994e+02 2.039504322889999912e+02 -3.151614085990000262e+02
6.500000000000000222e-01 -8.000247398350000367e+03 8.624622639220000337e+02 1.498805566030000045e+04 -2.486903815819999863e+02 2.047424173050000036e+02 -3.155099742200000037e+02
6.500000000000000222e-01 -7.969095128730000397e+03 7.527551454599999943e+02 1.501806475119999959e+04 -2.481792404599999884e+02 2.037323388750000106e+02 -3.152168113999999832e+02
6.500000000000000222e-01 -8.121573631940000269e+03 7.953109354890000304e+02 1.491124929669999983e+04 -2.484143476430000135e+02 2.041816627059999973e+02 -3.148999260699999923e+02
6.500000000000000222e-01 -8.037153040410000358e+03 7.611509982500000433e+02 1.500983473260000028e+04 -2.483508143200000120e+02 2.043252629200000001e+02 -3.150089164679999953e+02
6.500000000000000222e-01 -8.023011005999999725e+03 6.860928041009999561e+02 1.498387680720000026e+04 -2.485228084119999892e+02 2.047809764389999998e+02 -3.147453669390000073e+02
6.500000000000000222e-01 -8.040498655039999903e+03 8.878775144679999585e+02 1.494002765949999957e+04 -2.482685093469999913e+02 2.039126572149999959e+02 -3.150268665169999736e+02
6.500000000000000222e-01 -8.001253812519999883e+03 7.590142313329999979e+02 1.501867752149999978e+04 -2.481874752800000010e+02 2.046611550279999960e+02 -3.150215670160000059e+02
6.500000000000000222e-01 -7.898299511209999764e+03 6.766294009969999479e+02 1.493827162529999987e+04 -2.486933753099999933e+02 2.044227396439999893e+02 -3.145771219169999995e+02
6.500000000000000222e-01 -7.920281524490000265e+03 7.100242991569999731e+02 1.498830714389999957e+04 -2.482119504450000136e+02 2.039069537780000019e+02 -3.155409216150000020e+02
6.500000000000000222e-01 -7.999427043609999600e+03 7.521525327729999617e+02 1.501803135909999946e+04 -2.482040207359999897e+02 2.045404714930000125e+02 -3.150242514149999806e+02
6.500000000000000222e-01 -8.081157330310000361e+03 7.914921624180000208e+02 1.498102188849999948e+04 -2.487055347470000015e+02 2.042091673420000006e+02 -3.153317045430000007e+02
6.500000000000000222e-01 -8.008763266210000438e+03 7.779916913759999488e+02 1.501821802070000012e+04 -2.486532753790000072e+02 2.042583897380000053e+02 -3.151268707739999968e+02
6.500000000000000222e-01 -8.083075555979999990e+03 7.370803600780000124e+02 1.497469171909999932e+04 -2.487734561169999949e+02 2.042784739010000123e+02 -3.152818078540000215e+02
6.500000000000000222e-01 -8.126342352919999939e+03 7.733770473380000112e+02 1.489553385759999946e+04 -2.484081101660000002e+02 2.042194970660000024e+02 -3.144996227990000079e+02
6.500000000000000222e-01 -7.999172619740000300e+03 8.992633066969999618e+02 1.494175280949999978e+04 -2.483333120009999959e+02 2.041325241399999868e+02 -3.154626039190000029e+02
6.500000000000000222e-01 -7.984485438450000402e+03 7.861956860909999705e+02 1.501976142070000060e+04 -2.486017057269999952e+02 2.038186023110000065e+02 -3.150725975799999787e+02
6.500000000000000222e-01 -8.013995600010000089e+03 7.819351164920000201e+02 1.501704271820000031e+04 -2.486578074640000011e+02 2.042794546039999943e+02 -3.151278272549999997e+02
6.500000000000000222e-01 -7.969396269879999636e+03 8.022293467760000567e+02 1.501654819920000045e+04 -2.488389391139999987e+02 2.039632234279999921e+02 -3.150249735209999926e+02
6.500000000000000222e-01 -8.020484954700000344e+03 7.421322503640000150e+02 1.501226274109999940e+04 -2.480975863630000049e+02 2.046444639219999999e+02 -3.148891702199999827e+02
6.500000000000000222e-01 -7.985471307339999839e+03 7.798094228740000062e+02 1.502018625079999947e+04 -2.485802425619999951e+02 2.045812137009999958e+02 -3.151320414190000179e+02
6.500000000000000222e-01 -7.966855707949999669e+03 7.790558343420000256e+02 1.501912079710000035e+04 -2.480997210540000140e+02 2.043477547550000111e+02 -3.151775843739999914e+02
6.500000000000000222e-01 -8.069675888679999844e+03 8.321824233580000509e+02 1.497604357949999940e+04 -2.481914680760000067e+02 2.039845502759999931e+02 -3.146361792710000032e+02
6.500000000000000222e-01 -7.985280219639999814e+03 8.066330860519999533e+02 1.501626161990000037e+04 -2.483956933940000056e+02 2.038845747389999872e+02 -3.150723430369999960e+02
6.500000000000000222e-01 -7.960936789999999746e+03 8.731972590420000415e+02 1.497673332149999987e+04 -2.486732286110000132e+02 2.037806253519999871e+02 -3.146613139639999872e+02
6.500000000000000222e-01 -7.970012836689999858e+03 7.533186109240000405e+02 1.501825130849999914e+04 -2.487764514749999876e+02 2.045785541719999969e+02 -3.150307010509999941e+02
6.500000000000000222e-01 -7.878090837200000351e+03 7.288616008610000563e+02 1.496229222420000042e+04 -2.486663900609999871e+02 2.042239139430000137e+02 -3.148542142719999788e+02
6.500000000000000222e-01 -7.904957156829999803e+03 7.801871937119999529e+02 1.499585559619999913e+04 -2.489995940649999966e+02 2.041958530930000109e+02 -3.148503912040000046e+02
6.500000000000000222e-01 -7.908963545370000247e+03 8.456239792950000265e+02 1.497464002169999912e+04 -2.481804989830000068e+02 2.044158234170000128e+02 -3.155889612569999940e+02
6.500000000000000222e-01 -8.057470209600000089e+03 6.764924014260000149e+02 1.495341986209999959e+04 -2.482960000449999995e+02 2.045140232720000029e+02 -3.145609891230000130e+02
6.500000000000000222e-01 -7.985073875000000044e+03 7.830596048090000068e+02 1.502000701730000037e+04 -2.485072767750000082e+02 2.035723574479999911e+02 -3.150640993999999750e+02
6.500000000000000222e-01 -8.034556153479999921e+03 7.754280168059999596e+02 1.501131115280000085e+04 -2.489312034040000015e+02 2.042316427959999885e+02 -3.152534933690000116e+02
6.500000000000000222e-01 -7.977654282729999977e+03 8.940744909750000033e+02 1.495406660220000049e+04 -2.487572510809999926e+02 2.041483476779999933e+02 -3.147509298780000222e+02
6.500000000000000222e-01 -7.916581465340000250e+03 8.447263183269999445e+02 1.498074043899999924e+04 -2.489400039900000081e+02 2.041557655910000051e+02 -3.148517261260000168e+02
6.500000000000000222e-01 -8.042092041070000050e+03 7.016040516260000004e+02 1.498704950260000078e+04 -2.484996361409999963e+02 2.038261997589999908e+02 -3.153417443170000070e+02
6.500000000000000222e-01 -7.978004249270000400e+03 7.681591329719999521e+02 1.502010308989999976e+04 -2.483114503790000072e+02 2.040472053800000083e+02 -3.151351516859999720e+02
6.500000000000000222e-01 -7.944120458719999988e+03 8.498400456030000214e+02 1.499106947949999994e+04 -2.488520694769999864e+02 2.038258697820000123e+02 -3.147468330020000167e+02
3.690000000000000000e+05 2.718845889149999948e+03 7.787284581699999535e+02 -7.359703982580000456e+02 -7.087568520989999854e+01 2.330250391130000054e+01 -7.340504725600000313e+01
6.500000000000000222e-01 2.744738779809999869e+03 8.341976858140000104e+02 -6.046863039849999950e+02 -7.370405436820000489e+01 2.219625387050000143e+01 -7.463583498990000464e+01
6.500000000000000222e-01 2.817422623959999783e+03 8.406971512960000155e+02 -6.493250475400000141e+02 -6.985341949860000454e+01 2.400103261530000154e+01 -7.795015245490000666e+01
6.500000000000000222e-01 2.730212696839999808e+03 8.242493719440000177e+02 -5.989480491100000563e+02 -7.138146095769999988e+01 2.540425710139999893e+01 -7.604334557670000549e+01
6.500000000000000222e-01 2.664876817729999857e+03 6.575574740869999459e+02 -6.756122796160000235e+02 -7.309487677170000097e+01 2.593682527320000020e+01 -7.201644028319999791e+01
6.500000000000000222e-01 2.631267685570000140e+03 6.950438656850000143e+02 -6.493762510919999613e+02 -7.233978358630000116e+01 2.548912400369999887e+01 -7.096294357909999917e+01
6.500000000000000222e-01 2.834226363440000114e+03 7.162095688440000458e+02 -6.690078354510000054e+02 -7.072640365969999721e+01 2.356748463250000114e+01 -7.561825280950000661e+01
6.500000000000000222e-01 2.687550552480000079e+03 8.517902944720000278e+02 -6.114857823950000011e+02 -7.367757660469999337e+01 2.415633467199999984e+01 -7.525682426180000562e+01
6.500000000000000222e-01 2.728584655090000069e+03 8.229831018539999832e+02 -5.983124405959999876e+02 -7.154924577260000262e+01 2.552387205579999829e+01 -7.598758746320000057e+01
6.500000000000000222e-01 2.682134347109999908e+03 7.463351887620000298e+02 -5.975290188970000145e+02 -7.484722141359999625e+01 2.089965646139999933e+01 -7.528073504450000542e+01
6.500000000000000222e-01 2.718158058519999940e+03 6.409378489810000019e+02 -6.807939205300000367e+02 -7.092537838009999973e+01 2.374522411690000112e+01 -7.351709480719999590e+01
6.500000000000000222e-01 2.743940738929999952e+03 8.847452767519999952e+02 -6.407618996359999528e+02 -7.171372282020000455e+01 1.969800860750000027e+01 -7.232994345429999328e+01
6.500000000000000222e-01 2.598435171470000114e+03 7.535342606960000467e+02 -6.505833445060000031e+02 -7.407811789289999638e+01 2.233440835449999895e+01 -7.521043613790000393e+01
6.500000000000000222e-01 2.641937121339999976e+03 7.616043472750000092e+02 -6.107745979730000272e+02 -7.264419315099999608e+01 2.242589894600000022e+01 -7.397075712160000194e+01
6.500000000000000222e-01 2.614567966680000154e+03 8.772783778399999619e+02 -6.976242204699999547e+02 -7.194335387200000298e+01 2.228743833540000097e+01 -7.424341604949999862e+01
6.500000000000000222e-01 2.725946246020000217e+03 8.229098215320000236e+02 -5.978172181510000200e+02 -7.346452129770000283e+01 2.084561195190000049e+01 -7.430079551400000071e+01
6.500000000000000222e-01 2.699113952199999858e+03 7.919963081289999991e+02 -5.924248626080000122e+02 -7.110153640020000410e+01 2.134023766909999864e+01 -7.451279302579999353e+01
6.500000000000000222e-01 2.714905831460000172e+03 7.849651365610000084e+02 -5.907975170260000368e+02 -7.322418933580000555e+01 2.552099613989999938e+01 -7.497572044519999679e+01
6.500000000000000222e-01 2.741845431520000147e+03 7.837264531729999817e+02 -5.933589003319999620e+02 -7.239514809509999793e+01 2.274956565620000148e+01 -7.523251079540000319e+01
6.500000000000000222e-01 2.614321294180000223e+03 8.250005839909999850e+02 -6.389229084989999592e+02 -7.312694760850000364e+01 2.278307160949999854e+01 -7.380532807010000340e+01
6.500000000000000222e-01 2.738963705539999864e+03 7.527641025740000487e+02 -5.950596687680000514e+02 -7.469844018240000594e+01 2.580441747889999959e+01 -7.423722255980000284e+01
6.500000000000000222e-01 2.804958962610000071e+03 6.702279199880000533e+02 -6.965402188360000082e+02 -7.223117436149999548e+01 2.576062513689999989e+01 -7.188308105400000159e+01
6.500000000000000222e-01 2.723937194529999942e+03 8.941179053429999612e+02 -6.445687297509999780e+02 -7.273434041250000348e+01 2.176044517480000096e+01 -7.320359808259999568e+01
6.500000000000000222e-01 2.716243547909999961e+03 8.783305395789999466e+02 -6.272874812960000099e+02 -7.318487823910000145e+01 2.227941807870000090e+01 -7.391941924559999677e+01
6.500000000000000222e-01 2.700251226649999808e+03 8.629617366749999974e+02 -6.214039128059999939e+02 -7.042091715910000005e+01 1.883683515790000129e+01 -7.287941290560000596e+01
6.500000000000000222e-01 2.716874795979999817e+03 7.781572063930000240e+02 -5.905600860240000429e+02 -7.011136481990000391e+01 2.416262451429999913e+01 -7.480924767000000486e+01
6.500000000000000222e-01 2.836469641929999852e+03 7.657961546689999750e+02 -6.513061344669999926e+02 -6.988144337999999323e+01 2.339270183489999866e+01 -7.753971279360000324e+01
6.500000000000000222e-01 2.609401725360000000e+03 7.976050238359999867e+02 -6.377825406929999872e+02 -7.281752874030000555e+01 2.213161921149999856e+01 -7.414143575999999314e+01
6.500000000000000222e-01 2.716581476840000050e+03 8.731490723350000280e+02 -6.296909214659999634e+02 -7.033123935070000243e+01 2.152610854839999988e+01 -7.580176080139999328e+01
6.500000000000000222e-01 2.708772467889999916e+03 7.815906461549999449e+02 -5.906893361380000442e+02 -6.984650503470000160e+01 2.140539621730000164e+01 -7.452619962670000575e+01
6.500000000000000222e-01 2.735652758270000049e+03 6.950984930360000362e+02 -6.153418476159999955e+02 -7.103414222460000360e+01 2.165700732170000009e+01 -7.527966953140000328e+01
6.500000000000000222e-01 2.703054700359999970e+03 8.051503818899999487e+02 -5.936589737330000389e+02 -7.388425060199999450e+01 2.538039549080000157e+01 -7.537811549879999973e+01
6.500000000000000222e-01 2.726573930179999934e+03 8.916614323630000172e+02 -6.489646855439999626e+02 -7.026637394659999813e+01 2.220418753190000061e+01 -7.664066697590000388e+01
6.500000000000000222e-01 2.724601869850000185e+03 7.494329092640000454e+02 -5.935411057600000504e+02 -7.176915768460000322e+01 2.103595611120000086e+01 -7.525047329769999749e+01
6.500000000000000222e-01 2.734523565389999931e+03 7.761034530859999450e+02 -5.918459188120000363e+02 -6.943516091089999520e+01 2.256477341620000132e+01 -7.532859157759999391e+01
6.500000000000000222e-01 2.663152141170000050e+03 8.655091480889999502e+02 -6.303644260659999645e+02 -7.125557864179999967e+01 2.035638721709999999e+01 -7.183367992809999691e+01
6.500000000000000222e-01 2.766118415750000167e+03 7.755969566029999669e+02 -5.998285463859999709e+02 -7.350762705649999873e+01 2.328160311299999918e+01 -7.498102257099999690e+01
6.500000000000000222e-01 2.715053320200000144e+03 7.279793180609999581e+02 -6.006713855919999787e+02 -7.377438619240000151e+01 2.447564014539999988e+01 -7.475995887589999711e+01
6.500000000000000222e-01 2.703580239819999861e+03 7.690716934619999847e+02 -5.913179597130000502e+02 -7.485536134320000201e+01 2.127136670730000034e+01 -7.500079217030000223e+01
6.500000000000000222e-01 2.789817066239999804e+03 6.784043515800000250e+02 -6.658446578629999522e+02 -7.248094725670000571e+01 2.504299295219999877e+01 -7.597225496250000276e+01
6.500000000000000222e-01 2.825720806029999949e+03 7.559642765600000303e+02 -6.422887953450000396e+02 -7.187490679639999769e+01 2.405795733640000122e+01 -7.575091298620000657e+01
6.500000000000000222e-01 2.799343846239999948e+03 7.454690206300000455e+02 -6.199927598579999994e+02 -7.399372927679999634e+01 2.437488813399999898e+01 -7.347979730589999292e+01
6.500000000000000222e-01 2.719363295180000023e+03 8.033917895030000409e+02 -5.932558893110000326e+02 -7.191992887729999495e+01 2.392517497300000073e+01 -7.531562056880000000e+01
6.500000000000000222e-01 2.662446253739999975e+03 7.073054324849999830e+02 -6.191194003839999596e+02 -7.205168025060000048e+01 2.185379557919999982e+01 -7.431061829659999773e+01
6.500000000000000222e-01 2.771203353869999773e+03 8.564700392119999606e+02 -6.269970682819999865e+02 -7.083430356879999579e+01 2.007529625480000135e+01 -7.444303409740000177e+01
6.500000000000000222e-01 2.717004228230000081e+03 7.794286121000000094e+02 -5.907697615560000486e+02 -7.368965227389999484e+01 2.113442262999999954e+01 -7.491882030540000414e+01
6.500000000000000222e-01 2.735704858760000207e+03 7.601253390760000457e+02 -5.936686178689999451e+02 -7.392388296570000250e+01 2.456493010339999827e+01 -7.482671736119999650e+01
6.500000000000000222e-01 2.674998387569999977e+03 7.945400789569999915e+02 -5.968631889780000392e+02 -7.547006896489999406e+01 2.372186461020000081e+01 -7.530396303999999930e+01
6.500000000000000222e-01 2.737296703290000096e+03 7.174878667210000458e+02 -6.054961789449999969e+02 -7.350912523009999688e+01 2.657308913909999859e+01 -7.316644140309999500e+01
6.500000000000000222e-01 2.706856196069999896e+03 6.641875382859999490e+02 -6.426391774950000126e+02 -7.123311730090000538e+01 2.490403560500000069e+01 -7.181618106039999816e+01
6.500000000000000222e-01 2.831029479299999821e+03 8.091755927929999643e+02 -6.479593214000000216e+02 -7.244457649470000149e+01 2.247564581110000148e+01 -7.368013826530000188e+01
6.500000000000000222e-01 2.620842862999999852e+03 6.960735793290000402e+02 -6.594973463339999853e+02 -7.219505866960000162e+01 2.516463654660000060e+01 -7.064202148299999351e+01
6.500000000000000222e-01 2.667960704269999951e+03 8.630981007789999921e+02 -6.331082061560000511e+02 -7.009877817320000304e+01 1.971953601450000093e+01 -7.343450715699999876e+01
6.500000000000000222e-01 2.729195697789999940e+03 7.893197396580000031e+02 -5.917698767489999909e+02 -7.051831029129999706e+01 2.445285451950000066e+01 -7.528732726840000566e+01
6.500000000000000222e-01 2.746039143410000179e+03 6.740697543859999996e+02 -6.339744282310000472e+02 -7.073606853719999776e+01 2.208473178650000079e+01 -7.528092423969999913e+01
6.500000000000000222e-01 2.716507796540000072e+03 6.991661719989999710e+02 -6.130540634279999495e+02 -7.238753477020000560e+01 2.081511387000000113e+01 -7.602832126900000276e+01
6.500000000000000222e-01 2.793654982680000103e+03 8.121708841619999930e+02 -6.167828645270000152e+02 -6.969085023940000667e+01 2.324397617800000049e+01 -7.679995455830000139e+01
6.500000000000000222e-01 2.773981178219999947e+03 6.938741387640000085e+02 -6.294041545640000095e+02 -7.040779169619999323e+01 2.177114373630000088e+01 -7.648261414079999554e+01
6.500000000000000222e-01 2.784660630020000099e+03 6.838215519679999943e+02 -6.447931810410000253e+02 -7.036461800760000074e+01 2.222699831690000138e+01 -7.672819966849999673e+01
6.500000000000000222e-01 2.751039540700000089e+03 6.779516534489999913e+02 -6.314473145489999979e+02 -7.094399421069999789e+01 2.314305575910000101e+01 -7.419500512700000172e+01
6.500000000000000222e-01 2.730314294050000171e+03 8.336339499919999980e+02 -6.035204441020000559e+02 -7.142525818789999903e+01 1.936623352430000011e+01 -7.419217358640000270e+01
6.500000000000000222e-01 2.720319136199999775e+03 7.904220657439999513e+02 -5.914459678160000067e+02 -7.276117666739999379e+01 2.294482290019999837e+01 -7.505401756749999720e+01
6.500000000000000222e-01 2.669330596039999818e+03 8.475497551119999571e+02 -6.187282091869999476e+02 -7.007050664739999490e+01 1.929222162650000172e+01 -7.244990603760000170e+01
6.500000000000000222e-01 2.684012282180000057e+03 7.592165315040000451e+02 -5.948908677949999628e+02 -7.530571034119999752e+01 2.131611848289999855e+01 -7.517869743170000163e+01
6.500000000000000222e-01 2.818716558780000014e+03 7.451118957280000359e+02 -6.377227717749999556e+02 -7.027890713249999521e+01 2.344850861740000170e+01 -7.735921267049999983e+01
6.500000000000000222e-01 2.758266264620000129e+03 7.798976425329999529e+02 -5.969232442950000177e+02 -6.922073271920000082e+01 2.313810548360000041e+01 -7.606509030479999467e+01
6.500000000000000222e-01 2.633245867879999878e+03 8.641626178640000262e+02 -6.548010493870000346e+02 -7.010108923219999610e+01 2.002198940770000135e+01 -7.078479831010000112e+01
6.500000000000000222e-01 2.762771225349999895e+03 8.897672871700000314e+02 -6.572569912870000053e+02 -6.995853749420000156e+01 2.004174423830000151e+01 -7.422932737780000423e+01
6.500000000000000222e-01 2.706776636340000096e+03 7.661994232570000349e+02 -5.912191125269999930e+02 -7.144171885970000346e+01 2.533414584810000036e+01 -7.439814028089999454e+01
6.500000000000000222e-01 2.784682367570000224e+03 7.445187201060000461e+02 -6.125966406039999583e+02 -7.019099427490000664e+01 2.265639735519999931e+01 -7.676384985529999483e+01
6.500000000000000222e-01 2.723906484929999806e+03 7.745133756169999515e+02 -5.910072472540000490e+02 -7.465904333650000524e+01 2.398737518300000104e+01 -7.483083962329999395e+01
6.500000000000000222e-01 2.612351292700000158e+03 7.877646888399999625e+02 -6.317532221139999820e+02 -7.413550544669999454e+01 2.265216246949999856e+01 -7.484284330529999352e+01
6.500000000000000222e-01 2.626662102939999841e+03 8.259172087990000364e+02 -6.304146811209999441e+02 -7.004493618140000422e+01 2.076610446800000176e+01 -7.104239963019999493e+01
6.500000000000000222e-01 2.698551023859999987e+03 7.661917052960000092e+02 -5.917268293119999498e+02 -7.000651240210000026e+01 2.446886382299999951e+01 -7.403829953540000020e+01
6.500000000000000222e-01 2.766163816950000182e+03 6.968210503190000509e+02 -6.260422486429999935e+02 -7.101405888220000406e+01 2.189857883130000005e+01 -7.683053881930000273e+01
6.500000000000000222e-01 2.697846264679999877e+03 8.105202692379999689e+02 -5.954450642220000418e+02 -7.385914657700000419e+01 2.497834472590000132e+01 -7.547428039460000093e+01
6.500000000000000222e-01 2.761748893210000006e+03 7.535792167289999952e+02 -5.998665543439999510e+02 -7.050439800789999367e+01 2.212650028910000088e+01 -7.585276313730000197e+01
6.500000000000000222e-01 2.716358030330000020e+03 7.648840831909999451e+02 -5.912810719300000528e+02 -7.226938120900000229e+01 2.324183916910000036e+01 -7.487603143920000548e+01
6.500000000000000222e-01 2.617140675149999879e+03 8.087319934079999939e+02 -6.305396477420000565e+02 -7.165244901069999628e+01 2.224415135459999959e+01 -7.226938608609999903e+01
6.500000000000000222e-01 2.700091298979999920e+03 7.781814732960000356e+02 -5.911843704740000476e+02 -6.981909997869999529e+01 2.273245906720000065e+01 -7.427604924690000132e+01
6.500000000000000222e-01 2.727442025100000137e+03 7.656687082229999533e+02 -5.918959300919999578e+02 -7.428104040719999546e+01 2.506998288999999858e+01 -7.470685525540000071e+01
6.500000000000000222e-01 2.664929143159999967e+03 7.734827120310000055e+02 -5.992413715149999689e+02 -7.389947715450000487e+01 2.252117918609999947e+01 -7.473942010769999911e+01
6.500000000000000222e-01 2.824030328790000112e+03 7.523530443480000258e+02 -6.392238089830000263e+02 -6.970826510060000203e+01 2.306913558340000137e+01 -7.744511541250000164e+01
6.500000000000000222e-01 2.592356721860000107e+03 7.047725472680000394e+02 -7.086530376929999875e+02 -7.142646357930000534e+01 2.385870538629999871e+01 -6.857797037849999811e+01
6.500000000000000222e-01 2.609142808430000059e+03 7.091070457030000398e+02 -6.611763026600000330e+02 -7.311929661380000312e+01 2.434043424780000109e+01 -7.257761434350000229e+01
6.500000000000000222e-01 2.691012707609999779e+03 6.609960141660000090e+02 -6.489861823720000302e+02 -7.112044540530000347e+01 2.242699993549999959e+01 -7.428010658079999473e+01
6.500000000000000222e-01 2.769532645249999860e+03 9.077361430769999515e+02 -6.905915143490000219e+02 -7.049847536379999724e+01 2.311614309699999836e+01 -7.780829707179999843e+01
6.500000000000000222e-01 2.598346796310000173e+03 7.295646181839999826e+02 -6.605424659420000353e+02 -7.256973500850000391e+01 2.386038719509999950e+01 -7.204507405930000630e+01
6.500000000000000222e-01 2.715699114919999829e+03 7.784430526150000560e+02 -5.906505100849999508e+02 -7.545725850809999713e+01 2.374330413310000054e+01 -7.486384795799999381e+01
6.500000000000000222e-01 2.735421534099999917e+03 7.647851885840000250e+02 -5.926265978070000529e+02 -7.087974862309999935e+01 2.183344921009999950e+01 -7.533487618809999731e+01
6.500000000000000222e-01 2.668536108820000209e+03 6.786844476789999590e+02 -6.404925649900000053e+02 -7.394056353599999909e+01 2.265224480239999849e+01 -7.574752103970000405e+01
6.500000000000000222e-01 2.668234146339999825e+03 8.268976209469999503e+02 -6.088406821810000338e+02 -7.277266726080000581e+01 2.258724877859999935e+01 -7.526887536789999444e+01
6.500000000000000222e-01 2.600517769950000002e+03 8.529107653410000012e+02 -6.839787016669999957e+02 -7.132046331639999437e+01 2.177397659180000034e+01 -7.095086767169999575e+01
6.500000000000000222e-01 2.728349771879999935e+03 8.317790261510000391e+02 -6.013903792390000262e+02 -7.170800654049999423e+01 2.544946647060000089e+01 -7.615532806090000406e+01
6.500000000000000222e-01 2.735515251509999871e+03 8.551827069570000504e+02 -6.162387463410000237e+02 -7.036012643130000299e+01 2.200589242150000047e+01 -7.590030908590000536e+01
6.500000000000000222e-01 2.832906514979999884e+03 7.925302956010000344e+02 -6.467066478850000522e+02 -7.196064501700000449e+01 2.308307545650000137e+01 -7.476978732889999435e+01
6.500000000000000222e-01 2.698837965140000051e+03 7.352817874739999979e+02 -5.974664824389999467e+02 -7.196583182780000243e+01 2.227531157310000154e+01 -7.461432626910000465e+01
6.500000000000000222e-01 2.782283421860000090e+03 8.207607217810000293e+02 -6.131842847140000003e+02 -7.071264827029999367e+01 2.210724407749999898e+01 -7.580898547360000350e+01
6.500000000000000222e-01 2.658445016600000145e+03 8.513135719540000537e+02 -6.215765595999999960e+02 -7.153422637799999961e+01 2.093619612370000027e+01 -7.233165755870000169e+01
6.500000000000000222e-01 2.676102735580000171e+03 6.983501840650000076e+02 -6.190718911669999898e+02 -7.173284544060000201e+01 2.185850067579999845e+01 -7.438017245419999313e+01
6.500000000000000222e-01 2.831925342510000064e+03 6.938761657600000490e+02 -6.969852351519999729e+02 -7.161766401379999536e+01 2.488090531399999961e+01 -7.200325019899999290e+01
