3.450000000000000000e+05 2.313634182679999867e+03 -4.550814609949999976e+03 -7.267707639090000157e+03 -1.316420610769999939e+02 5.023835715340000263e+01 -5.916293148540000324e+00
6.500000000000000222e-01 2.222900832599999831e+03 -4.453828819729999850e+03 -6.993749393609999970e+03 -1.322607509370000116e+02 5.158609935519999823e+01 -4.052468161380000211e+00
6.500000000000000222e-01 2.147824007310000070e+03 -4.671337399029999688e+03 -7.447341056729999764e+03 -1.301667618040000036e+02 5.012760549330000259e+01 -5.500702551789999895e+00
6.500000000000000222e-01 2.496769928489999984e+03 -4.472581846879999830e+03 -7.088173231149999992e+03 -1.329864652660000104e+02 5.086159557229999706e+01 -7.171736569610000167e+00
6.500000000000000222e-01 2.304666211430000203e+03 -4.690764519870000186e+03 -7.540087601610000092e+03 -1.301990736809999873e+02 4.674026718489999865e+01 -6.737767006500000377e+00
6.500000000000000222e-01 2.425759658949999903e+03 -4.750342410620000010e+03 -7.441089904700000261e+03 -1.315692212280000035e+02 5.019179417080000150e+01 -7.641765258440000430e+00
6.500000000000000222e-01 2.401150032009999904e+03 -4.354509498420000455e+03 -7.416052641700000095e+03 -1.328954490369999917e+02 4.687712930160000013e+01 -7.284453959420000402e+00
6.500000000000000222e-01 2.109429224070000146e+03 -4.452873405610000191e+03 -7.401388842999999724e+03 -1.290433671549999985e+02 4.927458259649999661e+01 -5.884273760180000146e+00
6.500000000000000222e-01 2.469663759049999953e+03 -4.401072718899999927e+03 -7.415446255759999985e+03 -1.326876035470000090e+02 4.664694824490000258e+01 -7.273381888570000342e+00
6.500000000000000222e-01 2.094970495189999838e+03 -4.464453229699999611e+03 -7.067772244769999816e+03 -1.309486904270000025e+02 5.210906939699999896e+01 -2.967328415819999954e+00
6.500000000000000222e-01 2.062032244349999928e+03 -4.557283845529999780e+03 -7.151082978909999838e+03 -1.294088552990000096e+02 5.189490696000000014e+01 -2.192114958559999938e+00
6.500000000000000222e-01 2.146720288129999972e+03 -4.696670655040000383e+03 -7.426069415859999935e+03 -1.302759716690000005e+02 4.973211011379999746e+01 -4.953137233369999670e+00
6.500000000000000222e-01 2.368461936570000034e+03 -4.553844589420000375e+03 -6.997738820610000403e+03 -1.346529782039999930e+02 5.260780310210000010e+01 -5.528360168089999860e+00
6.500000000000000222e-01 2.254993518360000053e+03 -4.411730713949999881e+03 -7.498880651319999743e+03 -1.310950451909999970e+02 4.803969691759999705e+01 -5.694131775999999867e+00
6.500000000000000222e-01 2.199002526799999941e+03 -4.511715453750000052e+03 -7.506463725650000015e+03 -1.278279452959999958e+02 4.803324973830000033e+01 -6.845738459759999728e+00
6.500000000000000222e-01 2.441943640800000139e+03 -4.500355562509999800e+03 -7.037830182839999907e+03 -1.344007744300000127e+02 5.148994732980000322e+01 -5.917609188710000190e+00
6.500000000000000222e-01 2.213291908249999778e+03 -4.754038606719999734e+03 -7.432825269779999871e+03 -1.287631200229999990e+02 5.150498000120000341e+01 -9.347330566029999233e+00
6.500000000000000222e-01 2.104020570610000050e+03 -4.625855571050000435e+03 -7.405781383399999868e+03 -1.301189065099999880e+02 4.967013382079999673e+01 -3.989348528639999891e+00
6.500000000000000222e-01 2.304375917939999908e+03 -4.611480850439999813e+03 -7.003109982490000220e+03 -1.335977657480000005e+02 5.493982339989999986e+01 -5.214255681750000093e+00
6.500000000000000222e-01 2.220591289389999929e+03 -4.595524716349999835e+03 -6.997798068109999804e+03 -1.302822653519999960e+02 5.363810516219999869e+01 -4.096251004890000047e+00
6.500000000000000222e-01 2.371270354589999897e+03 -4.501929589680000390e+03 -7.538206848640000317e+03 -1.304614269019999995e+02 4.604335766349999659e+01 -6.734199042450000228e+00
6.500000000000000222e-01 2.117054379530000006e+03 -4.381759965270000066e+03 -7.354424064130000261e+03 -1.308642634839999914e+02 4.984756221479999994e+01 -2.935422809809999922e+00
6.500000000000000222e-01 2.176623189089999869e+03 -4.379491983480000272e+03 -7.413758236769999712e+03 -1.298749996990000000e+02 4.794968921000000250e+01 -6.071101178930000231e+00
6.500000000000000222e-01 2.402956049779999830e+03 -4.388555689370000437e+03 -7.050724601949999851e+03 -1.354178843180000058e+02 4.969171454269999799e+01 -3.148805024540000108e+00
6.500000000000000222e-01 2.518003631160000168e+03 -4.567360772410000209e+03 -7.112732974280000235e+03 -1.345450757110000097e+02 5.070900486770000271e+01 -6.342150099790000439e+00
6.500000000000000222e-01 2.515130784070000118e+03 -4.539277427549999629e+03 -7.108139559889999873e+03 -1.339250510519999864e+02 5.070775168400000155e+01 -7.125232714530000067e+00
6.500000000000000222e-01 2.296260006840000187e+03 -4.746481260819999989e+03 -7.089137394630000017e+03 -1.310045764330000111e+02 5.353080266220000283e+01 -5.326166376039999761e+00
6.500000000000000222e-01 2.186034326139999848e+03 -4.396816342969999823e+03 -7.452092270809999718e+03 -1.313965114709999966e+02 4.974438487439999790e+01 -3.767778675150000200e+00
6.500000000000000222e-01 2.134365506399999958e+03 -4.732880299219999870e+03 -7.326384083310000278e+03 -1.298046528739999985e+02 5.106572983459999904e+01 -4.541868469599999791e+00
6.500000000000000222e-01 2.204611670729999787e+03 -4.309771485489999577e+03 -7.349454077549999965e+03 -1.317175709589999997e+02 4.894474379700000100e+01 -4.038181209220000234e+00
6.500000000000000222e-01 2.177544923980000021e+03 -4.688962942269999985e+03 -7.076786964799999623e+03 -1.322398846030000072e+02 5.162057109770000096e+01 -7.209641280299999622e+00
6.500000000000000222e-01 2.484440623020000203e+03 -4.397341178339999715e+03 -7.139170189069999651e+03 -1.338206036200000142e+02 4.887798648319999728e+01 -5.247982910390000200e+00
6.500000000000000222e-01 2.080065302649999921e+03 -4.624981216719999793e+03 -7.144155324119999932e+03 -1.313554252239999869e+02 5.208782093109999778e+01 -6.875633673080000285e+00
6.500000000000000222e-01 2.052737465749999956e+03 -4.580468113980000453e+03 -7.246978458350000437e+03 -1.295273956929999883e+02 5.121402284380000225e+01 -2.512513895600000158e+00
6.500000000000000222e-01 2.369565654300000006e+03 -4.526704958659999647e+03 -7.553022185910000189e+03 -1.322650532419999934e+02 4.722267878369999750e+01 -7.238942922349999698e+00
6.500000000000000222e-01 2.199463145730000178e+03 -4.300079985860000306e+03 -7.192504538879999927e+03 -1.317289555920000055e+02 4.924497540549999997e+01 -1.281509428579999943e+00
6.500000000000000222e-01 2.298580445059999875e+03 -4.282909490529999857e+03 -7.295945016869999563e+03 -1.326516148519999945e+02 4.862445285319999755e+01 -3.852303249030000210e+00
6.500000000000000222e-01 2.361661333940000077e+03 -4.460197347540000010e+03 -7.512580889949999801e+03 -1.300761068410000121e+02 4.613487297889999894e+01 -6.150261901770000428e+00
6.500000000000000222e-01 2.372787183150000146e+03 -4.447225403409999672e+03 -7.003377717829999710e+03 -1.336159708380000097e+02 4.987378371410000000e+01 -4.331073861980000217e+00
6.500000000000000222e-01 2.178843850920000023e+03 -4.635716770459999680e+03 -7.042143881599999986e+03 -1.317780383479999955e+02 5.427867793880000136e+01 -5.006920541759999566e+00
6.500000000000000222e-01 2.375205454169999939e+03 -4.355195256830000289e+03 -7.058915509780000320e+03 -1.330946115339999949e+02 5.190105096330000123e+01 -5.692564499669999556e+00
4.560000000000000000e+04 8.921700948670000798e+03 1.797456467100000054e+03 2.000951073130000077e+04 1.977999865269999873e+02 -6.267217663329999766e+01 1.848775679199999900e+02
6.500000000000000222e-01 8.977913398009999582e+03 1.669755316839999978e+03 2.016931972640000095e+04 1.984082752250000112e+02 -6.298914464650000156e+01 1.848525309169999957e+02
6.500000000000000222e-01 9.044509087599999475e+03 1.894545523819999971e+03 1.988288923730000170e+04 1.971521488360000092e+02 -6.339816969639999655e+01 1.842150343030000101e+02
6.500000000000000222e-01 8.975340270239999882e+03 1.686029845210000076e+03 2.017451957620000030e+04 1.975976749010000049e+02 -6.166714830389999946e+01 1.857729020460000129e+02
6.500000000000000222e-01 8.723369072319999759e+03 1.783709263219999912e+03 1.997565561879999950e+04 1.981327209220000043e+02 -6.268257088400000043e+01 1.847277122650000081e+02
6.500000000000000222e-01 9.062379574090000460e+03 1.932239838230000032e+03 1.996344078630000149e+04 1.976019342849999987e+02 -6.273175175570000306e+01 1.859291336979999869e+02
6.500000000000000222e-01 8.833939497789999223e+03 1.975470324059999939e+03 2.001121303249999983e+04 1.980528007050000099e+02 -6.315461506180000129e+01 1.845801726400000007e+02
6.500000000000000222e-01 8.894799824190000436e+03 1.833106842350000079e+03 2.021280869900000107e+04 1.987842596229999970e+02 -6.341459754640000313e+01 1.854319232109999973e+02
6.500000000000000222e-01 8.919979637349999393e+03 1.996778925670000035e+03 2.000316515499999878e+04 1.978416610349999871e+02 -6.317969047359999735e+01 1.846734890120000045e+02
6.500000000000000222e-01 8.901363229470000078e+03 1.859490853609999931e+03 1.981041192280000178e+04 1.975284220890000029e+02 -6.342102232789999761e+01 1.843420858499999895e+02
6.500000000000000222e-01 8.833703914609999629e+03 1.794695386829999961e+03 1.981936079740000059e+04 1.978837989559999926e+02 -6.277323832679999782e+01 1.844237983529999951e+02
6.500000000000000222e-01 9.064868374260000564e+03 1.704652212389999931e+03 1.991344435650000014e+04 1.974179861080000080e+02 -6.244757142480000311e+01 1.854038439040000128e+02
6.500000000000000222e-01 8.877718139509999673e+03 1.802084298539999963e+03 2.021165713889999824e+04 1.981917811579999977e+02 -6.257411826810000122e+01 1.850970308249999903e+02
6.500000000000000222e-01 8.851279109360000803e+03 1.640530860569999959e+03 2.011786963409999953e+04 1.984772082419999890e+02 -6.259715842920000028e+01 1.849068987420000099e+02
6.500000000000000222e-01 8.898459248380000645e+03 1.606239088170000059e+03 1.993900578759999917e+04 1.979419233769999948e+02 -6.223890437539999709e+01 1.840270240559999877e+02
6.500000000000000222e-01 8.789660555970000132e+03 1.649624453330000051e+03 2.003914341240000067e+04 1.981515759979999984e+02 -6.229660508709999789e+01 1.854730644079999990e+02
6.500000000000000222e-01 9.011724462100000892e+03 1.640141672449999987e+03 1.994272578470000008e+04 1.972897082380000029e+02 -6.214545892969999841e+01 1.851847033319999980e+02
6.500000000000000222e-01 9.115311301989999265e+03 1.847415971119999995e+03 2.004154718280000088e+04 1.975729092120000132e+02 -6.276277065610000250e+01 1.847879529090000119e+02
6.500000000000000222e-01 9.120863447510000697e+03 1.818736568490000082e+03 2.002079175519999990e+04 1.973941692719999992e+02 -6.268243000969999912e+01 1.853135703940000099e+02
6.500000000000000222e-01 8.837017425660000299e+03 1.672970335340000020e+03 1.986565673410000090e+04 1.982771519130000115e+02 -6.262720203100000305e+01 1.842348362319999922e+02
6.500000000000000222e-01 8.855120317909999358e+03 1.858680919670000094e+03 2.019771307979999983e+04 1.984116512189999924e+02 -6.289836587530000145e+01 1.853719007560000023e+02
6.500000000000000222e-01 8.839260463700000400e+03 1.918491771049999898e+03 1.985981729320000159e+04 1.972224700330000076e+02 -6.230276361319999978e+01 1.851783011509999994e+02
6.500000000000000222e-01 9.046955258269999831e+03 1.674031810579999956e+03 1.989973725019999983e+04 1.974384707709999986e+02 -6.246458284029999675e+01 1.843872582369999975e+02
6.500000000000000222e-01 9.003673199349999777e+03 1.615243836999999985e+03 2.001200090310000087e+04 1.976395553389999975e+02 -6.227327592759999675e+01 1.839591398930000139e+02
6.500000000000000222e-01 8.920307999849999760e+03 1.931461936819999892e+03 1.985044731129999855e+04 1.973523873160000051e+02 -6.215762608160000013e+01 1.851813419460000034e+02
6.500000000000000222e-01 9.083731031280000025e+03 1.681145492919999924e+03 2.005587240390000079e+04 1.977549956789999897e+02 -6.253956734639999837e+01 1.846021843769999862e+02
6.500000000000000222e-01 8.827625505669999256e+03 1.932225896769999963e+03 2.011823866899999848e+04 1.985678039949999913e+02 -6.346760580200000135e+01 1.856479556980000041e+02
6.500000000000000222e-01 9.049654423050000332e+03 1.690913102640000034e+03 2.011643744940000033e+04 1.976936458179999931e+02 -6.231812875920000039e+01 1.846293147179999892e+02
6.500000000000000222e-01 9.053838600810000571e+03 1.879681222650000109e+03 1.988332699910000156e+04 1.976764193760000126e+02 -6.250074587030000117e+01 1.854999158740000098e+02
6.500000000000000222e-01 8.874391054080000686e+03 1.763682897090000097e+03 1.980723164769999858e+04 1.969285672800000100e+02 -6.312545635520000076e+01 1.846846662160000108e+02
6.500000000000000222e-01 8.896175612099999853e+03 1.764567315499999950e+03 1.980413406559999930e+04 1.971938589279999974e+02 -6.305366618200000062e+01 1.846312533750000000e+02
6.500000000000000222e-01 8.740160930379999627e+03 1.742475340340000002e+03 2.007534122460000071e+04 1.979709311340000113e+02 -6.250675863000000021e+01 1.841863238960000047e+02
6.500000000000000222e-01 8.944608479639999132e+03 1.983625064370000018e+03 2.010122185950000130e+04 1.975223398750000001e+02 -6.273036000199999762e+01 1.852015761799999893e+02
6.500000000000000222e-01 8.847627767179999864e+03 1.951377380039999935e+03 2.010146271730000080e+04 1.982910961960000122e+02 -6.307089828520000196e+01 1.844833127779999984e+02
6.500000000000000222e-01 9.034565805869999167e+03 1.641661696140000004e+03 2.005772433029999956e+04 1.976790753580000057e+02 -6.236343599260000303e+01 1.841813455760000124e+02
6.500000000000000222e-01 9.084275191410000843e+03 1.901043424969999933e+03 1.995559628510000039e+04 1.975268455249999988e+02 -6.308605897000000340e+01 1.849943472589999942e+02
6.500000000000000222e-01 8.923690100440000606e+03 1.882711616170000070e+03 2.020197510849999890e+04 1.979034709919999955e+02 -6.184261463819999705e+01 1.849291162099999895e+02
6.500000000000000222e-01 9.068389901040000041e+03 1.681478235750000067e+03 2.007125860620000094e+04 1.973394845960000055e+02 -6.212485669560000190e+01 1.853537861519999979e+02
6.500000000000000222e-01 8.721056570009999632e+03 1.793878884530000050e+03 2.001788533129999996e+04 1.980975913460000015e+02 -6.268968048339999655e+01 1.836736438050000118e+02
6.500000000000000222e-01 8.976857699399999547e+03 1.975773581960000001e+03 2.010075594320000164e+04 1.975009495550000054e+02 -6.259990091659999933e+01 1.850021328150000102e+02
6.500000000000000222e-01 9.108663986109999314e+03 1.827730368570000110e+03 2.008209545240000080e+04 1.973415562449999925e+02 -6.265996875769999974e+01 1.856468499769999880e+02
1.390000000000000000e+04 -1.243396540930000083e+04 4.567444545669999570e+03 8.615456522259999474e+03 -2.213591084109999940e+02 1.970009454389999917e+02 -3.485652739180000026e+02
6.500000000000000222e-01 -1.239378301959999953e+04 4.551692551979999735e+03 8.750199939559999621e+03 -2.223015601250000088e+02 1.973570322749999946e+02 -3.484077625680000097e+02
6.500000000000000222e-01 -1.246324237779999930e+04 4.601403461410000091e+03 8.479396160309999686e+03 -2.213875865379999937e+02 1.972846455099999901e+02 -3.483961847040000066e+02
6.500000000000000222e-01 -1.247158550199999991e+04 4.584072867740000220e+03 8.756577522300000055e+03 -2.211664551329999995e+02 1.967813639149999858e+02 -3.481318591599999763e+02
6.500000000000000222e-01 -1.235973353289999977e+04 4.472472892980000324e+03 8.543730681040000491e+03 -2.214425414339999918e+02 1.975206752450000067e+02 -3.493297692990000201e+02
6.500000000000000222e-01 -1.235624950130000070e+04 4.464788791019999735e+03 8.565979131800000687e+03 -2.213237625049999906e+02 1.973254400369999928e+02 -3.486017975240000055e+02
6.500000000000000222e-01 -1.250761231799999950e+04 4.545307622469999842e+03 8.741111701370000446e+03 -2.218970640390000142e+02 1.972296426519999955e+02 -3.484163145960000065e+02
6.500000000000000222e-01 -1.249641773529999955e+04 4.533917330410000432e+03 8.494704743079999389e+03 -2.204755000659999951e+02 1.971525783090000061e+02 -3.487364190019999910e+02
6.500000000000000222e-01 -1.234319153379999989e+04 4.561044972779999625e+03 8.498941482660000474e+03 -2.215986884270000132e+02 1.969109010429999955e+02 -3.493509359010000139e+02
6.500000000000000222e-01 -1.234936893389999932e+04 4.485460886660000142e+03 8.678087959919999776e+03 -2.217061463750000030e+02 1.973796521559999917e+02 -3.490236646339999993e+02
6.500000000000000222e-01 -1.247512374669999917e+04 4.445114759250000134e+03 8.571734506410000904e+03 -2.212623322009999924e+02 1.976186739659999887e+02 -3.487211237529999721e+02
6.500000000000000222e-01 -1.240273724140000013e+04 4.476837025869999707e+03 8.710858619799999360e+03 -2.219263383480000016e+02 1.978301627829999916e+02 -3.483457726799999818e+02
6.500000000000000222e-01 -1.231306156689999989e+04 4.495178873779999776e+03 8.600887707179999779e+03 -2.214203297519999865e+02 1.971519988469999873e+02 -3.496141574810000066e+02
6.500000000000000222e-01 -1.239779158719999941e+04 4.444192813579999893e+03 8.653063909169999533e+03 -2.215955642940000132e+02 1.975344540250000023e+02 -3.489228267220000248e+02
6.500000000000000222e-01 -1.240462560800000028e+04 4.474119473349999680e+03 8.722405208199999834e+03 -2.213144979420000027e+02 1.968349519740000062e+02 -3.488552950920000058e+02
6.500000000000000222e-01 -1.248420704610000030e+04 4.619044152499999655e+03 8.492839172160000089e+03 -2.207582278630000019e+02 1.965463371200000040e+02 -3.487638848110000254e+02
6.500000000000000222e-01 -1.229780761789999997e+04 4.597497224779999669e+03 8.588285357599999770e+03 -2.215223624550000068e+02 1.967930215830000122e+02 -3.495704497020000190e+02
6.500000000000000222e-01 -1.246680740599999990e+04 4.698128351090000251e+03 8.656853507919999174e+03 -2.215001692799999944e+02 1.965249116589999971e+02 -3.477385093529999835e+02
6.500000000000000222e-01 -1.232775877790000050e+04 4.594568205319999834e+03 8.699029623180000272e+03 -2.215467296589999933e+02 1.970302062799999874e+02 -3.491174047000000087e+02
6.500000000000000222e-01 -1.233609740260000035e+04 4.665417170880000413e+03 8.621348119099999167e+03 -2.215332226939999885e+02 1.965951749280000058e+02 -3.486947002350000275e+02
6.500000000000000222e-01 -1.240885134359999938e+04 4.697200056810000206e+03 8.662551998400000230e+03 -2.216985487400000068e+02 1.965304985669999951e+02 -3.479906140109999910e+02
6.500000000000000222e-01 -1.230030615270000089e+04 4.611084484369999700e+03 8.607423859239999729e+03 -2.214977674829999899e+02 1.967802731790000053e+02 -3.495431399899999860e+02
6.500000000000000222e-01 -1.251378261059999932e+04 4.479770930059999955e+03 8.694966327419999288e+03 -2.212666122480000013e+02 1.976471715339999946e+02 -3.477875977520000106e+02
6.500000000000000222e-01 -1.256436727640000026e+04 4.553922570140000062e+03 8.571677495730000373e+03 -2.211137924340000041e+02 1.970661514539999928e+02 -3.480507116520000181e+02
6.500000000000000222e-01 -1.245181599180000012e+04 4.704078129829999853e+03 8.611316697169999316e+03 -2.213681513660000064e+02 1.965887033120000069e+02 -3.478573509760000206e+02
6.500000000000000222e-01 -1.239095464460000039e+04 4.574587168559999554e+03 8.750568436730000030e+03 -2.220767804189999879e+02 1.969611125760000050e+02 -3.484968334310000273e+02
6.500000000000000222e-01 -1.248131284179999966e+04 4.440412214029999632e+03 8.596170293200000742e+03 -2.212793250640000053e+02 1.974836506679999957e+02 -3.482353626290000079e+02
6.500000000000000222e-01 -1.236975690899999972e+04 4.662373390390000168e+03 8.530358394639999460e+03 -2.215081181040000047e+02 1.963958867119999923e+02 -3.492608626159999972e+02
6.500000000000000222e-01 -1.246030562429999918e+04 4.435336681910000152e+03 8.659433818469999096e+03 -2.211982811270000013e+02 1.972492834889999926e+02 -3.486634156250000274e+02
6.500000000000000222e-01 -1.231141891530000066e+04 4.532111788709999928e+03 8.669007398480000120e+03 -2.213965368959999864e+02 1.970264113370000132e+02 -3.494402905019999821e+02
6.500000000000000222e-01 -1.254048350939999909e+04 4.481100872650000383e+03 8.595040069720000247e+03 -2.211935951689999911e+02 1.974046005399999899e+02 -3.483185725540000135e+02
6.500000000000000222e-01 -1.250711661529999947e+04 4.656167739729999994e+03 8.704539737479999530e+03 -2.213841759260000117e+02 1.965683395240000095e+02 -3.476952290919999768e+02
6.500000000000000222e-01 -1.237650215469999966e+04 4.612257626519999576e+03 8.488640020130000266e+03 -2.206010791059999860e+02 1.970758281100000033e+02 -3.484950359779999758e+02
6.500000000000000222e-01 -1.235192597969999952e+04 4.462924126269999761e+03 8.658891358639999453e+03 -2.213389634529999910e+02 1.970863081100000045e+02 -3.494223332130000017e+02
6.500000000000000222e-01 -1.231931444969999939e+04 4.646412782080000397e+03 8.596393645309999556e+03 -2.215149022010000124e+02 1.966499460150000118e+02 -3.494821284039999796e+02
6.500000000000000222e-01 -1.236881699010000011e+04 4.686074553530000230e+03 8.584030664100000649e+03 -2.214219835799999885e+02 1.964384021939999911e+02 -3.491929754079999952e+02
6.500000000000000222e-01 -1.253268630970000049e+04 4.481280167590000019e+03 8.669832975900000747e+03 -2.211747334869999975e+02 1.974614024560000018e+02 -3.477166003890000070e+02
6.500000000000000222e-01 -1.253376841419999982e+04 4.665208996409999600e+03 8.641705790710000656e+03 -2.215137294790000055e+02 1.968817777129999911e+02 -3.488196549699999878e+02
6.500000000000000222e-01 -1.235079210720000083e+04 4.463630983269999888e+03 8.665265765730000567e+03 -2.214655768330000001e+02 1.972785326300000008e+02 -3.485341501500000163e+02
6.500000000000000222e-01 -1.231746143289999964e+04 4.622626713820000077e+03 8.666658036349999747e+03 -2.218424971169999935e+02 1.967103519400000096e+02 -3.482367317220000018e+02
6.500000000000000222e-01 -1.250530548690000069e+04 4.530548820449999766e+03 8.738454780629999732e+03 -2.221242031380000128e+02 1.970451545399999986e+02 -3.486056881960000169e+02
3.690000000000000000e+05 -5.513884331220000377e+02 1.834688189009999917e+02 3.875318314269999860e+02 -2.251824340009999901e+02 -1.400733570440000051e+02 1.462474233510000090e+02
6.500000000000000222e-01 -6.199722722989999966e+02 1.229516114909999942e+02 4.192389548670000181e+02 -2.090896754249999958e+02 -1.497525919930000100e+02 1.378301434130000018e+02
6.500000000000000222e-01 -7.377087068890000410e+02 4.585294717659999719e+01 4.624512401370000134e+02 -2.138373238119999939e+02 -1.417756554560000097e+02 1.099897982319999983e+02
6.500000000000000222e-01 -5.975759946580000133e+02 1.659760686140000132e+02 3.817533132059999730e+02 -2.316601219160000085e+02 -1.382700005680000004e+02 1.267055541090000048e+02
6.500000000000000222e-01 -3.332666601230000083e+02 3.330276979860000210e+02 2.539620768949999956e+02 -2.382138083970000082e+02 -1.331188582569999994e+02 1.817567973609999967e+02
6.500000000000000222e-01 -5.145688606209999989e+02 2.113330920230000061e+02 3.537107645059999754e+02 -2.381281241920000014e+02 -1.452618356339999934e+02 1.414090932329999930e+02
6.500000000000000222e-01 -6.439986388249999436e+02 7.499075524719999919e+01 4.329038248520000138e+02 -2.207564036949999888e+02 -1.502932034380000061e+02 1.098793451659999931e+02
6.500000000000000222e-01 -5.268751123050000160e+02 2.262017805190000104e+02 3.824627416179999955e+02 -2.350461409540000091e+02 -1.282051772320000111e+02 1.559687033349999865e+02
6.500000000000000222e-01 -6.861831837659999564e+02 1.180994006399999989e+02 4.668766568269999766e+02 -2.215109306939999954e+02 -1.321220054860000062e+02 1.159838804679999953e+02
6.500000000000000222e-01 -6.571896058429999812e+02 9.837636915730000453e+01 4.371290601100000117e+02 -2.256447628809999912e+02 -1.323327753659999928e+02 1.205519131629999947e+02
6.500000000000000222e-01 -5.341315782899999931e+02 1.662465235710000115e+02 3.614237246889999824e+02 -2.358070446849999939e+02 -1.488161019060000001e+02 1.396648825210000098e+02
6.500000000000000222e-01 -3.921021186649999777e+02 3.039138928439999745e+02 2.450666306699999950e+02 -2.396247771580000006e+02 -1.308017827010000076e+02 1.818484768470000006e+02
6.500000000000000222e-01 -5.602898023469999771e+02 1.909939840499999946e+02 4.041307405200000176e+02 -2.307726103859999967e+02 -1.251401882699999959e+02 1.378002456259999917e+02
6.500000000000000222e-01 -4.930301489359999891e+02 2.364984457619999887e+02 3.452769689500000254e+02 -2.371762234359999866e+02 -1.278903977819999938e+02 1.601628315719999875e+02
6.500000000000000222e-01 -4.908715104429999769e+02 1.958493350850000070e+02 3.717238944559999823e+02 -2.294009415060000094e+02 -1.297252868040000067e+02 1.647894853100000034e+02
6.500000000000000222e-01 -7.244540904919999775e+02 5.113525890540000063e+01 4.706098136470000100e+02 -2.103166012540000054e+02 -1.434953278469999987e+02 1.118779111000000057e+02
6.500000000000000222e-01 -4.746825330030000032e+02 2.419751897069999984e+02 3.512663559759999998e+02 -2.413134627620000003e+02 -1.297090640670000141e+02 1.534343738110000004e+02
6.500000000000000222e-01 -4.193566683390000094e+02 3.088342659560000243e+02 2.719243669929999783e+02 -2.309456715260000124e+02 -1.285763494839999908e+02 1.868766707769999869e+02
6.500000000000000222e-01 -5.739575223709999818e+02 1.723652599700000110e+02 3.672873834609999903e+02 -2.304784491130000106e+02 -1.339258555229999956e+02 1.298034326799999860e+02
6.500000000000000222e-01 -6.494379876729999523e+02 1.233271531639999949e+02 4.570068625499999939e+02 -2.138768905999999959e+02 -1.335747121530000072e+02 1.352119928420000008e+02
6.500000000000000222e-01 -5.815155025620000515e+02 1.161190126719999967e+02 4.065324733649999871e+02 -2.169022818610000058e+02 -1.518358584300000018e+02 1.297171479270000134e+02
6.500000000000000222e-01 -6.443603197720000253e+02 1.457231602399999986e+02 4.304664388169999825e+02 -2.303742136589999916e+02 -1.325403763260000005e+02 1.169583166890000001e+02
6.500000000000000222e-01 -4.434887640399999782e+02 2.411936603629999922e+02 3.314626458609999986e+02 -2.214060559350000119e+02 -1.368675697429999900e+02 1.765477310759999909e+02
6.500000000000000222e-01 -7.133660751869999785e+02 7.391115209550000031e+01 4.556055235189999735e+02 -2.114423828609999987e+02 -1.465734038500000054e+02 1.140492624809999995e+02
6.500000000000000222e-01 -3.799257686130000025e+02 3.249355017089999933e+02 2.509968103180000014e+02 -2.325369829969999955e+02 -1.363528781489999915e+02 1.851453808159999994e+02
6.500000000000000222e-01 -5.627978483209999467e+02 1.745653085529999942e+02 4.213627373670000225e+02 -2.139235569919999875e+02 -1.329947831810000025e+02 1.534289653209999926e+02
6.500000000000000222e-01 -4.910356651550000038e+02 2.008985801890000005e+02 3.698143906860000243e+02 -2.258031232769999974e+02 -1.312695327559999896e+02 1.681007570310000006e+02
6.500000000000000222e-01 -5.344237367670000367e+02 1.987258224040000130e+02 3.994880293339999753e+02 -2.281534069839999859e+02 -1.324885619229999918e+02 1.654451204419999897e+02
6.500000000000000222e-01 -3.892898137860000247e+02 3.073478639169999838e+02 2.417679436690000045e+02 -2.391389384130000053e+02 -1.302043791620000093e+02 1.836891217490000088e+02
6.500000000000000222e-01 -6.756490023970000038e+02 1.459642722410000033e+02 4.296432698699999833e+02 -2.265629757929999926e+02 -1.383746396010000126e+02 1.123812167460000069e+02
6.500000000000000222e-01 -5.918983418620000521e+02 1.781233593180000128e+02 4.260502996989999929e+02 -2.268027245380000068e+02 -1.276510967770000065e+02 1.371751646010000059e+02
6.500000000000000222e-01 -5.608428791589999491e+02 2.012830614030000049e+02 3.928488135850000162e+02 -2.183032961879999903e+02 -1.262963141299999990e+02 1.552118307499999901e+02
6.500000000000000222e-01 -4.167761646289999931e+02 3.151262254490000032e+02 2.546149945950000131e+02 -2.304985797459999901e+02 -1.273474628759999945e+02 1.911721244510000020e+02
6.500000000000000222e-01 -4.290617927380000083e+02 2.712471961699999952e+02 3.160264804980000122e+02 -2.433084652269999992e+02 -1.358744887210000059e+02 1.568721646850000013e+02
6.500000000000000222e-01 -3.925293808160000140e+02 3.072144166990000258e+02 2.418792788380000047e+02 -2.298475715369999932e+02 -1.357396318479999877e+02 1.908319884759999923e+02
6.500000000000000222e-01 -6.475035490779999918e+02 1.453318277989999956e+02 4.488356099569999742e+02 -2.270467340870000044e+02 -1.300629623959999890e+02 1.210286857560000016e+02
6.500000000000000222e-01 -5.571682159179999871e+02 1.697711513179999940e+02 4.115858017859999904e+02 -2.111852625600000124e+02 -1.492862465169999950e+02 1.416523126250000075e+02
6.500000000000000222e-01 -6.597220107430000553e+02 7.041684312549999447e+01 4.228701853119999896e+02 -2.242906767439999953e+02 -1.462923654770000041e+02 1.120671142749999944e+02
6.500000000000000222e-01 -3.562634291090000147e+02 2.995350501020000138e+02 2.656656506730000160e+02 -2.358774846659999866e+02 -1.306798996999999929e+02 1.844002157289999957e+02
6.500000000000000222e-01 -6.478315066870000010e+02 1.073085353010000063e+02 4.250446775390000198e+02 -2.251574019999999905e+02 -1.428841479189999859e+02 1.089044335720000021e+02
6.500000000000000222e-01 -7.441567560779999440e+02 4.689856054540000230e+01 4.597439027020000140e+02 -2.144657601570000054e+02 -1.418035674539999889e+02 1.104889307579999951e+02
