9.509283132363894708e+01 8.178397143741898390e+02 6.839187980462476446e+01 4.766985470636147681e+01 4.449996671844336760e+01
9.507438348243796611e+01 8.176173643049058910e+02 6.926820973873769560e+01 4.727985778569208009e+01 4.447247860410322318e+01
9.503663608558886722e+01 8.173906678810135418e+02 7.015061673147576471e+01 4.690463057337733943e+01 4.445102113637700825e+01
9.497965007443572460e+01 8.171618595780718124e+02 7.103012894649181419e+01 4.654890186732382773e+01 4.443590971908394494e+01
9.490339531484713120e+01 8.169309384526832218e+02 7.190664976418332799e+01 4.621336002178322389e+01 4.442714556099929268e+01
9.480784091970582494e+01 8.166979035537638083e+02 7.278009169220061381e+01 4.589867967187205977e+01 4.442472515798195332e+01
9.469295519836619235e+01 8.164627539191412779e+02 7.365037571759198443e+01 4.560551703754143915e+01 4.442864040159911809e+01
9.455870562723792716e+01 8.162254885794934580e+02 7.451743071386620443e+01 4.533450492518034736e+01 4.443887864874810845e+01
9.440505884075086840e+01 8.159861065546250529e+02 7.538119288777667748e+01 4.508624751675593245e+01 4.445542276042834828e+01
9.423198064527997531e+01 8.157446068547531013e+02 7.624160526313956154e+01 4.486131504327173047e+01 4.447825111750238847e+01
9.403943605597021360e+01 8.155009884827273936e+02 7.709861719598735874e+01 4.466023844557783917e+01 4.450733762481166877e+01
9.382738935951361725e+01 8.152552504292598314e+02 7.795218391746328734e+01 4.448350413179461071e+01 4.454265170928869821e+01
9.359580420468607542e+01 8.150073916768667459e+02 7.880226610418759492e+01 4.433154894419094916e+01 4.458415832183489158e+01
9.334464372447150993e+01 8.147574111988868708e+02 7.964882947403289393e+01 4.420475544701744042e+01 4.463181794571048755e+01
9.307387069208357389e+01 8.145053079587752336e+02 8.049184440723938394e+01 4.410344764769826753e+01 4.468558661925113284e+01
9.278344771769111787e+01 8.142510809109304546e+02 8.133128558944875408e+01 4.402788725605645936e+01 4.474541597284321170e+01
9.247333748961644062e+01 8.139947289996383688e+02 8.216713168060168471e+01 4.397827057536083117e+01 4.481125328449980572e+01
9.214350306811697067e+01 8.137362511602495942e+02 8.299936500154431940e+01 4.395472610540984704e+01 4.488304155340765789e+01
9.179390823982632241e+01 8.134756463172579970e+02 8.382797124526508981e+01 4.395731292432015636e+01 4.496071959273503182e+01
9.142451794268582432e+01 8.132129133877248250e+02 8.465293920680130668e+01 4.398601988891376635e+01 4.504422214135045976e+01
9.103529877409633286e+01 8.129480512763615252e+02 8.547426054436381548e+01 4.404076567710897905e+01 4.513347999185062775e+01
9.062621959693835549e+01 8.126810588807664999e+02 8.629192947967359828e+01 4.412139967199183843e+01 4.522842013648713788e+01
9.019725226026208986e+01 8.124119350873756957e+02 8.710594271527621402e+01 4.422770366157321575e+01 4.532896592673257885e+01
8.974837245770592631e+01 8.121406787729617918e+02 8.791629910032536088e+01 4.435939431017281720e+01 4.543503724636477870e+01
8.927956074655622842e+01 8.118672888048214418e+02 8.872299951162661102e+01 4.451612633519075501e+01 4.554655069580945792e+01
8.879080375879611609e+01 8.115917640414700145e+02 8.952604666802874078e+01 4.469749630854826705e+01 4.566341978670492807e+01
8.828209563935048720e+01 8.113141033297034710e+02 9.032544497274511741e+01 4.490304698991128163e+01 4.578555514265316617e+01
8.775343975149917242e+01 8.110343055089126665e+02 9.112120036601625372e+01 4.513227208495982268e+01 4.591286470797626151e+01
8.720485069822299806e+01 8.107523694065916970e+02 9.191332018938459214e+01 4.538462132776422209e+01 4.604525395910647489e+01
8.663635671204109201e+01 8.104682938401492720e+02 9.270181306121727971e+01 4.565950577397818222e+01 4.618262611992069822e+01
8.604800247292476456e+01 8.101820776194676910e+02 9.348668876088825641e+01 4.595630320533097546e+01 4.632487937350601470e+01
8.543985241964922750e+01 8.098937195429823532e+02 9.426795812202529135e+01 4.627436354802105001e+01 4.647192209792842732e+01
8.481199461752626689e+01 8.096032183989162831e+02 9.504563293589748696e+01 4.661301422034090081e+01 4.662364304189028985e+01
8.416454524809044813e+01 8.093105729652424998e+02 9.581972585863474023e+01 4.697156533847046944e+01 4.677994157498368821e+01
8.349765377070049510e+01 8.090157820120193719e+02 9.659025032951797129e+01 4.734931473187215545e+01 4.694071287753490651e+01
8.281150878888070110e+01 8.087188442969903690e+02 9.735722049286455615e+01 4.774555274688395201e+01 4.710585114737474299e+01
